-10.2 33.2306 0.593485
-10.1 33.1716 0.539429
-10 35.1619 0.619352
-9.9 34.2435 0.787383
-9.8 34.6007 0.615608
-9.7 33.6518 0.596418
-9.6 35.2866 0.546108
-9.5 34.2517 0.629559
-9.4 35.6594 0.676803
-9.3 36.5383 0.74928
-9.2 36.8267 0.716811
-9.1 35.5247 0.567563
-9 35.1777 0.605236
-8.9 35.3275 0.638328
-8.8 35.5027 0.641099
-8.7 36.4283 0.67078
-8.6 36.3028 0.712435
-8.5 36.5579 0.625798
-8.4 35.2586 0.621621
-8.3 35.638 0.673844
-8.2 35.6527 0.536107
-8.1 36.5578 0.588194
-8 35.6743 0.552839
-7.9 35.8085 0.637173
-7.8 36.5109 0.597905
-7.7 35.5285 0.550291
-7.6 36.1065 0.590774
-7.5 35.1528 0.626033
-7.4 35.6207 0.508161
-7.3 36.4639 0.500062
-7.2 36.79 0.571803
-7.1 35.4723 0.660071
-7 36.7018 0.502903
-6.9 35.8714 0.556741
-6.8 37.2339 0.597872
-6.7 37.16 0.580455
-6.6 37.0292 0.527598
-6.5 37.2875 0.570149
-6.4 35.9414 0.496333
-6.3 37.0517 0.530901
-6.2 38.7799 0.518475
-6.1 37.3383 0.563333
-6 38.3859 0.579491
-5.9 37.8385 0.545327
-5.8 37.9022 0.490851
-5.7 37.6463 0.541221
-5.6 37.8375 0.506104
-5.5 38.469 0.556633
-5.4 39.7525 0.486107
-5.3 38.3294 0.474752
-5.2 38.8475 0.572396
-5.1 37.8573 0.499717
-5 39.9362 0.430991
-4.9 39.8735 0.513122
-4.8 40.2342 0.453998
-4.7 41.0156 0.449344
-4.6 43.8874 0.47154
-4.5 44.022 0.486079
-4.4 44.7549 0.430948
-4.3 45.3596 0.447192
-4.2 45.2866 0.438122
-4.1 45.8598 0.512281
-4 45.8238 0.404403
-3.9 46.5006 0.489805
-3.8 46.3721 0.519529
-3.7 46.8723 0.447974
-3.6 47.1258 0.422011
-3.5 48.6351 0.422275
-3.4 48.0432 0.465764
-3.3 47.8712 0.391298
-3.2 47.5691 0.418056
-3.1 48.5872 0.422507
-3 49.278 0.389052
-2.9 49.9384 0.407341
-2.8 51.9543 0.463738
-2.7 52.3885 0.376235
-2.6 53.0021 0.438942
-2.5 52.5096 0.389847
-2.4 54.1292 0.441345
-2.3 54.8723 0.379739
-2.2 55.3118 0.430705
-2.1 54.4294 0.44194
-2 55.3833 0.469252
-1.9 55.0156 0.439507
-1.8 55.1632 0.429081
-1.7 54.8598 0.520215
-1.6 55.153 0.462036
-1.5 57.7698 0.493511
-1.4 57.1409 0.470592
-1.3 56.9498 0.557808
-1.2 56.9626 0.518695
-1.1 56.915 0.436299
-1 58.4762 0.512888
-0.9 58.6254 0.511754
-0.8 57.2868 0.462916
-0.7 57.5896 0.467331
-0.6 58.6554 0.4983
-0.5 60.0723 0.431068
-0.4 60.6199 0.524971
-0.3 60.3747 0.507433
-0.2 58.0826 0.524962
-0.1 62.2897 0.570445
0 62.431 0.518971
0.1 61.1525 0.563969
0.2 61.7371 0.541338
0.3 63.8115 0.582226
0.4 65.9947 0.553463
0.5 66.6006 0.593149
0.6 63.0264 0.555104
0.7 64.5223 0.627364
0.8 66.279 0.602238
0.9 69.2161 0.626337
1 70.5912 0.61996
1.1 68.4736 0.581302
1.2 69.4705 0.732511
1.3 71.0961 0.647073
1.4 75.9764 0.714734
1.5 77.8167 0.629775
1.6 76.4089 0.83559
1.7 75.3929 0.770607
1.8 72.3749 0.763077
1.9 76.456 1.04321
2 77.3972 0.793541
2.1 80.4548 0.894215
2.2 82.2834 1.07385
2.3 83.2847 0.856715
2.4 92.7081 0.77691
2.5 103.111 0.886995
2.6 118.151 1.07466
2.7 134.774 1.90227
2.8 149.442 2.09603
2.9 195.372 5.75474
3 279.572 13.524
3.1 387.081 30.7752
3.2 650.409 56.3649
3.3 697.447 59.4671
3.4 805.847 74.8992
3.5 787.895 62.8399
3.6 662.379 68.8927
3.7 735.879 79.8819
3.8 676.458 53.4952
3.9 661.333 60.1058
4 700.777 61.5571
4.1 750.418 72.9779
4.2 773.617 76.0779
4.3 717.684 65.9637
4.4 700.928 64.5425
4.5 820.59 73.0428
4.6 659.787 61.2815
4.7 651.007 63.8037
4.8 706.956 65.2655
4.9 825.413 83.8626
5 854.841 71.9116
5.1 695.818 60.8188
5.2 1014.03 116.909
5.3 726.685 75.4623
5.4 638.274 62.3271
5.5 714.764 70.4102
5.6 774.378 78.7837
5.7 722.423 77.2299
5.8 747.227 68.9713
5.9 801.592 97.6925
6 735.562 68.9608
6.1 652.36 66.6769
6.2 642.92 76.7407
6.3 651.211 63.084
6.4 680.316 68.1952
6.5 717.807 74.0919
6.6 769.186 84.0955
6.7 703.012 75.8017
6.8 753.828 74.0041
6.9 760.789 77.4328
7 714.468 82.795
7.1 839.62 81.194
7.2 690.32 82.6232
7.3 600.546 49.6077
7.4 765.117 69.4437
7.5 609.036 65.6265
7.6 584.707 61.8032
7.7 715.07 71.0729
7.8 701.673 70.4525
7.9 843.49 85.4346
8 660.221 58.2065
8.1 739.047 85.6476
8.2 552.868 72.5166
8.3 682.716 76.7931
8.4 623.602 71.238
8.5 717.247 78.5679
8.6 832.125 84.0327
8.7 762.783 86.7733
8.8 890.956 83.8256
8.9 698.835 85.851
9 742.924 90.7283
9.1 597.906 72.8521
9.2 768.851 79.619
9.3 703.925 97.8366
9.4 625.041 76.7729
9.5 730.088 88.3947
9.6 810.619 98.1047
9.7 678.857 87.0986
9.8 668.041 81.0795
9.9 685.588 76.6182
10 583.253 77.4371
10.1 696.172 75.9733
10.2 707.96 99.2365
