-10.2 7.73495 0.023906
-10.1 8.12249 0.0274847
-10 8.38266 0.0274173
-9.9 8.59364 0.0299991
-9.8 8.77304 0.0292671
-9.7 8.84002 0.0290033
-9.6 9.04912 0.0289954
-9.5 9.24737 0.0320573
-9.4 9.30604 0.0339954
-9.3 9.36182 0.0310813
-9.2 9.4948 0.037849
-9.1 9.54048 0.0326622
-9 9.63801 0.031616
-8.9 9.68283 0.031669
-8.8 9.85275 0.03422
-8.7 9.93299 0.0301795
-8.6 10.0201 0.0380686
-8.5 10.1126 0.0337696
-8.4 10.1633 0.033007
-8.3 10.205 0.0354512
-8.2 10.2594 0.033246
-8.1 10.3625 0.0350593
-8 10.408 0.0320635
-7.9 10.4729 0.0332709
-7.8 10.571 0.0328348
-7.7 10.6438 0.0352908
-7.6 10.7145 0.0339583
-7.5 10.8116 0.0271966
-7.4 10.8862 0.0368065
-7.3 10.8638 0.0361222
-7.2 10.9504 0.0340002
-7.1 11.0784 0.0337575
-7 11.0955 0.0346089
-6.9 11.1466 0.0328003
-6.8 11.3326 0.0315613
-6.7 11.3499 0.0316775
-6.6 11.3982 0.03148
-6.5 11.458 0.0319027
-6.4 11.6266 0.0322724
-6.3 11.734 0.0351018
-6.2 11.7698 0.0323895
-6.1 11.853 0.0352074
-6 11.9663 0.0280327
-5.9 12.0099 0.0303449
-5.8 12.1495 0.0323568
-5.7 12.303 0.0290489
-5.6 12.402 0.0274861
-5.5 12.5851 0.0331912
-5.4 12.6638 0.0335249
-5.3 12.8185 0.0343215
-5.2 12.9552 0.0316806
-5.1 13.1818 0.036567
-5 13.2929 0.0282201
-4.9 13.6203 0.0379875
-4.8 13.8791 0.0323619
-4.7 14.355 0.0313314
-4.6 15.0418 0.0286446
-4.5 16.1589 0.0389576
-4.4 18.0038 0.0381057
-4.3 20.1631 0.0456841
-4.2 21.7073 0.046571
-4.1 21.9488 0.0489476
-4 21.2498 0.0432872
-3.9 20.822 0.0473738
-3.8 20.8217 0.0481351
-3.7 21.0796 0.0478402
-3.6 21.602 0.0370718
-3.5 22.1386 0.0497662
-3.4 22.3168 0.0458545
-3.3 22.334 0.0480689
-3.2 22.6733 0.0475313
-3.1 22.9714 0.0482122
-3 22.9819 0.0432183
-2.9 23.2091 0.047503
-2.8 23.8012 0.0494429
-2.7 24.2447 0.0457836
-2.6 24.3391 0.0464444
-2.5 24.4792 0.0505748
-2.4 24.9601 0.0526567
-2.3 25.485 0.0452848
-2.2 25.716 0.0463487
-2.1 25.9118 0.0478871
-2 26.7135 0.0491896
-1.9 27.5402 0.0510397
-1.8 27.6944 0.0470208
-1.7 27.7277 0.048267
-1.6 28.2593 0.047916
-1.5 29.3752 0.0558232
-1.4 30.2324 0.0519711
-1.3 30.7951 0.0550719
-1.2 32.209 0.0532367
-1.1 34.3479 0.0582284
-1 36.389 0.0651611
-0.9 36.7735 0.067392
-0.8 36.2532 0.0654303
-0.7 36.0476 0.0522497
-0.6 37.2282 0.0577519
-0.5 38.3425 0.0567713
-0.4 38.6966 0.0576959
-0.3 39.2292 0.0621623
-0.2 36.2876 0.0565054
-0.1 39.4498 0.066816
0 40.2735 0.0735096
0.1 39.1871 0.0564867
0.2 39.0955 0.0651446
0.3 41.0174 0.0743711
0.4 42.8859 0.0771697
0.5 42.9673 0.0774008
0.6 41.5603 0.0785012
0.7 41.1015 0.0823876
0.8 42.5422 0.0894927
0.9 44.9945 0.0913889
1 45.5488 0.0905739
1.1 44.2829 0.0910468
1.2 43.5359 0.0928979
1.3 45.126 0.0885825
1.4 48.0295 0.103997
1.5 49.7122 0.0954807
1.6 48.9978 0.0979344
1.7 47.4142 0.0997157
1.8 47.8825 0.100093
1.9 50.8382 0.115785
2 53.7721 0.11128
2.1 54.1445 0.125651
2.2 52.7268 0.117263
2.3 52.7079 0.124935
2.4 55.9925 0.116381
2.5 60.5113 0.144062
2.6 63.2615 0.138658
2.7 61.5156 0.167418
2.8 57.806 0.163891
2.9 55.8016 0.161913
3 58.0642 0.147342
3.1 62.266 0.164957
3.2 64.31 0.176194
3.3 64.063 0.206893
3.4 65.0175 0.186863
3.5 70.8723 0.20811
3.6 81.7437 0.201957
3.7 94.4608 0.267466
3.8 107.949 0.260684
3.9 120.046 0.385949
4 130.463 0.460958
4.1 136.8 0.927276
4.2 136.325 1.22617
4.3 115.633 2.52389
4.4 93.2975 2.59445
4.5 79.0493 2.7702
4.6 79.9591 2.84911
4.7 71.9528 3.02484
4.8 70.4993 2.73947
4.9 76.8037 3.10487
5 75.3124 3.20839
5.1 74.2735 3.30926
5.2 76.2243 3.01411
5.3 73.6185 3.1567
5.4 77.943 3.22644
5.5 73.7437 3.10498
5.6 78.7156 3.45531
5.7 74.2887 3.15435
5.8 77.9111 3.40591
5.9 70.7438 3.17077
6 73.739 3.26491
6.1 66.4795 3.20733
6.2 70.4271 2.94103
6.3 78.7947 3.54521
6.4 74.5403 3.69926
6.5 74.5881 3.47845
6.6 77.1906 3.86369
6.7 62.1905 3.47886
6.8 68.5538 3.30247
6.9 78.5197 3.6388
7 75.7633 3.74426
7.1 75.1012 3.65685
7.2 73.7368 3.57719
7.3 72.7688 3.868
7.4 75.1035 3.47025
7.5 64.3829 3.59235
7.6 71.4413 3.97702
7.7 71.301 3.45485
7.8 73.5352 3.83357
7.9 71.3888 3.7402
8 71.1665 3.67932
8.1 72.0782 3.60809
8.2 67.6127 3.88436
8.3 65.7275 3.54862
8.4 77.0621 4.56097
8.5 68.7228 3.87272
8.6 71.8077 3.6528
8.7 66.6471 3.43085
8.8 69.7855 3.78992
8.9 79.0002 6.68468
9 70.6576 4.30945
9.1 66.7907 3.99357
9.2 70.8166 4.03499
9.3 68.1932 3.77748
9.4 71.9992 3.76315
9.5 72.1685 4.53855
9.6 67.3305 3.55249
9.7 73.8695 3.49002
9.8 75.6836 7.41473
9.9 69.7309 3.89604
10 68.7452 3.70898
10.1 67.684 3.43486
10.2 69.3249 3.90799
