-10.2 113.927 2.12121
-10.1 114.226 1.6932
-10 119.645 2.13751
-9.9 115.842 2.46656
-9.8 115.564 1.92354
-9.7 114.611 2.11707
-9.6 119.14 1.97246
-9.5 115.101 2.05737
-9.4 121 2.27563
-9.3 121.923 2.32848
-9.2 124.157 2.50968
-9.1 119.302 1.97178
-9 118.915 2.0162
-8.9 118.975 2.08338
-8.8 120.956 2.17426
-8.7 121.404 2.18952
-8.6 120.653 2.23632
-8.5 122.927 2.00064
-8.4 118.896 2.06405
-8.3 120.298 2.26446
-8.2 121.176 1.97921
-8.1 123.024 2.00107
-8 120.919 1.96089
-7.9 120.31 1.93758
-7.8 122.496 1.98724
-7.7 118.704 1.7645
-7.6 121.565 2.07364
-7.5 118.4 2.12199
-7.4 117.783 1.58087
-7.3 124.171 1.72927
-7.2 121.489 1.93728
-7.1 120.731 2.40028
-7 123.461 1.69424
-6.9 119.098 1.96487
-6.8 125.063 2.11233
-6.7 124.892 2.00616
-6.6 123.116 1.79702
-6.5 123.994 1.86141
-6.4 120.303 1.79372
-6.3 121.295 1.83791
-6.2 127.64 1.70461
-6.1 122.133 1.90747
-6 126.143 1.97374
-5.9 125.936 1.77309
-5.8 122.899 1.69598
-5.7 124.218 1.73695
-5.6 125.449 1.80523
-5.5 125.862 1.89594
-5.4 129.667 1.69393
-5.3 124.342 1.65299
-5.2 125.077 1.94286
-5.1 120.9 1.5819
-5 127.123 1.45451
-4.9 124.167 1.6366
-4.8 125.379 1.57349
-4.7 122.537 1.4261
-4.6 130.292 1.54201
-4.5 129.043 1.5637
-4.4 130.927 1.50493
-4.3 131.283 1.4819
-4.2 131.039 1.52037
-4.1 131.677 1.72927
-4 132.067 1.40054
-3.9 133.703 1.62497
-3.8 132.293 1.68994
-3.7 133.817 1.49373
-3.6 132.358 1.47458
-3.5 137.891 1.41869
-3.4 133.74 1.58852
-3.3 134.234 1.42996
-3.2 130.932 1.43121
-3.1 133.238 1.51435
-3 134.957 1.3022
-2.9 134.825 1.40477
-2.8 140.646 1.69915
-2.7 139.651 1.39426
-2.6 140.723 1.52964
-2.5 136.904 1.38832
-2.4 140.964 1.64289
-2.3 142.682 1.26331
-2.2 144.714 1.5455
-2.1 142.394 1.60511
-2 144.665 1.68339
-1.9 142.668 1.52851
-1.8 142.84 1.56043
-1.7 141.356 1.75647
-1.6 142.51 1.66989
-1.5 148.319 1.66539
-1.4 145.992 1.60675
-1.3 146.57 1.99645
-1.2 146.636 1.76844
-1.1 145.234 1.62658
-1 149.557 1.75463
-0.9 149.772 1.91284
-0.8 146.447 1.63964
-0.7 145.622 1.59183
-0.6 146.618 1.70528
-0.5 151.113 1.56686
-0.4 152.137 1.78834
-0.3 150.124 1.7201
-0.2 146.299 1.78077
-0.1 155.461 2.12604
0 154.074 1.9077
0.1 150.379 1.94693
0.2 150.853 1.74684
0.3 153.719 1.94632
0.4 159.505 1.97399
0.5 161.392 2.13019
0.6 151.21 1.98642
0.7 155.559 2.16423
0.8 157.815 2.1945
0.9 164.648 2.03823
1 167.901 2.09952
1.1 164.462 2.38644
1.2 164.11 2.69772
1.3 167.401 2.45572
1.4 177.28 2.58915
1.5 182.086 2.16496
1.6 177.393 2.66434
1.7 180.329 2.61438
1.8 170.989 2.92259
1.9 178.6 3.44657
2 178.411 2.89905
2.1 186.358 3.45267
2.2 190.934 3.98587
2.3 186.701 3.22051
2.4 206.358 3.11935
2.5 227.96 3.27205
2.6 272.634 4.18262
2.7 321.006 6.53972
2.8 376.149 8.47038
2.9 570.506 22.3019
3 954.52 48.6758
3.1 1651.01 136.95
3.2 3144.74 296.037
3.3 3154.11 224.909
3.4 3802.89 330.169
3.5 3798.19 293.726
3.6 3059.21 258.435
3.7 3566.88 308.13
3.8 3247.22 219.79
3.9 2917.07 249.466
4 3366.14 240.267
4.1 3599.04 307.898
4.2 3511.2 279.195
4.3 3383.66 296.449
4.4 3316.1 281.997
4.5 3834.99 293.576
4.6 3200.17 302.462
4.7 3363.27 310.227
4.8 3352.32 294.895
4.9 3857.15 395.126
5 4010.32 297.592
5.1 3283.96 245.889
5.2 4656.14 427.071
5.3 3403.98 291.004
5.4 3193.3 261.811
5.5 3658.83 372.723
5.6 3534.18 312.083
5.7 3769.9 353.909
5.8 3756.16 315.22
5.9 3901.68 391.13
6 3639.72 325.833
6.1 3096.13 292.909
6.2 3012.49 337.401
6.3 3312.62 293.545
6.4 3323.17 312.635
6.5 3574 374.552
6.6 3957.9 387.122
6.7 3232.84 341.525
6.8 3504.07 301.238
6.9 3959.07 416.453
7 3135.56 320.243
7.1 4501.62 411.809
7.2 3464.52 367.132
7.3 2941.48 213.341
7.4 3935.37 466.628
7.5 2967.12 279.68
7.6 3083.98 370.207
7.7 3849.42 369.666
7.8 3373.57 321.221
7.9 4060.14 360.083
8 3783.52 392.442
8.1 3895.48 402.296
8.2 2545.35 284.81
8.3 3675.37 396.866
8.4 2973.54 304.375
8.5 3388.16 339.209
8.6 3676.42 335.614
8.7 3683.24 425.78
8.8 4100.61 401.206
8.9 3649 466.009
9 3529.48 423.715
9.1 3078.35 345.16
9.2 3746.92 359.492
9.3 3464.09 409.502
9.4 3617.35 595.756
9.5 4442.66 641.6
9.6 3780.95 520.899
9.7 3679.38 389.419
9.8 3399.71 368.393
9.9 3739.64 392.797
10 3102.92 309.077
10.1 3518.11 368.214
10.2 3215.51 372.38
