-10.2 5.23871 0.0131014
-10.1 5.25645 0.0124763
-10 5.26932 0.0111012
-9.9 5.29867 0.0103141
-9.8 5.32796 0.0128395
-9.7 5.3601 0.0133202
-9.6 5.41212 0.0133254
-9.5 5.42594 0.0121299
-9.4 5.43127 0.0112097
-9.3 5.47556 0.0114075
-9.2 5.53098 0.0119408
-9.1 5.5801 0.0137938
-9 5.58135 0.0129606
-8.9 5.63306 0.0119833
-8.8 5.65988 0.012421
-8.7 5.69488 0.0119534
-8.6 5.74554 0.0110472
-8.5 5.76532 0.0117233
-8.4 5.81469 0.0119436
-8.3 5.84701 0.0126762
-8.2 5.90393 0.012773
-8.1 5.93323 0.0114905
-8 6.00324 0.0140984
-7.9 6.0312 0.0131707
-7.8 6.08249 0.0134287
-7.7 6.12732 0.0125992
-7.6 6.18635 0.0114203
-7.5 6.20814 0.0126672
-7.4 6.27953 0.0116636
-7.3 6.32246 0.011944
-7.2 6.38968 0.0121588
-7.1 6.44075 0.0120452
-7 6.50093 0.0141395
-6.9 6.54891 0.0136818
-6.8 6.62979 0.0130663
-6.7 6.68602 0.0126676
-6.6 6.74779 0.0143716
-6.5 6.81937 0.0118248
-6.4 6.89406 0.0149988
-6.3 6.98772 0.0113021
-6.2 7.06919 0.012812
-6.1 7.13729 0.0126499
-6 7.22868 0.0127832
-5.9 7.31203 0.0135438
-5.8 7.42709 0.0151719
-5.7 7.54605 0.0130403
-5.6 7.64015 0.011079
-5.5 7.77458 0.0133836
-5.4 7.92561 0.0143227
-5.3 8.08098 0.0135641
-5.2 8.25205 0.0143477
-5.1 8.471 0.0159209
-5 8.7043 0.0145943
-4.9 8.99732 0.0155798
-4.8 9.41009 0.0185148
-4.7 10.0169 0.0248089
-4.6 11.0499 0.0281402
-4.5 13.1369 0.0511827
-4.4 17.0138 0.0628316
-4.3 21.7752 0.0852335
-4.2 25.644 0.104943
-4.1 26.3307 0.102656
-4 24.7314 0.0889154
-3.9 23.5863 0.0956677
-3.8 23.4122 0.0985201
-3.7 23.6996 0.090669
-3.6 24.713 0.0860506
-3.5 25.851 0.102915
-3.4 26.2446 0.0880449
-3.3 26.1104 0.107963
-3.2 26.7281 0.10589
-3.1 27.2723 0.0992341
-3 27.1377 0.0924217
-2.9 27.3661 0.101054
-2.8 28.6004 0.101036
-2.7 29.5489 0.104707
-2.6 29.6735 0.104208
-2.5 29.7275 0.111352
-2.4 30.5527 0.112676
-2.3 31.8503 0.089065
-2.2 31.9595 0.104346
-2.1 32.0555 0.105471
-2 33.5362 0.110788
-1.9 35.4383 0.107711
-1.8 35.7797 0.117254
-1.7 35.3044 0.115669
-1.6 36.2772 0.108992
-1.5 38.4462 0.1146
-1.4 40.1992 0.125907
-1.3 41.0528 0.131302
-1.2 43.8432 0.120362
-1.1 48.4189 0.13186
-1 53.4111 0.152961
-0.9 54.3779 0.147399
-0.8 53.0688 0.143324
-0.7 52.2929 0.130057
-0.6 54.5661 0.130689
-0.5 57.4374 0.134458
-0.4 58.3114 0.141071
-0.3 59.5306 0.144626
-0.2 51.1455 0.133498
-0.1 58.492 0.157557
0 60.9063 0.17094
0.1 58.1866 0.132835
0.2 57.2023 0.159852
0.3 60.9704 0.170211
0.4 65.6508 0.182535
0.5 66.3688 0.191029
0.6 62.7276 0.180397
0.7 61.0979 0.193201
0.8 63.8134 0.203886
0.9 69.612 0.214107
1 71.3677 0.216868
1.1 68.0961 0.209205
1.2 65.6959 0.21618
1.3 68.4804 0.215656
1.4 75.3443 0.243413
1.5 79.6871 0.23849
1.6 78.2086 0.234596
1.7 73.8654 0.240129
1.8 73.9774 0.242355
1.9 80.3426 0.276949
2 87.4186 0.270754
2.1 88.8222 0.303309
2.2 85.0661 0.293416
2.3 83.7347 0.314496
2.4 90.5212 0.278978
2.5 101.505 0.329811
2.6 108.974 0.354418
2.7 105.511 0.407828
2.8 96.2408 0.415119
2.9 90.1157 0.406689
3 94.1855 0.37758
3.1 103.93 0.409221
3.2 108.933 0.447532
3.3 107.593 0.526282
3.4 107.74 0.502329
3.5 119.38 0.550089
3.6 144.56 0.519763
3.7 176.175 0.723913
3.8 210.938 0.755334
3.9 244.13 1.09084
4 274.99 1.44952
4.1 302.934 2.62905
4.2 333.019 4.34475
4.3 360.063 11.4843
4.4 346.732 49.6899
4.5 131.064 34.838
4.6 21.0253 16.9731
4.7 0 0
4.8 0 0
4.9 0 0
5 0 0
5.1 0 0
5.2 0 0
5.3 0 0
5.4 0 0
5.5 0 0
5.6 0 0
5.7 0 0
5.8 0 0
5.9 0 0
6 0 0
6.1 0 0
6.2 0 0
6.3 0 0
6.4 0 0
6.5 0 0
6.6 0 0
6.7 0 0
6.8 0 0
6.9 0 0
7 0 0
7.1 0 0
7.2 0 0
7.3 0 0
7.4 0 0
7.5 0 0
7.6 0 0
7.7 0 0
7.8 0 0
7.9 0 0
8 0 0
8.1 0 0
8.2 0 0
8.3 0 0
8.4 0 0
8.5 0 0
8.6 0 0
8.7 0 0
8.8 0 0
8.9 0 0
9 0 0
9.1 0 0
9.2 0 0
9.3 0 0
9.4 0 0
9.5 0 0
9.6 0 0
9.7 0 0
9.8 0 0
9.9 0 0
10 0 0
10.1 0 0
10.2 0 0
