-10.2 7.00339 0.00201893
-10.1 7.02477 0.00190198
-10 7.06743 0.00234804
-9.9 7.10235 0.00207812
-9.8 7.14051 0.00209429
-9.7 7.17199 0.00213893
-9.6 7.21804 0.00183237
-9.5 7.25108 0.00218801
-9.4 7.29545 0.00202671
-9.3 7.33726 0.00207737
-9.2 7.38053 0.00238747
-9.1 7.41978 0.00213348
-9 7.4663 0.00196504
-8.9 7.51434 0.00197315
-8.8 7.55983 0.00219468
-8.7 7.60941 0.00212429
-8.6 7.65683 0.00233229
-8.5 7.7073 0.00200408
-8.4 7.75787 0.00198232
-8.3 7.81449 0.00207751
-8.2 7.86503 0.00206009
-8.1 7.92092 0.00231085
-8 7.97363 0.00225774
-7.9 8.03575 0.00225156
-7.8 8.09936 0.00249299
-7.7 8.15833 0.00222079
-7.6 8.22671 0.00209635
-7.5 8.29089 0.00231891
-7.4 8.3604 0.00231754
-7.3 8.43288 0.00207451
-7.2 8.50746 0.00239286
-7.1 8.57738 0.00261477
-7 8.66071 0.00252093
-6.9 8.74175 0.0023417
-6.8 8.82624 0.00234794
-6.7 8.91985 0.00235699
-6.6 9.01411 0.00222154
-6.5 9.11495 0.00236968
-6.4 9.22081 0.00261336
-6.3 9.32487 0.00287437
-6.2 9.43938 0.00283984
-6.1 9.5675 0.00258723
-6 9.69444 0.00276666
-5.9 9.84218 0.00358607
-5.8 9.98548 0.00290475
-5.7 10.1519 0.00334069
-5.6 10.3343 0.00364548
-5.5 10.5338 0.00338324
-5.4 10.7618 0.0040843
-5.3 11.0233 0.00460055
-5.2 11.3355 0.00549734
-5.1 11.7221 0.00681723
-5 12.2431 0.00884658
-4.9 13.0645 0.0122834
-4.8 14.4313 0.0198985
-4.7 16.4565 0.0282951
-4.6 18.6957 0.0351833
-4.5 20.2048 0.0432908
-4.4 20.9871 0.0468831
-4.3 21.6649 0.0405888
-4.2 22.2443 0.0473656
-4.1 22.349 0.0432391
-4 22.445 0.0485894
-3.9 22.8514 0.0450638
-3.8 23.2899 0.0448538
-3.7 23.7294 0.046858
-3.6 24.5324 0.0498662
-3.5 25.3011 0.0505709
-3.4 25.5005 0.0491995
-3.3 25.6704 0.0455306
-3.2 26.3834 0.046828
-3.1 27.0316 0.0513457
-3 27.7876 0.0454523
-2.9 28.9172 0.0512609
-2.8 30.6765 0.0535747
-2.7 32.0013 0.0555406
-2.6 32.4476 0.0562213
-2.5 33.2673 0.0578696
-2.4 34.7027 0.0585938
-2.3 35.6052 0.0631936
-2.2 35.2936 0.0601568
-2.1 34.6714 0.0613585
-2 35.1051 0.0629059
-1.9 35.9725 0.0620962
-1.8 35.9773 0.0647615
-1.7 35.7535 0.0644381
-1.6 36.4842 0.061751
-1.5 37.9897 0.0714311
-1.4 38.4113 0.0596534
-1.3 37.6275 0.0711264
-1.2 37.2372 0.0626102
-1.1 38.2239 0.0732065
-1 39.561 0.0762999
-0.9 39.8472 0.0708608
-0.8 38.8464 0.0662379
-0.7 39.0288 0.0795871
-0.6 40.6693 0.0765869
-0.5 41.9004 0.0756578
-0.4 42.266 0.0875066
-0.3 42.7916 0.0832884
-0.2 45.4617 0.0797326
-0.1 50.1005 0.084547
0 51.3774 0.114217
0.1 50.0521 0.0904657
0.2 50.3808 0.0948536
0.3 46.6206 0.0990901
0.4 49.0825 0.0918654
0.5 49.3875 0.105484
0.6 47.7734 0.10352
0.7 47.6214 0.108595
0.8 49.9748 0.0991426
0.9 53.2686 0.129987
1 54.4708 0.123417
1.1 53.0738 0.134238
1.2 52.8835 0.132036
1.3 55.811 0.152369
1.4 60.5464 0.13976
1.5 63.3616 0.142547
1.6 61.7784 0.180337
1.7 58.5415 0.159276
1.8 57.2606 0.178386
1.9 60.158 0.171654
2 63.3711 0.198183
2.1 65.0527 0.1935
2.2 65.8062 0.184202
2.3 70.5947 0.205668
2.4 80.7209 0.235021
2.5 93.8317 0.258314
2.6 107.163 0.304122
2.7 120.713 0.370819
2.8 132.805 0.522553
2.9 143.763 0.642924
3 154.863 1.24539
3.1 171.169 3.4493
3.2 154.474 11.3432
3.3 44.7578 9.61324
3.4 18.7705 7.77048
3.5 2.99399 2.99399
3.6 0 0
3.7 0 0
3.8 0 0
3.9 0 0
4 0 0
4.1 0 0
4.2 0 0
4.3 0 0
4.4 0 0
4.5 0 0
4.6 0 0
4.7 0 0
4.8 0 0
4.9 0 0
5 0 0
5.1 0 0
5.2 0 0
5.3 0 0
5.4 0 0
5.5 0 0
5.6 0 0
5.7 0 0
5.8 0 0
5.9 0 0
6 0 0
6.1 0 0
6.2 0 0
6.3 0 0
6.4 0 0
6.5 0 0
6.6 0 0
6.7 0 0
6.8 0 0
6.9 0 0
7 0 0
7.1 0 0
7.2 0 0
7.3 0 0
7.4 0 0
7.5 0 0
7.6 0 0
7.7 0 0
7.8 0 0
7.9 0 0
8 0 0
8.1 0 0
8.2 0 0
8.3 0 0
8.4 0 0
8.5 0 0
8.6 0 0
8.7 0 0
8.8 0 0
8.9 0 0
9 0 0
9.1 0 0
9.2 0 0
9.3 0 0
9.4 0 0
9.5 0 0
9.6 0 0
9.7 0 0
9.8 0 0
9.9 0 0
10 0 0
10.1 0 0
10.2 0 0
