-10.2 35.0281 0.733813
-10.1 34.8391 0.699791
-10 36.0683 0.768132
-9.9 36.1935 0.721398
-9.8 35.9827 0.678594
-9.7 36.4239 0.756614
-9.6 35.6866 0.678475
-9.5 36.3513 0.642853
-9.4 35.5623 0.689087
-9.3 36.5677 0.688888
-9.2 37.7425 0.71462
-9.1 36.804 0.654202
-9 37.5738 0.708419
-8.9 36.7172 0.666362
-8.8 37.3568 0.670082
-8.7 37.0597 0.688515
-8.6 38.1128 0.653796
-8.5 36.6837 0.646336
-8.4 37.6087 0.735227
-8.3 37.9018 0.618972
-8.2 37.6176 0.618745
-8.1 38.5865 0.684804
-8 38.0598 0.573267
-7.9 37.7302 0.659926
-7.8 37.853 0.591117
-7.7 37.3389 0.651902
-7.6 37.962 0.587446
-7.5 37.142 0.59922
-7.4 38.8122 0.777222
-7.3 39.0515 0.625055
-7.2 37.7391 0.60508
-7.1 38.1004 0.635654
-7 37.8696 0.681338
-6.9 38.1555 0.568839
-6.8 38.6404 0.633135
-6.7 37.138 0.603122
-6.6 38.8179 0.682324
-6.5 38.962 0.545779
-6.4 39.1762 0.656483
-6.3 38.5647 0.614655
-6.2 38.463 0.626131
-6.1 38.1826 0.595905
-6 38.9884 0.593733
-5.9 38.5695 0.50887
-5.8 38.6654 0.600105
-5.7 37.3637 0.607437
-5.6 38.482 0.612348
-5.5 39.2039 0.612563
-5.4 39.1661 0.581291
-5.3 39.024 0.549548
-5.2 39.5125 0.556073
-5.1 39.5686 0.549926
-5 38.9181 0.553602
-4.9 39.6977 0.488442
-4.8 39.9934 0.532918
-4.7 40.2612 0.591483
-4.6 40.4427 0.545059
-4.5 40.5211 0.489031
-4.4 43.164 0.554421
-4.3 43.6342 0.469949
-4.2 46.3602 0.646226
-4.1 46.2831 0.513783
-4 44.2687 0.4733
-3.9 44.3742 0.469875
-3.8 43.9901 0.493414
-3.7 44.7785 0.458443
-3.6 44.6103 0.49495
-3.5 45.8028 0.498379
-3.4 46.6782 0.535196
-3.3 47.072 0.567084
-3.2 45.9636 0.474335
-3.1 46.1336 0.498531
-3 47.3869 0.525587
-2.9 46.1066 0.444718
-2.8 46.4162 0.520576
-2.7 47.2713 0.471733
-2.6 47.5042 0.536785
-2.5 47.2656 0.530323
-2.4 48.0633 0.51586
-2.3 47.8975 0.562788
-2.2 49.108 0.462992
-2.1 48.809 0.472885
-2 50.0291 0.48601
-1.9 49.517 0.475133
-1.8 49.4054 0.51378
-1.7 50.5399 0.437878
-1.6 50.3612 0.484088
-1.5 51.5255 0.498196
-1.4 51.7472 0.445953
-1.3 51.5446 0.423169
-1.2 53.1129 0.484554
-1.1 54.6928 0.445992
-1 56.7313 0.449167
-0.9 56.6689 0.440639
-0.8 55.9959 0.481924
-0.7 56.6149 0.505086
-0.6 57.7318 0.470539
-0.5 58.0616 0.467158
-0.4 58.4024 0.468194
-0.3 59.019 0.481958
-0.2 66.351 0.560257
-0.1 68.1821 0.515305
0 69.7364 0.592962
0.1 68.5022 0.592808
0.2 68.5867 0.531581
0.3 60.7697 0.513248
0.4 60.9505 0.521492
0.5 62.3051 0.556339
0.6 61.2237 0.560059
0.7 59.8951 0.511263
0.8 61.3184 0.528356
0.9 63.3555 0.628356
1 64.7134 0.546275
1.1 62.3961 0.522744
1.2 62.7636 0.485152
1.3 63.8829 0.551907
1.4 66.0488 0.575027
1.5 67.861 0.523804
1.6 66.3387 0.598232
1.7 66.2823 0.641304
1.8 66.4587 0.578364
1.9 68.1759 0.631803
2 71.3327 0.660546
2.1 71.5683 0.656077
2.2 70.4473 0.721747
2.3 70.8481 0.669985
2.4 73.2099 0.594188
2.5 75.7011 0.656198
2.6 79.1471 0.66879
2.7 78.1259 0.862193
2.8 74.9295 0.762378
2.9 73.0562 0.787074
3 77.3029 0.986546
3.1 81.5361 0.98304
3.2 82.9812 0.926333
3.3 83.258 1.17801
3.4 83.4488 1.0512
3.5 86.7831 0.866436
3.6 95.9214 0.880472
3.7 111.077 1.18727
3.8 126.223 1.3583
3.9 146.253 2.1204
4 167.658 3.75908
4.1 227.448 9.26805
4.2 315.095 18.9355
4.3 599.071 46.624
4.4 667.154 57.6511
4.5 609.664 49.0917
4.6 769.319 65.9173
4.7 786.788 87.183
4.8 693.101 59.6249
4.9 837.048 72.9301
5 716.282 66.2641
5.1 769.68 77.3278
5.2 897.246 85.0863
5.3 762.205 62.9725
5.4 751.49 72.5035
5.5 658.743 54.8041
5.6 682.241 63.0862
5.7 733.593 68.3091
5.8 920.253 90.6619
5.9 926.579 93.9661
6 820.468 66.5798
6.1 815.66 73.7738
6.2 740.937 58.6973
6.3 736.179 64.6193
6.4 684.373 66.7897
6.5 755.756 84.8466
6.6 848.118 79.7639
6.7 846.671 84.464
6.8 624.406 68.385
6.9 733.199 81.286
7 819.933 87.5825
7.1 615.777 61.9546
7.2 617.767 54.7432
7.3 670.361 61.2299
7.4 733.275 78.6395
7.5 838.535 80.8248
7.6 692.72 75.2416
7.7 740.002 98.1056
7.8 681.385 67.6519
7.9 690.756 65.4437
8 699.435 77.3411
8.1 778.846 69.4654
8.2 770.698 76.9608
8.3 760.836 68.628
8.4 751.742 77.1773
8.5 664.075 74.118
8.6 732.894 94.672
8.7 712.146 68.986
8.8 696.932 82.6105
8.9 693.181 79.3612
9 683.309 93.3341
9.1 838.179 88.2637
9.2 910.282 105.461
9.3 692.773 76.6873
9.4 691.139 72.9893
9.5 733.535 71.9342
9.6 630.195 73.8664
9.7 763.576 80.3205
9.8 556.781 61.9917
9.9 696.406 75.5496
10 674.009 84.8278
10.1 652.713 66.5909
10.2 656.425 81.4194
