-10.2 6.62794 0.00144228
-10.1 6.67446 0.00167361
-10 6.73409 0.0018469
-9.9 6.77684 0.00204746
-9.8 6.82389 0.00195248
-9.7 6.86516 0.00195875
-9.6 6.91228 0.00207275
-9.5 6.9596 0.00225886
-9.4 6.99591 0.0022794
-9.3 7.03518 0.00202819
-9.2 7.07882 0.0024946
-9.1 7.11734 0.00224267
-9 7.1598 0.00232107
-8.9 7.19983 0.00237212
-8.8 7.24562 0.00258083
-8.7 7.28675 0.00209016
-8.6 7.33104 0.00250003
-8.5 7.37372 0.00220686
-8.4 7.41479 0.00209427
-8.3 7.45638 0.00241477
-8.2 7.50034 0.00237365
-8.1 7.54491 0.00233212
-8 7.5901 0.00222875
-7.9 7.63767 0.00254606
-7.8 7.68668 0.00253331
-7.7 7.73538 0.00259993
-7.6 7.78463 0.00245626
-7.5 7.83548 0.00209837
-7.4 7.8848 0.00268477
-7.3 7.93278 0.00273582
-7.2 7.98942 0.00271871
-7.1 8.04393 0.0025281
-7 8.09767 0.00254791
-6.9 8.15529 0.00271866
-6.8 8.21943 0.00260442
-6.7 8.27705 0.00263098
-6.6 8.3359 0.00227229
-6.5 8.39833 0.00262419
-6.4 8.47024 0.0025664
-6.3 8.53881 0.00254974
-6.2 8.60677 0.00261546
-6.1 8.67933 0.00281536
-6 8.75398 0.0022163
-5.9 8.8333 0.00270591
-5.8 8.91671 0.00259657
-5.7 9.00444 0.00247067
-5.6 9.09324 0.002658
-5.5 9.18857 0.00280471
-5.4 9.28277 0.00277564
-5.3 9.38701 0.00291345
-5.2 9.49785 0.00260798
-5.1 9.61756 0.00320211
-5 9.73892 0.0029239
-4.9 9.8829 0.00365347
-4.8 10.0345 0.00321267
-4.7 10.2149 0.00350823
-4.6 10.4211 0.00355835
-4.5 10.6636 0.00409793
-4.4 10.9417 0.00436985
-4.3 11.1974 0.004307
-4.2 11.3592 0.00512978
-4.1 11.4146 0.00482309
-4 11.4329 0.00447403
-3.9 11.4952 0.00501536
-3.8 11.5983 0.00515669
-3.7 11.7284 0.00477126
-3.6 11.8734 0.00452804
-3.5 12.0087 0.00529495
-3.4 12.1142 0.00481037
-3.3 12.2239 0.00503254
-3.2 12.3606 0.00535027
-3.1 12.4887 0.00538888
-3 12.6089 0.00479495
-2.9 12.7611 0.00511121
-2.8 12.9356 0.00527742
-2.7 13.0882 0.005012
-2.6 13.2251 0.005311
-2.5 13.3866 0.0054127
-2.4 13.5775 0.00558627
-2.3 13.7592 0.00611605
-2.2 13.9363 0.00543325
-2.1 14.1311 0.00585493
-2 14.3796 0.00646558
-1.9 14.6052 0.00677803
-1.8 14.7801 0.00594629
-1.7 14.9909 0.00706846
-1.6 15.2693 0.00753309
-1.5 15.594 0.00801706
-1.4 15.8924 0.00780472
-1.3 16.2005 0.00842883
-1.2 16.6052 0.00826967
-1.1 17.0384 0.00970055
-1 17.3585 0.00983211
-0.9 17.4708 0.00993146
-0.8 17.54 0.00972648
-0.7 17.704 0.00817255
-0.6 18.0023 0.00902026
-0.5 18.2225 0.00931432
-0.4 18.3485 0.00964258
-0.3 18.5884 0.0107243
-0.2 18.5005 0.0106877
-0.1 19.0404 0.0105555
0 19.2259 0.0117495
0.1 19.2763 0.0105773
0.2 19.5804 0.0118643
0.3 20.0638 0.0129297
0.4 20.3967 0.0121566
0.5 20.4591 0.0143338
0.6 20.4697 0.0152647
0.7 20.731 0.0160747
0.8 21.2456 0.0171309
0.9 21.7357 0.0156023
1 21.9014 0.0173577
1.1 21.9416 0.0179691
1.2 22.2175 0.0175861
1.3 22.8754 0.0165712
1.4 23.5649 0.0209311
1.5 23.9234 0.0194708
1.6 23.9541 0.0179792
1.7 24.1006 0.0211261
1.8 24.7022 0.0217606
1.9 25.6174 0.0256419
2 26.3335 0.0252852
2.1 26.5525 0.0247482
2.2 26.7292 0.0253756
2.3 27.3743 0.0261734
2.4 28.5963 0.0292689
2.5 29.746 0.0358499
2.6 30.2037 0.0365026
2.7 29.7973 0.0396551
2.8 29.469 0.0368092
2.9 29.9432 0.0367821
3 31.3329 0.037438
3.1 33.0187 0.0404476
3.2 34.2023 0.0455728
3.3 35.3338 0.0499955
3.4 37.4231 0.0501946
3.5 41.3018 0.0604276
3.6 46.8807 0.0733314
3.7 53.4164 0.109442
3.8 60.5316 0.114566
3.9 66.9706 0.184393
4 72.0888 0.251329
4.1 72.6234 0.537892
4.2 65.5568 0.811175
4.3 49.3665 1.08761
4.4 38.6257 1.06137
4.5 34.3462 0.778451
4.6 33.6932 0.801464
4.7 32.3081 0.80276
4.8 31.6244 0.760154
4.9 32.8833 0.899177
5 32.6271 0.910603
5.1 32.6601 0.883964
5.2 33.2623 0.956572
5.3 33.5463 0.966832
5.4 34.3581 1.23038
5.5 32.9832 1.03203
5.6 33.7631 1.02284
5.7 32.121 0.886725
5.8 31.9118 0.857659
5.9 31.3076 0.896064
6 32.7796 0.967007
6.1 30.4515 0.926037
6.2 32.3987 1.00243
6.3 34.0214 0.990397
6.4 33.4916 1.16367
6.5 33.2151 1.21207
6.6 32.222 0.980808
6.7 29.7677 0.892112
6.8 31.8424 1.03935
6.9 33.8022 1.32638
7 34.0703 1.63929
7.1 33.2913 1.37133
7.2 33.0414 1.23117
7.3 33.0196 1.27983
7.4 32.4702 1.13723
7.5 31.4887 1.15751
7.6 33.0128 1.1675
7.7 32.2263 1.11136
7.8 32.5737 1.09289
7.9 32.3226 1.15473
8 31.1631 1.11004
8.1 31.5598 1.11978
8.2 30.1868 1.06334
8.3 30.4137 1.15924
8.4 33.8483 2.40677
8.5 31.0048 1.08943
8.6 31.9743 0.988625
8.7 32.5783 1.28189
8.8 31.9298 1.2367
8.9 38.2532 5.74421
9 32.534 2.34506
9.1 31.3109 1.27294
9.2 31.9694 1.19822
9.3 32.1116 1.18095
9.4 31.822 1.0925
9.5 32.4631 2.17832
9.6 31.0536 1.02429
9.7 32.4696 1.23651
9.8 38.0654 6.13094
9.9 31.7344 1.27067
10 31.5735 0.980603
10.1 30.4563 0.929534
10.2 30.4547 0.931706
