1 2.90102e-12
3 1.63077e-12
5 1.08202e-11
7 6.74727e-12
9 1.36035e-11
11 4.1451e-07
13 5.11674e-07
15 5.671e-07
17 7.33062e-07
19 2.23812e-07
21 3.39468e-07
23 1.94804e-06
25 9.89708e-06
27 2.10516e-05
29 3.98508e-05
31 5.48385e-05
33 6.65884e-05
35 7.60909e-05
37 8.02305e-05
39 6.75791e-05
41 6.37006e-05
43 6.07991e-05
45 5.78672e-05
47 5.48928e-05
49 5.21659e-05
51 4.92342e-05
53 4.25762e-05
55 3.62654e-05
57 3.30688e-05
59 2.93565e-05
61 2.70715e-05
63 2.48852e-05
65 2.23503e-05
67 2.05553e-05
69 1.90703e-05
71 1.72158e-05
73 1.56535e-05
75 1.46135e-05
77 1.36328e-05
79 1.26363e-05
81 1.13191e-05
83 1.06731e-05
85 9.98203e-06
87 9.37336e-06
89 8.93655e-06
91 8.39196e-06
93 7.35054e-06
95 6.88338e-06
97 6.53643e-06
99 6.16628e-06
101 5.90333e-06
103 5.5647e-06
105 5.29316e-06
107 5.05253e-06
109 4.68066e-06
111 4.09816e-06
113 3.95158e-06
115 3.75888e-06
117 3.57932e-06
119 3.40855e-06
121 3.30108e-06
123 3.16984e-06
125 3.01396e-06
127 2.92318e-06
129 2.8141e-06
131 2.70641e-06
133 2.62965e-06
135 2.52237e-06
137 2.22479e-06
139 2.04624e-06
141 2.00363e-06
143 1.93649e-06
145 1.86766e-06
147 1.80937e-06
149 1.73081e-06
151 1.68272e-06
153 1.64037e-06
155 1.60152e-06
157 1.41898e-06
159 1.34769e-06
161 1.28604e-06
163 1.25297e-06
165 1.21057e-06
167 1.1731e-06
169 1.1344e-06
171 1.09631e-06
173 1.06663e-06
175 1.03207e-06
177 1.00818e-06
179 9.75765e-07
181 9.36908e-07
183 9.20753e-07
185 8.33497e-07
187 7.82075e-07
189 7.51889e-07
191 7.22253e-07
193 7.17101e-07
195 7.0214e-07
197 6.7512e-07
199 6.56973e-07
201 6.37567e-07
203 6.14618e-07
205 6.08154e-07
207 5.91817e-07
209 5.75525e-07
211 5.63004e-07
213 5.55356e-07
215 5.33596e-07
217 5.28306e-07
219 5.1771e-07
221 4.98091e-07
223 4.91524e-07
225 4.90152e-07
227 4.42378e-07
229 4.02723e-07
231 3.92712e-07
233 3.68804e-07
235 3.57569e-07
237 3.52517e-07
239 3.33888e-07
241 3.44446e-07
243 3.33371e-07
245 3.32543e-07
247 3.13911e-07
249 3.07148e-07
251 3.10169e-07
253 2.91714e-07
255 2.9957e-07
257 2.89352e-07
259 2.7952e-07
261 2.8108e-07
263 2.70944e-07
265 2.66109e-07
267 2.60549e-07
269 2.57769e-07
271 2.54397e-07
273 2.44838e-07
275 2.51559e-07
277 2.31348e-07
279 2.42505e-07
281 2.27836e-07
283 2.32925e-07
285 2.19838e-07
287 2.22049e-07
289 2.19012e-07
291 2.17077e-07
293 2.13629e-07
295 2.07945e-07
297 2.10157e-07
299 1.97128e-07
301 1.95018e-07
303 1.68767e-07
305 1.64692e-07
307 1.64411e-07
309 1.50218e-07
311 1.49105e-07
313 1.51467e-07
315 1.49401e-07
317 1.51521e-07
319 1.42643e-07
321 1.4138e-07
323 1.44847e-07
325 1.35219e-07
327 1.29698e-07
329 1.3132e-07
331 1.32233e-07
333 1.16886e-07
335 1.24094e-07
337 1.23339e-07
339 1.14634e-07
341 1.15891e-07
343 1.16047e-07
345 1.1395e-07
347 1.0676e-07
349 1.08242e-07
351 1.10189e-07
353 1.02519e-07
355 9.79726e-08
357 9.81669e-08
359 1.03118e-07
361 9.09348e-08
363 9.5038e-08
365 8.88396e-08
367 9.73829e-08
369 8.65212e-08
371 8.44054e-08
373 8.92631e-08
375 8.52916e-08
377 8.16428e-08
379 8.30675e-08
381 8.32144e-08
383 7.92079e-08
385 7.77248e-08
387 7.46848e-08
389 7.23845e-08
391 7.68853e-08
393 7.22508e-08
395 7.44414e-08
397 6.35387e-08
399 6.89662e-08
401 7.42571e-08
403 6.29449e-08
405 6.68622e-08
407 6.4176e-08
409 6.34037e-08
411 6.86299e-08
413 6.2658e-08
415 6.26206e-08
417 5.73053e-08
419 6.10172e-08
421 6.33044e-08
423 5.78791e-08
425 5.66247e-08
427 5.61161e-08
429 5.40966e-08
431 5.08486e-08
433 5.409e-08
435 5.58986e-08
437 4.77894e-08
439 5.2429e-08
441 5.2177e-08
443 4.59837e-08
445 4.65079e-08
447 5.15604e-08
449 4.67817e-08
451 4.72859e-08
453 4.68077e-08
455 4.71072e-08
457 4.36608e-08
459 4.38618e-08
461 4.29248e-08
463 4.67345e-08
465 4.52793e-08
467 4.13013e-08
469 4.17409e-08
471 4.27313e-08
473 3.94334e-08
475 4.32987e-08
477 3.81371e-08
479 4.02096e-08
481 3.68082e-08
483 3.4435e-08
485 3.45156e-08
487 3.48888e-08
489 3.55647e-08
491 3.38002e-08
493 3.6376e-08
495 3.35128e-08
497 3.1538e-08
499 3.14923e-08
501 3.09245e-08
503 3.17633e-08
505 3.01351e-08
507 3.05912e-08
509 2.84324e-08
511 3.27536e-08
513 3.13895e-08
515 3.06124e-08
517 2.54546e-08
519 3.11707e-08
521 2.86532e-08
523 3.02513e-08
525 2.40134e-08
527 2.82309e-08
529 2.74159e-08
531 3.05311e-08
533 3.06143e-08
535 2.74332e-08
537 2.17955e-08
539 2.71702e-08
541 2.59681e-08
543 2.66447e-08
545 2.68416e-08
547 2.50229e-08
549 2.48551e-08
551 2.32895e-08
553 2.44555e-08
555 2.41336e-08
557 2.2767e-08
559 2.32864e-08
561 1.99544e-08
563 2.33509e-08
565 2.15318e-08
567 2.17919e-08
569 2.09838e-08
571 1.95087e-08
573 1.97924e-08
575 1.84981e-08
577 2.17174e-08
579 1.84515e-08
581 2.13779e-08
583 2.0264e-08
585 2.15973e-08
587 1.74462e-08
589 1.84671e-08
591 1.77996e-08
593 2.06319e-08
595 1.84704e-08
597 1.83857e-08
599 1.8375e-08
601 1.80058e-08
603 1.76637e-08
605 1.80813e-08
607 1.73487e-08
609 1.62039e-08
611 1.58999e-08
613 2.01981e-08
615 1.88644e-08
617 1.5694e-08
619 1.65614e-08
621 1.57861e-08
623 1.623e-08
625 1.58135e-08
627 1.81076e-08
629 1.44594e-08
631 1.30686e-08
633 1.51985e-08
635 1.44636e-08
637 1.22099e-08
639 1.4443e-08
641 1.178e-08
643 1.65129e-08
645 1.56629e-08
647 1.18402e-08
649 1.46717e-08
651 1.29396e-08
653 1.26664e-08
655 1.31938e-08
657 1.35187e-08
659 1.34361e-08
661 1.26604e-08
663 1.47127e-08
665 1.1156e-08
667 1.32387e-08
669 1.18772e-08
671 1.27679e-08
673 1.15132e-08
675 1.10705e-08
677 1.21404e-08
679 1.2789e-08
681 1.17932e-08
683 1.23853e-08
685 1.00462e-08
687 1.19892e-08
689 1.0755e-08
691 1.16441e-08
693 1.01848e-08
695 1.1878e-08
697 1.09634e-08
699 1.04306e-08
701 1.02379e-08
703 1.0905e-08
705 1.10018e-08
707 9.73306e-09
709 1.01421e-08
711 1.06178e-08
713 1.05394e-08
715 8.58797e-09
717 1.0333e-08
719 9.00271e-09
721 1.06399e-08
723 1.05505e-08
725 1.05757e-08
727 9.45742e-09
729 1.03457e-08
731 9.59691e-09
733 8.8654e-09
735 9.07299e-09
737 9.87079e-09
739 1.01797e-08
741 1.03657e-08
743 7.53152e-09
745 8.62392e-09
747 7.39196e-09
749 9.07573e-09
751 9.60875e-09
753 7.31848e-09
755 9.35453e-09
757 8.59441e-09
759 7.90368e-09
761 6.91025e-09
763 9.67888e-09
765 7.50964e-09
767 7.90821e-09
769 8.4382e-09
771 8.44874e-09
773 7.7734e-09
775 8.44783e-09
777 8.55719e-09
779 8.29839e-09
781 7.08616e-09
783 8.82002e-09
785 6.8107e-09
787 9.08843e-09
789 7.56955e-09
791 7.70724e-09
793 7.81211e-09
795 7.08373e-09
797 6.76214e-09
799 7.14785e-09
801 7.64398e-09
803 8.06243e-09
805 6.37853e-09
807 6.74328e-09
809 7.94181e-09
811 7.70699e-09
813 6.99173e-09
815 6.86608e-09
817 6.58532e-09
819 7.99159e-09
821 6.69783e-09
823 6.06902e-09
825 7.58546e-09
827 8.20982e-09
829 7.61679e-09
831 6.79089e-09
833 6.3547e-09
835 7.33038e-09
837 6.36514e-09
839 5.88274e-09
841 8.01773e-09
843 6.50676e-09
845 7.50353e-09
847 6.02675e-09
849 6.09367e-09
851 6.57627e-09
853 6.90712e-09
855 6.94967e-09
857 5.69068e-09
859 6.32257e-09
861 6.26346e-09
863 6.13688e-09
865 7.10319e-09
867 6.23155e-09
869 6.94333e-09
871 5.78915e-09
873 6.94098e-09
875 6.45603e-09
877 5.06395e-09
879 6.38507e-09
881 7.29613e-09
883 6.76618e-09
885 6.16003e-09
887 7.95909e-09
889 6.47321e-09
891 6.88928e-09
893 6.91056e-09
895 5.23832e-09
897 6.37032e-09
899 6.46147e-09
901 7.9627e-09
903 6.94032e-09
905 6.31272e-09
907 6.38722e-09
909 6.10826e-09
911 7.91854e-09
913 6.67502e-09
915 6.44858e-09
917 6.60728e-09
919 5.80139e-09
921 6.55077e-09
923 5.88611e-09
925 5.38109e-09
927 6.9385e-09
929 6.13021e-09
931 6.0987e-09
933 6.24564e-09
935 6.07638e-09
937 5.90735e-09
939 6.95646e-09
941 6.55715e-09
943 6.38283e-09
945 6.63545e-09
947 5.87412e-09
949 7.76268e-09
951 5.27836e-09
953 6.07422e-09
955 6.15255e-09
957 6.56051e-09
959 6.52553e-09
961 6.00454e-09
963 6.92314e-09
965 6.22869e-09
967 7.78685e-09
969 5.84762e-09
971 6.92539e-09
973 6.02268e-09
975 5.65667e-09
977 5.57248e-09
979 6.81595e-09
981 6.59121e-09
983 6.8844e-09
985 4.83472e-09
987 6.80358e-09
989 5.4735e-09
991 6.42395e-09
993 6.61122e-09
995 6.19622e-09
997 6.38632e-09
999 5.67177e-09
1001 7.00948e-09
1003 6.29611e-09
1005 7.38511e-09
1007 7.12074e-09
1009 6.35826e-09
1011 5.60495e-09
1013 6.5807e-09
1015 6.4232e-09
1017 7.44597e-09
1019 6.98201e-09
1021 6.23563e-09
1023 8.08308e-09
1025 7.42696e-09
1027 5.80141e-09
1029 7.05744e-09
1031 6.27062e-09
1033 6.40327e-09
1035 6.77497e-09
1037 6.61919e-09
1039 7.67255e-09
1041 7.07593e-09
1043 7.01347e-09
1045 7.3265e-09
1047 5.54892e-09
1049 7.25899e-09
1051 5.80958e-09
1053 7.37296e-09
1055 7.12569e-09
1057 6.96837e-09
1059 7.42907e-09
1061 6.7996e-09
1063 7.11823e-09
1065 7.29657e-09
1067 7.80199e-09
1069 7.12939e-09
1071 7.83852e-09
1073 8.21904e-09
1075 8.25251e-09
1077 8.28082e-09
1079 8.68678e-09
1081 8.0211e-09
1083 9.57513e-09
1085 8.64155e-09
1087 7.7501e-09
1089 8.47372e-09
1091 1.08032e-08
1093 1.16969e-08
1095 1.20402e-08
1097 1.20175e-08
1099 1.37695e-08
1101 1.52498e-08
1103 1.35371e-08
1105 1.63278e-08
1107 2.26814e-08
1109 3.09977e-08
1111 5.33663e-08
1113 0
1115 5.38145e-10
1117 0
1119 0
1121 1.78543e-10
1123 0
1125 1.77881e-10
1127 0
1129 0
1131 5.3022e-10
1133 3.30458e-10
1135 0
1137 1.75783e-10
1139 0
1141 0
1143 1.75051e-10
1145 0
1147 0
1149 5.22434e-10
1151 0
1153 0
1155 1.73233e-10
1157 0
1159 0
1161 1.72407e-10
1163 0
1165 3.43325e-10
1167 1.71477e-10
1169 2.50905e-10
1171 0
1173 1.7079e-10
1175 0
1177 1.69851e-10
1179 0
1181 0
1183 5.07298e-10
1185 0
1187 2.17255e-10
1189 0
1191 1.67888e-10
1193 0
1195 1.67304e-10
1197 0
1199 0
1201 1.66342e-10
1203 3.32237e-10
1205 0
1207 0
1209 0
1211 1.65007e-10
1213 0
1215 1.64422e-10
1217 0
1219 0
1221 1.63677e-10
1223 0
1225 3.2681e-10
1227 0
1229 0
1231 0
1233 1.62197e-10
1235 0
1237 1.61896e-10
1239 0
1241 0
1243 1.61053e-10
1245 0
1247 3.2082e-10
1249 0
1251 1.59885e-10
1253 1.59493e-10
1255 0
1257 0
1259 0
1261 1.58615e-10
1263 0
1265 1.58067e-10
1267 0
1269 3.15063e-10
1271 0
1273 1.57186e-10
1275 0
1277 1.56673e-10
1279 0
1281 0
1283 1.55738e-10
1285 0
1287 0
1289 1.5515e-10
1291 0
1293 3.09579e-10
1295 0
1297 1.54259e-10
1299 0
1301 1.53746e-10
1303 0
1305 0
1307 1.53006e-10
1309 0
1311 0
1313 0
1315 1.5223e-10
1317 1.5175e-10
1319 1.51814e-10
1321 0
1323 1.51263e-10
1325 1.51004e-10
1327 0
1329 1.67692e-10
1331 1.50211e-10
1333 0
1335 1.49873e-10
1337 0
1339 0
1341 1.49177e-10
1343 0
1345 1.4882e-10
1347 2.5349e-10
1349 2.96767e-10
1351 1.48089e-10
1353 0
1355 0
1357 0
1359 1.47311e-10
1361 1.46867e-10
1363 0
1365 0
1367 1.46257e-10
1369 0
1371 1.4584e-10
1373 0
1375 0
1377 1.45238e-10
1379 2.90256e-10
1381 0
1383 0
1385 0
1387 1.44148e-10
1389 1.43954e-10
1391 0
1393 0
1395 0
1397 1.43281e-10
1399 2.56832e-10
1401 1.42852e-10
1403 0
1405 0
1407 2.84381e-10
1409 1.42055e-10
1411 0
1413 0
1415 1.41312e-10
1417 1.4109e-10
1419 0
1421 0
1423 0
1425 0
1427 1.40101e-10
1429 0
1431 0
1433 1.39723e-10
1435 0
1437 2.78444e-10
1439 1.38977e-10
1441 0
1443 0
1445 0
1447 1.38234e-10
1449 1.37987e-10
1451 1.37921e-10
1453 0
1455 0
1457 0
1459 1.37061e-10
1461 0
1463 0
1465 1.36537e-10
1467 0
1469 1.36133e-10
1471 2.71975e-10
1473 0
1475 0
1477 0
1479 2.75186e-10
1481 1.35109e-10
1483 0
1485 1.34716e-10
1487 0
1489 1.3422e-10
1491 0
1493 0
1495 0
1497 0
1499 1.33471e-10
1501 1.33202e-10
1503 0
1505 2.65704e-10
1507 0
1509 0
1511 0
1513 2.64061e-10
1515 0
1517 1.31733e-10
1519 0
1521 0
1523 1.31359e-10
1525 0
1527 0
1529 0
1531 0
1533 1.30447e-10
1535 0
1537 0
1539 2.59964e-10
1541 1.29753e-10
1543 0
1545 0
1547 0
1549 2.58279e-10
1551 0
1553 0
1555 1.28652e-10
1557 0
1559 1.28274e-10
1561 0
1563 0
1565 0
1567 0
1569 0
1571 1.27445e-10
1573 0
1575 1.2694e-10
1577 0
1579 1.26675e-10
1581 1.26662e-10
1583 0
1585 0
1587 1.26144e-10
1589 1.25957e-10
1591 0
1593 1.25636e-10
1595 0
1597 1.25274e-10
1599 0
1601 0
1603 0
1605 0
1607 0
1609 0
1611 0
1613 1.24054e-10
1615 1.23995e-10
1617 1.23589e-10
1619 1.23588e-10
1621 1.23183e-10
1623 0
1625 0
1627 2.45683e-10
1629 0
1631 0
1633 0
1635 1.22344e-10
1637 1.22154e-10
1639 2.72457e-10
1641 0
1643 0
1645 1.25778e-10
1647 0
1649 0
1651 0
1653 1.23761e-10
1655 1.20802e-10
1657 0
1659 2.41155e-10
1661 1.20458e-10
1663 1.20352e-10
1665 1.19948e-10
1667 0
1669 1.19811e-10
1671 0
1673 0
1675 0
1677 0
1679 1.1917e-10
1681 0
1683 1.18924e-10
1685 0
1687 0
1689 0
1691 0
1693 0
1695 0
1697 0
1699 0
1701 2.35058e-10
1703 0
1705 1.17196e-10
1707 4.7214e-10
1709 0
1711 0
1713 0
1715 0
1717 1.16502e-10
1719 0
1721 0
1723 0
1725 0
1727 1.15943e-10
1729 0
1731 1.15554e-10
1733 1.16654e-10
1735 0
1737 0
1739 0
1741 0
1743 1.17119e-10
1745 0
1747 1.14388e-10
1749 1.14406e-10
1751 1.14106e-10
1753 0
1755 1.13951e-10
1757 2.27794e-10
1759 0
1761 0
1763 0
1765 1.1339e-10
1767 0
1769 0
1771 0
1773 0
1775 0
1777 0
1779 1.12496e-10
1781 1.12363e-10
1783 0
1785 0
1787 1.13669e-10
1789 0
1791 0
1793 0
1795 0
1797 1.11333e-10
1799 1.11055e-10
1801 0
1803 1.11069e-10
1805 1.11478e-10
1807 2.21405e-10
1809 1.10592e-10
1811 0
1813 0
1815 1.10158e-10
1817 0
1819 0
1821 0
1823 0
1825 0
1827 0
1829 1.09238e-10
1831 0
1833 0
1835 1.0903e-10
1837 0
1839 0
1841 0
1843 0
1845 0
1847 0
1849 0
1851 2.15943e-10
1853 0
1855 1.07671e-10
1857 0
1859 0
1861 1.07479e-10
1863 2.14782e-10
1865 2.16899e-10
1867 1.07021e-10
1869 0
1871 0
1873 0
1875 0
1877 0
1879 0
1881 0
1883 0
1885 1.06177e-10
1887 0
1889 0
1891 1.05786e-10
1893 0
1895 0
1897 0
1899 0
1901 0
1903 1.06464e-10
1905 0
1907 1.04901e-10
1909 1.04809e-10
1911 1.04662e-10
1913 0
1915 1.04301e-10
1917 0
1919 1.04204e-10
1921 2.0943e-10
1923 0
1925 1.04028e-10
1927 0
1929 0
1931 0
1933 0
1935 0
1937 0
1939 0
1941 0
1943 0
1945 0
1947 1.02787e-10
1949 0
1951 1.02605e-10
1953 0
1955 0
1957 0
1959 0
1961 0
1963 1.0296e-10
1965 0
1967 0
1969 1.01538e-10
1971 3.04406e-10
1973 0
1975 0
1977 0
1979 0
1981 2.01941e-10
1983 0
1985 1.00647e-10
1987 0
1989 2.99351e-10
1991 0
1993 0
1995 0
1997 0
1999 0
