1 4.04158e-10 4.00358e-10
3 3.98305e-12 7.26996e-14
5 6.6919e-12 1.26432e-13
7 2.03778e-08 2.62722e-09
9 1.91044e-07 8.14674e-09
11 2.93806e-07 1.01976e-08
13 3.22198e-07 1.04977e-08
15 3.17845e-07 1.15312e-08
17 2.78481e-07 9.54982e-09
19 2.392e-07 9.26383e-09
21 4.01783e-07 8.92786e-09
23 2.16363e-06 1.59507e-08
25 9.47268e-06 3.67095e-08
27 2.27826e-05 5.03461e-08
29 4.14112e-05 6.40491e-08
31 5.36978e-05 7.01537e-08
33 6.43713e-05 7.45953e-08
35 7.25776e-05 7.19621e-08
37 7.82577e-05 6.65419e-08
39 6.67424e-05 4.85062e-08
41 6.33991e-05 4.32429e-08
43 6.08905e-05 4.04148e-08
45 5.82331e-05 3.64746e-08
47 5.56079e-05 3.43863e-08
49 5.29913e-05 3.1742e-08
51 5.04479e-05 2.90549e-08
53 4.36841e-05 2.45668e-08
55 3.71293e-05 2.17007e-08
57 3.44451e-05 2.0704e-08
59 3.05732e-05 1.91994e-08
61 2.81056e-05 1.75487e-08
63 2.56831e-05 1.63154e-08
65 2.30899e-05 1.39858e-08
67 2.12855e-05 1.27237e-08
69 1.97365e-05 1.22009e-08
71 1.77674e-05 1.06731e-08
73 1.62746e-05 1.01459e-08
75 1.51192e-05 9.32858e-09
77 1.41153e-05 8.74506e-09
79 1.31255e-05 8.01767e-09
81 1.16844e-05 7.08736e-09
83 1.09263e-05 6.51963e-09
85 1.02388e-05 6.28278e-09
87 9.62691e-06 6.05648e-09
89 9.08315e-06 5.42608e-09
91 8.55907e-06 5.20691e-09
93 7.51483e-06 4.53861e-09
95 7.07864e-06 4.04692e-09
97 6.67451e-06 3.9589e-09
99 6.31354e-06 3.62201e-09
101 5.9891e-06 3.56791e-09
103 5.69529e-06 3.18506e-09
105 5.43011e-06 3.20721e-09
107 5.18302e-06 2.97687e-09
109 4.80295e-06 2.75865e-09
111 4.18616e-06 2.40329e-09
113 4.01921e-06 2.36189e-09
115 3.82546e-06 2.17723e-09
117 3.64902e-06 2.1022e-09
119 3.48745e-06 2.07609e-09
121 3.33945e-06 2.00193e-09
123 3.20344e-06 1.78342e-09
125 3.0773e-06 1.80295e-09
127 2.96014e-06 1.79113e-09
129 2.8514e-06 1.67618e-09
131 2.74977e-06 1.61662e-09
133 2.65446e-06 1.53172e-09
135 2.56516e-06 1.52951e-09
137 2.2518e-06 1.35069e-09
139 2.0728e-06 1.18314e-09
141 2.03851e-06 1.21497e-09
143 1.96363e-06 1.12896e-09
145 1.89457e-06 1.1297e-09
147 1.82977e-06 1.08081e-09
149 1.76968e-06 1.0104e-09
151 1.71207e-06 1.04028e-09
153 1.65893e-06 9.6096e-10
155 1.60373e-06 9.14458e-10
157 1.45124e-06 8.81583e-10
159 1.36236e-06 8.06372e-10
161 1.30987e-06 8.25417e-10
163 1.27668e-06 7.40793e-10
165 1.23265e-06 7.3626e-10
167 1.19228e-06 7.35803e-10
169 1.1538e-06 7.04006e-10
171 1.11795e-06 6.66313e-10
173 1.08438e-06 6.31093e-10
175 1.05231e-06 6.57587e-10
177 1.02195e-06 6.1446e-10
179 9.9392e-07 5.81062e-10
181 9.66966e-07 6.04048e-10
183 9.36435e-07 5.64391e-10
185 8.47326e-07 5.21108e-10
187 8.02103e-07 4.90315e-10
189 7.62991e-07 4.65874e-10
191 7.38385e-07 4.52747e-10
193 7.29006e-07 4.45233e-10
195 7.08051e-07 4.28735e-10
197 6.88433e-07 4.19626e-10
199 6.69751e-07 3.90556e-10
201 6.52361e-07 4.11779e-10
203 6.35267e-07 3.86371e-10
205 6.19259e-07 3.65076e-10
207 6.03934e-07 3.77353e-10
209 5.89613e-07 3.70643e-10
211 5.75738e-07 3.42922e-10
213 5.61888e-07 3.75751e-10
215 5.49631e-07 3.20912e-10
217 5.3738e-07 3.26717e-10
219 5.25752e-07 3.26108e-10
221 5.1448e-07 3.3834e-10
223 5.03816e-07 3.3541e-10
225 4.93273e-07 3.19277e-10
227 4.47856e-07 2.89592e-10
229 4.14667e-07 3.00267e-10
231 3.95986e-07 2.7883e-10
233 3.79731e-07 2.76161e-10
235 3.64719e-07 2.68842e-10
237 3.5051e-07 2.59312e-10
239 3.48445e-07 2.83237e-10
241 3.47323e-07 2.47537e-10
243 3.39663e-07 2.55066e-10
245 3.3239e-07 2.49919e-10
247 3.25316e-07 2.4529e-10
249 3.18292e-07 2.71651e-10
251 3.12064e-07 2.35654e-10
253 3.05573e-07 2.40134e-10
255 2.9983e-07 2.33806e-10
257 2.93643e-07 2.28742e-10
259 2.88412e-07 2.40871e-10
261 2.82909e-07 2.22446e-10
263 2.77644e-07 2.29889e-10
265 2.72596e-07 2.02173e-10
267 2.67695e-07 2.28442e-10
269 2.63159e-07 1.95852e-10
271 2.58591e-07 2.12198e-10
273 2.54075e-07 2.0288e-10
275 2.49911e-07 2.10281e-10
277 2.45719e-07 1.9164e-10
279 2.41825e-07 2.03958e-10
281 2.37839e-07 1.95529e-10
283 2.3416e-07 1.89995e-10
285 2.30327e-07 1.94811e-10
287 2.2697e-07 2.02924e-10
289 2.23329e-07 2.01299e-10
291 2.20113e-07 2.04043e-10
293 2.16784e-07 1.99666e-10
295 2.13556e-07 1.89064e-10
297 2.10639e-07 1.94084e-10
299 2.07252e-07 1.77829e-10
301 1.95264e-07 1.7611e-10
303 1.77701e-07 1.64293e-10
305 1.69981e-07 1.64646e-10
307 1.6343e-07 1.63156e-10
309 1.56975e-07 1.35692e-10
311 1.51348e-07 1.6127e-10
313 1.56736e-07 1.54158e-10
315 1.54349e-07 1.30754e-10
317 1.51849e-07 1.45723e-10
319 1.49487e-07 1.58547e-10
321 1.47318e-07 1.36782e-10
323 1.44474e-07 1.47579e-10
325 1.38634e-07 1.48256e-10
327 1.3592e-07 1.43502e-10
329 1.32761e-07 1.37532e-10
331 1.30278e-07 1.51767e-10
333 1.27643e-07 1.30561e-10
335 1.25011e-07 1.21439e-10
337 1.23482e-07 1.24484e-10
339 1.21505e-07 1.24569e-10
341 1.19556e-07 1.17124e-10
343 1.17634e-07 1.20017e-10
345 1.15572e-07 1.3498e-10
347 1.13909e-07 1.17851e-10
349 1.11995e-07 1.16547e-10
351 1.08476e-07 1.17976e-10
353 1.05537e-07 1.19822e-10
355 1.03746e-07 1.14015e-10
357 1.01559e-07 1.1409e-10
359 9.98065e-08 1.24003e-10
361 9.78837e-08 1.11686e-10
363 9.60515e-08 1.00655e-10
365 9.44132e-08 1.05222e-10
367 9.35404e-08 1.1981e-10
369 9.20421e-08 1.18416e-10
371 9.04014e-08 8.89063e-11
373 8.90192e-08 1.03974e-10
375 8.80545e-08 1.18746e-10
377 8.66143e-08 1.02158e-10
379 8.515e-08 9.97135e-11
381 8.38714e-08 1.04031e-10
383 8.2048e-08 1.13337e-10
385 7.96306e-08 9.70607e-11
387 7.80144e-08 8.95185e-11
389 7.65073e-08 8.57039e-11
391 7.53097e-08 1.02492e-10
393 7.41841e-08 1.02398e-10
395 7.30187e-08 1.01242e-10
397 7.21545e-08 8.86403e-11
399 7.08867e-08 8.52744e-11
401 6.98651e-08 8.42895e-11
403 6.93711e-08 9.46146e-11
405 6.8477e-08 8.43921e-11
407 6.73507e-08 8.78701e-11
409 6.63425e-08 8.77055e-11
411 6.56518e-08 7.84462e-11
413 6.48488e-08 8.89581e-11
415 6.4048e-08 8.73238e-11
417 6.31013e-08 9.1898e-11
419 6.21134e-08 8.70474e-11
421 6.14697e-08 7.42459e-11
423 6.06159e-08 8.92177e-11
425 5.81341e-08 8.03815e-11
427 5.72284e-08 8.47211e-11
429 5.62338e-08 7.52966e-11
431 5.5254e-08 7.43636e-11
433 5.44547e-08 8.15798e-11
435 5.37722e-08 8.07711e-11
437 5.29805e-08 7.95017e-11
439 5.21875e-08 8.28562e-11
441 5.13887e-08 8.55901e-11
443 5.06519e-08 7.59431e-11
445 4.99427e-08 7.48875e-11
447 4.93281e-08 8.34074e-11
449 4.8912e-08 7.34357e-11
451 4.85752e-08 7.37709e-11
453 4.78948e-08 7.81672e-11
455 4.73665e-08 7.75937e-11
457 4.67143e-08 6.40027e-11
459 4.62375e-08 7.68481e-11
461 4.56063e-08 7.20053e-11
463 4.52976e-08 7.34809e-11
465 4.47108e-08 7.02143e-11
467 4.42872e-08 6.32751e-11
469 4.36961e-08 7.13452e-11
471 4.32954e-08 6.53355e-11
473 4.27597e-08 5.92453e-11
475 4.23394e-08 5.94899e-11
477 3.95478e-08 6.78959e-11
479 3.84914e-08 6.71894e-11
481 3.78998e-08 5.3221e-11
483 3.7326e-08 6.00832e-11
485 3.67753e-08 6.29179e-11
487 3.60501e-08 6.08708e-11
489 3.54694e-08 5.94283e-11
491 3.50689e-08 5.53627e-11
493 3.45796e-08 6.4396e-11
495 3.41503e-08 6.40612e-11
497 3.35428e-08 6.40386e-11
499 3.32191e-08 5.81308e-11
501 3.28307e-08 5.47338e-11
503 3.2291e-08 5.71166e-11
505 3.18159e-08 5.37282e-11
507 3.14463e-08 5.76462e-11
509 3.10457e-08 5.88079e-11
511 3.10129e-08 5.47696e-11
513 3.10204e-08 6.0455e-11
515 3.05526e-08 5.15175e-11
517 3.0188e-08 4.82463e-11
519 3.00411e-08 5.1714e-11
521 2.96116e-08 5.73945e-11
523 2.93266e-08 5.05432e-11
525 2.89761e-08 5.18178e-11
527 2.87704e-08 4.7338e-11
529 2.85913e-08 4.85159e-11
531 2.82482e-08 4.77412e-11
533 2.80731e-08 5.1743e-11
535 2.77593e-08 5.03199e-11
537 2.74933e-08 5.15589e-11
539 2.72147e-08 4.81933e-11
541 2.69752e-08 5.68752e-11
543 2.67117e-08 4.66852e-11
545 2.64221e-08 5.55318e-11
547 2.62226e-08 4.56047e-11
549 2.60581e-08 4.14304e-11
551 2.54129e-08 5.02765e-11
553 2.36142e-08 5.01919e-11
555 2.33284e-08 5.01899e-11
557 2.30818e-08 4.55271e-11
559 2.27443e-08 4.4071e-11
561 2.25955e-08 5.13341e-11
563 2.23407e-08 4.89237e-11
565 2.20573e-08 4.57809e-11
567 2.18133e-08 3.94794e-11
569 2.15544e-08 4.54661e-11
571 2.13233e-08 4.76228e-11
573 2.11296e-08 4.21386e-11
575 2.09698e-08 3.94729e-11
577 2.06747e-08 4.02187e-11
579 2.04691e-08 4.27107e-11
581 2.03461e-08 4.0372e-11
583 2.01233e-08 3.91134e-11
585 1.98983e-08 3.93098e-11
587 1.96475e-08 4.00126e-11
589 1.95309e-08 4.9108e-11
591 1.92425e-08 4.12339e-11
593 1.91537e-08 4.27397e-11
595 1.89992e-08 4.40756e-11
597 1.87203e-08 4.00423e-11
599 1.87286e-08 4.13466e-11
601 1.85265e-08 4.43174e-11
603 1.83918e-08 4.14443e-11
605 1.83742e-08 3.76672e-11
607 1.84377e-08 4.44224e-11
609 1.82563e-08 4.56573e-11
611 1.81274e-08 4.23277e-11
613 1.80334e-08 3.90507e-11
615 1.78826e-08 4.15796e-11
617 1.77601e-08 4.05138e-11
619 1.76033e-08 3.93871e-11
621 1.75112e-08 4.0104e-11
623 1.73583e-08 4.04532e-11
625 1.72542e-08 4.22282e-11
627 1.72154e-08 3.97129e-11
629 1.46431e-08 3.38251e-11
631 1.42915e-08 3.41384e-11
633 1.42694e-08 3.42867e-11
635 1.42463e-08 3.41445e-11
637 1.42251e-08 3.34118e-11
639 1.41793e-08 3.43891e-11
641 1.4208e-08 3.55291e-11
643 1.41636e-08 3.22381e-11
645 1.40569e-08 3.25073e-11
647 1.4045e-08 3.25399e-11
649 1.40176e-08 3.02749e-11
651 1.39396e-08 3.4517e-11
653 1.3945e-08 3.64637e-11
655 1.3824e-08 3.19904e-11
657 1.38416e-08 3.51426e-11
659 1.37377e-08 3.30484e-11
661 1.37154e-08 3.08286e-11
663 1.36664e-08 3.95096e-11
665 1.35749e-08 3.02596e-11
667 1.34752e-08 3.17503e-11
669 1.33022e-08 3.10152e-11
671 1.25494e-08 2.94827e-11
673 1.24387e-08 3.06394e-11
675 1.23696e-08 2.94008e-11
677 1.2251e-08 3.04258e-11
679 1.20939e-08 2.83824e-11
681 1.19622e-08 2.90035e-11
683 1.18965e-08 3.06947e-11
685 1.18273e-08 3.41729e-11
687 1.17293e-08 2.82773e-11
689 1.16128e-08 2.97732e-11
691 1.1512e-08 2.80213e-11
693 1.14485e-08 3.01522e-11
695 1.12682e-08 2.7317e-11
697 1.12563e-08 2.57161e-11
699 1.11388e-08 2.83521e-11
701 1.10547e-08 3.04164e-11
703 1.08907e-08 2.68036e-11
705 1.08166e-08 3.01786e-11
707 1.0702e-08 2.76124e-11
709 1.05497e-08 2.64479e-11
711 1.05179e-08 3.13998e-11
713 1.04453e-08 2.55599e-11
715 1.0349e-08 2.74185e-11
717 1.02685e-08 2.95957e-11
719 1.01685e-08 2.47838e-11
721 9.98943e-09 2.74491e-11
723 1.00155e-08 2.65497e-11
725 9.86997e-09 2.68389e-11
727 9.83823e-09 2.64218e-11
729 9.75155e-09 2.77191e-11
731 9.65117e-09 2.75743e-11
733 9.53684e-09 2.81009e-11
735 9.45557e-09 2.52116e-11
737 9.42412e-09 2.64068e-11
739 9.34484e-09 2.57246e-11
741 9.2648e-09 2.47883e-11
743 9.22861e-09 2.52142e-11
745 9.09805e-09 2.6472e-11
747 9.05098e-09 2.72097e-11
749 8.98571e-09 2.46164e-11
751 8.93269e-09 2.6084e-11
753 8.85109e-09 2.42453e-11
755 8.7581e-09 2.15061e-11
757 8.72766e-09 2.1407e-11
759 8.71794e-09 2.2614e-11
761 8.61757e-09 2.6997e-11
763 8.55149e-09 2.50952e-11
765 8.4922e-09 2.34305e-11
767 8.41334e-09 2.4246e-11
769 8.40293e-09 2.03389e-11
771 8.30797e-09 2.14831e-11
773 8.24982e-09 2.46238e-11
775 8.23082e-09 2.52514e-11
777 8.20531e-09 2.03648e-11
779 8.10698e-09 2.45641e-11
781 8.0633e-09 2.38097e-11
783 7.98634e-09 2.448e-11
785 8.00601e-09 2.69925e-11
787 7.98444e-09 2.17361e-11
789 7.91174e-09 2.47813e-11
791 7.81858e-09 2.35916e-11
793 7.68226e-09 2.00839e-11
795 7.56162e-09 2.30559e-11
797 7.59854e-09 2.25817e-11
799 7.57058e-09 2.40633e-11
801 7.54295e-09 2.06647e-11
803 7.5322e-09 1.87737e-11
805 7.45956e-09 2.03174e-11
807 7.40787e-09 2.16059e-11
809 7.42402e-09 2.33859e-11
811 7.34505e-09 2.03774e-11
813 7.3413e-09 2.31943e-11
815 7.23085e-09 2.13684e-11
817 7.23761e-09 2.29472e-11
819 7.23108e-09 2.11154e-11
821 7.15867e-09 2.32284e-11
823 7.11177e-09 2.19942e-11
825 7.08606e-09 2.08213e-11
827 7.05974e-09 2.00593e-11
829 7.05926e-09 2.09178e-11
831 6.98598e-09 2.01322e-11
833 6.95293e-09 2.23063e-11
835 6.95922e-09 2.08873e-11
837 6.93535e-09 1.93469e-11
839 6.88777e-09 2.06553e-11
841 6.88734e-09 1.95539e-11
843 6.85917e-09 2.05866e-11
845 6.81114e-09 2.00073e-11
847 6.75584e-09 2.17899e-11
849 6.73376e-09 2.07906e-11
851 6.70301e-09 1.99443e-11
853 6.66912e-09 2.07347e-11
855 6.67708e-09 2.11531e-11
857 6.65796e-09 2.01136e-11
859 6.6824e-09 2.09428e-11
861 6.73843e-09 1.8047e-11
863 6.74105e-09 1.997e-11
865 6.69294e-09 2.07953e-11
867 6.72424e-09 2.49049e-11
869 6.70552e-09 2.19274e-11
871 6.66758e-09 1.85494e-11
873 6.65673e-09 2.13615e-11
875 6.64439e-09 2.14611e-11
877 6.62911e-09 2.23335e-11
879 6.59992e-09 2.23567e-11
881 6.56219e-09 1.8809e-11
883 6.62252e-09 1.89988e-11
885 6.76884e-09 1.92066e-11
887 6.80178e-09 2.00621e-11
889 6.83141e-09 1.93889e-11
891 6.78888e-09 2.04989e-11
893 6.79251e-09 1.92683e-11
895 6.75474e-09 1.78704e-11
897 6.68311e-09 2.09542e-11
899 6.71279e-09 2.14758e-11
901 6.69047e-09 1.85603e-11
903 6.66969e-09 1.87225e-11
905 6.63331e-09 1.98503e-11
907 6.60362e-09 2.16659e-11
909 6.58915e-09 2.02031e-11
911 6.57132e-09 2.20688e-11
913 6.54612e-09 1.98537e-11
915 6.5326e-09 1.90875e-11
917 6.51424e-09 1.774e-11
919 6.52851e-09 1.93259e-11
921 6.46901e-09 2.0428e-11
923 6.47141e-09 2.00167e-11
925 6.42372e-09 1.85805e-11
927 6.47409e-09 1.97204e-11
929 6.39213e-09 1.77661e-11
931 6.39992e-09 1.99034e-11
933 6.43004e-09 2.21913e-11
935 6.43407e-09 1.6677e-11
937 6.3855e-09 1.93715e-11
939 6.35884e-09 1.63605e-11
941 6.36338e-09 1.78328e-11
943 6.34005e-09 1.70801e-11
945 6.33334e-09 1.58985e-11
947 6.31389e-09 1.98005e-11
949 6.3477e-09 1.92155e-11
951 6.28415e-09 2.19739e-11
953 6.27983e-09 1.7954e-11
955 6.28793e-09 1.97133e-11
957 6.28278e-09 2.05291e-11
959 6.25073e-09 1.63348e-11
961 6.23141e-09 1.93031e-11
963 6.2263e-09 2.13775e-11
965 6.21606e-09 1.89812e-11
967 6.19895e-09 1.83038e-11
969 6.19321e-09 1.93228e-11
971 6.17793e-09 1.8931e-11
973 6.19152e-09 1.82175e-11
975 6.11313e-09 1.73149e-11
977 6.19314e-09 1.92914e-11
979 6.24691e-09 1.71528e-11
981 6.58944e-09 1.78316e-11
983 6.59763e-09 2.0178e-11
985 6.63519e-09 1.86463e-11
987 6.63804e-09 1.88259e-11
989 6.6402e-09 1.82076e-11
991 6.64219e-09 1.86087e-11
993 6.6558e-09 1.82058e-11
995 6.66457e-09 1.77189e-11
997 6.67379e-09 1.78576e-11
999 6.66662e-09 1.70458e-11
1001 6.66965e-09 1.83749e-11
1003 6.71423e-09 2.06473e-11
1005 6.70964e-09 1.70275e-11
1007 6.72268e-09 1.84592e-11
1009 6.73264e-09 1.87842e-11
1011 6.73054e-09 2.03115e-11
1013 6.80343e-09 2.0933e-11
1015 6.82827e-09 1.73089e-11
1017 6.87401e-09 1.9198e-11
1019 6.82873e-09 2.17744e-11
1021 6.83851e-09 1.79457e-11
1023 6.88833e-09 1.8476e-11
1025 6.90886e-09 1.84108e-11
1027 6.90664e-09 1.68673e-11
1029 6.91277e-09 1.88808e-11
1031 6.91465e-09 1.75739e-11
1033 6.96224e-09 1.75605e-11
1035 6.98201e-09 2.07887e-11
1037 6.98021e-09 1.81394e-11
1039 7.02038e-09 1.89774e-11
1041 7.02416e-09 1.59164e-11
1043 7.10007e-09 1.93088e-11
1045 7.12925e-09 1.78358e-11
1047 7.15649e-09 1.85798e-11
1049 7.13424e-09 2.08822e-11
1051 7.20163e-09 2.07602e-11
1053 7.25504e-09 1.7682e-11
1055 7.28924e-09 1.71694e-11
1057 7.33154e-09 1.75366e-11
1059 7.40577e-09 2.10082e-11
1061 7.46819e-09 1.94002e-11
1063 7.48899e-09 1.80755e-11
1065 7.68832e-09 2.03273e-11
1067 7.80219e-09 1.90431e-11
1069 7.83247e-09 2.00308e-11
1071 7.89785e-09 2.12164e-11
1073 7.97527e-09 2.18405e-11
1075 8.09168e-09 1.7912e-11
1077 8.11743e-09 2.01937e-11
1079 8.24668e-09 1.87496e-11
1081 8.335e-09 2.24409e-11
1083 8.3809e-09 2.12307e-11
1085 8.52612e-09 2.05583e-11
1087 8.71842e-09 1.96965e-11
1089 8.84677e-09 2.12948e-11
1091 1.00587e-08 2.05113e-11
1093 1.15947e-08 2.17832e-11
1095 1.2516e-08 2.06734e-11
1097 1.34092e-08 2.60216e-11
1099 1.38362e-08 2.60171e-11
1101 1.46102e-08 2.64442e-11
1103 1.55469e-08 2.95319e-11
1105 1.81935e-08 3.33481e-11
1107 2.24857e-08 3.29078e-11
1109 3.15468e-08 4.08128e-11
1111 5.47748e-08 5.61693e-11
1113 9.42854e-11 3.92713e-12
1115 9.60997e-11 4.2899e-12
1117 9.04814e-11 3.70147e-12
1119 8.78969e-11 4.82884e-12
1121 1.01114e-10 4.42735e-12
1123 1.01699e-10 4.2112e-12
1125 9.65339e-11 4.49698e-12
1127 9.35061e-11 4.31942e-12
1129 9.7154e-11 4.01653e-12
1131 9.6915e-11 4.22267e-12
1133 9.43163e-11 3.95461e-12
1135 8.85148e-11 4.22663e-12
1137 9.62999e-11 3.99975e-12
1139 1.0223e-10 4.13827e-12
1141 9.24041e-11 4.39603e-12
1143 9.96937e-11 4.37698e-12
1145 9.3844e-11 4.03212e-12
1147 9.44814e-11 3.94451e-12
1149 9.89239e-11 4.5182e-12
1151 8.92708e-11 4.07467e-12
1153 9.32025e-11 4.1143e-12
1155 1.01657e-10 3.98353e-12
1157 1.04137e-10 3.99962e-12
1159 9.90562e-11 4.36667e-12
1161 8.90477e-11 3.95703e-12
1163 9.32378e-11 4.03055e-12
1165 9.39413e-11 4.16015e-12
1167 8.80353e-11 3.98404e-12
1169 1.00326e-10 4.6569e-12
1171 8.68778e-11 3.74038e-12
1173 1.04775e-10 4.14605e-12
1175 9.8802e-11 3.98759e-12
1177 8.65572e-11 4.11847e-12
1179 9.15743e-11 4.05988e-12
1181 8.70231e-11 4.22531e-12
1183 9.63625e-11 4.00654e-12
1185 8.97058e-11 4.22182e-12
1187 9.39695e-11 4.05243e-12
1189 9.00608e-11 4.52709e-12
1191 1.04084e-10 3.79504e-12
1193 9.92725e-11 3.99921e-12
1195 8.38447e-11 3.91065e-12
1197 8.40882e-11 4.1092e-12
1199 8.34478e-11 3.62849e-12
1201 8.4239e-11 3.49764e-12
1203 8.40747e-11 3.86081e-12
1205 8.40077e-11 3.87169e-12
1207 7.86692e-11 3.92628e-12
1209 8.48008e-11 3.4954e-12
1211 8.83956e-11 3.79385e-12
1213 8.52326e-11 4.02744e-12
1215 8.22951e-11 4.06125e-12
1217 7.26571e-11 3.63869e-12
1219 7.95706e-11 3.75117e-12
1221 7.78598e-11 3.54523e-12
1223 7.45342e-11 3.62569e-12
1225 8.04288e-11 4.33033e-12
1227 6.8083e-11 3.83472e-12
1229 7.4641e-11 3.36045e-12
1231 8.20523e-11 3.98263e-12
1233 8.17031e-11 3.39157e-12
1235 8.26978e-11 3.62476e-12
1237 7.12858e-11 3.54167e-12
1239 7.72777e-11 3.56313e-12
1241 7.7973e-11 3.83919e-12
1243 7.96789e-11 3.40263e-12
1245 6.96455e-11 3.64879e-12
1247 8.21025e-11 4.10989e-12
1249 7.14707e-11 2.93908e-12
1251 7.69618e-11 3.57631e-12
1253 8.09869e-11 3.55183e-12
1255 8.30417e-11 3.48707e-12
1257 7.85443e-11 3.42313e-12
1259 7.97775e-11 3.43574e-12
1261 7.94568e-11 3.77016e-12
1263 7.33756e-11 3.07628e-12
1265 8.24237e-11 3.74479e-12
1267 6.69138e-11 3.03206e-12
1269 7.63153e-11 3.49899e-12
1271 7.43599e-11 3.54685e-12
1273 7.62541e-11 3.7356e-12
1275 7.14303e-11 3.24132e-12
1277 8.17156e-11 3.18634e-12
1279 7.8727e-11 3.3017e-12
1281 7.70266e-11 3.79392e-12
1283 7.68488e-11 3.64424e-12
1285 7.09188e-11 3.47973e-12
1287 6.92363e-11 3.61462e-12
1289 7.64577e-11 3.34558e-12
1291 6.57066e-11 2.83195e-12
1293 7.18963e-11 3.43121e-12
1295 6.72626e-11 3.07209e-12
1297 7.51036e-11 3.67921e-12
1299 6.78711e-11 3.58659e-12
1301 7.34842e-11 3.66634e-12
1303 7.64826e-11 3.6111e-12
1305 7.45398e-11 3.60729e-12
1307 6.98174e-11 3.71093e-12
1309 7.11956e-11 3.3559e-12
1311 7.12567e-11 3.48371e-12
1313 7.24391e-11 3.35452e-12
1315 6.73789e-11 2.98764e-12
1317 6.59339e-11 2.99152e-12
1319 6.96872e-11 3.36742e-12
1321 6.39461e-11 3.37508e-12
1323 6.88159e-11 3.56819e-12
1325 7.17707e-11 3.66404e-12
1327 7.13504e-11 3.26898e-12
1329 7.3188e-11 3.19889e-12
1331 7.19677e-11 3.50188e-12
1333 7.20896e-11 2.96072e-12
1335 6.53884e-11 3.31063e-12
1337 6.74249e-11 2.87975e-12
1339 6.66313e-11 3.31854e-12
1341 6.92931e-11 2.97532e-12
1343 6.2124e-11 2.63018e-12
1345 6.5572e-11 3.49391e-12
1347 6.97177e-11 3.72508e-12
1349 6.16337e-11 3.10017e-12
1351 6.94001e-11 3.53986e-12
1353 7.69841e-11 3.30264e-12
1355 6.8271e-11 3.1012e-12
1357 7.26509e-11 3.3887e-12
1359 6.94506e-11 3.5261e-12
1361 6.66222e-11 3.09328e-12
1363 6.2452e-11 3.26298e-12
1365 6.14617e-11 3.27767e-12
1367 6.5487e-11 2.89345e-12
1369 6.5889e-11 2.91774e-12
1371 6.42039e-11 3.04874e-12
1373 6.87341e-11 3.4784e-12
1375 6.75102e-11 3.51599e-12
1377 6.15401e-11 2.92454e-12
1379 6.74137e-11 3.5626e-12
1381 6.81522e-11 3.37367e-12
1383 6.85182e-11 3.13893e-12
1385 7.42646e-11 3.16058e-12
1387 6.6095e-11 3.08437e-12
1389 5.97656e-11 2.7923e-12
1391 5.36231e-11 2.3004e-12
1393 6.52166e-11 3.18708e-12
1395 6.8798e-11 3.03898e-12
1397 5.73273e-11 2.53861e-12
1399 6.13535e-11 3.0982e-12
1401 6.19507e-11 3.23997e-12
1403 6.60626e-11 2.89564e-12
1405 6.03462e-11 3.34324e-12
1407 6.27284e-11 3.29066e-12
1409 6.4532e-11 3.27467e-12
1411 6.47901e-11 3.17108e-12
1413 6.40495e-11 2.98251e-12
1415 6.63985e-11 3.07116e-12
1417 5.94391e-11 2.7508e-12
1419 5.68981e-11 2.94631e-12
1421 5.99786e-11 3.08204e-12
1423 5.75327e-11 3.29768e-12
1425 6.23026e-11 3.12806e-12
1427 6.01775e-11 2.6358e-12
1429 5.70941e-11 3.02734e-12
1431 5.71891e-11 2.9743e-12
1433 6.24183e-11 3.34293e-12
1435 5.93888e-11 2.87652e-12
1437 6.43481e-11 3.20917e-12
1439 5.79722e-11 3.07659e-12
1441 6.26059e-11 3.18864e-12
1443 6.02895e-11 3.0202e-12
1445 6.38786e-11 3.0003e-12
1447 5.82073e-11 2.93655e-12
1449 5.96185e-11 2.56555e-12
1451 5.51361e-11 3.1805e-12
1453 5.79555e-11 3.18519e-12
1455 5.8946e-11 3.02034e-12
1457 5.74136e-11 2.65058e-12
1459 5.67271e-11 2.76711e-12
1461 5.42122e-11 2.51064e-12
1463 5.74854e-11 3.17105e-12
1465 5.70044e-11 2.95761e-12
1467 5.76855e-11 2.80923e-12
1469 6.29646e-11 3.12318e-12
1471 5.25401e-11 2.70748e-12
1473 6.27195e-11 2.83149e-12
1475 5.95763e-11 2.83044e-12
1477 5.9798e-11 3.16975e-12
1479 5.52586e-11 2.50211e-12
1481 5.96693e-11 3.27971e-12
1483 5.51102e-11 3.04572e-12
1485 5.68598e-11 2.62585e-12
1487 5.5592e-11 2.83109e-12
1489 5.62048e-11 2.82173e-12
1491 5.90062e-11 2.98096e-12
1493 5.21581e-11 2.80504e-12
1495 5.31567e-11 2.51331e-12
1497 5.58625e-11 3.07282e-12
1499 5.68298e-11 2.82735e-12
1501 5.92756e-11 2.92779e-12
1503 5.93195e-11 2.80807e-12
1505 5.50116e-11 2.65259e-12
1507 5.59841e-11 2.86608e-12
1509 5.82624e-11 3.05781e-12
1511 5.80917e-11 2.762e-12
1513 5.779e-11 2.94903e-12
1515 5.5103e-11 2.78006e-12
1517 5.61313e-11 2.4634e-12
1519 5.51484e-11 2.71667e-12
1521 5.33309e-11 2.59117e-12
1523 5.20556e-11 2.7911e-12
1525 5.34112e-11 2.95334e-12
1527 5.28397e-11 2.56284e-12
1529 4.95941e-11 2.63952e-12
1531 5.02776e-11 2.36525e-12
1533 5.24884e-11 2.99889e-12
1535 5.83163e-11 3.32897e-12
1537 6.02079e-11 3.28353e-12
1539 5.00761e-11 2.48105e-12
1541 5.06362e-11 2.29166e-12
1543 5.76016e-11 2.6987e-12
1545 5.29976e-11 2.61964e-12
1547 5.79222e-11 2.77409e-12
1549 5.61828e-11 2.57889e-12
1551 5.19359e-11 2.71736e-12
1553 5.14768e-11 2.6063e-12
1555 5.12542e-11 2.51595e-12
1557 5.40137e-11 2.58685e-12
1559 5.20514e-11 2.77648e-12
1561 5.16145e-11 2.59089e-12
1563 4.68873e-11 2.27347e-12
1565 4.99323e-11 2.41261e-12
1567 4.91411e-11 2.47519e-12
1569 5.32863e-11 2.77973e-12
1571 5.11417e-11 2.29008e-12
1573 5.44562e-11 2.85131e-12
1575 4.94792e-11 2.82441e-12
1577 4.97066e-11 2.21429e-12
1579 5.2082e-11 2.73256e-12
1581 5.1827e-11 2.60293e-12
1583 4.92439e-11 2.56696e-12
1585 5.22488e-11 2.46251e-12
1587 5.22156e-11 2.51306e-12
1589 5.01968e-11 2.5571e-12
1591 4.84794e-11 2.41947e-12
1593 5.18523e-11 2.41335e-12
1595 4.94087e-11 2.67739e-12
1597 5.33172e-11 2.59114e-12
1599 4.84641e-11 2.58243e-12
1601 4.64683e-11 2.25427e-12
1603 4.91207e-11 2.526e-12
1605 4.86653e-11 2.66986e-12
1607 4.94645e-11 2.92722e-12
1609 4.77017e-11 2.33706e-12
1611 5.17592e-11 2.62682e-12
1613 5.01474e-11 2.66328e-12
1615 4.27201e-11 2.55436e-12
1617 4.81439e-11 2.5962e-12
1619 5.18734e-11 2.70064e-12
1621 5.04525e-11 2.64169e-12
1623 5.22996e-11 3.03101e-12
1625 4.59539e-11 2.43646e-12
1627 4.79192e-11 2.52489e-12
1629 5.35044e-11 2.55896e-12
1631 4.47141e-11 2.50396e-12
1633 4.91368e-11 2.74912e-12
1635 4.96923e-11 2.336e-12
1637 5.01107e-11 2.71185e-12
1639 4.89794e-11 2.60342e-12
1641 4.68145e-11 2.25505e-12
1643 4.63083e-11 2.36413e-12
1645 5.03784e-11 2.65196e-12
1647 4.70956e-11 2.62735e-12
1649 4.89232e-11 2.68412e-12
1651 4.8961e-11 2.39843e-12
1653 4.77681e-11 2.51261e-12
1655 5.08916e-11 2.37451e-12
1657 4.36842e-11 2.33937e-12
1659 4.63787e-11 2.45335e-12
1661 5.14785e-11 2.80214e-12
1663 4.62279e-11 2.38381e-12
1665 5.28805e-11 2.48671e-12
1667 4.36781e-11 2.52883e-12
1669 4.96974e-11 2.48071e-12
1671 4.88513e-11 2.4641e-12
1673 4.15355e-11 2.07957e-12
1675 4.84418e-11 2.61068e-12
1677 4.55231e-11 2.16208e-12
1679 4.51219e-11 2.50846e-12
1681 4.40875e-11 2.33431e-12
1683 4.69673e-11 2.50764e-12
1685 4.6054e-11 2.3217e-12
1687 4.29824e-11 2.30382e-12
1689 4.53458e-11 2.09534e-12
1691 4.5015e-11 2.40909e-12
1693 4.54996e-11 2.75989e-12
1695 4.54586e-11 2.56856e-12
1697 4.74923e-11 2.51485e-12
1699 4.51542e-11 2.46291e-12
1701 3.90737e-11 2.2418e-12
1703 4.57847e-11 2.50113e-12
1705 4.29621e-11 2.19156e-12
1707 4.60968e-11 2.49493e-12
1709 4.25524e-11 2.29589e-12
1711 4.29481e-11 2.37748e-12
1713 4.32999e-11 2.26358e-12
1715 4.53263e-11 2.38349e-12
1717 4.62222e-11 2.4951e-12
1719 4.59517e-11 2.09843e-12
1721 3.96245e-11 2.44934e-12
1723 5.00109e-11 2.42392e-12
1725 4.03789e-11 2.52075e-12
1727 4.1543e-11 2.30412e-12
1729 4.23643e-11 2.18237e-12
1731 4.55977e-11 2.32816e-12
1733 4.44236e-11 2.17299e-12
1735 3.74332e-11 1.87033e-12
1737 4.60092e-11 2.55704e-12
1739 4.33591e-11 2.48817e-12
1741 4.35876e-11 2.3988e-12
1743 4.53125e-11 2.23134e-12
1745 4.45135e-11 2.31151e-12
1747 4.12179e-11 2.06541e-12
1749 3.95589e-11 2.41006e-12
1751 4.59391e-11 2.51569e-12
1753 4.34212e-11 2.43715e-12
1755 4.51212e-11 2.58661e-12
1757 4.13918e-11 2.11965e-12
1759 3.82335e-11 2.15449e-12
1761 4.21526e-11 2.32679e-12
1763 4.21638e-11 2.1623e-12
1765 3.91835e-11 2.09014e-12
1767 4.44102e-11 2.14757e-12
1769 3.98426e-11 1.91917e-12
1771 3.63282e-11 2.36352e-12
1773 4.50935e-11 2.32979e-12
1775 4.27783e-11 2.2995e-12
1777 3.78269e-11 2.24418e-12
1779 4.29908e-11 2.33971e-12
1781 3.95746e-11 2.36669e-12
1783 4.08205e-11 2.28817e-12
1785 4.3363e-11 2.46528e-12
1787 3.8401e-11 2.1021e-12
1789 4.25944e-11 2.31964e-12
1791 3.86735e-11 2.34826e-12
1793 4.25329e-11 2.4225e-12
1795 4.4286e-11 2.66527e-12
1797 3.78329e-11 2.03762e-12
1799 4.28008e-11 2.4538e-12
1801 3.88971e-11 1.92833e-12
1803 3.70779e-11 2.32971e-12
1805 4.10717e-11 2.32834e-12
1807 3.80286e-11 2.5429e-12
1809 4.34798e-11 2.63569e-12
1811 3.9976e-11 2.40309e-12
1813 4.1191e-11 2.36244e-12
1815 3.94499e-11 2.43354e-12
1817 4.31826e-11 2.10359e-12
1819 4.09468e-11 2.26066e-12
1821 3.98501e-11 2.36445e-12
1823 3.66481e-11 2.05025e-12
1825 3.99452e-11 2.36831e-12
1827 3.8263e-11 2.22912e-12
1829 4.00077e-11 2.3731e-12
1831 3.91545e-11 2.02433e-12
1833 3.79999e-11 2.24212e-12
1835 4.26032e-11 2.27768e-12
1837 3.79076e-11 2.26144e-12
1839 4.21383e-11 2.3904e-12
1841 3.64415e-11 2.09439e-12
1843 3.80081e-11 2.29877e-12
1845 4.22065e-11 2.5325e-12
1847 4.19202e-11 2.19664e-12
1849 4.05699e-11 2.18877e-12
1851 3.95e-11 2.18164e-12
1853 4.06425e-11 2.1135e-12
1855 4.09245e-11 2.09469e-12
1857 3.86817e-11 1.9622e-12
1859 3.78739e-11 2.28319e-12
1861 4.10305e-11 2.05996e-12
1863 3.8251e-11 2.28103e-12
1865 4.15078e-11 2.16203e-12
1867 3.74296e-11 2.39101e-12
1869 3.87043e-11 2.11188e-12
1871 4.03581e-11 2.17316e-12
1873 3.88033e-11 2.00829e-12
1875 3.96451e-11 2.27997e-12
1877 3.66496e-11 2.18756e-12
1879 3.65773e-11 1.94397e-12
1881 3.43159e-11 2.10508e-12
1883 3.37525e-11 2.29746e-12
1885 3.62349e-11 2.16063e-12
1887 3.60532e-11 1.95478e-12
1889 3.94704e-11 2.33038e-12
1891 3.91578e-11 2.18444e-12
1893 4.07796e-11 2.50509e-12
1895 3.73465e-11 2.32249e-12
1897 3.62066e-11 1.98719e-12
1899 3.76153e-11 2.11254e-12
1901 4.33145e-11 2.19617e-12
1903 3.88435e-11 2.27466e-12
1905 4.00259e-11 2.72155e-12
1907 3.92828e-11 2.29405e-12
1909 3.97454e-11 2.35737e-12
1911 3.49433e-11 1.96632e-12
1913 3.718e-11 1.87132e-12
1915 3.76929e-11 2.40913e-12
1917 4.15575e-11 2.41241e-12
1919 3.77197e-11 2.15961e-12
1921 3.74308e-11 2.15923e-12
1923 3.65275e-11 2.19586e-12
1925 4.13208e-11 2.44751e-12
1927 3.92134e-11 1.98552e-12
1929 3.84118e-11 2.18564e-12
1931 4.02915e-11 1.84431e-12
1933 3.68447e-11 2.37268e-12
1935 3.59327e-11 1.98091e-12
1937 3.39175e-11 2.06977e-12
1939 3.68689e-11 2.12919e-12
1941 3.36768e-11 2.57111e-12
1943 4.08765e-11 2.35564e-12
1945 3.6302e-11 2.04387e-12
1947 3.71597e-11 2.30419e-12
1949 4.06828e-11 2.40271e-12
1951 3.63423e-11 2.54349e-12
1953 3.7799e-11 2.43062e-12
1955 3.66483e-11 2.09687e-12
1957 3.19407e-11 2.06547e-12
1959 3.70245e-11 1.92414e-12
1961 4.06712e-11 2.52167e-12
1963 3.63145e-11 2.3455e-12
1965 3.69646e-11 1.89147e-12
1967 3.54088e-11 2.39591e-12
1969 3.64496e-11 2.05987e-12
1971 4.05752e-11 2.41778e-12
1973 3.67829e-11 2.16214e-12
1975 3.60897e-11 2.35791e-12
1977 3.79663e-11 2.21763e-12
1979 3.54387e-11 2.14353e-12
1981 3.93813e-11 2.15956e-12
1983 3.84785e-11 2.454e-12
1985 3.41751e-11 2.13628e-12
1987 3.6845e-11 2.26232e-12
1989 3.599e-11 2.19415e-12
1991 3.74019e-11 2.17795e-12
1993 3.61369e-11 2.10425e-12
1995 3.4393e-11 2.14829e-12
1997 3.58275e-11 1.91328e-12
1999 3.78561e-11 2.22418e-12
