1 2.90102e-12
3 9.49614e-12
5 1.39845e-11
7 3.17395e-11
9 1.57416e-07
11 7.6877e-07
13 8.37744e-07
15 4.62443e-07
17 4.15686e-07
19 1.03015e-06
21 9.05292e-06
23 2.33586e-05
25 4.78004e-05
27 6.74679e-05
29 8.27279e-05
31 9.25524e-05
33 8.40313e-05
35 7.49366e-05
37 7.06911e-05
39 6.69368e-05
41 6.29405e-05
43 5.89639e-05
45 5.22792e-05
47 4.24122e-05
49 3.80836e-05
51 3.35106e-05
53 3.07404e-05
55 2.72533e-05
57 2.45187e-05
59 2.25594e-05
61 1.97399e-05
63 1.78622e-05
65 1.64909e-05
67 1.51789e-05
69 1.35029e-05
71 1.2452e-05
73 1.16218e-05
75 1.08389e-05
77 1.0137e-05
79 8.97045e-06
81 8.11801e-06
83 7.66226e-06
85 7.15202e-06
87 6.74227e-06
89 6.35027e-06
91 6.00489e-06
93 5.53428e-06
95 4.76835e-06
97 4.56381e-06
99 4.31176e-06
101 4.10262e-06
103 3.89948e-06
105 3.71116e-06
107 3.54349e-06
109 3.38982e-06
111 3.26063e-06
113 3.10249e-06
115 2.98424e-06
117 2.60473e-06
119 2.40393e-06
121 2.33059e-06
123 2.25305e-06
125 2.13609e-06
127 2.07052e-06
129 1.9806e-06
131 1.93014e-06
133 1.76449e-06
135 1.59267e-06
137 1.49998e-06
139 1.45284e-06
141 1.39572e-06
143 1.34908e-06
145 1.28295e-06
147 1.2454e-06
149 1.19346e-06
151 1.16626e-06
153 1.11692e-06
155 1.08336e-06
157 1.01811e-06
159 9.29758e-07
161 8.75671e-07
163 8.59006e-07
165 8.3379e-07
167 8.00589e-07
169 7.7048e-07
171 7.56051e-07
173 7.34092e-07
175 7.15477e-07
177 6.87695e-07
179 6.69585e-07
181 6.55414e-07
183 6.38567e-07
185 6.18817e-07
187 6.02579e-07
189 5.93448e-07
191 5.74696e-07
193 5.39598e-07
195 4.79027e-07
197 4.5815e-07
199 4.31629e-07
201 4.08668e-07
203 4.08523e-07
205 3.91485e-07
207 3.91708e-07
209 3.89961e-07
211 3.70886e-07
213 3.54358e-07
215 3.58983e-07
217 3.41639e-07
219 3.36894e-07
221 3.30892e-07
223 3.22634e-07
225 3.17726e-07
227 3.0402e-07
229 3.09506e-07
231 2.9091e-07
233 2.92501e-07
235 2.89175e-07
237 2.71125e-07
239 2.77669e-07
241 2.66804e-07
243 2.62471e-07
245 2.59488e-07
247 2.54109e-07
249 2.50436e-07
251 2.47471e-07
253 2.44167e-07
255 2.33219e-07
257 2.28485e-07
259 2.00485e-07
261 1.94733e-07
263 1.84568e-07
265 1.73667e-07
267 1.80856e-07
269 1.7499e-07
271 1.77233e-07
273 1.65699e-07
275 1.68534e-07
277 1.65852e-07
279 1.53403e-07
281 1.54005e-07
283 1.5357e-07
285 1.36632e-07
287 1.44632e-07
289 1.43869e-07
291 1.32618e-07
293 1.39327e-07
295 1.34748e-07
297 1.25187e-07
299 1.30064e-07
301 1.23731e-07
303 1.17121e-07
305 1.13032e-07
307 1.22984e-07
309 1.07664e-07
311 1.09144e-07
313 1.07734e-07
315 1.06807e-07
317 1.05486e-07
319 1.00285e-07
321 1.01818e-07
323 9.76387e-08
325 9.57264e-08
327 9.70971e-08
329 9.34147e-08
331 8.90983e-08
333 8.81696e-08
335 8.99271e-08
337 8.61292e-08
339 7.99728e-08
341 8.08111e-08
343 8.64752e-08
345 7.83132e-08
347 7.67749e-08
349 7.4565e-08
351 7.90281e-08
353 7.56752e-08
355 7.34489e-08
357 6.86462e-08
359 7.13514e-08
361 7.46508e-08
363 6.57623e-08
365 6.90887e-08
367 6.51152e-08
369 6.06717e-08
371 6.97197e-08
373 6.02238e-08
375 6.38001e-08
377 6.02332e-08
379 5.99067e-08
381 5.90826e-08
383 5.67531e-08
385 5.87759e-08
387 5.66671e-08
389 5.718e-08
391 5.28522e-08
393 5.58715e-08
395 5.7018e-08
397 5.57062e-08
399 5.14381e-08
401 5.0786e-08
403 4.86413e-08
405 5.21381e-08
407 4.90496e-08
409 5.02547e-08
411 4.56506e-08
413 4.63383e-08
415 4.37866e-08
417 4.69689e-08
419 4.53091e-08
421 4.71413e-08
423 4.21655e-08
425 4.12713e-08
427 3.97507e-08
429 4.00393e-08
431 4.1056e-08
433 4.12304e-08
435 4.35066e-08
437 3.84306e-08
439 3.87973e-08
441 3.68099e-08
443 3.6195e-08
445 3.25705e-08
447 3.35762e-08
449 3.70013e-08
451 3.54734e-08
453 3.30875e-08
455 3.29893e-08
457 3.32137e-08
459 3.40301e-08
461 3.01534e-08
463 3.05214e-08
465 3.32282e-08
467 3.14145e-08
469 2.97062e-08
471 2.78316e-08
473 2.92816e-08
475 2.84778e-08
477 2.83255e-08
479 2.65208e-08
481 2.81624e-08
483 2.71261e-08
485 2.79083e-08
487 2.79041e-08
489 2.57785e-08
491 2.41275e-08
493 2.57049e-08
495 2.49969e-08
497 2.30815e-08
499 2.53609e-08
501 2.34433e-08
503 2.50304e-08
505 2.44902e-08
507 2.68731e-08
509 2.11353e-08
511 2.36528e-08
513 2.16849e-08
515 2.19417e-08
517 2.3173e-08
519 2.1856e-08
521 2.21318e-08
523 2.06209e-08
525 1.89766e-08
527 2.39324e-08
529 2.0051e-08
531 2.11534e-08
533 1.89165e-08
535 2.09088e-08
537 1.96436e-08
539 2.01927e-08
541 1.94563e-08
543 1.80187e-08
545 1.9069e-08
547 1.65015e-08
549 1.90494e-08
551 1.89502e-08
553 1.64518e-08
555 1.70749e-08
557 1.76842e-08
559 1.80568e-08
561 1.54113e-08
563 1.6582e-08
565 1.59643e-08
567 1.57157e-08
569 1.61886e-08
571 1.54271e-08
573 1.47146e-08
575 1.52222e-08
577 1.63664e-08
579 1.56015e-08
581 1.53475e-08
583 1.41213e-08
585 1.49221e-08
587 1.63077e-08
589 1.31817e-08
591 1.36862e-08
593 1.52769e-08
595 1.23119e-08
597 1.4626e-08
599 1.19611e-08
601 1.33476e-08
603 1.37987e-08
605 1.28876e-08
607 1.35763e-08
609 1.33816e-08
611 1.24483e-08
613 1.30635e-08
615 1.28515e-08
617 1.26273e-08
619 1.34191e-08
621 1.13436e-08
623 1.28331e-08
625 1.21076e-08
627 1.20369e-08
629 1.23785e-08
631 1.18728e-08
633 1.22343e-08
635 1.2652e-08
637 1.13485e-08
639 1.24108e-08
641 1.20002e-08
643 1.26348e-08
645 1.0454e-08
647 1.29721e-08
649 1.1275e-08
651 1.14405e-08
653 1.01393e-08
655 1.15434e-08
657 1.11014e-08
659 1.11974e-08
661 1.01763e-08
663 1.06054e-08
665 1.13849e-08
667 1.04466e-08
669 9.41086e-09
671 1.0532e-08
673 1.0383e-08
675 1.11777e-08
677 1.07832e-08
679 1.05109e-08
681 8.64244e-09
683 9.91747e-09
685 1.15567e-08
687 9.89987e-09
689 9.62089e-09
691 1.20448e-08
693 1.01733e-08
695 8.44248e-09
697 1.00152e-08
699 8.38012e-09
701 1.00255e-08
703 8.44625e-09
705 8.85339e-09
707 1.03941e-08
709 8.9249e-09
711 9.34979e-09
713 9.12495e-09
715 1.07457e-08
717 7.86924e-09
719 8.94339e-09
721 8.61001e-09
723 9.76411e-09
725 9.54105e-09
727 9.71074e-09
729 8.70921e-09
731 9.16047e-09
733 8.92797e-09
735 8.76761e-09
737 1.07011e-08
739 9.02527e-09
741 8.44338e-09
743 8.78193e-09
745 9.9843e-09
747 8.37932e-09
749 9.12657e-09
751 9.91275e-09
753 1.13548e-08
755 9.70565e-09
757 9.36936e-09
759 8.38302e-09
761 1.01336e-08
763 8.66211e-09
765 1.03446e-08
767 1.05453e-08
769 9.5568e-09
771 9.26663e-09
773 9.31903e-09
775 1.01413e-08
777 9.77362e-09
779 1.04281e-08
781 1.01905e-08
783 9.60488e-09
785 9.80904e-09
787 1.04628e-08
789 9.72518e-09
791 1.12278e-08
793 1.13999e-08
795 1.0275e-08
797 9.76351e-09
799 1.12354e-08
801 1.27272e-08
803 1.26764e-08
805 1.05208e-08
807 1.24061e-08
809 1.35607e-08
811 1.08114e-08
813 1.27378e-08
815 1.82634e-08
817 2.07189e-08
819 2.37545e-08
821 2.8299e-08
823 5.27551e-08
825 2.53866e-08
827 2.06884e-10
829 2.06089e-10
831 2.05713e-10
833 0
835 2.04717e-10
837 4.07806e-10
839 5.34025e-10
841 0
843 2.02573e-10
845 2.01826e-10
847 0
849 2.01047e-10
851 4.01503e-10
853 0
855 1.99552e-10
857 1.99228e-10
859 0
861 1.98609e-10
863 3.95973e-10
865 0
867 4.48012e-10
869 1.96499e-10
871 0
873 1.95753e-10
875 3.90383e-10
877 0
879 4.11627e-10
881 0
883 1.93621e-10
885 0
887 5.77657e-10
889 0
891 0
893 1.9154e-10
895 0
897 1.90536e-10
899 3.79423e-10
901 1.89632e-10
903 0
905 0
907 1.88608e-10
909 1.87888e-10
911 0
913 3.74663e-10
915 1.86885e-10
917 0
919 0
921 1.85711e-10
923 0
925 5.54295e-10
927 1.84226e-10
929 0
931 0
933 1.82969e-10
935 0
937 0
939 5.46311e-10
941 0
943 1.8147e-10
945 0
947 1.80417e-10
949 0
951 0
953 5.38145e-10
955 0
957 1.78543e-10
959 0
961 1.77881e-10
963 0
965 0
967 5.3022e-10
969 0
971 0
973 1.75783e-10
975 0
977 1.75051e-10
979 0
981 5.22434e-10
983 0
985 1.67692e-10
987 1.73233e-10
989 0
991 1.72407e-10
993 0
995 1.71755e-10
997 5.96537e-10
999 0
1001 1.7079e-10
1003 0
1005 1.69851e-10
1007 0
1009 0
1011 5.07298e-10
1013 0
1015 0
1017 0
1019 1.67888e-10
1021 1.67304e-10
1023 0
1025 0
1027 1.66342e-10
1029 3.32237e-10
1031 0
1033 0
1035 1.65007e-10
1037 2.56832e-10
1039 1.64422e-10
1041 0
1043 1.63677e-10
1045 0
1047 3.2681e-10
1049 0
1051 0
1053 1.62197e-10
1055 0
1057 1.61896e-10
1059 0
1061 0
1063 1.61053e-10
1065 1.60446e-10
1067 1.60374e-10
1069 1.59885e-10
1071 1.59493e-10
1073 0
1075 0
1077 1.58615e-10
1079 0
1081 1.58067e-10
1083 0
1085 3.15063e-10
1087 1.57186e-10
1089 0
1091 1.56673e-10
1093 0
1095 1.39989e-10
1097 1.55738e-10
1099 0
1101 0
1103 1.5515e-10
1105 3.09579e-10
1107 0
1109 1.54259e-10
1111 1.53746e-10
1113 0
1115 0
1117 1.53006e-10
1119 0
1121 0
1123 1.5223e-10
1125 0
1127 1.5175e-10
1129 1.51814e-10
1131 1.51263e-10
1133 1.51004e-10
1135 0
1137 0
1139 1.50211e-10
1141 1.49873e-10
1143 0
1145 0
1147 1.49177e-10
1149 1.4882e-10
1151 0
1153 1.48391e-10
1155 2.96464e-10
1157 0
1159 0
1161 0
1163 1.47311e-10
1165 1.46867e-10
1167 0
1169 1.46257e-10
1171 0
1173 1.4584e-10
1175 0
1177 0
1179 4.35494e-10
1181 0
1183 0
1185 0
1187 2.88101e-10
1189 0
1191 0
1193 0
1195 1.43281e-10
1197 0
1199 1.42852e-10
1201 0
1203 2.84381e-10
1205 1.42055e-10
1207 0
1209 0
1211 1.41312e-10
1213 4.13547e-10
1215 0
1217 0
1219 0
1221 1.40101e-10
1223 1.25778e-10
1225 1.39723e-10
1227 0
1229 2.62966e-10
1231 2.78216e-10
1233 0
1235 0
1237 0
1239 2.76221e-10
1241 1.37921e-10
1243 0
1245 0
1247 1.37061e-10
1249 0
1251 0
1253 1.36537e-10
1255 0
1257 1.36133e-10
1259 2.71975e-10
1261 0
1263 0
1265 1.35197e-10
1267 1.35109e-10
1269 1.34716e-10
1271 1.20724e-10
1273 1.3422e-10
1275 0
1277 0
1279 0
1281 1.33471e-10
1283 0
1285 1.33202e-10
1287 1.32861e-10
1289 1.32843e-10
1291 0
1293 1.16654e-10
1295 2.64061e-10
1297 0
1299 2.48852e-10
1301 0
1303 1.31359e-10
1305 0
1307 0
1309 0
1311 1.30447e-10
1313 0
1315 0
1317 2.59964e-10
1319 1.29753e-10
1321 0
1323 0
1325 2.58279e-10
1327 0
1329 1.28652e-10
1331 0
1333 2.41943e-10
1335 0
1337 0
1339 0
1341 0
1343 0
1345 1.27445e-10
1347 2.38418e-10
1349 0
1351 1.26675e-10
1353 1.26662e-10
1355 0
1357 1.26144e-10
1359 1.25957e-10
1361 0
1363 1.25636e-10
1365 1.25274e-10
1367 0
1369 0
1371 0
1373 0
1375 0
1377 0
1379 1.24054e-10
1381 1.23995e-10
1383 1.23589e-10
1385 1.23588e-10
1387 1.23183e-10
1389 0
1391 1.22854e-10
1393 1.22829e-10
1395 2.16899e-10
1397 0
1399 1.22344e-10
1401 1.22154e-10
1403 0
1405 0
1407 0
1409 0
1411 0
1413 0
1415 0
1417 1.20802e-10
1419 2.41155e-10
1421 2.4081e-10
1423 1.19948e-10
1425 1.06464e-10
1427 0
1429 1.19811e-10
1431 0
1433 0
1435 1.1917e-10
1437 0
1439 2.24346e-10
1441 0
1443 0
1445 0
1447 0
1449 0
1451 0
1453 0
1455 2.35058e-10
1457 0
1459 2.34361e-10
1461 2.3425e-10
1463 0
1465 0
1467 1.16502e-10
1469 0
1471 0
1473 2.99351e-10
1475 1.0296e-10
1477 1.15943e-10
1479 1.15554e-10
1481 0
1483 0
1485 0
1487 0
1489 0
1491 0
1493 1.14388e-10
1495 1.14406e-10
1497 1.14106e-10
1499 1.13951e-10
1501 2.27794e-10
1503 0
1505 0
1507 1.1339e-10
1509 0
1511 0
1513 0
1515 0
1517 0
1519 1.12496e-10
1521 0
1523 1.12363e-10
1525 0
1527 0
1529 0
1531 0
1533 0
1535 1.11333e-10
1537 1.11055e-10
1539 1.11069e-10
1541 0
1543 1.10811e-10
1545 2.21186e-10
1547 0
1549 0
1551 1.10158e-10
1553 0
1555 3.10266e-10
1557 0
1559 0
1561 0
1563 1.09238e-10
1565 0
1567 1.0903e-10
1569 0
1571 0
1573 0
1575 0
1577 0
1579 0
1581 2.15943e-10
1583 0
1585 1.07671e-10
1587 0
1589 1.07479e-10
1591 2.14782e-10
1593 1.07021e-10
1595 0
1597 0
1599 0
1601 0
1603 0
1605 0
1607 0
1609 1.06177e-10
1611 3.17558e-10
1613 1.05786e-10
1615 0
1617 0
1619 0
1621 0
1623 0
1625 0
1627 0
1629 2.0971e-10
1631 1.04662e-10
1633 1.04301e-10
1635 0
1637 1.04204e-10
1639 0
1641 1.96601e-10
1643 1.04028e-10
1645 0
1647 0
1649 9.22838e-11
1651 9.30404e-11
1653 0
1655 0
1657 0
1659 0
1661 1.02787e-10
1663 0
1665 1.02605e-10
1667 0
1669 0
1671 0
1673 3.25481e-10
1675 0
1677 0
1679 0
1681 4.05944e-10
1683 9.0996e-11
1685 0
1687 9.07456e-11
1689 1.00915e-10
1691 1.01026e-10
1693 1.00647e-10
1695 0
1697 0
1699 0
1701 3.29223e-10
1703 0
1705 0
1707 0
1709 0
1711 0
1713 9.95253e-11
1715 8.91581e-11
1717 9.93043e-11
1719 3.31528e-10
1721 0
1723 0
1725 0
1727 0
1729 0
1731 0
1733 0
1735 2.84641e-10
1737 1.96633e-10
1739 0
1741 0
1743 1.86456e-10
1745 9.77404e-11
1747 9.76922e-11
1749 0
1751 0
1753 0
1755 8.70717e-11
1757 0
1759 0
1761 0
1763 3.36893e-10
1765 0
1767 0
1769 9.64593e-11
1771 0
1773 8.68327e-11
1775 1.82497e-10
1777 0
1779 3.38979e-10
1781 0
1783 3.39406e-10
1785 0
1787 0
1789 0
1791 9.52965e-11
1793 1.81211e-10
1795 1.90018e-10
1797 0
1799 9.47756e-11
1801 9.47193e-11
1803 0
1805 9.44766e-11
1807 0
1809 0
1811 0
1813 0
1815 0
1817 0
1819 0
1821 0
1823 3.73109e-10
1825 0
1827 9.34262e-11
1829 0
1831 3.21699e-10
1833 9.29654e-11
1835 0
1837 0
1839 0
1841 0
1843 0
1845 0
1847 0
1849 0
1851 9.21879e-11
1853 3.48259e-10
1855 1.8413e-10
1857 9.20953e-11
1859 9.18625e-11
1861 3.49066e-10
1863 9.16154e-11
1865 9.15008e-11
1867 0
1869 0
1871 0
1873 0
1875 0
1877 0
1879 0
1881 0
1883 0
1885 0
1887 9.03925e-11
1889 0
1891 0
1893 4.13764e-10
1895 0
1897 0
1899 0
1901 0
1903 8.14905e-11
1905 0
1907 0
1909 0
1911 0
1913 8.91928e-11
1915 0
1917 1.6951e-10
1919 0
1921 1.77691e-10
1923 8.03135e-11
1925 1.7732e-10
1927 8.85388e-11
1929 0
1931 0
1933 0
1935 8.01098e-11
1937 0
1939 7.9869e-11
1941 0
1943 0
1945 0
1947 0
1949 0
1951 0
1953 0
1955 8.74553e-11
1957 0
1959 0
1961 1.66386e-10
1963 0
1965 0
1967 0
1969 0
1971 0
1973 7.85568e-11
1975 7.87521e-11
1977 0
1979 8.63042e-11
1981 0
1983 8.62866e-11
1985 0
1987 8.60503e-11
1989 2.5004e-10
1991 0
1993 7.80215e-11
1995 1.71368e-10
1997 7.81558e-11
1999 0
