1.09967 1.09336e-12 3.90481e-13
3.099 1.08014e-12 3.91355e-13
5.09833 1.36896e-12 4.23158e-13
7.09767 8.94641e-13 3.44627e-13
9.097 2.06344e-12 5.18139e-13
11.0963 1.45172e-12 4.23345e-13
13.0957 8.60817e-13 3.93803e-13
15.095 1.27661e-12 3.9288e-13
17.0943 8.42932e-13 3.32707e-13
19.0937 1.67236e-12 4.87688e-13
21.093 1.51823e-12 4.24841e-13
23.0923 2.05718e-12 4.80512e-13
25.0917 1.36333e-12 3.99099e-13
27.091 2.30998e-12 5.16272e-13
29.0903 1.62585e-12 4.69569e-13
31.0897 1.48832e-12 4.12476e-13
33.089 2.02959e-12 5.13396e-13
35.0883 2.57557e-12 5.24303e-13
37.0877 2.31253e-12 4.95978e-13
39.087 2.86935e-12 5.61611e-13
41.0863 1.92763e-12 4.65982e-13
43.0857 2.3601e-12 5.5269e-13
45.085 3.51347e-12 6.51276e-13
47.0843 3.69878e-12 6.2777e-13
49.0837 3.02866e-12 6.42641e-13
51.083 2.92545e-12 6.12628e-13
53.0823 4.31299e-12 7.2268e-13
55.0817 4.37813e-12 7.56987e-13
57.081 4.1622e-12 7.96338e-13
59.0803 4.88005e-12 8.03097e-13
61.0797 5.47006e-12 8.95164e-13
63.079 4.79523e-12 8.97358e-13
65.0783 7.64983e-12 9.98169e-13
67.0777 6.11813e-12 1.01655e-12
69.077 6.46406e-12 1.00513e-12
71.0763 7.93945e-12 1.08786e-12
73.0757 8.40205e-12 1.24852e-12
75.075 9.46228e-12 1.2029e-12
77.0743 1.0831e-11 1.44884e-12
79.0737 9.71049e-12 1.41769e-12
81.073 1.35441e-11 1.61855e-12
83.0723 1.27101e-11 1.76691e-12
85.0717 1.28775e-11 1.70873e-12
87.071 1.62531e-11 1.87143e-12
89.0703 1.87122e-11 2.20444e-12
91.0697 1.67776e-11 2.21076e-12
93.069 1.89591e-11 2.3299e-12
95.0683 2.18724e-11 2.52881e-12
97.0677 2.3237e-11 2.53257e-12
99.067 2.55937e-11 2.76867e-12
101.066 2.74162e-11 3.02459e-12
103.066 3.09668e-11 3.46498e-12
105.065 3.44187e-11 3.96122e-12
107.064 3.87776e-11 4.22251e-12
109.064 3.60565e-11 4.16264e-12
111.063 4.30534e-11 5.21631e-12
113.062 4.38029e-11 5.05755e-12
115.062 4.61676e-11 5.64922e-12
117.061 5.23171e-11 6.05921e-12
119.06 5.89915e-11 7.14301e-12
121.06 6.21057e-11 7.61314e-12
123.059 6.4349e-11 7.6468e-12
125.058 6.90877e-11 8.18994e-12
127.058 7.21321e-11 8.77248e-12
129.057 7.67021e-11 9.52739e-12
131.056 8.41298e-11 1.11598e-11
133.056 8.43413e-11 1.0835e-11
135.055 9.77653e-11 1.26921e-11
137.054 1.0049e-10 1.33624e-11
139.054 1.05172e-10 1.4148e-11
141.053 1.16591e-10 1.62567e-11
143.052 1.23885e-10 1.69833e-11
145.052 1.27888e-10 1.81864e-11
147.051 1.3935e-10 2.01175e-11
149.05 1.36006e-10 1.98907e-11
151.05 1.49297e-10 2.24752e-11
153.049 1.63512e-10 2.44045e-11
155.048 1.5723e-10 2.47583e-11
157.048 1.68653e-10 2.77114e-11
159.047 1.78608e-10 3.06325e-11
161.046 1.89047e-10 3.3122e-11
163.046 1.83908e-10 3.16939e-11
165.045 2.01867e-10 3.55091e-11
167.044 2.10618e-10 3.89292e-11
169.044 2.01859e-10 3.94645e-11
171.043 2.04815e-10 4.13062e-11
173.042 2.06976e-10 4.23769e-11
175.042 2.14989e-10 4.5867e-11
177.041 2.02568e-10 4.57377e-11
179.04 2.05753e-10 4.85446e-11
181.04 1.92048e-10 4.85239e-11
183.039 1.84338e-10 4.98922e-11
185.038 1.95633e-10 5.40776e-11
187.038 2.06037e-10 6.04993e-11
189.037 2.12489e-10 6.0166e-11
191.036 2.21809e-10 6.14853e-11
193.036 2.23334e-10 6.6408e-11
195.035 2.03697e-10 6.26778e-11
197.034 1.6862e-10 6.59403e-11
199.034 1.62821e-10 6.36276e-11
201.033 2.16496e-10 8.44302e-11
203.032 2.44253e-10 8.7957e-11
205.032 2.98955e-10 1.00578e-10
207.031 1.97012e-10 8.53076e-11
209.03 1.99637e-10 9.70051e-11
211.03 1.87615e-10 9.39098e-11
213.029 1.6482e-10 9.29373e-11
215.028 1.92194e-10 1.0884e-10
217.028 1.45781e-10 1.0133e-10
219.027 8.9576e-11 7.33775e-11
221.026 6.32634e-11 6.2173e-11
223.026 0 0
225.025 0 0
227.024 0 0
229.024 0 0
231.023 0 0
233.022 0 0
235.022 0 0
237.021 0 0
239.02 0 0
241.02 0 0
243.019 0 0
245.018 0 0
247.018 0 0
249.017 0 0
251.016 0 0
253.016 0 0
255.015 0 0
257.014 0 0
259.014 0 0
261.013 0 0
263.012 0 0
265.012 0 0
267.011 0 0
269.01 0 0
271.01 0 0
273.009 0 0
275.008 0 0
277.008 0 0
279.007 0 0
281.006 0 0
283.006 0 0
285.005 0 0
287.004 0 0
289.004 0 0
291.003 0 0
293.002 0 0
295.002 0 0
297.001 0 0
299 0 0
