-10.2 6.01139
-10.1 6.02007
-10 6.04857
-9.9 6.07441
-9.8 6.09388
-9.7 6.12462
-9.6 6.14552
-9.5 6.17091
-9.4 6.20359
-9.3 6.22441
-9.2 6.25529
-9.1 6.279
-9 6.30291
-8.9 6.33731
-8.8 6.36149
-8.7 6.39514
-8.6 6.43135
-8.5 6.45817
-8.4 6.49251
-8.3 6.52213
-8.2 6.55415
-8.1 6.58844
-8 6.62581
-7.9 6.66216
-7.8 6.69505
-7.7 6.73699
-7.6 6.77156
-7.5 6.81497
-7.4 6.85541
-7.3 6.90047
-7.2 6.94832
-7.1 6.99545
-7 7.04458
-6.9 7.09382
-6.8 7.14379
-6.7 7.19145
-6.6 7.24919
-6.5 7.30771
-6.4 7.37987
-6.3 7.44042
-6.2 7.50409
-6.1 7.58487
-6 7.65605
-5.9 7.75616
-5.8 7.85623
-5.7 7.9618
-5.6 8.08014
-5.5 8.2324
-5.4 8.49688
-5.3 8.80038
-5.2 8.90875
-5.1 9.23246
-5 9.80004
-4.9 11.9521
-4.8 11.5647
-4.7 16.1375
-4.6 13.7091
-4.5 12.6217
-4.4 15.6586
-4.3 14.0462
-4.2 13.927
-4.1 13.6269
-4 13.5962
-3.9 11.2184
-3.8 13.7531
-3.7 14.6354
-3.6 14.8971
-3.5 15.0968
-3.4 13.4884
-3.3 14.2187
-3.2 14.1059
-3.1 14.4213
-3 15.7849
-2.9 15.0245
-2.8 14.6788
-2.7 15.0383
-2.6 15.7913
-2.5 15.2255
-2.4 14.5818
-2.3 12.9888
-2.2 13.9064
-2.1 14.6061
-2 16.4828
-1.9 15.6682
-1.8 15.1132
-1.7 14.1049
-1.6 14.5604
-1.5 15.7896
-1.4 16.5367
-1.3 18.3269
-1.2 16.8207
-1.1 17.1254
-1 15.9236
-0.9 17.6563
-0.8 19.4277
-0.7 17.1918
-0.6 17.5124
-0.5 15.9059
-0.4 16.8189
-0.3 17.0869
-0.2 17.5382
-0.1 16.3113
0 16.8368
0.1 18.2343
0.2 18.6546
0.3 17.8705
0.4 18.3675
0.5 16.1589
0.6 17.6291
0.7 19.2491
0.8 18.8272
0.9 17.9179
1 17.3057
1.1 20.3213
1.2 20.3599
1.3 21.0945
1.4 22.4507
1.5 21.8079
1.6 22.1763
1.7 24.232
1.8 23.5317
1.9 21.6514
2 21.6326
2.1 24.0963
2.2 22.1682
2.3 23.6265
2.4 23.9485
2.5 25.1762
2.6 23.7662
2.7 26.5981
2.8 29.4775
2.9 28.1362
3 27.9182
3.1 26.215
3.2 25.2276
3.3 26.5455
3.4 29.9716
3.5 28.3659
3.6 31.0679
3.7 34.649
3.8 30.0012
3.9 33.9323
4 36.6934
4.1 35.4227
4.2 36.2314
4.3 36.2371
4.4 39.1687
4.5 41.5527
4.6 42.3502
4.7 46.8714
4.8 50.0507
4.9 60.2452
5 62.3096
5.1 81.427
5.2 95.2979
5.3 103.163
5.4 117.611
5.5 137.907
5.6 144.874
5.7 146.136
5.8 163.037
5.9 186.466
6 0
6.1 0
6.2 0
6.3 0
6.4 0
6.5 0
6.6 0
6.7 0
6.8 0
6.9 0
7 0
7.1 0
7.2 0
7.3 0
7.4 0
7.5 0
7.6 0
7.7 0
7.8 0
7.9 0
8 0
8.1 0
8.2 0
8.3 0
8.4 0
8.5 0
8.6 0
8.7 0
8.8 0
8.9 0
9 0
9.1 0
9.2 0
9.3 0
9.4 0
9.5 0
9.6 0
9.7 0
9.8 0
9.9 0
10 0
10.1 0
10.2 0
