-10.2 0.00147256 2.51852e-05
-10.1 0.00181697 2.41457e-05
-10 0.00200758 2.67032e-05
-9.9 0.00211119 3.06221e-05
-9.8 0.00219828 2.84566e-05
-9.7 0.00226978 2.62634e-05
-9.6 0.00235854 2.92774e-05
-9.5 0.0024077 2.83119e-05
-9.4 0.00246714 2.70161e-05
-9.3 0.00249388 2.80168e-05
-9.2 0.00258186 3.3041e-05
-9.1 0.00263683 3.17942e-05
-9 0.0027052 3.02708e-05
-8.9 0.0027011 2.62556e-05
-8.8 0.00276357 2.97191e-05
-8.7 0.00279648 3.085e-05
-8.6 0.0028277 2.93089e-05
-8.5 0.00292347 3.06432e-05
-8.4 0.00296658 3.09189e-05
-8.3 0.00295841 2.92205e-05
-8.2 0.00295082 3.06519e-05
-8.1 0.00301359 2.87126e-05
-8 0.00299558 2.73978e-05
-7.9 0.00300293 3.11186e-05
-7.8 0.00303499 2.84391e-05
-7.7 0.00311713 2.85591e-05
-7.6 0.00316966 2.92304e-05
-7.5 0.0031575 3.16487e-05
-7.4 0.0032289 3.1971e-05
-7.3 0.00320342 3.02123e-05
-7.2 0.00327128 3.22571e-05
-7.1 0.00328982 3.25274e-05
-7 0.00329595 3.44804e-05
-6.9 0.00330215 3.44396e-05
-6.8 0.00334195 3.13738e-05
-6.7 0.00337516 3.19994e-05
-6.6 0.00338378 3.21028e-05
-6.5 0.00342118 3.38477e-05
-6.4 0.00348819 2.97499e-05
-6.3 0.00348211 2.99466e-05
-6.2 0.00349029 3.10277e-05
-6.1 0.00351745 3.23628e-05
-6 0.00353002 2.96728e-05
-5.9 0.00354463 3.63129e-05
-5.8 0.0035586 3.12143e-05
-5.7 0.00363776 2.97287e-05
-5.6 0.00358347 3.1481e-05
-5.5 0.00358959 2.89782e-05
-5.4 0.00369368 3.08293e-05
-5.3 0.00381074 3.08128e-05
-5.2 0.00408992 3.24138e-05
-5.1 0.00468455 3.22156e-05
-5 0.00570104 3.54108e-05
-4.9 0.00692673 3.41577e-05
-4.8 0.00788207 3.31154e-05
-4.7 0.00822662 3.93136e-05
-4.6 0.00831266 3.35934e-05
-4.5 0.00842691 3.90878e-05
-4.4 0.00853129 4.09407e-05
-4.3 0.00856905 3.95885e-05
-4.2 0.00847574 4.13486e-05
-4.1 0.00851581 3.81332e-05
-4 0.00861617 3.71807e-05
-3.9 0.00861346 4.01264e-05
-3.8 0.00847597 4.12982e-05
-3.7 0.00851111 3.94373e-05
-3.6 0.00868057 4.07659e-05
-3.5 0.00870796 4.13739e-05
-3.4 0.0085764 3.90537e-05
-3.3 0.00858237 3.55322e-05
-3.2 0.00875171 3.64915e-05
-3.1 0.00887398 4.24983e-05
-3 0.00878331 3.73509e-05
-2.9 0.00876935 4.48298e-05
-2.8 0.0089164 4.28486e-05
-2.7 0.00904948 4.14061e-05
-2.6 0.00900019 3.73449e-05
-2.5 0.00887814 3.3436e-05
-2.4 0.00900493 3.89706e-05
-2.3 0.00920374 4.25012e-05
-2.2 0.0092613 3.48672e-05
-2.1 0.00911124 4.25855e-05
-2 0.00905859 4.26334e-05
-1.9 0.0092043 4.13706e-05
-1.8 0.00943393 3.94969e-05
-1.7 0.00939124 4.18422e-05
-1.6 0.00917142 4.04309e-05
-1.5 0.00919924 3.53698e-05
-1.4 0.00952896 4.10439e-05
-1.3 0.00970383 3.98165e-05
-1.2 0.00958361 4.443e-05
-1.1 0.00941424 4.06273e-05
-1 0.00952326 3.79902e-05
-0.9 0.00986397 3.98687e-05
-0.8 0.0100441 4.06941e-05
-0.7 0.00988108 3.73285e-05
-0.6 0.00976845 4.32231e-05
-0.5 0.00996317 3.91871e-05
-0.4 0.0102892 4.3851e-05
-0.3 0.0105385 4.1964e-05
-0.2 0.010356 4.01273e-05
-0.1 0.0102086 3.90372e-05
0 0.0104719 3.71964e-05
0.1 0.0109492 4.47746e-05
0.2 0.0111144 4.47209e-05
0.3 0.0109614 4.59756e-05
0.4 0.0107483 4.11664e-05
0.5 0.0110246 4.04389e-05
0.6 0.0115283 4.60748e-05
0.7 0.0118336 4.16298e-05
0.8 0.0116178 4.57241e-05
0.9 0.0113932 4.90482e-05
1 0.0115821 4.64414e-05
1.1 0.0123333 4.989e-05
1.2 0.0128369 4.85591e-05
1.3 0.0126952 4.74184e-05
1.4 0.0123299 4.43276e-05
1.5 0.0124161 4.56323e-05
1.6 0.0132144 4.43519e-05
1.7 0.0139432 4.52679e-05
1.8 0.0139918 4.25059e-05
1.9 0.0135618 4.52756e-05
2 0.0135255 4.27618e-05
2.1 0.0141544 4.71156e-05
2.2 0.0152156 4.70766e-05
2.3 0.0157121 5.08156e-05
2.4 0.0153592 5.01018e-05
2.5 0.0149704 4.75101e-05
2.6 0.0153651 4.64144e-05
2.7 0.0166346 4.58437e-05
2.8 0.0176638 4.39641e-05
2.9 0.0178033 4.09783e-05
3 0.0171641 4.72129e-05
3.1 0.0170363 5.2859e-05
3.2 0.0181598 5.34878e-05
3.3 0.0198043 5.41891e-05
3.4 0.0207977 5.20338e-05
3.5 0.0204562 6.15763e-05
3.6 0.0198344 5.77385e-05
3.7 0.0203669 5.34516e-05
3.8 0.0224029 6.13737e-05
3.9 0.0245554 6.37364e-05
4 0.0253311 6.26778e-05
4.1 0.0245699 6.28037e-05
4.2 0.0238633 5.46329e-05
4.3 0.0248447 5.06075e-05
4.4 0.0277034 4.37051e-05
4.5 0.0311889 6.22376e-05
4.6 0.0344516 6.20965e-05
4.7 0.038863 6.48477e-05
4.8 0.0469966 6.80591e-05
4.9 0.059281 9.03294e-05
5 0.0686924 9.37797e-05
5.1 0.075492 0.000101035
5.2 0.0667795 9.20541e-05
5.3 0.0469037 8.00526e-05
5.4 0.0258138 5.82006e-05
5.5 0.0115961 4.13174e-05
5.6 0.00449002 2.48104e-05
5.7 0.00149123 1.58247e-05
5.8 0.000478009 8.60977e-06
5.9 0.000185193 5.82296e-06
6 0.000132404 5.09569e-06
6.1 0.000118442 4.71277e-06
6.2 0.000114932 4.86457e-06
6.3 0.000119676 4.97152e-06
6.4 0.000104453 4.72592e-06
6.5 0.000101266 4.22436e-06
6.6 0.00010594 5.06109e-06
6.7 0.00011067 4.78531e-06
6.8 0.000105465 4.71608e-06
6.9 9.9085e-05 4.91013e-06
7 9.86736e-05 4.39837e-06
7.1 0.000105816 5.38124e-06
7.2 9.06647e-05 4.07515e-06
7.3 9.66417e-05 4.88647e-06
7.4 0.00010212 4.66894e-06
7.5 9.99655e-05 4.97108e-06
7.6 0.000101979 4.88485e-06
7.7 8.8068e-05 3.953e-06
7.8 9.02147e-05 4.06076e-06
7.9 8.82772e-05 4.52507e-06
8 0.000105067 4.68792e-06
8.1 8.90543e-05 4.5601e-06
8.2 9.42484e-05 4.61877e-06
8.3 8.57802e-05 4.24376e-06
8.4 8.80835e-05 4.25297e-06
8.5 8.86218e-05 4.32292e-06
8.6 9.81544e-05 4.72892e-06
8.7 8.57372e-05 4.03544e-06
8.8 8.18475e-05 4.08792e-06
8.9 8.12721e-05 3.618e-06
9 8.1327e-05 4.79441e-06
9.1 7.88027e-05 3.90878e-06
9.2 8.08669e-05 4.21784e-06
9.3 7.01911e-05 3.68104e-06
9.4 8.01335e-05 3.94746e-06
9.5 7.52057e-05 4.29393e-06
9.6 7.768e-05 4.28574e-06
9.7 7.12695e-05 4.07331e-06
9.8 7.50898e-05 4.42609e-06
9.9 7.06414e-05 3.47684e-06
10 7.59742e-05 4.22788e-06
10.1 7.07452e-05 4.10035e-06
10.2 6.83194e-05 3.84884e-06
