-10.2 9.56898e-05
-10.1 0
-10 0
-9.9 0.000236531
-9.8 0
-9.7 0
-9.6 0.000221796
-9.5 0.000390598
-9.4 0.000600719
-9.3 9.31929e-05
-9.2 0
-9.1 0.00014386
-9 1.57932e-05
-8.9 0
-8.8 0
-8.7 0
-8.6 0
-8.5 0
-8.4 0
-8.3 0.000192358
-8.2 0
-8.1 0.000205267
-8 0.000302261
-7.9 7.9886e-05
-7.8 0.000502541
-7.7 0.000398981
-7.6 0
-7.5 0
-7.4 9.28377e-05
-7.3 0
-7.2 6.14991e-05
-7.1 0.000167733
-7 0.00011841
-6.9 0
-6.8 0.000380064
-6.7 5.65137e-05
-6.6 0
-6.5 0
-6.4 2.2346e-05
-6.3 2.02215e-05
-6.2 0.000449209
-6.1 0.000281937
-6 0
-5.9 8.26928e-05
-5.8 0.000298084
-5.7 0
-5.6 0.000521162
-5.5 0.000327222
-5.4 0
-5.3 0
-5.2 0.000257561
-5.1 9.19639e-05
-5 0
-4.9 0.00014481
-4.8 0
-4.7 0
-4.6 0.000373771
-4.5 0.000568804
-4.4 0.000627245
-4.3 0.000229357
-4.2 0
-4.1 0
-4 0
-3.9 0
-3.8 0
-3.7 0
-3.6 0.00026782
-3.5 0.000222198
-3.4 2.71966e-05
-3.3 9.93994e-05
-3.2 0.000105005
-3.1 0.000122738
-3 0.000149758
-2.9 0.000219765
-2.8 0.000202847
-2.7 0
-2.6 0
-2.5 0
-2.4 0.000361567
-2.3 0.000178638
-2.2 0
-2.1 0
-2 0.000148258
-1.9 0
-1.8 0.000136169
-1.7 0.000224475
-1.6 0.000281303
-1.5 0
-1.4 0
-1.3 0
-1.2 0
-1.1 0
-1 0
-0.9 0
-0.8 0.000151721
-0.7 0.000189784
-0.6 7.16431e-05
-0.5 0.000235529
-0.4 0.000382255
-0.3 0
-0.2 8.00302e-05
-0.1 8.87457e-05
0 0
0.1 0.000154319
0.2 0
0.3 9.42036e-05
0.4 5.67515e-05
0.5 0
0.6 0
0.7 0
0.8 0
0.9 0
1 0
1.1 0
1.2 0
1.3 0
1.4 8.28968e-06
1.5 0
1.6 0
1.7 0
1.8 0
1.9 9.40217e-05
2 0
2.1 0
2.2 0
2.3 0
2.4 0
2.5 0
2.6 0
2.7 0
2.8 0
2.9 0
3 0
3.1 0
3.2 0
3.3 0
3.4 0
3.5 0
3.6 0
3.7 0
3.8 0
3.9 0
4 0
4.1 0
4.2 0
4.3 0
4.4 0
4.5 0
4.6 0
4.7 0
4.8 6.51117e-05
4.9 0
5 0
5.1 0
5.2 0
5.3 0
5.4 0
5.5 0
5.6 0
5.7 0
5.8 0
5.9 5.8747e-05
6 0
6.1 0
6.2 0
6.3 0
6.4 0
6.5 0
6.6 0
6.7 0
6.8 0
6.9 0
7 0
7.1 0
7.2 0
7.3 0
7.4 0
7.5 0
7.6 0
7.7 0
7.8 0
7.9 0
8 0
8.1 0
8.2 0
8.3 0
8.4 0
8.5 0
8.6 0
8.7 0
8.8 0
8.9 0
9 0
9.1 0
9.2 0
9.3 0
9.4 0
9.5 0
9.6 0
9.7 0
9.8 0
9.9 0
10 0
10.1 0
10.2 0
