-10.2 0.000350999
-10.1 0.000583694
-10 0.000208348
-9.9 0.000207723
-9.8 8.62417e-05
-9.7 7.16043e-05
-9.6 0.000299241
-9.5 0.000332947
-9.4 0.000276435
-9.3 0.000136292
-9.2 0.00015616
-9.1 0.000289193
-9 0.000194139
-8.9 0.000483395
-8.8 0.00054895
-8.7 0.000299922
-8.6 0.000284737
-8.5 0.000516284
-8.4 9.4226e-05
-8.3 0.000301488
-8.2 0.000286274
-8.1 5.41386e-05
-8 0.000930788
-7.9 0.000603217
-7.8 0.000222474
-7.7 3.06063e-05
-7.6 7.22277e-05
-7.5 0.000191649
-7.4 0.000145882
-7.3 0.000105255
-7.2 0.00124579
-7.1 0.000715598
-7 0.00041892
-6.9 0.000281775
-6.8 0.000485147
-6.7 0.000296196
-6.6 0.00015692
-6.5 0.000350477
-6.4 9.51097e-05
-6.3 0.000331325
-6.2 0.000550329
-6.1 8.17653e-05
-6 0.000510717
-5.9 0.000156454
-5.8 0.000505847
-5.7 0.00029742
-5.6 0.000615254
-5.5 0.000281424
-5.4 0.00042388
-5.3 0.000169925
-5.2 0.000465773
-5.1 0.00101187
-5 0.000313092
-4.9 0.000491428
-4.8 0.000250512
-4.7 0.000186283
-4.6 0.000192492
-4.5 0.000431349
-4.4 0.000749608
-4.3 0.000289201
-4.2 9.45875e-05
-4.1 0.000278508
-4 0.00048026
-3.9 0.000235011
-3.8 0.000560899
-3.7 0.000604748
-3.6 0.000266828
-3.5 0.000136539
-3.4 0.000241626
-3.3 0.000291041
-3.2 0.000159605
-3.1 0.000220168
-3 0.000135664
-2.9 0.000411404
-2.8 0.000320588
-2.7 0.000211641
-2.6 5.64422e-05
-2.5 0.000252117
-2.4 0.000730707
-2.3 0.000437922
-2.2 0.000994702
-2.1 0.000537621
-2 0.000338078
-1.9 0.000209951
-1.8 0.000329113
-1.7 0.000147865
-1.6 7.12992e-05
-1.5 0.000244457
-1.4 0.000208149
-1.3 0.000213953
-1.2 0.000214432
-1.1 0.000601887
-1 0.000281692
-0.9 0.000371189
-0.8 0.000374145
-0.7 0.000353843
-0.6 0.000194181
-0.5 0.000116369
-0.4 0.000692191
-0.3 0.000233157
-0.2 0.000678821
-0.1 0.000108998
0 0.000172996
0.1 0.00018689
0.2 0.000607944
0.3 0.000182265
0.4 0.000543178
0.5 0.00031994
0.6 0.000267363
0.7 0.000166119
0.8 0.000256257
0.9 0.00014729
1 7.40429e-05
1.1 0.0002097
1.2 0.000257665
1.3 0.000376833
1.4 0.000330531
1.5 0.000363992
1.6 0.000226905
1.7 0.000297724
1.8 0.000231956
1.9 0.000111757
2 7.5781e-05
2.1 0.000181629
2.2 9.59436e-05
2.3 0.000109277
2.4 0.000126919
2.5 0.0003383
2.6 0.000173343
2.7 0.00010887
2.8 0.000190627
2.9 0.000334997
3 0.000563969
3.1 1.82367e-05
3.2 9.54216e-05
3.3 0.000177919
3.4 0.000297383
3.5 0.000235176
3.6 0.000123768
3.7 0.000108612
3.8 7.63994e-05
3.9 0.000106701
4 9.64495e-05
4.1 0.000209787
4.2 0.000194345
4.3 4.37412e-05
4.4 0.000264276
4.5 0.00010866
4.6 0.000301067
4.7 0.000139352
4.8 0.000192258
4.9 4.70375e-05
5 9.37962e-06
5.1 0.000267488
5.2 5.04284e-05
5.3 4.1176e-06
5.4 0
5.5 0
5.6 6.7057e-06
5.7 0
5.8 5.62742e-05
5.9 8.13092e-05
6 0
6.1 1.43125e-05
6.2 6.1532e-05
6.3 2.00139e-05
6.4 0
6.5 2.27358e-05
6.6 1.49039e-05
6.7 0
6.8 7.49302e-06
6.9 0
7 4.88146e-06
7.1 0
7.2 0
7.3 0
7.4 0
7.5 0
7.6 0
7.7 0
7.8 0
7.9 0
8 0
8.1 0
8.2 0
8.3 9.27356e-06
8.4 0
8.5 2.39646e-05
8.6 0
8.7 3.55802e-05
8.8 0
8.9 0
9 0
9.1 3.86999e-07
9.2 0
9.3 0
9.4 0
9.5 0
9.6 1.11898e-05
9.7 0
9.8 6.99775e-05
9.9 7.74733e-05
10 0
10.1 0
10.2 9.12277e-07
