-10.2 8.53197e-08
-10.1 1.25944e-07
-10 5.49999e-08
-9.9 2.74188e-08
-9.8 2.95713e-08
-9.7 2.1977e-08
-9.6 8.51114e-08
-9.5 9.6948e-08
-9.4 7.9451e-08
-9.3 4.70965e-08
-9.2 5.47318e-08
-9.1 7.44498e-08
-9 6.32937e-08
-8.9 1.52621e-07
-8.8 1.37458e-07
-8.7 7.01443e-08
-8.6 6.462e-08
-8.5 1.15578e-07
-8.4 2.88272e-08
-8.3 1.03698e-07
-8.2 4.9549e-08
-8.1 1.89312e-08
-8 2.24879e-07
-7.9 1.65693e-07
-7.8 7.01405e-08
-7.7 7.0751e-09
-7.6 2.09332e-08
-7.5 6.16545e-08
-7.4 3.84991e-08
-7.3 3.72439e-08
-7.2 3.26637e-07
-7.1 2.50927e-07
-7 1.03185e-07
-6.9 1.03478e-07
-6.8 1.75434e-07
-6.7 7.87142e-08
-6.6 3.91004e-08
-6.5 1.05309e-07
-6.4 2.72127e-08
-6.3 8.17274e-08
-6.2 1.25344e-07
-6.1 3.26232e-08
-6 1.05474e-07
-5.9 5.01778e-08
-5.8 1.37669e-07
-5.7 6.11093e-08
-5.6 1.05061e-07
-5.5 7.17572e-08
-5.4 6.53107e-08
-5.3 5.70715e-08
-5.2 1.16905e-07
-5.1 1.88307e-07
-5 5.74199e-08
-4.9 1.04256e-07
-4.8 4.4849e-08
-4.7 6.01875e-08
-4.6 5.46762e-08
-4.5 1.08126e-07
-4.4 3.18544e-07
-4.3 7.73419e-08
-4.2 3.3546e-08
-4.1 7.55509e-08
-4 1.22845e-07
-3.9 5.34884e-08
-3.8 9.43037e-08
-3.7 2.27807e-07
-3.6 7.85071e-08
-3.5 5.19578e-08
-3.4 4.16925e-08
-3.3 7.42123e-08
-3.2 4.5321e-08
-3.1 7.21238e-08
-3 3.81433e-08
-2.9 7.46108e-08
-2.8 6.00489e-08
-2.7 7.49442e-08
-2.6 1.44132e-08
-2.5 6.33277e-08
-2.4 1.43174e-07
-2.3 1.05625e-07
-2.2 2.091e-07
-2.1 1.54335e-07
-2 1.03411e-07
-1.9 5.43365e-08
-1.8 7.83823e-08
-1.7 3.49142e-08
-1.6 2.24335e-08
-1.5 5.85332e-08
-1.4 6.70308e-08
-1.3 5.35121e-08
-1.2 4.32081e-08
-1.1 1.0582e-07
-1 9.09998e-08
-0.9 9.59281e-08
-0.8 8.2488e-08
-0.7 8.00489e-08
-0.6 5.97015e-08
-0.5 3.30016e-08
-0.4 1.2161e-07
-0.3 6.80474e-08
-0.2 1.41744e-07
-0.1 3.60906e-08
0 5.00357e-08
0.1 3.87881e-08
0.2 1.44897e-07
0.3 6.05309e-08
0.4 1.53286e-07
0.5 7.62076e-08
0.6 7.50269e-08
0.7 5.04641e-08
0.8 8.49718e-08
0.9 5.3334e-08
1 2.11651e-08
1.1 3.82299e-08
1.2 6.8724e-08
1.3 8.72288e-08
1.4 8.36272e-08
1.5 8.84602e-08
1.6 4.79577e-08
1.7 7.5612e-08
1.8 7.52018e-08
1.9 2.88068e-08
2 2.21894e-08
2.1 6.53385e-08
2.2 2.85822e-08
2.3 3.70613e-08
2.4 3.49341e-08
2.5 9.64252e-08
2.6 6.08103e-08
2.7 3.40722e-08
2.8 5.72993e-08
2.9 7.6861e-08
3 2.19181e-07
3.1 0
3.2 1.80717e-08
3.3 6.01898e-08
3.4 6.77839e-08
3.5 6.63943e-08
3.6 4.27802e-08
3.7 3.02584e-08
3.8 3.13753e-08
3.9 2.74071e-08
4 3.32333e-08
4.1 6.61213e-08
4.2 4.92847e-08
4.3 1.32639e-08
4.4 5.73729e-08
4.5 2.89283e-08
4.6 8.57376e-08
4.7 4.32409e-08
4.8 3.8177e-08
4.9 1.5558e-08
5 0
5.1 5.94128e-08
5.2 1.39831e-08
5.3 0
5.4 0
5.5 0
5.6 0
5.7 0
5.8 1.78639e-08
5.9 1.75493e-08
6 0
6.1 6.58818e-09
6.2 1.48527e-08
6.3 8.46084e-09
6.4 0
6.5 6.3449e-09
6.6 6.19793e-09
6.7 0
6.8 0
6.9 0
7 0
7.1 0
7.2 0
7.3 0
7.4 0
7.5 0
7.6 0
7.7 0
7.8 0
7.9 0
8 0
8.1 0
8.2 0
8.3 5.37153e-09
8.4 0
8.5 8.47739e-09
8.6 0
8.7 1.35952e-08
8.8 0
8.9 0
9 0
9.1 0
9.2 0
9.3 0
9.4 0
9.5 0
9.6 5.98803e-09
9.7 0
9.8 1.99449e-08
9.9 1.51311e-08
10 0
10.1 0
10.2 0
