-10.2 6.99759
-10.1 8.08512
-10 7.67149
-9.9 10.4223
-9.8 7.63349
-9.7 7.25375
-9.6 7.13979
-9.5 14.3563
-9.4 10.2907
-9.3 10.0056
-9.2 10.1252
-9.1 9.62357
-9 7.43468
-8.9 9.9671
-8.8 11.3416
-8.7 12.0985
-8.6 12.9942
-8.5 14.5296
-8.4 10.1357
-8.3 7.09887
-8.2 11.2583
-8.1 10.0698
-8 13.8173
-7.9 11.7469
-7.8 13.4506
-7.7 11.1637
-7.6 8.72958
-7.5 10.7635
-7.4 11.8069
-7.3 15.218
-7.2 13.3803
-7.1 12.3453
-7 11.8144
-6.9 14.5945
-6.8 12.2431
-6.7 11.2905
-6.6 11.6487
-6.5 13.8344
-6.4 9.73959
-6.3 10.9267
-6.2 11.0976
-6.1 12.9345
-6 10.5628
-5.9 12.042
-5.8 13.1778
-5.7 12.5778
-5.6 10.6429
-5.5 12.442
-5.4 14.8985
-5.3 15.5927
-5.2 13.0602
-5.1 13.502
-5 17.4501
-4.9 16.5882
-4.8 19.2469
-4.7 25.3194
-4.6 26.6318
-4.5 20.4013
-4.4 26.9989
-4.3 24.6995
-4.2 20.5743
-4.1 22.3935
-4 22.1832
-3.9 19.4117
-3.8 22.6998
-3.7 23.9012
-3.6 28.1539
-3.5 25.6477
-3.4 21.2499
-3.3 23.0111
-3.2 21.1525
-3.1 22.404
-3 26.2956
-2.9 23.2665
-2.8 23.397
-2.7 27.4215
-2.6 23.4763
-2.5 25.6399
-2.4 26.8831
-2.3 21.1417
-2.2 23.815
-2.1 23.6763
-2 26.4345
-1.9 30.4127
-1.8 24.9258
-1.7 22.6795
-1.6 21.5321
-1.5 21.9754
-1.4 26.7853
-1.3 29.2759
-1.2 28.3769
-1.1 28.81
-1 23.8142
-0.9 27.4235
-0.8 33.572
-0.7 28.903
-0.6 25.8337
-0.5 21.8948
-0.4 25.0597
-0.3 24.1266
-0.2 28.9163
-0.1 25.0385
0 25.4727
0.1 28.1813
0.2 31.3515
0.3 27.9889
0.4 30.2418
0.5 25.1045
0.6 27.7005
0.7 31.7889
0.8 32.0678
0.9 27.8772
1 26.6752
1.1 30.2509
1.2 32.7745
1.3 29.621
1.4 33.2718
1.5 32.5732
1.6 33.5592
1.7 40.3656
1.8 35.1272
1.9 34.5844
2 29.545
2.1 37.8163
2.2 36.8579
2.3 36.5348
2.4 35.9948
2.5 39.3455
2.6 33.358
2.7 41.528
2.8 47.7463
2.9 47.3691
3 45.6077
3.1 39.7021
3.2 35.2904
3.3 37.9832
3.4 46.0838
3.5 41.2061
3.6 48.4084
3.7 55.7311
3.8 42.5895
3.9 52.867
4 61.5636
4.1 54.2376
4.2 56.8754
4.3 55.5989
4.4 62.4086
4.5 66.3552
4.6 67.4863
4.7 76.3366
4.8 80.5305
4.9 101.705
5 108.891
5.1 152.307
5.2 189.286
5.3 210.253
5.4 250.283
5.5 300.503
5.6 326.449
5.7 295.315
5.8 295.811
5.9 168.466
6 278.119
6.1 20.6116
6.2 20.9348
6.3 23.9617
6.4 25.8109
6.5 37.0252
6.6 150.937
6.7 186.801
6.8 210.698
6.9 22.7746
7 198.96
7.1 30.2849
7.2 57.1571
7.3 512.163
7.4 0
7.5 0
7.6 0
7.7 0
7.8 0
7.9 0
8 0
8.1 53.8318
8.2 363.862
8.3 0
8.4 0
8.5 0
8.6 0
8.7 0
8.8 0
8.9 0
9 19.8091
9.1 21.0559
9.2 23.7714
9.3 27.7032
9.4 34.5174
9.5 51.5164
9.6 352.694
9.7 0
9.8 0
9.9 0
10 0
10.1 0
10.2 0
