-10.2 0
-10.1 0.000123928
-10 0
-9.9 0.000177705
-9.8 0
-9.7 0.000706055
-9.6 0.00163912
-9.5 0.000702249
-9.4 0.000585806
-9.3 0.000551447
-9.2 0.000589838
-9.1 0
-9 0
-8.9 5.7098e-05
-8.8 0.000198206
-8.7 0.000945551
-8.6 0.00162812
-8.5 0.000156953
-8.4 0.000129582
-8.3 0.000157565
-8.2 0.000592246
-8.1 2.55861e-05
-8 9.3577e-05
-7.9 0.00049704
-7.8 8.98632e-05
-7.7 0.000348231
-7.6 0
-7.5 0.000313317
-7.4 0.000284026
-7.3 0.00145855
-7.2 0.000713771
-7.1 0.00117291
-7 0.000622063
-6.9 0.000363323
-6.8 0.000295713
-6.7 0.000855332
-6.6 0.000591587
-6.5 0.000278577
-6.4 0.000320248
-6.3 8.1246e-05
-6.2 0.000701481
-6.1 0
-6 0.000207946
-5.9 0.000875178
-5.8 0.000274834
-5.7 0.000577125
-5.6 7.31543e-05
-5.5 0.000655264
-5.4 0.00032343
-5.3 0.000213015
-5.2 0.000753505
-5.1 0.00102039
-5 0.00058896
-4.9 0.000777344
-4.8 8.92337e-05
-4.7 0.000683975
-4.6 0.000902462
-4.5 0.000262717
-4.4 0.000610832
-4.3 0.0011014
-4.2 4.32942e-05
-4.1 0.000761299
-4 0.00129886
-3.9 8.32155e-05
-3.8 0.000180934
-3.7 0.000674872
-3.6 0.000874571
-3.5 0
-3.4 0.00140349
-3.3 0.000807002
-3.2 0.000920926
-3.1 0
-3 0
-2.9 0.000422806
-2.8 0.000380101
-2.7 0.000736741
-2.6 0.00012603
-2.5 0.000302232
-2.4 0.000323904
-2.3 0.000290725
-2.2 0.000549972
-2.1 0.000341231
-2 0
-1.9 0.000887301
-1.8 0.000525191
-1.7 0.000519652
-1.6 0.000326826
-1.5 6.28737e-05
-1.4 0.000587106
-1.3 0.000354532
-1.2 0.000536453
-1.1 0.00017659
-1 0.000236728
-0.9 0.000748106
-0.8 0.000123547
-0.7 0.000943919
-0.6 0
-0.5 0.000284196
-0.4 6.85627e-05
-0.3 0.00143087
-0.2 0.00050663
-0.1 0.000864283
0 0.000488342
0.1 0.000164981
0.2 0.000680042
0.3 0
0.4 0.000351217
0.5 0.00196075
0.6 0.00226864
0.7 1.08962e-06
0.8 0.000897864
0.9 0.000254099
1 0
1.1 0.000472783
1.2 0.00124708
1.3 0.000459972
1.4 0.000135087
1.5 0.00122391
1.6 0
1.7 0
1.8 0.000156202
1.9 0.000505542
2 0
2.1 0.000180027
2.2 0.000487164
2.3 0.000347676
2.4 0.000984679
2.5 0.00137296
2.6 9.13245e-05
2.7 0.00151143
2.8 0
2.9 0
3 0.000860571
3.1 0
3.2 0.000618525
3.3 0.000147487
3.4 0
3.5 0.000294188
3.6 0.0010468
3.7 8.3793e-05
3.8 0
3.9 0
4 0.000392669
4.1 0.000534669
4.2 0.000495081
4.3 0.000461601
4.4 0.000156982
4.5 0.000223425
4.6 0
4.7 0
4.8 0.000109776
4.9 0.00122843
5 0.00032185
5.1 0.00014977
5.2 0.000475413
5.3 0
5.4 0
5.5 0
5.6 0
5.7 0
5.8 5.9004e-05
5.9 0.000353672
6 0
6.1 0
6.2 0
6.3 0
6.4 0
6.5 0
6.6 0
6.7 0
6.8 0
6.9 0
7 0
7.1 0
7.2 0
7.3 0
7.4 0.000909219
7.5 0
7.6 0
7.7 0
7.8 0
7.9 0
8 0
8.1 0
8.2 0
8.3 0
8.4 0
8.5 0
8.6 0
8.7 0
8.8 0
8.9 0
9 0
9.1 0
9.2 0
9.3 0
9.4 0
9.5 0
9.6 0
9.7 0
9.8 0
9.9 0
10 0
10.1 0
10.2 0
