-10.2 6.08597
-10.1 6.09499
-10 6.12282
-9.9 6.14787
-9.8 6.16763
-9.7 6.19731
-9.6 6.21815
-9.5 6.24359
-9.4 6.2754
-9.3 6.29648
-9.2 6.32691
-9.1 6.35033
-9 6.37439
-8.9 6.40821
-8.8 6.43274
-8.7 6.46634
-8.6 6.50261
-8.5 6.52972
-8.4 6.56365
-8.3 6.59374
-8.2 6.62559
-8.1 6.66006
-8 6.69789
-7.9 6.73417
-7.8 6.76768
-7.7 6.80972
-7.6 6.84494
-7.5 6.88869
-7.4 6.92962
-7.3 6.97541
-7.2 7.02388
-7.1 7.07197
-7 7.12171
-6.9 7.1722
-6.8 7.22283
-6.7 7.27155
-6.6 7.33028
-6.5 7.3902
-6.4 7.4638
-6.3 7.52585
-6.2 7.5908
-6.1 7.67361
-6 7.74622
-5.9 7.84878
-5.8 7.95123
-5.7 8.05951
-5.6 8.18076
-5.5 8.3372
-5.4 8.61046
-5.3 8.92707
-5.2 9.03573
-5.1 9.36942
-5 9.9539
-4.9 12.2023
-4.8 11.7823
-4.7 16.5909
-4.6 14.0452
-4.5 12.9002
-4.4 16.0852
-4.3 14.4009
-4.2 14.2746
-4.1 13.9639
-4 13.9358
-3.9 11.4312
-3.8 14.0831
-3.7 15.0099
-3.6 15.2903
-3.5 15.5056
-3.4 13.8098
-3.3 14.5787
-3.2 14.4594
-3.1 14.7851
-3 16.2158
-2.9 15.4229
-2.8 15.0614
-2.7 15.4355
-2.6 16.2332
-2.5 15.6405
-2.4 14.9721
-2.3 13.2901
-2.2 14.2487
-2.1 14.9743
-2 16.9461
-1.9 16.0974
-1.8 15.5139
-1.7 14.4488
-1.6 14.9217
-1.5 16.2035
-1.4 16.982
-1.3 18.8664
-1.2 17.2884
-1.1 17.5985
-1 16.3347
-0.9 18.1497
-0.8 20.0139
-0.7 17.6662
-0.6 18.0096
-0.5 16.3161
-0.4 17.2696
-0.3 17.5505
-0.2 18.0286
-0.1 16.7318
0 17.2783
0.1 18.7432
0.2 19.181
0.3 18.3586
0.4 18.8853
0.5 16.5567
0.6 18.09
0.7 19.7912
0.8 19.3499
0.9 18.3917
1 17.7329
1.1 20.8906
1.2 20.9313
1.3 21.6913
1.4 23.1164
1.5 22.4284
1.6 22.8131
1.7 24.9746
1.8 24.2405
1.9 22.262
2 22.2334
2.1 24.8134
2.2 22.7841
2.3 24.3062
2.4 24.6452
2.5 25.9211
2.6 24.4254
2.7 27.3911
2.8 30.4203
2.9 29.0112
3 28.7781
3.1 26.9903
3.2 25.9381
3.3 27.3036
3.4 30.898
3.5 29.1914
3.6 32.0194
3.7 35.7863
3.8 30.8794
3.9 34.9862
4 37.8912
4.1 36.5418
4.2 37.3857
4.3 37.3694
4.4 40.433
4.5 42.9316
4.6 43.7419
4.7 48.4585
4.8 51.7513
4.9 62.4396
5 73.9069
5.1 96.9715
5.2 113.767
5.3 123.326
5.4 140.809
5.5 144.101
5.6 151.392
5.7 152.895
5.8 169.805
5.9 195.341
6 0
6.1 0
6.2 0
6.3 0
6.4 0
6.5 0
6.6 0
6.7 0
6.8 0
6.9 0
7 0
7.1 0
7.2 0
7.3 0
7.4 0
7.5 0
7.6 0
7.7 0
7.8 0
7.9 0
8 0
8.1 0
8.2 0
8.3 0
8.4 0
8.5 0
8.6 0
8.7 0
8.8 0
8.9 0
9 0
9.1 0
9.2 0
9.3 0
9.4 0
9.5 0
9.6 0
9.7 0
9.8 0
9.9 0
10 0
10.1 0
10.2 0
