0.102705 6.04579e-05
0.108336 2.70019e-05
0.114275 7.67941e-05
0.12054 6.2225e-05
0.127149 4.30143e-05
0.13412 0.000113614
0.141474 3.34474e-05
0.14923 0.000110007
0.157412 5.87376e-05
0.166042 7.20909e-05
0.175145 3.84773e-05
0.184748 5.82901e-05
0.194877 4.86223e-05
0.205561 2.25764e-05
0.216831 3.91977e-05
0.228719 3.36616e-05
0.241259 7.63046e-05
0.254486 6.5626e-05
0.268439 6.43812e-05
0.283156 4.53425e-05
0.29868 6.8495e-05
0.315056 6.55423e-05
0.332329 3.39312e-05
0.350549 6.87983e-05
0.369768 4.02836e-05
0.390041 3.50231e-05
0.411426 5.91376e-05
0.433983 4.24682e-05
0.457776 6.29891e-05
0.482874 2.57508e-05
0.509348 4.50121e-05
0.537274 4.45214e-05
0.56673 4.66205e-05
0.597802 4.5522e-05
0.630577 3.3854e-05
0.665149 4.61644e-05
0.701616 4.93366e-05
0.740083 4.10065e-05
0.780659 4.81112e-05
0.823459 4.618e-05
0.868606 3.24977e-05
0.916228 3.57709e-05
0.966461 2.76115e-05
1.01945 2.59614e-05
1.07534 2.91074e-05
1.1343 2.66158e-05
1.19649 3.8042e-05
1.26208 3.03828e-05
1.33128 4.25547e-05
1.40427 2.9096e-05
1.48126 3.7667e-05
1.56247 5.52933e-05
1.64813 3.73574e-05
1.73849 4.6089e-05
1.83381 3.87566e-05
1.93435 2.18183e-05
2.0404 3.23604e-05
2.15227 2.41482e-05
2.27027 3.25607e-05
2.39474 2.56761e-05
2.52603 1.59024e-05
2.66452 2.1167e-05
2.81061 2.05049e-05
2.9647 1.77731e-05
3.12725 1.21439e-05
3.2987 1.19556e-05
3.47956 1.26306e-05
3.67033 1.24858e-05
3.87155 9.72094e-06
4.08382 6.80682e-06
4.30772 8.44375e-06
4.54389 1.04474e-05
4.79301 6.04367e-06
5.05579 6.48879e-06
5.33298 7.32451e-06
5.62537 6.50656e-06
5.93379 5.19839e-06
6.25911 7.1867e-06
6.60227 5.19181e-06
6.96425 5.18646e-06
7.34607 6.39199e-06
7.74883 5.16249e-06
8.17366 5.99459e-06
8.62179 3.91113e-06
9.09449 6.34436e-06
9.5931 6.30835e-06
10.1191 4.57098e-06
10.6738 5.13338e-06
11.259 4.77257e-06
11.8763 5.63254e-06
12.5275 7.52839e-06
13.2143 5.09166e-06
13.9388 7.75794e-06
14.703 5.85759e-06
15.5091 6.50666e-06
16.3594 9.00957e-06
17.2563 8.47528e-06
18.2024 6.23881e-06
19.2004 8.99503e-06
20.253 6.47314e-06
21.3634 7.81501e-06
22.5347 7.65418e-06
23.7702 6.52802e-06
25.0734 6.58995e-06
26.4481 8.18283e-06
27.8981 7.38455e-06
29.4277 6.51737e-06
31.0411 5.78298e-06
32.7429 5.72653e-06
34.5381 5.10962e-06
36.4317 5.24873e-06
38.4291 5.09962e-06
40.536 5.27085e-06
42.7584 6.00278e-06
45.1027 4.8303e-06
47.5755 4.71639e-06
50.1839 4.99458e-06
52.9353 4.9216e-06
55.8375 4.71601e-06
58.8988 4.44965e-06
62.128 4.49968e-06
65.5342 4.1974e-06
69.1272 4.26149e-06
72.9172 9.51657e-06
76.9149 4.90287e-06
81.1319 4.15157e-06
85.58 3.32765e-06
90.272 3.25619e-06
95.2212 3.01944e-06
100.442 3.31639e-06
105.949 2.91769e-06
111.757 2.79637e-06
117.885 2.63244e-06
124.348 2.53378e-06
131.165 2.34818e-06
138.356 2.02918e-06
145.942 0.00118592
153.943 3.68232e-05
162.384 9.27361e-09
171.286 0
180.677 0
190.583 0
201.032 0
212.054 0
223.68 0
235.943 0
248.879 0
262.524 0
276.917 0
292.1 0
