1.09967 1.56176e-07
3.099 1.34417e-07
5.09833 1.54129e-07
7.09767 1.46729e-07
9.097 1.57625e-07
11.0963 1.46691e-07
13.0957 1.48412e-07
15.095 1.7019e-07
17.0943 1.59051e-07
19.0937 1.65319e-07
21.093 1.76987e-07
23.0923 1.65074e-07
25.0917 1.75864e-07
27.091 1.83829e-07
29.0903 1.89664e-07
31.0897 1.9227e-07
33.089 2.0268e-07
35.0883 2.02981e-07
37.0877 2.12575e-07
39.087 2.26416e-07
41.0863 2.21272e-07
43.0857 2.43483e-07
45.085 2.50503e-07
47.0843 2.45982e-07
49.0837 2.68672e-07
51.083 2.68753e-07
53.0823 2.91095e-07
55.0817 2.91825e-07
57.081 3.03064e-07
59.0803 3.13082e-07
61.0797 3.15611e-07
63.079 3.33499e-07
65.0783 3.41023e-07
67.0777 3.58969e-07
69.077 3.60383e-07
71.0763 3.86543e-07
73.0757 3.84424e-07
75.075 4.08149e-07
77.0743 4.11987e-07
79.0737 4.2973e-07
81.073 4.44461e-07
83.0723 4.57741e-07
85.0717 4.73898e-07
87.071 4.8309e-07
89.0703 5.0156e-07
91.0697 5.22275e-07
93.069 5.38257e-07
95.0683 5.47537e-07
97.0677 5.76565e-07
99.067 5.97347e-07
101.066 6.12235e-07
103.066 6.34982e-07
105.065 6.61041e-07
107.064 6.86414e-07
109.064 7.16633e-07
111.063 7.46494e-07
113.062 7.46859e-07
115.062 7.58657e-07
117.061 7.83485e-07
119.06 8.04361e-07
121.06 8.32076e-07
123.059 8.61834e-07
125.058 8.99266e-07
127.058 9.25109e-07
129.057 9.54988e-07
131.056 9.85058e-07
133.056 1.00375e-06
135.055 1.02537e-06
137.054 1.03738e-06
139.054 1.07225e-06
141.053 1.08742e-06
143.052 1.10516e-06
145.052 1.10878e-06
147.051 1.14427e-06
149.05 1.17218e-06
151.05 1.19664e-06
153.049 1.21719e-06
155.048 1.26785e-06
157.048 1.30865e-06
159.047 1.33223e-06
161.046 1.36185e-06
163.046 1.37642e-06
165.045 1.40701e-06
167.044 1.45788e-06
169.044 1.504e-06
171.043 1.53255e-06
173.042 1.62009e-06
175.042 1.66836e-06
177.041 1.74239e-06
179.04 1.77754e-06
181.04 1.80166e-06
183.039 1.81833e-06
185.038 1.87202e-06
187.038 1.9667e-06
189.037 2.05499e-06
191.036 2.10016e-06
193.036 2.13995e-06
195.035 2.23015e-06
197.034 2.1321e-06
199.034 2.22554e-06
201.033 2.30428e-06
203.032 2.37419e-06
205.032 2.50939e-06
207.031 2.54444e-06
209.03 2.58875e-06
211.03 2.70348e-06
213.029 2.78957e-06
215.028 2.73685e-06
217.028 2.58345e-06
219.027 2.43184e-06
221.026 2.4497e-06
223.026 2.44371e-06
225.025 2.6478e-06
227.024 2.70893e-06
229.024 2.50754e-06
231.023 2.2325e-06
233.022 2.43901e-06
235.022 2.23218e-06
237.021 2.20101e-06
239.02 2.39133e-06
241.02 2.16483e-06
243.019 2.16929e-06
245.018 2.44165e-06
247.018 7.973e-06
249.017 3.23206e-06
251.016 2.27344e-06
253.016 2.07104e-06
255.015 1.96958e-06
257.014 1.73228e-06
259.014 2.09142e-06
261.013 1.85002e-06
263.012 1.7989e-06
265.012 1.79092e-06
267.011 1.70274e-06
269.01 1.63933e-06
271.01 1.3281e-06
273.009 0.00118533
275.008 3.65233e-05
277.008 0
279.007 0
281.006 0
283.006 0
285.005 0
287.004 0
289.004 0
291.003 0
293.002 0
295.002 0
297.001 0
299 0
