1.09967 0
3.099 0
5.09833 4.88742e-11
7.09767 7.17655e-11
9.097 6.21733e-11
11.0963 6.81069e-11
13.0957 1.11281e-10
15.095 5.78247e-11
17.0943 3.56504e-11
19.0937 5.51119e-11
21.093 4.75298e-11
23.0923 3.956e-11
25.0917 8.44998e-11
27.091 8.9244e-11
29.0903 1.25234e-10
31.0897 6.77042e-11
33.089 6.04482e-11
35.0883 3.57798e-11
37.0877 1.11257e-10
39.087 1.38577e-10
41.0863 1.08684e-10
43.0857 6.80045e-11
45.085 5.05575e-11
47.0843 1.28515e-10
49.0837 1.83124e-10
51.083 8.26873e-11
53.0823 8.75664e-11
55.0817 1.90694e-10
57.081 1.46785e-10
59.0803 9.25407e-11
61.0797 2.18472e-10
63.079 1.42481e-10
65.0783 1.43131e-10
67.0777 2.37881e-10
69.077 1.39696e-10
71.0763 2.71083e-10
73.0757 1.60019e-10
75.075 2.89172e-10
77.0743 1.99809e-10
79.0737 3.40793e-10
81.073 2.87355e-10
83.0723 2.48893e-10
85.0717 3.76407e-10
87.071 3.47543e-10
89.0703 3.22042e-10
91.0697 3.56462e-10
93.069 4.28932e-10
95.0683 4.71216e-10
97.0677 4.93926e-10
99.067 5.16806e-10
101.066 5.72732e-10
103.066 5.90774e-10
105.065 6.69824e-10
107.064 8.07494e-10
109.064 8.08614e-10
111.063 8.07785e-10
113.062 1.03052e-09
115.062 9.55964e-10
117.061 1.17742e-09
119.06 1.20982e-09
121.06 1.24135e-09
123.059 1.37679e-09
125.058 1.4399e-09
127.058 1.49322e-09
129.057 1.42083e-09
131.056 1.40846e-09
133.056 1.37894e-09
135.055 1.61944e-09
137.054 1.72679e-09
139.054 1.7944e-09
141.053 1.79591e-09
143.052 1.94769e-09
145.052 2.26823e-09
147.051 2.23253e-09
149.05 2.65606e-09
151.05 2.76495e-09
153.049 2.96967e-09
155.048 3.30586e-09
157.048 3.41343e-09
159.047 3.53228e-09
161.046 3.31473e-09
163.046 3.24893e-09
165.045 3.10969e-09
167.044 3.14199e-09
169.044 3.00391e-09
171.043 2.84433e-09
173.042 2.62918e-09
175.042 2.53201e-09
177.041 2.53931e-09
179.04 2.61382e-09
181.04 2.57635e-09
183.039 2.83834e-09
185.038 3.12715e-09
187.038 3.1071e-09
189.037 2.88589e-09
191.036 2.50493e-09
193.036 2.54498e-09
195.035 1.62291e-09
197.034 1.28766e-09
199.034 1.55215e-09
201.033 1.71604e-09
203.032 1.71368e-09
205.032 1.88203e-09
207.031 2.49013e-09
209.03 2.29389e-09
211.03 2.24513e-09
213.029 1.37588e-09
215.028 1.51028e-09
217.028 2.01152e-09
219.027 1.84401e-09
221.026 2.03773e-09
223.026 4.26713e-10
225.025 0
227.024 0
229.024 0
231.023 0
233.022 0
235.022 0
237.021 0
239.02 0
241.02 0
243.019 0
245.018 0
247.018 0
249.017 0
251.016 0
253.016 0
255.015 0
257.014 0
259.014 0
261.013 0
263.012 0
265.012 0
267.011 0
269.01 0
271.01 0
273.009 0
275.008 0
277.008 0
279.007 0
281.006 0
283.006 0
285.005 0
287.004 0
289.004 0
291.003 0
293.002 0
295.002 0
297.001 0
299 0
