1 0
3 0
5 0
7 0
9 0
11 0.00477187
13 4.40374e-06
15 2.85379e-06
17 1.55625e-05
19 8.22524e-07
21 2.76174e-07
23 3.88335e-08
25 6.98907e-09
27 4.38994e-09
29 2.94768e-09
31 1.26283e-09
33 8.19209e-10
35 7.60478e-10
37 3.29825e-10
39 2.57803e-10
41 1.24006e-10
43 1.59207e-10
45 1.25751e-10
47 1.09037e-10
49 9.28853e-11
51 7.92959e-11
53 7.78255e-11
55 6.19249e-11
57 6.13403e-11
59 4.86147e-11
61 4.51558e-11
63 4.18782e-11
65 4.24046e-11
67 4.84096e-11
69 3.96865e-11
71 3.71539e-11
73 3.97003e-11
75 3.25352e-11
77 3.80251e-11
79 2.26576e-11
81 2.34326e-11
83 2.75578e-11
85 2.08985e-11
87 1.97333e-11
89 1.72097e-11
91 1.64067e-11
93 1.55627e-11
95 1.47849e-11
97 1.28526e-11
99 1.34877e-11
101 1.16947e-11
103 1.1167e-11
105 1.17345e-11
107 9.16553e-12
109 7.83886e-12
111 1.03519e-11
113 7.1902e-12
115 7.78537e-12
117 8.29559e-12
119 7.17147e-12
121 6.89908e-12
123 7.35563e-12
125 4.75473e-12
127 4.11469e-12
129 3.96033e-12
131 3.81863e-12
133 4.28779e-12
135 3.54824e-12
137 3.42161e-12
139 3.18714e-12
141 1.5912e-12
143 2.06849e-12
145 2.48745e-12
147 1.92897e-12
149 1.86963e-12
151 1.80499e-12
153 8.7314e-13
155 1.71169e-12
157 1.24141e-12
159 1.211e-12
161 1.56078e-12
163 1.1304e-12
165 1.10915e-12
167 1.07596e-12
169 1.38838e-12
171 1.00783e-12
173 9.84617e-13
175 9.6383e-13
177 1.24374e-12
179 1.19994e-12
181 5.82638e-13
183 8.5935e-13
185 8.36982e-13
187 1.08303e-12
189 5.2837e-13
191 1.03004e-12
193 4.97874e-13
195 9.79398e-13
197 4.78856e-13
199 6.96054e-13
201 6.83704e-13
203 4.44313e-13
205 8.6778e-13
207 4.28081e-13
209 6.19863e-13
211 6.06073e-13
213 3.97452e-13
215 5.79715e-13
217 3.81891e-13
219 7.38026e-13
221 3.57336e-13
223 3.55568e-13
225 3.4722e-13
227 3.4261e-13
229 6.61343e-13
231 3.23584e-13
233 3.19026e-13
235 3.1742e-13
237 3.13488e-13
239 4.65153e-13
241 3.09934e-13
243 4.56052e-13
245 3.01662e-13
247 2.99865e-13
249 2.94892e-13
251 1.47805e-13
253 2.93275e-13
255 4.35089e-13
257 2.855e-13
259 2.85039e-13
261 0
263 2.81201e-13
265 2.77861e-13
267 2.76949e-13
269 2.72413e-13
271 2.72002e-13
273 2.68272e-13
275 1.33677e-13
277 2.64629e-13
279 1.32486e-13
281 2.60729e-13
283 2.608e-13
285 2.55571e-13
287 1.27618e-13
289 1.27383e-13
291 2.52392e-13
293 1.33289e-13
295 1.24192e-13
297 2.45771e-13
299 1.22446e-13
301 1.21708e-13
303 2.40688e-13
305 1.19386e-13
307 1.18854e-13
309 2.36536e-13
311 2.34093e-13
313 0
315 2.2993e-13
317 0
319 2.27606e-13
321 2.2551e-13
323 0
325 2.22886e-13
327 0
329 2.19821e-13
331 1.09089e-13
333 1.08439e-13
335 1.08258e-13
337 1.07434e-13
339 1.0662e-13
341 1.06214e-13
343 2.10129e-13
345 0
347 1.04038e-13
349 1.03472e-13
351 1.02916e-13
353 1.0194e-13
355 1.01753e-13
357 1.00467e-13
359 1.00181e-13
361 9.92195e-14
363 9.89673e-14
365 0
367 2.19691e-13
369 0
371 1.92695e-13
373 0
375 9.52732e-14
377 9.50367e-14
379 0
381 1.87734e-13
383 0
385 1.84774e-13
387 0
389 0
391 1.82246e-13
393 0
395 8.99956e-14
397 1.13049e-13
399 0
401 8.84562e-14
403 8.81035e-14
405 0
407 8.69897e-14
409 8.66264e-14
411 0
413 1.71166e-13
415 0
417 0
419 1.67916e-13
421 0
423 0
425 1.64842e-13
427 0
429 0
431 1.62301e-13
433 0
435 0
437 0
439 1.5963e-13
441 0
443 0
445 1.57088e-13
447 0
449 0
451 7.73483e-14
453 7.65897e-14
455 2.26171e-14
457 7.58787e-14
459 0
461 7.53251e-14
463 0
465 7.43389e-14
467 0
469 7.41664e-14
471 7.31852e-14
473 0
475 0
477 9.47506e-14
479 0
481 7.19744e-14
483 0
485 0
487 7.0542e-14
489 7.01257e-14
491 0
493 0
495 6.91351e-14
497 6.87286e-14
499 0
501 0
503 0
505 6.74798e-14
507 6.72276e-14
509 0
511 0
513 6.6132e-14
515 0
517 0
519 6.54523e-14
521 0
523 6.44677e-14
525 0
527 0
529 6.35495e-14
531 2.29053e-14
533 6.31959e-14
535 0
537 0
539 6.21556e-14
541 0
543 6.16048e-14
545 2.30099e-14
547 0
549 6.0722e-14
551 0
553 0
555 5.98206e-14
557 0
559 0
561 5.89528e-14
563 0
565 5.83283e-14
567 0
569 0
571 0
573 5.73416e-14
575 0
577 5.68181e-14
579 0
581 0
583 0
585 0
587 5.57597e-14
589 5.52583e-14
591 0
593 0
595 2.40583e-14
597 0
599 5.39519e-14
601 5.35968e-14
603 0
605 2.42541e-14
607 0
609 0
611 0
613 1.04415e-13
615 0
617 0
619 0
621 0
623 0
625 0
627 1.01282e-13
629 0
631 0
633 0
635 0
637 0
639 0
641 9.72739e-14
643 0
645 0
647 0
649 0
651 2.5275e-14
653 4.71753e-14
655 4.70614e-14
657 0
659 0
661 2.55646e-14
663 0
665 0
667 0
669 9.04316e-14
671 0
673 0
675 0
677 0
679 0
681 0
683 4.32857e-14
685 4.30528e-14
687 0
689 0
691 0
693 0
695 0
697 0
699 4.1329e-14
701 4.11968e-14
703 2.6908e-14
705 0
707 0
709 0
711 2.73777e-14
713 3.90224e-14
715 3.89386e-14
717 0
719 0
721 0
723 0
725 0
727 3.70027e-14
729 3.68163e-14
731 0
733 2.86686e-14
735 0
737 6.40081e-14
739 3.44799e-14
741 0
743 0
745 1.27054e-13
747 0
749 0
751 0
753 0
755 0
757 0
759 0
761 0
763 0
765 0
767 0
769 0
771 0
773 0
775 0
777 0
779 0
781 0
783 0
785 0
787 0
789 0
791 0
793 0
795 0
797 0
799 0
801 0
803 0
805 0
807 0
809 0
811 0
813 0
815 0
817 0
819 0
821 0
823 0
825 0
827 0
829 0
831 0
833 0
835 0
837 0
839 0
841 0
843 0
845 0
847 0
849 0
851 0
853 0
855 0
857 0
859 0
861 0
863 0
865 0
867 0
869 0
871 0
873 0
875 0
877 0
879 0
881 0
883 0
885 0
887 0
889 0
891 0
893 0
895 0
897 0
899 0
901 0
903 0
905 0
907 0
909 0
911 0
913 0
915 0
917 0
919 0
921 0
923 0
925 0
927 0
929 0
931 0
933 0
935 0
937 0
939 0
941 0
943 0
945 0
947 0
949 0
951 0
953 0
955 0
957 0
959 0
961 0
963 0
965 0
967 0
969 0
971 0
973 0
975 0
977 0
979 0
981 0
983 0
985 0
987 0
989 0
991 0
993 0
995 0
997 0
999 0
1001 0
1003 0
1005 0
1007 0
1009 0
1011 0
1013 0
1015 0
1017 0
1019 0
1021 0
1023 0
1025 0
1027 0
1029 0
1031 0
1033 0
1035 0
1037 0
1039 0
1041 0
1043 0
1045 0
1047 0
1049 0
1051 0
1053 0
1055 0
1057 0
1059 0
1061 0
1063 0
1065 0
1067 0
1069 0
1071 0
1073 0
1075 0
1077 0
1079 0
1081 0
1083 0
1085 0
1087 0
1089 0
1091 0
1093 0
1095 0
1097 0
1099 0
1101 0
1103 0
1105 0
1107 0
1109 0
1111 0
1113 0
1115 0
1117 0
1119 0
1121 0
1123 0
1125 0
1127 0
1129 0
1131 0
1133 0
1135 0
1137 0
1139 0
1141 0
1143 0
1145 0
1147 0
1149 0
1151 0
1153 0
1155 0
1157 0
1159 0
1161 0
1163 0
1165 0
1167 0
1169 0
1171 0
1173 0
1175 0
1177 0
1179 0
1181 0
1183 0
1185 0
1187 0
1189 0
1191 0
1193 0
1195 0
1197 0
1199 0
1201 0
1203 0
1205 0
1207 0
1209 0
1211 0
1213 0
1215 0
1217 0
1219 0
1221 0
1223 0
1225 0
1227 0
1229 0
1231 0
1233 0
1235 0
1237 0
1239 0
1241 0
1243 0
1245 0
1247 0
1249 0
1251 0
1253 0
1255 0
1257 0
1259 0
1261 0
1263 0
1265 0
1267 0
1269 0
1271 0
1273 0
1275 0
1277 0
1279 0
1281 0
1283 0
1285 0
1287 0
1289 0
1291 0
1293 0
1295 0
1297 0
1299 0
1301 0
1303 0
1305 0
1307 0
1309 0
1311 0
1313 0
1315 0
1317 0
1319 0
1321 0
1323 0
1325 0
1327 0
1329 0
1331 0
1333 0
1335 0
1337 0
1339 0
1341 0
1343 0
1345 0
1347 0
1349 0
1351 0
1353 0
1355 0
1357 0
1359 0
1361 0
1363 0
1365 0
1367 0
1369 0
1371 0
1373 0
1375 0
1377 0
1379 0
1381 0
1383 0
1385 0
1387 0
1389 0
1391 0
1393 0
1395 0
1397 0
1399 0
1401 0
1403 0
1405 0
1407 0
1409 0
1411 0
1413 0
1415 0
1417 0
1419 0
1421 0
1423 0
1425 0
1427 0
1429 0
1431 0
1433 0
1435 0
1437 0
1439 0
1441 0
1443 0
1445 0
1447 0
1449 0
1451 0
1453 0
1455 0
1457 0
1459 0
1461 0
1463 0
1465 0
1467 0
1469 0
1471 0
1473 0
1475 0
1477 0
1479 0
1481 0
1483 0
1485 0
1487 0
1489 0
1491 0
1493 0
1495 0
1497 0
1499 0
1501 0
1503 0
1505 0
1507 0
1509 0
1511 0
1513 0
1515 0
1517 0
1519 0
1521 0
1523 0
1525 0
1527 0
1529 0
1531 0
1533 0
1535 0
1537 0
1539 0
1541 0
1543 0
1545 0
1547 0
1549 0
1551 0
1553 0
1555 0
1557 0
1559 0
1561 0
1563 0
1565 0
1567 0
1569 0
1571 0
1573 0
1575 0
1577 0
1579 0
1581 0
1583 0
1585 0
1587 0
1589 0
1591 0
1593 0
1595 0
1597 0
1599 0
1601 0
1603 0
1605 0
1607 0
1609 0
1611 0
1613 0
1615 0
1617 0
1619 0
1621 0
1623 0
1625 0
1627 0
1629 0
1631 0
1633 0
1635 0
1637 0
1639 0
1641 0
1643 0
1645 0
1647 0
1649 0
1651 0
1653 0
1655 0
1657 0
1659 0
1661 0
1663 0
1665 0
1667 0
1669 0
1671 0
1673 0
1675 0
1677 0
1679 0
1681 0
1683 0
1685 0
1687 0
1689 0
1691 0
1693 0
1695 0
1697 0
1699 0
1701 0
1703 0
1705 0
1707 0
1709 0
1711 0
1713 0
1715 0
1717 0
1719 0
1721 0
1723 0
1725 0
1727 0
1729 0
1731 0
1733 0
1735 0
1737 0
1739 0
1741 0
1743 0
1745 0
1747 0
1749 0
1751 0
1753 0
1755 0
1757 0
1759 0
1761 0
1763 0
1765 0
1767 0
1769 0
1771 0
1773 0
1775 0
1777 0
1779 0
1781 0
1783 0
1785 0
1787 0
1789 0
1791 0
1793 0
1795 0
1797 0
1799 0
1801 0
1803 0
1805 0
1807 0
1809 0
1811 0
1813 0
1815 0
1817 0
1819 0
1821 0
1823 0
1825 0
1827 0
1829 0
1831 0
1833 0
1835 0
1837 0
1839 0
1841 0
1843 0
1845 0
1847 0
1849 0
1851 0
1853 0
1855 0
1857 0
1859 0
1861 0
1863 0
1865 0
1867 0
1869 0
1871 0
1873 0
1875 0
1877 0
1879 0
1881 0
1883 0
1885 0
1887 0
1889 0
1891 0
1893 0
1895 0
1897 0
1899 0
1901 0
1903 0
1905 0
1907 0
1909 0
1911 0
1913 0
1915 0
1917 0
1919 0
1921 0
1923 0
1925 0
1927 0
1929 0
1931 0
1933 0
1935 0
1937 0
1939 0
1941 0
1943 0
1945 0
1947 0
1949 0
1951 0
1953 0
1955 0
1957 0
1959 0
1961 0
1963 0
1965 0
1967 0
1969 0
1971 0
1973 0
1975 0
1977 0
1979 0
1981 0
1983 0
1985 0
1987 0
1989 0
1991 0
1993 0
1995 0
1997 0
1999 0
