1.09967 2.8352e-11
3.099 9.27674e-12
5.09833 7.38807e-11
7.09767 6.42213e-11
9.097 5.46403e-11
11.0963 4.53844e-11
13.0957 2.71274e-11
15.095 7.22361e-11
17.0943 1.80491e-11
19.0937 1.0841e-10
21.093 6.34105e-11
23.0923 6.36531e-11
25.0917 6.41634e-11
27.091 4.61422e-11
29.0903 1.31074e-10
31.0897 1.0452e-10
33.089 7.70775e-11
35.0883 4.86939e-11
37.0877 1.68238e-10
39.087 1.10455e-10
41.0863 9.18852e-11
43.0857 1.77823e-10
45.085 1.38932e-10
47.0843 1.09453e-10
49.0837 2.02055e-10
51.083 1.49743e-10
53.0823 1.90423e-10
55.0817 1.8266e-10
57.081 2.14505e-10
59.0803 2.46348e-10
61.0797 2.83248e-10
63.079 2.50114e-10
65.0783 3.17137e-10
67.0777 2.83082e-10
69.077 3.84925e-10
71.0763 4.32855e-10
73.0757 4.15588e-10
75.075 4.28811e-10
77.0743 5.87459e-10
79.0737 5.73397e-10
81.073 6.71385e-10
83.0723 6.75958e-10
85.0717 7.2022e-10
87.071 7.43692e-10
89.0703 9.22143e-10
91.0697 9.3153e-10
93.069 1.17706e-09
95.0683 1.1218e-09
97.0677 1.31382e-09
99.067 1.38692e-09
101.066 1.54656e-09
103.066 1.57342e-09
105.065 1.77472e-09
107.064 1.95943e-09
109.064 2.12722e-09
111.063 2.27047e-09
113.062 2.4243e-09
115.062 2.79738e-09
117.061 2.83276e-09
119.06 3.24393e-09
121.06 3.40611e-09
123.059 3.89886e-09
125.058 4.12979e-09
127.058 4.59456e-09
129.057 4.72596e-09
131.056 5.01445e-09
133.056 5.60462e-09
135.055 5.72673e-09
137.054 6.63173e-09
139.054 7.1295e-09
141.053 7.64143e-09
143.052 8.07678e-09
145.052 8.32991e-09
147.051 8.56714e-09
149.05 9.37821e-09
151.05 1.01588e-08
153.049 1.08761e-08
155.048 1.18673e-08
157.048 1.25039e-08
159.047 1.41843e-08
161.046 1.45627e-08
163.046 1.56045e-08
165.045 1.5479e-08
167.044 1.54668e-08
169.044 1.50342e-08
171.043 1.44528e-08
173.042 1.56826e-08
175.042 1.64729e-08
177.041 1.54541e-08
179.04 1.42659e-08
181.04 1.40566e-08
183.039 1.40815e-08
185.038 1.66705e-08
187.038 1.74181e-08
189.037 1.732e-08
191.036 1.69683e-08
193.036 1.69197e-08
195.035 1.21433e-08
197.034 1.29868e-08
199.034 1.2409e-08
201.033 1.10907e-08
203.032 7.50148e-09
205.032 9.10286e-09
207.031 1.23939e-08
209.03 1.75397e-08
211.03 1.51861e-08
213.029 1.67971e-08
215.028 1.85395e-08
217.028 1.79297e-08
219.027 1.01306e-08
221.026 1.34663e-08
223.026 7.26418e-09
225.025 0
227.024 0
229.024 0
231.023 0
233.022 0
235.022 0
237.021 0
239.02 0
241.02 0
243.019 0
245.018 0
247.018 0
249.017 0
251.016 0
253.016 0
255.015 0
257.014 0
259.014 0
261.013 0
263.012 0
265.012 0
267.011 0
269.01 0
271.01 0
273.009 0
275.008 0
277.008 0
279.007 0
281.006 0
283.006 0
285.005 0
287.004 0
289.004 0
291.003 0
293.002 0
295.002 0
297.001 0
299 0
