-2.2 3.7251
-2.1 3.72511
-2 3.72531
-1.9 3.75606
-1.8 3.75612
-1.7 3.75802
-1.6 3.78593
-1.5 3.78599
-1.4 3.79068
-1.3 3.81377
-1.2 3.81378
-1.1 3.82416
-1 3.84644
-0.9 3.84645
-0.8 3.86111
-0.7 3.875
-0.6 3.87501
-0.5 3.90027
-0.4 3.90789
-0.3 3.90868
-0.2 3.94093
-0.1 3.94094
-4.44089e-16 3.96246
0.1 3.97403
0.2 3.97625
0.3 4.00884
0.4 4.00882
0.5 4.02301
0.6 4.04129
0.7 4.04145
0.8 4.07113
0.9 4.07382
1 4.08776
1.1 4.10507
1.2 4.10673
1.3 4.13693
1.4 4.13838
1.5 4.15961
1.6 4.17319
1.7 4.18312
1.8 4.20791
1.9 4.20976
2 4.2378
2.1 4.24144
2.2 4.26412
2.3 4.27536
2.4 4.29209
2.5 4.31263
2.6 4.32222
2.7 4.34731
2.8 4.35374
2.9 4.37891
3 4.38549
3.1 4.41184
3.2 4.41981
3.3 4.44897
3.4 4.46042
3.5 4.48573
3.6 4.49654
3.7 4.52191
3.8 4.53582
3.9 4.56058
4 4.57372
4.1 4.59785
4.2 4.61374
4.3 4.63886
4.4 4.65519
4.5 4.67981
4.6 4.69752
4.7 4.72051
4.8 4.74137
4.9 4.76362
5 4.78667
5.1 4.81054
5.2 4.83486
5.3 4.85511
5.4 4.88172
5.5 4.90703
5.6 4.9293
5.7 4.95267
5.8 4.97885
5.9 5.0059
6 5.03355
6.1 5.05959
6.2 5.08835
6.3 5.11628
6.4 5.14486
6.5 5.17444
6.6 5.20367
6.7 5.23366
6.8 5.26384
6.9 5.29749
7 5.32942
7.1 5.3615
7.2 5.39387
7.3 5.42745
7.4 5.46128
7.5 5.49804
7.6 5.53402
7.7 5.57205
7.8 5.60625
7.9 5.6462
8 5.68549
8.1 5.72553
8.2 5.76871
8.3 5.80989
8.4 5.85388
8.5 5.8981
8.6 5.94279
8.7 5.98961
8.8 6.03836
8.9 6.08481
9 6.13501
9.1 6.18507
9.2 6.23867
9.3 6.29333
9.4 6.35008
9.5 6.40736
9.6 6.46285
9.7 6.52522
9.8 6.58588
9.9 6.65103
10 6.71887
10.1 6.78541
10.2 6.85807
10.3 6.93171
10.4 7.00703
10.5 7.0831
10.6 7.16618
10.7 7.25264
10.8 7.3383
10.9 7.42771
11 7.52138
11.1 7.62143
11.2 7.72407
11.3 7.83119
11.4 7.93979
11.5 8.05639
11.6 8.18046
11.7 8.30744
11.8 8.44192
11.9 8.58458
12 8.73576
12.1 8.88815
12.2 9.05673
12.3 9.22992
12.4 9.41902
12.5 9.61823
12.6 9.83081
12.7 10.0589
12.8 10.3055
12.9 10.5713
13 10.856
13.1 11.1693
13.2 11.5131
13.3 11.8925
13.4 12.3089
13.5 12.7796
13.6 13.3069
13.7 13.9137
13.8 14.6127
13.9 15.4482
14 16.4854
14.1 17.8569
14.2 20.1159
14.3 24.3522
14.4 32.1703
14.5 44.7739
14.6 66.2333
14.7 90.012
14.8 116.323
14.9 138.437
15 164.494
15.1 187.095
15.2 206.507
15.3 226.153
15.4 239.802
15.5 253.012
15.6 252.569
15.7 270.892
15.8 279.604
15.9 0
16 0
16.1 0
16.2 0
16.3 0
16.4 0
16.5 0
16.6 0
16.7 0
16.8 0
16.9 0
17 0
17.1 0
17.2 0
17.3 0
17.4 0
17.5 0
17.6 0
17.7 0
17.8 0
17.9 0
18 0
18.1 0
18.2 0
