-2.2 5.72769
-2.1 5.49027
-2 6.42681
-1.9 8.58155
-1.8 6.37028
-1.7 7.14136
-1.6 8.72917
-1.5 6.4027
-1.4 8.15587
-1.3 8.17349
-1.2 6.95341
-1.1 8.88984
-1 7.91024
-0.9 7.28084
-0.8 8.5706
-0.7 8.25363
-0.6 7.08969
-0.5 9.13661
-0.4 8.16321
-0.3 8.25159
-0.2 10.2672
-0.1 8.8795
-4.44089e-16 11.4193
0.1 9.64946
0.2 11.4128
0.3 8.8296
0.4 8.3456
0.5 10.3288
0.6 8.84031
0.7 8.21569
0.8 10.1244
0.9 8.6339
1 10.0467
1.1 8.83941
1.2 9.16444
1.3 10.1487
1.4 8.8036
1.5 9.78652
1.6 8.49023
1.7 9.18892
1.8 9.85466
1.9 8.58053
2 9.47816
2.1 8.72123
2.2 9.31599
2.3 8.76477
2.4 9.61194
2.5 9.6447
2.6 8.96014
2.7 9.57566
2.8 9.0312
2.9 10.2063
3 9.99309
3.1 10.2612
3.2 9.34374
3.3 10.7501
3.4 9.47811
3.5 10.3759
3.6 10.5305
3.7 10.0587
3.8 9.94641
3.9 10.5204
4 9.93899
4.1 9.83658
4.2 10.2624
4.3 10.1247
4.4 10.2322
4.5 10.2863
4.6 9.98758
4.7 10.477
4.8 10.2809
4.9 10.1545
5 10.4171
5.1 10.278
5.2 10.5543
5.3 9.89682
5.4 10.5783
5.5 9.77743
5.6 10.8658
5.7 10.1589
5.8 10.2768
5.9 10.5443
6 10.9653
6.1 10.6461
6.2 10.5394
6.3 10.9034
6.4 10.4558
6.5 10.3175
6.6 10.6928
6.7 10.8432
6.8 10.9761
6.9 11.0895
7 10.6777
7.1 11.0926
7.2 11.3996
7.3 10.6939
7.4 11.5286
7.5 11.4516
7.6 11.0409
7.7 11.4626
7.8 11.3892
7.9 11.4919
8 11.8463
8.1 11.3766
8.2 10.9527
8.3 11.7427
8.4 11.6275
8.5 11.3842
8.6 12.2097
8.7 12.2589
8.8 11.9351
8.9 11.7833
9 11.8116
9.1 11.5557
9.2 11.7455
9.3 11.8899
9.4 11.7583
9.5 12.2343
9.6 11.9787
9.7 12.3707
9.8 12.1882
9.9 12.0447
10 12.5347
10.1 11.9764
10.2 12.4405
10.3 12.3774
10.4 12.7573
10.5 12.7653
10.6 13.0969
10.7 12.5749
10.8 12.8556
10.9 13.3915
11 13.0043
11.1 13.214
11.2 12.8952
11.3 13.4985
11.4 14.3915
11.5 14.4694
11.6 13.9956
11.7 14.1556
11.8 13.8889
11.9 13.9623
12 14.4423
12.1 14.8572
12.2 15.0713
12.3 14.8007
12.4 15.0869
12.5 15.1033
12.6 15.1124
12.7 15.7625
12.8 15.7017
12.9 16.2715
13 16.0968
13.1 16.5437
13.2 16.5012
13.3 16.9201
13.4 17.2597
13.5 18.0934
13.6 18.16
13.7 18.4658
13.8 18.9965
13.9 20.0636
14 20.8912
14.1 21.6358
14.2 22.8935
14.3 24.3544
14.4 26.4817
14.5 30.113
14.6 35.2104
14.7 42.6822
14.8 52.3911
14.9 64.8634
15 77.5813
15.1 89.7726
15.2 103.459
15.3 114.19
15.4 124.908
15.5 131.572
15.6 142.445
15.7 149.863
15.8 146.297
15.9 164.593
16 166.078
16.1 218.306
16.2 0
16.3 0
16.4 0
16.5 0
16.6 0
16.7 0
16.8 0
16.9 0
17 0
17.1 0
17.2 0
17.3 0
17.4 0
17.5 0
17.6 0
17.7 0
17.8 0
17.9 0
18 0
18.1 0
18.2 0
