-2.2 5.3587
-2.1 5.35865
-2 5.36278
-1.9 5.41536
-1.8 5.41617
-1.7 5.43442
-1.6 5.47096
-1.5 5.45646
-1.4 5.49217
-1.3 5.56008
-1.2 5.53771
-1.1 5.56796
-1 5.58117
-0.9 5.56953
-0.8 5.64111
-0.7 5.63228
-0.6 5.62763
-0.5 5.70037
-0.4 5.67913
-0.3 5.70188
-0.2 6.49577
-0.1 6.47127
-4.44089e-16 6.54822
0.1 6.5448
0.2 6.56036
0.3 5.8272
0.4 5.82585
0.5 5.86137
0.6 5.87772
0.7 5.87651
0.8 5.94844
0.9 5.92066
1 5.97717
1.1 5.96874
1.2 5.96765
1.3 6.03171
1.4 6.0146
1.5 6.10981
1.6 6.08831
1.7 6.124
1.8 6.13974
1.9 6.12571
2 6.19535
2.1 6.16552
2.2 6.25333
2.3 6.24421
2.4 6.27673
2.5 6.28863
2.6 6.32296
2.7 6.31635
2.8 6.33817
2.9 6.39257
3 6.38199
3.1 6.41778
3.2 6.41257
3.3 6.4518
3.4 6.45271
3.5 6.51721
3.6 6.50774
3.7 6.57451
3.8 6.5498
3.9 6.60894
4 6.6259
4.1 6.67426
4.2 6.66209
4.3 6.70593
4.4 6.72697
4.5 6.7707
4.6 6.7908
4.7 6.81521
4.8 6.82283
4.9 6.87414
5 6.92254
5.1 6.92984
5.2 6.98673
5.3 6.99771
5.4 7.03316
5.5 7.05643
5.6 7.0982
5.7 7.12311
5.8 7.18686
5.9 7.19343
6 7.24414
6.1 7.27966
6.2 7.32844
6.3 7.3587
6.4 7.38674
6.5 7.41971
6.6 7.43351
6.7 7.46694
6.8 7.53979
6.9 7.60086
7 7.60712
7.1 7.66752
7.2 7.70604
7.3 7.73703
7.4 7.77093
7.5 7.85174
7.6 7.89524
7.7 7.9279
7.8 7.97648
7.9 8.00818
8 8.06157
8.1 8.09893
8.2 8.12634
8.3 8.16593
8.4 8.23077
8.5 8.31319
8.6 8.34052
8.7 8.39386
8.8 8.45538
8.9 8.52971
9 8.60626
9.1 8.67027
9.2 8.73961
9.3 8.80871
9.4 8.87153
9.5 8.93184
9.6 9.00717
9.7 9.05488
9.8 9.13418
9.9 9.21669
10 9.33467
10.1 9.40134
10.2 9.44265
10.3 9.55832
10.4 9.67107
10.5 9.74197
10.6 9.81831
10.7 9.93065
10.8 10.0439
10.9 10.1667
11 10.2549
11.1 10.3959
11.2 10.5154
11.3 10.6314
11.4 10.7715
11.5 10.8984
11.6 11.0542
11.7 11.2151
11.8 11.3654
11.9 11.5063
12 11.6841
12.1 11.8766
12.2 12.0322
12.3 12.2293
12.4 12.4342
12.5 12.6632
12.6 12.8811
12.7 13.1411
12.8 13.4063
12.9 13.6912
13 14.0048
13.1 14.3207
13.2 14.6681
13.3 15.0512
13.4 15.4851
13.5 15.9654
13.6 16.4792
13.7 17.0842
13.8 17.7678
13.9 18.5658
14 19.4806
14.1 20.6467
14.2 22.0523
14.3 24.0157
14.4 26.7524
14.5 30.418
14.6 35.2841
14.7 41.3044
14.8 47.8693
14.9 54.6492
15 61.07
15.1 68.1347
15.2 74.7174
15.3 80.5403
15.4 85.7181
15.5 93.8812
15.6 94.3562
15.7 90.2725
15.8 95.159
15.9 165.713
16 0
16.1 0
16.2 0
16.3 0
16.4 0
16.5 0
16.6 0
16.7 0
16.8 0
16.9 0
17 0
17.1 0
17.2 0
17.3 0
17.4 0
17.5 0
17.6 0
17.7 0
17.8 0
17.9 0
18 0
18.1 0
18.2 0
