-2.2 0.0526194
-2.1 0.0526152
-2 0.0529271
-1.9 0.0544032
-1.8 0.0536175
-1.7 0.0539581
-1.6 0.0548947
-1.5 0.0542478
-1.4 0.0548869
-1.3 0.0552899
-1.2 0.0547107
-1.1 0.0555681
-1 0.055848
-0.9 0.0555264
-0.8 0.056334
-0.7 0.0559568
-0.6 0.0555771
-0.5 0.0568162
-0.4 0.0563952
-0.3 0.0562525
-0.2 0.0575291
-0.1 0.0568008
-4.44089e-16 0.0575086
0.1 0.0571586
0.2 0.0573297
0.3 0.0576917
0.4 0.0571472
0.5 0.0577418
0.6 0.057814
0.7 0.0573336
0.8 0.0580562
0.9 0.0575847
1 0.0582832
1.1 0.0585446
1.2 0.0582019
1.3 0.0590049
1.4 0.0579932
1.5 0.0586996
1.6 0.0582898
1.7 0.0584824
1.8 0.0584714
1.9 0.0586583
2 0.0596305
2.1 0.0589668
2.2 0.0592377
2.3 0.0591865
2.4 0.0598031
2.5 0.0596167
2.6 0.0597121
2.7 0.0603586
2.8 0.060151
2.9 0.0606287
3 0.0606468
3.1 0.0609902
3.2 0.0608676
3.3 0.0614595
3.4 0.0610215
3.5 0.0612083
3.6 0.0610506
3.7 0.0618601
3.8 0.0614663
3.9 0.0620258
4 0.0617751
4.1 0.0617988
4.2 0.0618651
4.3 0.0622111
4.4 0.0622406
4.5 0.06231
4.6 0.062284
4.7 0.0626133
4.8 0.0625711
4.9 0.0626977
5 0.0627994
5.1 0.0629813
5.2 0.06306
5.3 0.0630778
5.4 0.0634195
5.5 0.0633757
5.6 0.0634653
5.7 0.0636208
5.8 0.0637758
5.9 0.0639007
6 0.064089
6.1 0.0641086
6.2 0.064513
6.3 0.0646062
6.4 0.0646931
6.5 0.0648906
6.6 0.0655607
6.7 0.065521
6.8 0.0657822
6.9 0.0660228
7 0.0659956
7.1 0.0665677
7.2 0.066973
7.3 0.0671933
7.4 0.0672471
7.5 0.0671659
7.6 0.0672628
7.7 0.0676698
7.8 0.0676829
7.9 0.0679596
8 0.0681088
8.1 0.0682075
8.2 0.0686532
8.3 0.0686774
8.4 0.069194
8.5 0.068963
8.6 0.0696643
8.7 0.0697325
8.8 0.0703815
8.9 0.070593
9 0.070558
9.1 0.0709485
9.2 0.071353
9.3 0.0716611
9.4 0.0719993
9.5 0.0720354
9.6 0.0724317
9.7 0.0732349
9.8 0.0733048
9.9 0.073591
10 0.0742488
10.1 0.0746606
10.2 0.0750958
10.3 0.0759577
10.4 0.0765023
10.5 0.0765572
10.6 0.0770892
10.7 0.0776916
10.8 0.0784074
10.9 0.0792691
11 0.0796034
11.1 0.0805025
11.2 0.0812383
11.3 0.0821151
11.4 0.0824676
11.5 0.0830762
11.6 0.0835494
11.7 0.0846872
11.8 0.0856269
11.9 0.0868359
12 0.0878118
12.1 0.0885056
12.2 0.0897326
12.3 0.0907206
12.4 0.0920379
12.5 0.0934437
12.6 0.0943212
12.7 0.0962385
12.8 0.0976481
12.9 0.0996543
13 0.10141
13.1 0.103524
13.2 0.105331
13.3 0.107653
13.4 0.110535
13.5 0.11346
13.6 0.116728
13.7 0.120361
13.8 0.124918
13.9 0.130267
14 0.136329
14.1 0.143338
14.2 0.15259
14.3 0.164243
14.4 0.178356
14.5 0.194961
14.6 0.209661
14.7 0.216889
14.8 0.20588
14.9 0.177591
15 0.133583
15.1 0.085792
15.2 0.0463958
15.3 0.0225485
15.4 0.00886357
15.5 0.00290531
15.6 0.00105148
15.7 0.000250898
15.8 5.17405e-05
15.9 2.77007e-06
16 0
16.1 0
16.2 0
16.3 0
16.4 0
16.5 0
16.6 0
16.7 0
16.8 0
16.9 0
17 0
17.1 0
17.2 0
17.3 0
17.4 0
17.5 0
17.6 0
17.7 0
17.8 0
17.9 0
18 0
18.1 0
18.2 0
