-2.2 0.0101677
-2.1 0.0101678
-2 0.0101787
-1.9 0.0102566
-1.8 0.0102359
-1.7 0.0102412
-1.6 0.0103034
-1.5 0.0102778
-1.4 0.0102845
-1.3 0.0103314
-1.2 0.0103109
-1.1 0.0103251
-1 0.0103558
-0.9 0.0103342
-0.8 0.0103568
-0.7 0.0103667
-0.6 0.010347
-0.5 0.01038
-0.4 0.0103751
-0.3 0.0103613
-0.2 0.0103985
-0.1 0.0103686
-4.44089e-16 0.0103968
0.1 0.0103774
0.2 0.0103877
0.3 0.0103986
0.4 0.0103683
0.5 0.0103856
0.6 0.0103802
0.7 0.0103578
0.8 0.0103892
0.9 0.0103614
1 0.0103663
1.1 0.0103605
1.2 0.0103333
1.3 0.0103629
1.4 0.0103302
1.5 0.0103352
1.6 0.0103238
1.7 0.010311
1.8 0.0103225
1.9 0.0102903
2 0.0103037
2.1 0.0102765
2.2 0.0102742
2.3 0.0102654
2.4 0.0102503
2.5 0.0102519
2.6 0.0102269
2.7 0.0102357
2.8 0.0102059
2.9 0.0102106
3 0.0101849
3.1 0.0101843
3.2 0.0101649
3.3 0.0101568
3.4 0.0101396
3.5 0.0101281
3.6 0.010117
3.7 0.0101018
3.8 0.0100908
3.9 0.0100778
4 0.0100646
4.1 0.0100476
4.2 0.0100331
4.3 0.0100196
4.4 0.0100069
4.5 0.00999327
4.6 0.00997323
4.7 0.00995734
4.8 0.00993975
4.9 0.00992654
5 0.00990954
5.1 0.00989668
5.2 0.00987672
5.3 0.00985967
5.4 0.00984278
5.5 0.00982409
5.6 0.00980818
5.7 0.00979043
5.8 0.00977354
5.9 0.00975738
6 0.00973712
6.1 0.00971927
6.2 0.00970294
6.3 0.00968388
6.4 0.0096627
6.5 0.00964681
6.6 0.00962998
6.7 0.0096084
6.8 0.00959189
6.9 0.00957393
7 0.00955366
7.1 0.00953447
7.2 0.00951436
7.3 0.00949743
7.4 0.00947382
7.5 0.00945378
7.6 0.00943507
7.7 0.00941393
7.8 0.00939431
7.9 0.00937741
8 0.00935558
8.1 0.0093341
8.2 0.00931319
8.3 0.00929386
8.4 0.00927201
8.5 0.0092528
8.6 0.00923108
8.7 0.00921188
8.8 0.00918946
8.9 0.00916362
9 0.00914373
9.1 0.0091212
9.2 0.00910098
9.3 0.00908339
9.4 0.00906215
9.5 0.00903639
9.6 0.00901511
9.7 0.00899253
9.8 0.00896663
9.9 0.00894498
10 0.00892511
10.1 0.00890145
10.2 0.00887878
10.3 0.0088575
10.4 0.00883349
10.5 0.0088057
10.6 0.0087851
10.7 0.00876391
10.8 0.00874082
10.9 0.00871643
11 0.00869337
11.1 0.0086634
11.2 0.00864151
11.3 0.00861824
11.4 0.00859171
11.5 0.00856551
11.6 0.00854072
11.7 0.0085172
11.8 0.0084913
11.9 0.0084636
12 0.00843557
12.1 0.00840614
12.2 0.00837879
12.3 0.00835035
12.4 0.00832468
12.5 0.00829649
12.6 0.0082665
12.7 0.00823803
12.8 0.00820942
12.9 0.00817986
13 0.00814997
13.1 0.00812025
13.2 0.00809016
13.3 0.00805945
13.4 0.00802619
13.5 0.00799186
13.6 0.00795795
13.7 0.00792123
13.8 0.00788757
13.9 0.00784681
14 0.00780717
14.1 0.00776377
14.2 0.00771502
14.3 0.00766389
14.4 0.00760058
14.5 0.00751767
14.6 0.00739701
14.7 0.0071931
14.8 0.0068383
14.9 0.00625736
15 0.00540724
15.1 0.00433997
15.2 0.00319218
15.3 0.00216273
15.4 0.00138688
15.5 0.000899678
15.6 0.000645142
15.7 0.000530626
15.8 0.000483224
15.9 0.000463703
16 0.000449665
16.1 0.00044106
16.2 0.0004312
16.3 0.000421638
16.4 0.000412018
16.5 0.000403217
16.6 0.000395186
16.7 0.000385273
16.8 0.000377689
16.9 0.000367659
17 0.000357548
17.1 0.000350771
17.2 0.000340585
17.3 0.000332154
17.4 0.000321671
17.5 0.000313406
17.6 0.000306208
17.7 0.000298252
17.8 0.00028931
17.9 0.000280241
18 0.000269939
18.1 0.000260537
18.2 0.000249667
