-2.2 0.000151176
-2.1 0
-2 7.79787e-05
-1.9 0.0012417
-1.8 0
-1.7 0.000369647
-1.6 0.00088789
-1.5 0
-1.4 0.000795068
-1.3 0.000504946
-1.2 3.52048e-05
-1.1 0.00135259
-1 0.000119164
-0.9 0
-0.8 0.000884688
-0.7 8.47396e-06
-0.6 1.23786e-05
-0.5 0.00105385
-0.4 1.32108e-05
-0.3 0.000566018
-0.2 0.000565711
-0.1 1.25983e-06
-4.44089e-16 0.000897274
0.1 4.28986e-05
0.2 0.000954731
0.3 0.000153053
0.4 0
0.5 0.000690862
0.6 0
0.7 0
0.8 0.000860583
0.9 2.32968e-05
1 0.00117857
1.1 7.94874e-05
1.2 5.44911e-05
1.3 0.000816323
1.4 2.10241e-05
1.5 0.00114262
1.6 1.43451e-05
1.7 0.000580088
1.8 0.000523387
1.9 5.87828e-05
2 0.000660367
2.1 0
2.2 0.000826704
2.3 5.94071e-05
2.4 0.000559099
2.5 0.000297696
2.6 0.000364766
2.7 0.000512857
2.8 0.000211048
2.9 0.000779983
3 5.69497e-05
3.1 0.000481889
3.2 0.000108359
3.3 0.000783435
3.4 3.01598e-05
3.5 0.000557098
3.6 0.000219016
3.7 0.000373558
3.8 0.000225081
3.9 0.000441959
4 0.000446425
4.1 0.00042557
4.2 0.000343456
4.3 0.000321612
4.4 0.000206348
4.5 0.000506372
4.6 0.00022758
4.7 0.000560859
4.8 0.000268563
4.9 0.000336146
5 0.000307322
5.1 0.000336088
5.2 0.000467154
5.3 0.000115008
5.4 0.000263014
5.5 0.000416124
5.6 0.000414795
5.7 0.000354872
5.8 0.000381261
5.9 0.000238426
6 0.000306985
6.1 0.000323273
6.2 0.000220665
6.3 0.000371597
6.4 0.000374387
6.5 0.00042688
6.6 0.000334896
6.7 0.000326192
6.8 0.000384602
6.9 0.000420196
7 0.000414357
7.1 0.000398139
7.2 0.000445076
7.3 0.000347025
7.4 0.000377301
7.5 0.000308647
7.6 0.000407341
7.7 0.000330702
7.8 0.000392167
7.9 0.000313463
8 0.000202692
8.1 0.000420624
8.2 0.000490678
8.3 0.000340077
8.4 0.000207209
8.5 0.000271672
8.6 0.000292575
8.7 0.000286461
8.8 0.000289893
8.9 0.000414552
9 0.00050872
9.1 0.000321045
9.2 0.000280468
9.3 0.000353369
9.4 0.000527622
9.5 0.000435522
9.6 0.000266617
9.7 0.000352026
9.8 0.000257305
9.9 0.000242405
10 0.000160137
10.1 0.000241267
10.2 0.000418575
10.3 0.000362374
10.4 0.000373326
10.5 0.000368485
10.6 0.000237169
10.7 0.000266553
10.8 0.000318764
10.9 0.000201745
11 0.000232268
11.1 0.000265902
11.2 0.000304401
11.3 0.000379333
11.4 0.000391128
11.5 0.000359049
11.6 0.000375945
11.7 0.00026662
11.8 0.000329072
11.9 0.000355655
12 0.000306606
12.1 0.000302784
12.2 0.000259554
12.3 0.000275919
12.4 0.000380362
12.5 0.000250692
12.6 0.000273321
12.7 0.000387961
12.8 0.000196528
12.9 0.000496911
13 0.000373811
13.1 0.000474635
13.2 0.000393376
13.3 0.0003879
13.4 0.000341241
13.5 0.0003294
13.6 0.00042899
13.7 0.00032032
13.8 0.000353283
13.9 0.000284624
14 0.000482518
14.1 0.000362727
14.2 0.000276967
14.3 0.000530171
14.4 0.000460012
14.5 0.000462554
14.6 0.000693197
14.7 0.000459282
14.8 0.000420852
14.9 0.000352767
15 0.000349642
15.1 0.000148653
15.2 9.93282e-05
15.3 7.49282e-06
15.4 2.09529e-05
15.5 5.85762e-06
15.6 1.72672e-06
15.7 0
15.8 0
15.9 0
16 0
16.1 0
16.2 0
16.3 0
16.4 0
16.5 0
16.6 0
16.7 0
16.8 0
16.9 0
17 0
17.1 0
17.2 0
17.3 0
17.4 0
17.5 0
17.6 0
17.7 0
17.8 0
17.9 0
18 0
18.1 0
18.2 0
