-2.2 18.8932
-2.1 5.64267
-2 11.2878
-1.9 87.6257
-1.8 6.78674
-1.7 34.4949
-1.6 64.9364
-1.5 7.27912
-1.4 72.1739
-1.3 26.0593
-1.2 7.6783
-1.1 83.483
-1 12.8692
-0.9 8.05363
-0.8 83.5854
-0.7 9.59131
-0.6 8.65951
-0.5 81.3543
-0.4 9.14263
-0.3 34.8639
-0.2 51.4887
-0.1 10.1971
-4.44089e-16 81.3794
0.1 10.4889
0.2 82.9283
0.3 16.6406
0.4 9.32588
0.5 77.1712
0.6 9.8873
0.7 10.2705
0.8 72.8316
0.9 10.0468
1 74.3416
1.1 10.5396
1.2 17.4341
1.3 64.2671
1.4 10.1022
1.5 70.061
1.6 10.5507
1.7 44.008
1.8 36.1197
1.9 14.4288
2 63.6426
2.1 11.0975
2.2 63.4802
2.3 13.1308
2.4 46.9074
2.5 29.2722
2.6 29.0965
2.7 47.2144
2.8 19.0944
2.9 53.9066
3 16.0513
3.1 54.3759
3.2 16.3037
3.3 50.2715
3.4 19.2593
3.5 48.8689
3.6 21.279
3.7 44.6859
3.8 24.5646
3.9 43.3009
4 26.4705
4.1 42.1021
4.2 27.4428
4.3 40.5187
4.4 27.932
4.5 41.2367
4.6 27.4557
4.7 38.0911
4.8 30.339
4.9 37.287
5 31.8518
5.1 34.8097
5.2 33.6943
5.3 33.0292
5.4 34.7068
5.5 31.4631
5.6 33.7376
5.7 33.1192
5.8 33.3192
5.9 33.1234
6 32.975
6.1 34.4796
6.2 32.7981
6.3 32.9092
6.4 32.7009
6.5 32.5995
6.6 33.2553
6.7 33.1977
6.8 32.4514
6.9 32.4749
7 32.8674
7.1 31.8232
7.2 32.8748
7.3 32.6391
7.4 32.461
7.5 32.3464
7.6 31.5559
7.7 33.2568
7.8 31.4919
7.9 32.3692
8 32.1305
8.1 32.3116
8.2 32.3553
8.3 31.9205
8.4 31.2856
8.5 31.6603
8.6 32.5088
8.7 32.7331
8.8 31.6628
8.9 31.3981
9 31.5155
9.1 32.7429
9.2 31.6443
9.3 30.6305
9.4 32.2873
9.5 31.2758
9.6 31.6368
9.7 31.409
9.8 31.7997
9.9 31.7912
10 31.7442
10.1 31.2943
10.2 32.2732
10.3 32.181
10.4 30.9999
10.5 31.6016
10.6 31.5748
10.7 32.1511
10.8 31.5839
10.9 31.1657
11 32.025
11.1 31.7733
11.2 31.1347
11.3 31.4554
11.4 32.2916
11.5 31.5462
11.6 31.6754
11.7 31.885
11.8 31.6776
11.9 31.8834
12 32.1497
12.1 31.8976
12.2 31.2495
12.3 31.8596
12.4 32.1904
12.5 31.6276
12.6 31.6395
12.7 32.1918
12.8 31.9422
12.9 31.9258
13 32.1008
13.1 32.6121
13.2 32.3439
13.3 32.6849
13.4 32.283
13.5 32.9148
13.6 32.983
13.7 32.4614
13.8 33.5512
13.9 32.6145
14 33.3272
14.1 33.79
14.2 34.069
14.3 35.013
14.4 36.9155
14.5 38.9293
14.6 43.0217
14.7 49.645
14.8 58.3607
14.9 69.3427
15 81.2113
15.1 93.3924
15.2 105.157
15.3 116.166
15.4 126.406
15.5 135.644
15.6 144.855
15.7 152.478
15.8 159.003
15.9 169.783
16 174.099
16.1 178.206
16.2 173.933
16.3 248.45
16.4 0
16.5 0
16.6 0
16.7 0
16.8 0
16.9 0
17 0
17.1 0
17.2 0
17.3 0
17.4 0
17.5 0
17.6 0
17.7 0
17.8 0
17.9 0
18 0
18.1 0
18.2 0
