-2.2 1.18847e-08
-2.1 0
-2 4.27155e-09
-1.9 1.20199e-07
-1.8 0
-1.7 1.16956e-07
-1.6 1.6806e-07
-1.5 1.5503e-10
-1.4 9.43649e-08
-1.3 1.80993e-08
-1.2 0
-1.1 1.81439e-07
-1 1.95444e-08
-0.9 6.95288e-09
-0.8 1.64799e-07
-0.7 6.56515e-10
-0.6 1.93576e-10
-0.5 1.68125e-07
-0.4 7.59733e-09
-0.3 4.80143e-08
-0.2 1.0274e-07
-0.1 1.4058e-10
-4.44089e-16 1.12671e-07
0.1 2.13187e-09
0.2 1.21514e-07
0.3 7.01226e-08
0.4 1.89068e-10
0.5 1.0001e-07
0.6 0
0.7 0
0.8 1.19224e-07
0.9 1.48652e-08
1 1.31844e-07
1.1 4.72453e-09
1.2 5.14033e-09
1.3 1.23573e-07
1.4 8.4019e-10
1.5 7.97268e-08
1.6 0
1.7 9.22144e-08
1.8 7.82014e-08
1.9 2.9649e-09
2 7.89145e-08
2.1 0
2.2 1.44209e-07
2.3 3.06553e-09
2.4 9.88023e-08
2.5 4.05425e-08
2.6 2.36582e-08
2.7 9.55209e-08
2.8 4.69851e-08
2.9 1.07937e-07
3 1.15541e-08
3.1 9.23747e-08
3.2 6.62401e-09
3.3 1.37561e-07
3.4 9.11221e-09
3.5 1.07366e-07
3.6 8.94502e-09
3.7 7.48451e-08
3.8 3.66114e-08
3.9 4.76681e-08
4 5.13834e-08
4.1 6.14475e-08
4.2 2.13933e-08
4.3 4.7334e-08
4.4 1.75663e-08
4.5 1.22824e-07
4.6 2.54671e-08
4.7 1.04595e-07
4.8 6.0308e-08
4.9 5.20205e-08
5 3.35591e-08
5.1 1.86298e-08
5.2 3.53325e-08
5.3 1.10268e-08
5.4 6.51336e-08
5.5 9.87311e-08
5.6 4.24819e-08
5.7 5.49819e-08
5.8 4.52525e-08
5.9 5.62534e-08
6 5.83563e-08
6.1 5.11023e-08
6.2 7.62249e-08
6.3 3.96515e-08
6.4 6.38842e-08
6.5 1.01223e-07
6.6 3.69221e-08
6.7 3.57063e-08
6.8 4.75993e-08
6.9 6.19166e-08
7 6.94095e-08
7.1 2.88586e-08
7.2 6.33288e-08
7.3 3.89535e-08
7.4 7.55853e-08
7.5 4.59122e-08
7.6 3.96919e-08
7.7 9.70369e-08
7.8 4.33868e-08
7.9 3.76681e-08
8 2.6424e-08
8.1 2.45694e-08
8.2 4.07339e-08
8.3 7.46557e-08
8.4 6.66704e-08
8.5 4.26703e-08
8.6 2.797e-08
8.7 1.12673e-07
8.8 3.81167e-08
8.9 4.93075e-08
9 4.69599e-08
9.1 2.8181e-08
9.2 9.39838e-08
9.3 3.34205e-08
9.4 4.17959e-08
9.5 5.73724e-08
9.6 3.21782e-08
9.7 5.40869e-08
9.8 2.82063e-08
9.9 2.51101e-08
10 5.01695e-08
10.1 4.19293e-08
10.2 4.61615e-08
10.3 5.04644e-08
10.4 9.52898e-08
10.5 4.45257e-08
10.6 4.98794e-08
10.7 1.85343e-08
10.8 3.32947e-08
10.9 3.83266e-08
11 6.6683e-08
11.1 3.77796e-08
11.2 3.73398e-08
11.3 7.22076e-08
11.4 6.12684e-08
11.5 1.03092e-07
11.6 4.2427e-08
11.7 7.58506e-08
11.8 4.65254e-08
11.9 3.68182e-08
12 7.4006e-08
12.1 2.45692e-08
12.2 1.73586e-08
12.3 7.81626e-08
12.4 5.96465e-08
12.5 3.7059e-08
12.6 2.98956e-08
12.7 2.05436e-08
12.8 3.6398e-08
12.9 9.53933e-08
13 4.39336e-08
13.1 3.26686e-08
13.2 2.40644e-08
13.3 7.06231e-08
13.4 5.43558e-08
13.5 6.6784e-08
13.6 3.76003e-08
13.7 4.44259e-08
13.8 4.28092e-08
13.9 3.43677e-08
14 3.79841e-08
14.1 3.67574e-08
14.2 2.73715e-08
14.3 3.33122e-08
14.4 3.14603e-08
14.5 2.36785e-08
14.6 2.58773e-08
14.7 1.2926e-08
14.8 1.22623e-08
14.9 1.41241e-08
15 1.07622e-08
15.1 5.60361e-09
15.2 5.94053e-09
15.3 1.75513e-09
15.4 1.28164e-09
15.5 1.17841e-09
15.6 2.07249e-09
15.7 0
15.8 0
15.9 0
16 0
16.1 0
16.2 0
16.3 0
16.4 0
16.5 0
16.6 0
16.7 0
16.8 0
16.9 0
17 0
17.1 0
17.2 0
17.3 0
17.4 0
17.5 0
17.6 0
17.7 0
17.8 0
17.9 0
18 0
18.1 0
18.2 0
