-2.2 0.0517468
-2.1 0.0516822
-2 0.0519085
-1.9 0.0535512
-1.8 0.0527213
-1.7 0.0528419
-1.6 0.0543782
-1.5 0.0534492
-1.4 0.0538944
-1.3 0.0548117
-1.2 0.0539444
-1.1 0.0544801
-1 0.0550099
-0.9 0.0546137
-0.8 0.055094
-0.7 0.0552707
-0.6 0.0546463
-0.5 0.0556553
-0.4 0.0556359
-0.3 0.0553085
-0.2 0.0560534
-0.1 0.0553143
-4.44089e-16 0.0564622
0.1 0.0560924
0.2 0.0559674
0.3 0.0568047
0.4 0.0564449
0.5 0.0571686
0.6 0.0569182
0.7 0.0564606
0.8 0.0574488
0.9 0.0568276
1 0.0573533
1.1 0.0576992
1.2 0.0574788
1.3 0.0581487
1.4 0.0573188
1.5 0.0578023
1.6 0.0577264
1.7 0.0577725
1.8 0.0582613
1.9 0.0575954
2 0.0581922
2.1 0.0579941
2.2 0.0582768
2.3 0.0585395
2.4 0.0586383
2.5 0.0589361
2.6 0.0585746
2.7 0.0591157
2.8 0.0588926
2.9 0.0598431
3 0.0597918
3.1 0.0598975
3.2 0.0597364
3.3 0.0602778
3.4 0.0600947
3.5 0.0602954
3.6 0.0604301
3.7 0.060172
3.8 0.0602215
3.9 0.0602987
4 0.0604856
4.1 0.0605415
4.2 0.0606499
4.3 0.0607306
4.4 0.0610558
4.5 0.0612074
4.6 0.0610237
4.7 0.0613876
4.8 0.0615987
4.9 0.0616582
5 0.061732
5.1 0.0619655
5.2 0.0619485
5.3 0.0616097
5.4 0.0618844
5.5 0.0620204
5.6 0.0624253
5.7 0.062314
5.8 0.0625688
5.9 0.0628139
6 0.0630123
6.1 0.0631993
6.2 0.0632136
6.3 0.0635628
6.4 0.0636689
6.5 0.0637574
6.6 0.06416
6.7 0.0644136
6.8 0.0644352
6.9 0.0647409
7 0.0649151
7.1 0.064992
7.2 0.0655269
7.3 0.0653978
7.4 0.0657435
7.5 0.0660946
7.6 0.066122
7.7 0.0663093
7.8 0.066515
7.9 0.0666913
8 0.0670201
8.1 0.0668274
8.2 0.0671822
8.3 0.0676725
8.4 0.0677722
8.5 0.0680865
8.6 0.0685578
8.7 0.0690095
8.8 0.0688482
8.9 0.0690817
9 0.0692862
9.1 0.0695001
9.2 0.0698634
9.3 0.0700853
9.4 0.0703773
9.5 0.0709178
9.6 0.0710977
9.7 0.0714884
9.8 0.0718507
9.9 0.0721505
10 0.0726608
10.1 0.072795
10.2 0.0733441
10.3 0.0738035
10.4 0.0742529
10.5 0.0747702
10.6 0.0752623
10.7 0.0755536
10.8 0.0763167
10.9 0.0769431
11 0.0773583
11.1 0.077884
11.2 0.0783621
11.3 0.0793048
11.4 0.080553
11.5 0.081096
11.6 0.0813753
11.7 0.0823601
11.8 0.0826938
11.9 0.0836621
12 0.0849956
12.1 0.0858646
12.2 0.086789
12.3 0.0874853
12.4 0.0886916
12.5 0.0896338
12.6 0.0908237
12.7 0.0923028
12.8 0.0932647
12.9 0.0948327
13 0.0961382
13.1 0.0979405
13.2 0.099611
13.3 0.101693
13.4 0.104034
13.5 0.106731
13.6 0.109019
13.7 0.11167
13.8 0.114901
13.9 0.118882
14 0.123101
14.1 0.12813
14.2 0.13398
14.3 0.140709
14.4 0.149247
14.5 0.160782
14.6 0.173952
14.7 0.189614
14.8 0.204804
14.9 0.214538
15 0.209791
15.1 0.186572
15.2 0.149146
15.3 0.101962
15.4 0.0594926
15.5 0.0299938
15.6 0.0131181
15.7 0.00477789
15.8 0.00155619
15.9 0.000442167
16 0.000133632
16.1 1.92463e-05
16.2 0
16.3 0
16.4 0
16.5 0
16.6 0
16.7 0
16.8 0
16.9 0
17 0
17.1 0
17.2 0
17.3 0
17.4 0
17.5 0
17.6 0
17.7 0
17.8 0
17.9 0
18 0
18.1 0
18.2 0
