-2.2 5.61532e-09
-2.1 0
-2 1.17144e-06
-1.9 1.59926e-06
-1.8 6.39633e-07
-1.7 1.39038e-06
-1.6 8.76181e-07
-1.5 3.13473e-07
-1.4 1.60536e-06
-1.3 5.8195e-07
-1.2 2.79543e-07
-1.1 1.15304e-06
-1 3.80881e-07
-0.9 2.40786e-07
-0.8 1.47863e-06
-0.7 1.15608e-06
-0.6 8.49959e-07
-0.5 1.05412e-06
-0.4 3.16041e-08
-0.3 1.74356e-06
-0.2 1.10445e-06
-0.1 3.06695e-07
-4.44089e-16 1.03367e-06
0.1 4.59309e-07
0.2 5.94724e-07
0.3 2.89151e-07
0.4 0
0.5 1.76758e-06
0.6 4.23603e-07
0.7 0
0.8 3.01916e-07
0.9 6.17893e-07
1 1.30205e-06
1.1 6.45219e-07
1.2 9.25651e-07
1.3 9.93901e-07
1.4 1.43441e-07
1.5 1.35151e-06
1.6 1.16879e-06
1.7 1.84558e-06
1.8 4.81066e-07
1.9 5.81775e-07
2 4.2446e-07
2.1 0
2.2 1.32223e-06
2.3 8.45452e-07
2.4 1.0668e-06
2.5 1.49681e-06
2.6 1.71673e-06
2.7 7.88876e-07
2.8 1.4871e-06
2.9 9.59044e-07
3 9.0151e-07
3.1 1.01597e-06
3.2 2.11679e-07
3.3 6.75847e-07
3.4 1.01417e-06
3.5 2.30855e-07
3.6 3.41767e-07
3.7 4.86309e-07
3.8 1.35268e-06
3.9 9.07802e-07
4 6.85355e-07
4.1 2.75724e-07
4.2 8.69844e-08
4.3 4.1875e-07
4.4 6.04819e-07
4.5 9.16343e-07
4.6 1.26978e-07
4.7 6.35388e-07
4.8 3.16434e-07
4.9 9.00794e-07
5 9.30898e-09
5.1 1.18763e-07
5.2 4.10507e-07
5.3 1.56995e-06
5.4 3.42875e-07
5.5 1.10282e-06
5.6 2.01355e-06
5.7 7.90285e-07
5.8 8.38601e-07
5.9 5.09118e-07
6 1.13885e-06
6.1 1.01255e-06
6.2 6.12222e-07
6.3 1.90236e-07
6.4 2.19815e-07
6.5 8.09227e-07
6.6 8.98152e-08
6.7 4.77206e-07
6.8 4.18801e-07
6.9 4.04424e-07
7 4.31051e-07
7.1 5.0582e-07
7.2 1.78111e-06
7.3 2.6553e-07
7.4 0
7.5 1.54365e-07
7.6 4.0813e-07
7.7 1.57173e-06
7.8 4.2979e-07
7.9 6.89248e-07
8 5.72708e-07
8.1 4.45753e-07
8.2 2.62364e-07
8.3 4.82182e-07
8.4 2.74947e-07
8.5 3.02167e-07
8.6 7.1373e-07
8.7 3.06441e-07
8.8 5.07601e-07
8.9 1.19992e-06
9 3.42118e-07
9.1 1.03494e-06
9.2 1.63228e-07
9.3 5.17669e-07
9.4 8.88819e-07
9.5 4.709e-07
9.6 3.55298e-07
9.7 6.94294e-07
9.8 6.64385e-07
9.9 6.71571e-07
10 6.49955e-07
10.1 4.48353e-07
10.2 6.92415e-07
10.3 6.158e-07
10.4 1.37975e-07
10.5 6.05301e-07
10.6 1.84608e-07
10.7 2.26571e-07
10.8 2.6724e-07
10.9 2.37906e-07
11 1.98804e-07
11.1 1.14544e-06
11.2 6.22527e-07
11.3 6.92903e-07
11.4 1.42809e-07
11.5 4.12474e-07
11.6 7.06779e-07
11.7 9.37285e-07
11.8 1.91319e-07
11.9 6.66688e-07
12 4.85118e-07
12.1 7.59193e-07
12.2 4.23301e-07
12.3 3.62603e-07
12.4 3.88025e-07
12.5 6.97966e-08
12.6 0
12.7 5.31514e-08
12.8 1.45769e-06
12.9 3.90253e-07
13 1.04182e-08
13.1 2.55172e-07
13.2 2.91993e-07
13.3 2.32739e-07
13.4 1.29083e-07
13.5 1.08039e-07
13.6 1.29512e-07
13.7 1.44976e-09
13.8 1.74907e-07
13.9 1.54823e-07
14 1.18088e-08
14.1 5.30888e-08
14.2 4.63877e-08
14.3 7.72668e-08
14.4 5.4835e-08
14.5 1.27322e-07
14.6 2.05514e-08
14.7 3.82473e-08
14.8 0
14.9 0
15 0
15.1 0
15.2 0
15.3 0
15.4 0
15.5 0
15.6 0
15.7 0
15.8 0
15.9 0
16 0
16.1 0
16.2 0
16.3 0
16.4 0
16.5 0
16.6 0
16.7 0
16.8 0
16.9 0
17 0
17.1 0
17.2 0
17.3 0
17.4 0
17.5 0
17.6 0
17.7 0
17.8 0
17.9 0
18 0
18.1 0
18.2 0
