-2.2 1.85883e-05
-2.1 8.49067e-07
-2 3.43178e-05
-1.9 0.000174037
-1.8 2.53254e-06
-1.7 7.28137e-05
-1.6 0.000134117
-1.5 2.90688e-06
-1.4 0.000130625
-1.3 7.66973e-05
-1.2 1.39025e-06
-1.1 0.00015891
-1 3.26628e-05
-0.9 1.7162e-06
-0.8 0.000174683
-0.7 1.2056e-05
-0.6 3.4007e-06
-0.5 0.000174867
-0.4 8.38471e-06
-0.3 6.48433e-05
-0.2 8.46911e-05
-0.1 3.51843e-06
-4.44089e-16 0.000143891
0.1 2.13842e-06
0.2 0.000143491
0.3 1.84552e-05
0.4 3.37859e-06
0.5 0.000156088
0.6 8.22524e-06
0.7 9.1246e-06
0.8 0.000157729
0.9 4.46419e-06
1 0.000145983
1.1 1.02009e-05
1.2 2.13327e-05
1.3 0.000133209
1.4 5.0211e-06
1.5 0.000139681
1.6 1.01939e-05
1.7 7.573e-05
1.8 7.46179e-05
1.9 1.10099e-05
2 0.000127305
2.1 7.6623e-06
2.2 0.000123976
2.3 1.39439e-05
2.4 8.9532e-05
2.5 5.32923e-05
2.6 4.2306e-05
2.7 9.5202e-05
2.8 2.28548e-05
2.9 0.000110382
3 1.77207e-05
3.1 0.000115885
3.2 1.83679e-05
3.3 9.7006e-05
3.4 2.37486e-05
3.5 8.61333e-05
3.6 3.04829e-05
3.7 7.37141e-05
3.8 4.16628e-05
3.9 8.41342e-05
4 4.15077e-05
4.1 7.04095e-05
4.2 4.79578e-05
4.3 7.43897e-05
4.4 4.27843e-05
4.5 6.84469e-05
4.6 4.03834e-05
4.7 6.59359e-05
4.8 5.13247e-05
4.9 6.59641e-05
5 4.70962e-05
5.1 4.90268e-05
5.2 4.49298e-05
5.3 5.04265e-05
5.4 5.81605e-05
5.5 4.59668e-05
5.6 5.37013e-05
5.7 5.32087e-05
5.8 5.07671e-05
5.9 5.06307e-05
6 5.2764e-05
6.1 6.27655e-05
6.2 4.59093e-05
6.3 4.59831e-05
6.4 5.3366e-05
6.5 5.13776e-05
6.6 5.29666e-05
6.7 6.04837e-05
6.8 5.07888e-05
6.9 5.63668e-05
7 5.46222e-05
7.1 4.66847e-05
7.2 4.96265e-05
7.3 4.48927e-05
7.4 4.30048e-05
7.5 4.81577e-05
7.6 4.83586e-05
7.7 5.30193e-05
7.8 4.32753e-05
7.9 4.68836e-05
8 4.87558e-05
8.1 4.81918e-05
8.2 5.18603e-05
8.3 4.41361e-05
8.4 4.59088e-05
8.5 4.7039e-05
8.6 4.80453e-05
8.7 4.90352e-05
8.8 4.95212e-05
8.9 4.15003e-05
9 4.10104e-05
9.1 4.53392e-05
9.2 4.32827e-05
9.3 4.41862e-05
9.4 4.84623e-05
9.5 3.98709e-05
9.6 4.46691e-05
9.7 4.24639e-05
9.8 4.52611e-05
9.9 4.60246e-05
10 4.5508e-05
10.1 4.04929e-05
10.2 4.10803e-05
10.3 4.32599e-05
10.4 4.48661e-05
10.5 4.34784e-05
10.6 4.21687e-05
10.7 3.78879e-05
10.8 4.00321e-05
10.9 3.50339e-05
11 4.27757e-05
11.1 4.54667e-05
11.2 3.66435e-05
11.3 4.28049e-05
11.4 3.92705e-05
11.5 4.29355e-05
11.6 3.75048e-05
11.7 3.47545e-05
11.8 3.75755e-05
11.9 3.50256e-05
12 4.05367e-05
12.1 3.34525e-05
12.2 3.16074e-05
12.3 3.54496e-05
12.4 3.53583e-05
12.5 3.01723e-05
12.6 3.50412e-05
12.7 3.81981e-05
12.8 3.42786e-05
12.9 3.46108e-05
13 2.70896e-05
13.1 3.11084e-05
13.2 2.98253e-05
13.3 3.06371e-05
13.4 3.50705e-05
13.5 2.95106e-05
13.6 2.78713e-05
13.7 3.08818e-05
13.8 3.05074e-05
13.9 2.65049e-05
14 2.59428e-05
14.1 2.46836e-05
14.2 2.38225e-05
14.3 2.41755e-05
14.4 2.02301e-05
14.5 1.56329e-05
14.6 1.21378e-05
14.7 9.60311e-06
14.8 6.13529e-06
14.9 3.29893e-06
15 1.28456e-06
15.1 4.90982e-07
15.2 2.09453e-07
15.3 2.90306e-08
15.4 6.39235e-08
15.5 0
15.6 0
15.7 0
15.8 0
15.9 0
16 0
16.1 0
16.2 0
16.3 0
16.4 0
16.5 0
16.6 0
16.7 0
16.8 0
16.9 0
17 0
17.1 0
17.2 0
17.3 0
17.4 0
17.5 0
17.6 0
17.7 0
17.8 0
17.9 0
18 0
18.1 0
18.2 0
