-2.2 0.00151548
-2.1 0
-2 1.62774e-05
-1.9 0.000504686
-1.8 3.99908e-07
-1.7 0.00035231
-1.6 0.00046474
-1.5 6.61107e-07
-1.4 0.000416672
-1.3 6.51543e-05
-1.2 0
-1.1 0.000618383
-1 7.42969e-05
-0.9 2.95068e-05
-0.8 0.000525544
-0.7 3.66534e-06
-0.6 9.70054e-07
-0.5 0.000651423
-0.4 3.0178e-05
-0.3 0.000174612
-0.2 0.000372407
-0.1 7.96305e-07
-4.44089e-16 0.000439881
0.1 1.3053e-05
0.2 0.000452063
0.3 0.000207996
0.4 9.42367e-07
0.5 0.000434776
0.6 1.34603e-06
0.7 4.44285e-07
0.8 0.000534829
0.9 3.66058e-05
1 0.000486782
1.1 1.55455e-05
1.2 2.7405e-05
1.3 0.000368609
1.4 4.81744e-06
1.5 0.000348673
1.6 0
1.7 0.000385608
1.8 0.000257426
1.9 1.51361e-05
2 0.000316895
2.1 1.11537e-06
2.2 0.000513854
2.3 2.07113e-05
2.4 0.00033864
2.5 0.000155229
2.6 0.000109892
2.7 0.000315419
2.8 0.000156437
2.9 0.000389621
3 4.72935e-05
3.1 0.000363912
3.2 4.04289e-05
3.3 0.000379377
3.4 4.05734e-05
3.5 0.000383557
3.6 4.73739e-05
3.7 0.000271128
3.8 0.00017447
3.9 0.000219835
4 0.000199665
4.1 0.000225994
4.2 0.000104066
4.3 0.000184699
4.4 7.6961e-05
4.5 0.000363616
4.6 0.000123814
4.7 0.00032947
4.8 0.000214595
4.9 0.000183967
5 0.000158289
5.1 9.66733e-05
5.2 0.000166499
5.3 5.87093e-05
5.4 0.000196404
5.5 0.000272781
5.6 0.000161696
5.7 0.000150282
5.8 0.000174429
5.9 0.000204502
6 0.000235524
6.1 0.000176526
6.2 0.000228656
6.3 0.00016416
6.4 0.000233238
6.5 0.000268461
6.6 0.000143721
6.7 0.000157923
6.8 0.000165487
6.9 0.000173729
7 0.000232514
7.1 0.000151427
7.2 0.000199821
7.3 0.000157258
7.4 0.000307708
7.5 0.000196904
7.6 0.000165909
7.7 0.000317593
7.8 0.00015333
7.9 0.000152177
8 0.00012651
8.1 0.0001361
8.2 0.000182258
8.3 0.000291268
8.4 0.000223019
8.5 0.00016823
8.6 0.000116113
8.7 0.000284335
8.8 0.000138967
8.9 0.000167348
9 0.000185633
9.1 0.000148252
9.2 0.000242766
9.3 0.000153965
9.4 0.000194619
9.5 0.000233165
9.6 0.000114215
9.7 0.000238927
9.8 0.000111021
9.9 0.000124595
10 0.000171287
10.1 0.000133442
10.2 0.000202325
10.3 0.000200625
10.4 0.000333889
10.5 0.000180489
10.6 0.000201602
10.7 0.000107502
10.8 0.000163167
10.9 0.000186378
11 0.00025885
11.1 0.000182701
11.2 0.000186398
11.3 0.000272444
11.4 0.000295046
11.5 0.000395265
11.6 0.000162929
11.7 0.00026957
11.8 0.000215953
11.9 0.000165141
12 0.000306173
12.1 0.000117951
12.2 9.40929e-05
12.3 0.000318884
12.4 0.000210942
12.5 0.000138813
12.6 0.000136786
12.7 0.000120165
12.8 0.000174233
12.9 0.000308834
13 0.00017804
13.1 0.000182546
13.2 0.000136639
13.3 0.000258001
13.4 0.000279565
13.5 0.000290005
13.6 0.000202497
13.7 0.000234689
13.8 0.000215996
13.9 0.000174713
14 0.000200744
14.1 0.000169874
14.2 0.000151961
14.3 0.000195564
14.4 0.000192952
14.5 0.000140892
14.6 0.000153425
14.7 8.2437e-05
14.8 9.10909e-05
14.9 9.1122e-05
15 7.56281e-05
15.1 3.72344e-05
15.2 3.90776e-05
15.3 1.16203e-05
15.4 8.29868e-06
15.5 7.9664e-06
15.6 1.10728e-05
15.7 0
15.8 0
15.9 0
16 0
16.1 0
16.2 0
16.3 0
16.4 0
16.5 0
16.6 0
16.7 0
16.8 0
16.9 0
17 0
17.1 0
17.2 0
17.3 0
17.4 0
17.5 0
17.6 0
17.7 0
17.8 0
17.9 0
18 0
18.1 0
18.2 0
