-2.2 0.0100908
-2.1 0.0100837
-2 0.0100785
-1.9 0.0101048
-1.8 0.0100845
-1.7 0.0100737
-1.6 0.0100972
-1.5 0.0100738
-1.4 0.0100653
-1.3 0.0100845
-1.2 0.0100522
-1.1 0.010043
-1 0.0100439
-0.9 0.0100195
-0.8 0.0100137
-0.7 0.0100115
-0.6 0.00998869
-0.5 0.00999171
-0.4 0.00998498
-0.3 0.00996201
-0.2 0.00996475
-0.1 0.00993026
-4.44089e-16 0.00993151
0.1 0.00990947
0.2 0.00989781
0.3 0.0098877
0.4 0.00986567
0.5 0.00985148
0.6 0.00982928
0.7 0.00980806
0.8 0.00980913
0.9 0.00978126
1 0.00977032
1.1 0.0097684
1.2 0.0097421
1.3 0.00973844
1.4 0.00970385
1.5 0.0096975
1.6 0.00967676
1.7 0.00965539
1.8 0.00964925
1.9 0.00962267
2 0.00961743
2.1 0.00959998
2.2 0.00959147
2.3 0.00958855
2.4 0.00956638
2.5 0.00954733
2.6 0.00952184
2.7 0.00951164
2.8 0.00949424
2.9 0.00949617
3 0.00948157
3.1 0.00946849
3.2 0.00944729
3.3 0.00943315
3.4 0.00941561
3.5 0.00939443
3.6 0.00936793
3.7 0.00934299
3.8 0.00932015
3.9 0.00929098
4 0.00927851
4.1 0.00926333
4.2 0.00924248
4.3 0.00922636
4.4 0.00920809
4.5 0.00919498
4.6 0.00917464
4.7 0.00915886
4.8 0.0091472
4.9 0.00912737
5 0.00910344
5.1 0.009083
5.2 0.00906217
5.3 0.0090348
5.4 0.00901495
5.5 0.00900104
5.6 0.00898703
5.7 0.0089669
5.8 0.00895132
5.9 0.00893103
6 0.00891402
6.1 0.00890003
6.2 0.00888229
6.3 0.0088737
6.4 0.00886207
6.5 0.00884733
6.6 0.00882975
6.7 0.00881155
6.8 0.00879722
6.9 0.00878509
7 0.00875965
7.1 0.00873844
7.2 0.00871956
7.3 0.00869535
7.4 0.00867533
7.5 0.0086572
7.6 0.00864267
7.7 0.00861502
7.8 0.00859001
7.9 0.00857203
8 0.00855096
8.1 0.00852634
8.2 0.00850855
8.3 0.00848996
8.4 0.00846748
8.5 0.00844899
8.6 0.0084326
8.7 0.00841341
8.8 0.00838979
8.9 0.00836841
9 0.00834688
9.1 0.00832311
9.2 0.00829961
9.3 0.00827426
9.4 0.00825589
9.5 0.00823506
9.6 0.0082184
9.7 0.0081999
9.8 0.00817922
9.9 0.00816018
10 0.00814126
10.1 0.00812126
10.2 0.00809747
10.3 0.0080812
10.4 0.00805485
10.5 0.00803368
10.6 0.00801283
10.7 0.00799452
10.8 0.00798025
10.9 0.00795999
11 0.00793826
11.1 0.00791473
11.2 0.00789789
11.3 0.00787812
11.4 0.00786098
11.5 0.00783501
11.6 0.00780969
11.7 0.00779115
11.8 0.00776703
11.9 0.00775332
12 0.00773862
12.1 0.00770571
12.2 0.00767736
12.3 0.00764667
12.4 0.00762314
12.5 0.00759809
12.6 0.00757245
12.7 0.00754409
12.8 0.00751127
12.9 0.00748267
13 0.00745126
13.1 0.0074262
13.2 0.0074019
13.3 0.0073814
13.4 0.00735971
13.5 0.007333
13.6 0.00729709
13.7 0.00726081
13.8 0.00722574
13.9 0.00719507
14 0.00716223
14.1 0.00712945
14.2 0.00708946
14.3 0.00703422
14.4 0.00697747
14.5 0.00691417
14.6 0.00678688
14.7 0.00658988
14.8 0.00624381
14.9 0.00567813
15 0.00484045
15.1 0.0037896
15.2 0.00267198
15.3 0.00165084
15.4 0.000883677
15.5 0.000416624
15.6 0.0001684
15.7 5.82955e-05
15.8 1.88854e-05
15.9 4.89183e-06
16 1.3301e-06
16.1 1.43035e-07
16.2 0
16.3 0
16.4 0
16.5 0
16.6 0
16.7 0
16.8 0
16.9 0
17 0
17.1 0
17.2 0
17.3 0
17.4 0
17.5 0
17.6 0
17.7 0
17.8 0
17.9 0
18 0
18.1 0
18.2 0
