-2.2 3.06907e-07
-2.1 0
-2 6.63436e-07
-1.9 6.00964e-07
-1.8 0
-1.7 7.76161e-07
-1.6 1.74823e-07
-1.5 0
-1.4 1.13171e-06
-1.3 1.37683e-07
-1.2 1.72261e-08
-1.1 1.27898e-06
-1 1.44541e-07
-0.9 4.17977e-09
-0.8 9.43579e-07
-0.7 2.03212e-09
-0.6 7.2339e-08
-0.5 1.38645e-06
-0.4 2.44684e-08
-0.3 1.06264e-06
-0.2 7.28994e-07
-0.1 3.2425e-10
-4.44089e-16 1.42501e-06
0.1 6.5782e-09
0.2 1.02213e-06
0.3 1.32664e-08
0.4 0
0.5 1.03075e-06
0.6 1.4999e-07
0.7 1.86789e-08
0.8 9.28902e-07
0.9 1.48527e-07
1 1.40056e-06
1.1 5.37693e-08
1.2 6.50695e-07
1.3 4.8043e-07
1.4 1.6141e-08
1.5 8.63893e-07
1.6 1.28179e-08
1.7 6.16928e-07
1.8 1.35318e-07
1.9 5.67208e-07
2 6.99437e-07
2.1 4.29714e-08
2.2 7.38717e-07
2.3 1.26856e-07
2.4 1.10046e-06
2.5 4.67249e-08
2.6 4.01785e-07
2.7 2.41974e-07
2.8 3.43915e-07
2.9 3.23172e-07
3 2.11604e-07
3.1 3.16958e-07
3.2 1.66327e-07
3.3 4.75871e-07
3.4 2.88785e-07
3.5 5.80914e-07
3.6 1.39911e-07
3.7 4.96765e-07
3.8 1.24602e-07
3.9 3.389e-07
4 1.43104e-07
4.1 4.39398e-07
4.2 3.03337e-07
4.3 3.06356e-07
4.4 3.27265e-07
4.5 4.9215e-07
4.6 6.76057e-07
4.7 2.2404e-07
4.8 4.06554e-07
4.9 4.68838e-07
5 3.62812e-07
5.1 4.61178e-07
5.2 4.26199e-07
5.3 7.16573e-07
5.4 3.08048e-07
5.5 2.83559e-07
5.6 3.83246e-07
5.7 4.8162e-07
5.8 5.12985e-07
5.9 3.76601e-07
6 3.19245e-07
6.1 3.35402e-07
6.2 3.79913e-07
6.3 2.7699e-07
6.4 1.93493e-07
6.5 5.37202e-07
6.6 5.33743e-07
6.7 5.94592e-07
6.8 3.80769e-07
6.9 4.17379e-07
7 3.28182e-07
7.1 5.0867e-07
7.2 3.34909e-07
7.3 6.0863e-07
7.4 2.55011e-07
7.5 4.55429e-07
7.6 3.67704e-07
7.7 2.97934e-07
7.8 2.56059e-07
7.9 3.2739e-07
8 3.99357e-07
8.1 4.21112e-07
8.2 2.65e-07
8.3 1.98384e-07
8.4 2.61501e-07
8.5 1.06458e-07
8.6 3.19191e-07
8.7 2.83578e-07
8.8 6.88626e-07
8.9 3.07192e-07
9 3.64912e-07
9.1 1.86393e-07
9.2 6.36054e-07
9.3 4.40699e-07
9.4 3.33826e-07
9.5 3.3366e-07
9.6 2.57223e-07
9.7 2.79704e-07
9.8 2.00151e-07
9.9 3.08569e-07
10 4.8994e-07
10.1 2.27262e-07
10.2 2.10838e-07
10.3 5.30623e-07
10.4 3.30301e-07
10.5 2.83633e-07
10.6 2.75121e-07
10.7 2.44533e-07
10.8 2.03167e-07
10.9 2.78253e-07
11 4.80784e-07
11.1 4.24921e-07
11.2 2.96955e-07
11.3 4.92427e-07
11.4 4.96236e-07
11.5 3.65925e-07
11.6 2.91655e-07
11.7 2.1642e-07
11.8 3.68793e-07
11.9 2.81257e-07
12 2.77152e-07
12.1 2.458e-07
12.2 4.07082e-07
12.3 3.0857e-07
12.4 4.5884e-07
12.5 2.92555e-07
12.6 2.10585e-07
12.7 3.22142e-07
12.8 2.60134e-07
12.9 2.64477e-07
13 4.76691e-07
13.1 2.48699e-07
13.2 2.78612e-07
13.3 2.44476e-07
13.4 2.09171e-07
13.5 3.19651e-07
13.6 3.41089e-07
13.7 3.16733e-07
13.8 4.96782e-07
13.9 3.34833e-07
14 2.92917e-07
14.1 3.87067e-07
14.2 4.27431e-07
14.3 4.99884e-07
14.4 5.03507e-07
14.5 3.02206e-07
14.6 3.12913e-07
14.7 3.50383e-07
14.8 1.48702e-07
14.9 1.39239e-07
15 3.41325e-08
15.1 5.20669e-09
15.2 8.00848e-09
15.3 7.36852e-10
15.4 0
15.5 0
15.6 0
15.7 0
15.8 0
15.9 0
16 0
16.1 0
16.2 0
16.3 0
16.4 0
16.5 0
16.6 0
16.7 0
16.8 0
16.9 0
17 0
17.1 0
17.2 0
17.3 0
17.4 0
17.5 0
17.6 0
17.7 0
17.8 0
17.9 0
18 0
18.1 0
18.2 0
