-2.2 5.3587
-2.1 5.35865
-2 5.37045
-1.9 5.41609
-1.8 5.41617
-1.7 5.48264
-1.6 5.4862
-1.5 5.45646
-1.4 5.54319
-1.3 5.56175
-1.2 5.53771
-1.1 5.60391
-1 5.58117
-0.9 5.56953
-0.8 5.71882
-0.7 5.63531
-0.6 5.62763
-0.5 5.75655
-0.4 5.67913
-0.3 5.73875
-0.2 6.52126
-0.1 6.47127
-4.44089e-16 6.60171
0.1 6.5448
0.2 6.59522
0.3 5.83492
0.4 5.82585
0.5 5.88657
0.6 5.87772
0.7 5.88528
0.8 5.99841
0.9 5.92133
1 6.01824
1.1 5.96874
1.2 5.98954
1.3 6.04907
1.4 6.0146
1.5 6.1599
1.6 6.08831
1.7 6.16698
1.8 6.14198
1.9 6.16118
2 6.23231
2.1 6.17015
2.2 6.28923
2.3 6.25058
2.4 6.31415
2.5 6.28894
2.6 6.36058
2.7 6.33252
2.8 6.37126
2.9 6.40073
3 6.39815
3.1 6.43798
3.2 6.43673
3.3 6.47173
3.4 6.46054
3.5 6.53889
3.6 6.51466
3.7 6.58274
3.8 6.56616
3.9 6.64067
4 6.65096
4.1 6.69662
4.2 6.6768
4.3 6.73444
4.4 6.74911
4.5 6.79729
4.6 6.81504
4.7 6.83467
4.8 6.84688
4.9 6.90145
5 6.94174
5.1 6.94861
5.2 7.01958
5.3 7.02359
5.4 7.04289
5.5 7.06744
5.6 7.13412
5.7 7.14298
5.8 7.20885
5.9 7.21121
6 7.2605
6.1 7.28865
6.2 7.36409
6.3 7.39811
6.4 7.40366
6.5 7.44192
6.6 7.4586
6.7 7.48962
6.8 7.57971
6.9 7.62135
7 7.63665
7.1 7.69035
7.2 7.72986
7.3 7.75553
7.4 7.77859
7.5 7.87343
7.6 7.91975
7.7 7.95238
7.8 8.00544
7.9 8.03289
8 8.08684
8.1 8.11073
8.2 8.15184
8.3 8.18691
8.4 8.26645
8.5 8.36036
8.6 8.3695
8.7 8.40355
8.8 8.48158
8.9 8.56506
9 8.62727
9.1 8.6933
9.2 8.79273
9.3 8.83061
9.4 8.89725
9.5 8.95383
9.6 9.03924
9.7 9.08035
9.8 9.16653
9.9 9.24979
10 9.3829
10.1 9.43421
10.2 9.45705
10.3 9.57939
10.4 9.71133
10.5 9.7642
10.6 9.83187
10.7 9.94933
10.8 10.0649
10.9 10.2001
11 10.2831
11.1 10.4286
11.2 10.5587
11.3 10.6556
11.4 10.8035
11.5 10.9487
11.6 11.1136
11.7 11.2616
11.8 11.4112
11.9 11.5446
12 11.7226
12.1 11.92
12.2 12.0576
12.3 12.2597
12.4 12.4538
12.5 12.698
12.6 12.9242
12.7 13.1848
12.8 13.4611
12.9 13.73
13 14.0336
13.1 14.3707
13.2 14.6985
13.3 15.0904
13.4 15.5273
13.5 16.0001
13.6 16.5181
13.7 17.1323
13.8 17.7886
13.9 18.603
14 19.5179
14.1 20.6921
14.2 22.0777
14.3 24.0386
14.4 26.7881
14.5 30.4435
14.6 35.3018
14.7 41.3271
14.8 47.8812
14.9 54.6522
15 61.0712
15.1 68.1393
15.2 74.7174
15.3 80.5403
15.4 85.7282
15.5 93.8812
15.6 94.3562
15.7 90.2725
15.8 95.159
15.9 165.713
16 0
16.1 0
16.2 0
16.3 0
16.4 0
16.5 0
16.6 0
16.7 0
16.8 0
16.9 0
17 0
17.1 0
17.2 0
17.3 0
17.4 0
17.5 0
17.6 0
17.7 0
17.8 0
17.9 0
18 0
18.1 0
18.2 0
