-2.2 0.0535044
-2.1 0.0516822
-2 0.052131
-1.9 0.0555843
-1.8 0.0527412
-1.7 0.0537049
-1.6 0.0560704
-1.5 0.0534768
-1.4 0.0552694
-1.3 0.0555
-1.2 0.0540201
-1.1 0.0568873
-1 0.0553302
-0.9 0.0546885
-0.8 0.0568725
-0.7 0.0553892
-0.6 0.0547467
-0.5 0.0576734
-0.4 0.0557087
-0.3 0.0562334
-0.2 0.0574477
-0.1 0.0553598
-4.44089e-16 0.0580184
0.1 0.0562016
0.2 0.0576459
0.3 0.0572914
0.4 0.0564929
0.5 0.0587188
0.6 0.05704
0.7 0.0565323
0.8 0.0592958
0.9 0.0569288
1 0.0593865
1.1 0.0578609
1.2 0.0575806
1.3 0.0595192
1.4 0.0573786
1.5 0.05964
1.6 0.057799
1.7 0.0589117
1.8 0.059237
1.9 0.0577927
2 0.0594325
2.1 0.0579952
2.2 0.059891
2.3 0.0586234
2.4 0.0596473
2.5 0.0595622
2.6 0.0591442
2.7 0.0601921
2.8 0.0594041
2.9 0.0612991
3 0.0599526
3.1 0.0610028
3.2 0.059953
3.3 0.0616926
3.4 0.0602491
3.5 0.0614682
3.6 0.0607919
3.7 0.0609897
3.8 0.0608279
3.9 0.0611947
4 0.0613645
4.1 0.0614265
4.2 0.0611765
4.3 0.0614587
4.4 0.0614517
4.5 0.0621489
4.6 0.061403
4.7 0.0625485
4.8 0.0622093
4.9 0.0623488
5 0.0623318
5.1 0.0625096
5.2 0.0626368
5.3 0.0619025
5.4 0.062475
5.5 0.0628931
5.6 0.0631303
5.7 0.0629039
5.8 0.0633185
5.9 0.0633243
6 0.0636609
6.1 0.0638443
6.2 0.0637894
6.3 0.0642294
6.4 0.0644593
6.5 0.0645395
6.6 0.0648066
6.7 0.0651526
6.8 0.0651153
6.9 0.0654455
7 0.0656523
7.1 0.0656447
7.2 0.0663868
7.3 0.0659923
7.4 0.066608
7.5 0.0666505
7.6 0.0667719
7.7 0.0669868
7.8 0.0671044
7.9 0.0673846
8 0.0674375
8.1 0.0674823
8.2 0.0680112
8.3 0.068438
8.4 0.068268
8.5 0.0687299
8.6 0.0690992
8.7 0.0696987
8.8 0.0693737
8.9 0.0697177
9 0.0701389
9.1 0.0701372
9.2 0.070451
9.3 0.0706675
9.4 0.0711871
9.5 0.0717468
9.6 0.0715702
9.7 0.0721842
9.8 0.0722393
9.9 0.0726295
10 0.0730521
10.1 0.0732222
10.2 0.074074
10.3 0.0744772
10.4 0.0750548
10.5 0.0754332
10.6 0.0757985
10.7 0.0760118
10.8 0.0769354
10.9 0.0774006
11 0.077992
11.1 0.0783818
11.2 0.0789894
11.3 0.0801355
11.4 0.0814258
11.5 0.0819999
11.6 0.0820434
11.7 0.0829578
11.8 0.083396
11.9 0.084257
12 0.0856708
12.1 0.0864046
12.2 0.087343
12.3 0.0881119
12.4 0.0894391
12.5 0.0901017
12.6 0.0912463
12.7 0.0928812
12.8 0.0937077
12.9 0.0956708
13 0.0967971
13.1 0.0987062
13.2 0.100256
13.3 0.102384
13.4 0.104778
13.5 0.107421
13.6 0.109706
13.7 0.112274
13.8 0.115559
13.9 0.119403
14 0.123853
14.1 0.128663
14.2 0.13445
14.3 0.141536
14.4 0.149958
14.5 0.161414
14.6 0.174827
14.7 0.190192
14.8 0.205325
14.9 0.215001
15 0.210221
15.1 0.186758
15.2 0.149284
15.3 0.101981
15.4 0.0595219
15.5 0.0300076
15.6 0.0131309
15.7 0.00477789
15.8 0.00155619
15.9 0.000442167
16 0.000133632
16.1 1.92463e-05
16.2 0
16.3 0
16.4 0
16.5 0
16.6 0
16.7 0
16.8 0
16.9 0
17 0
17.1 0
17.2 0
17.3 0
17.4 0
17.5 0
17.6 0
17.7 0
17.8 0
17.9 0
18 0
18.1 0
18.2 0
