-2.2 3.74903
-2.1 3.74917
-2 3.80251
-1.9 3.981
-1.8 3.84966
-1.7 3.90392
-1.6 3.96319
-1.5 3.88833
-1.4 4.00634
-1.3 4.06647
-1.2 3.97929
-1.1 4.10897
-1 4.09738
-0.9 4.0721
-0.8 4.22873
-0.7 4.10871
-0.6 4.08869
-0.5 4.25099
-0.4 4.17992
-0.3 4.21852
-0.2 4.29303
-0.1 4.21148
-4.44089e-16 4.38169
0.1 4.27473
0.2 4.36007
0.3 4.3346
0.4 4.29679
0.5 4.41911
0.6 4.37956
0.7 4.38526
0.8 4.47724
0.9 4.4247
1 4.52246
1.1 4.515
1.2 4.50764
1.3 4.58679
1.4 4.51908
1.5 4.61471
1.6 4.54202
1.7 4.59558
1.8 4.57434
1.9 4.61245
2 4.72924
2.1 4.63414
2.2 4.70823
2.3 4.68696
2.4 4.73228
2.5 4.69623
2.6 4.74348
2.7 4.82556
2.8 4.81945
2.9 4.8754
3 4.89886
3.1 4.93928
3.2 4.94814
3.3 5.06127
3.4 5.00708
3.5 5.00748
3.6 5.03982
3.7 5.0854
3.8 5.04071
3.9 5.09266
4 5.12687
4.1 5.13016
4.2 5.11942
4.3 5.179
4.4 5.1892
4.5 5.22573
4.6 5.25274
4.7 5.26131
4.8 5.30607
4.9 5.35267
5 5.34195
5.1 5.37437
5.2 5.38361
5.3 5.40264
5.4 5.48315
5.5 5.49154
5.6 5.50678
5.7 5.51482
5.8 5.55449
5.9 5.57156
6 5.59589
6.1 5.64063
6.2 5.7159
6.3 5.68367
6.4 5.66674
6.5 5.72522
6.6 5.84616
6.7 5.87329
6.8 5.8902
6.9 5.90893
7 5.9495
7.1 6.02755
7.2 6.05578
7.3 6.07776
7.4 6.0996
7.5 6.1016
7.6 6.1351
7.7 6.19203
7.8 6.21252
7.9 6.26889
8 6.33828
8.1 6.35956
8.2 6.4123
8.3 6.44617
8.4 6.51098
8.5 6.50618
8.6 6.65043
8.7 6.64309
8.8 6.70789
8.9 6.7768
9 6.73674
9.1 6.84527
9.2 6.89629
9.3 6.98005
9.4 7.01248
9.5 7.04786
9.6 7.12071
9.7 7.22299
9.8 7.22232
9.9 7.27954
10 7.36881
10.1 7.42768
10.2 7.49978
10.3 7.61239
10.4 7.68745
10.5 7.73296
10.6 7.80673
10.7 7.90868
10.8 7.9728
10.9 8.1168
11 8.206
11.1 8.34326
11.2 8.45481
11.3 8.57014
11.4 8.6677
11.5 8.74953
11.6 8.85187
11.7 9.01327
11.8 9.19469
11.9 9.34284
12 9.49614
12.1 9.62212
12.2 9.8104
12.3 9.97273
12.4 10.2087
12.5 10.4289
12.6 10.566
12.7 10.8589
12.8 11.108
12.9 11.4428
13 11.7229
13.1 12.0722
13.2 12.4101
13.3 12.7844
13.4 13.2956
13.5 13.7824
13.6 14.3104
13.7 14.9844
13.8 15.7466
13.9 16.7407
14 17.8845
14.1 19.1551
14.2 20.9871
14.3 23.3762
14.4 26.6658
14.5 31.1485
14.6 36.9699
14.7 44.5218
14.8 53.0025
14.9 62.8169
15 72.9964
15.1 83.541
15.2 91.6125
15.3 101.747
15.4 109.037
15.5 114.624
15.6 121.789
15.7 121.418
15.8 153.773
15.9 851.711
16 0
16.1 0
16.2 0
16.3 0
16.4 0
16.5 0
16.6 0
16.7 0
16.8 0
16.9 0
17 0
17.1 0
17.2 0
17.3 0
17.4 0
17.5 0
17.6 0
17.7 0
17.8 0
17.9 0
18 0
18.1 0
18.2 0
