-2.2 1.9018e-07
-2.1 0
-2 1.04653e-07
-1.9 1.3322e-06
-1.8 0
-1.7 3.9137e-07
-1.6 8.73136e-07
-1.5 0
-1.4 9.27497e-07
-1.3 6.8669e-07
-1.2 3.28773e-08
-1.1 1.51337e-06
-1 1.84864e-07
-0.9 0
-0.8 1.04992e-06
-0.7 4.30272e-09
-0.6 7.77116e-09
-0.5 1.30649e-06
-0.4 1.02955e-08
-0.3 6.54956e-07
-0.2 6.60658e-07
-0.1 6.08112e-10
-4.44089e-16 8.98248e-07
0.1 5.97365e-08
0.2 9.71066e-07
0.3 1.36427e-07
0.4 0
0.5 6.0516e-07
0.6 0
0.7 0
0.8 8.24129e-07
0.9 1.37544e-08
1 1.14236e-06
1.1 1.09169e-07
1.2 4.445e-08
1.3 8.06072e-07
1.4 1.29366e-08
1.5 1.14416e-06
1.6 7.63712e-09
1.7 6.57387e-07
1.8 6.4093e-07
1.9 4.43287e-08
2 5.68453e-07
2.1 0
2.2 7.59346e-07
2.3 6.33698e-08
2.4 5.71214e-07
2.5 2.55726e-07
2.6 4.11188e-07
2.7 5.40852e-07
2.8 1.90743e-07
2.9 7.92696e-07
3 4.05449e-08
3.1 4.56136e-07
3.2 9.94293e-08
3.3 7.38151e-07
3.4 1.61616e-08
3.5 5.28099e-07
3.6 2.64649e-07
3.7 3.77002e-07
3.8 2.4642e-07
3.9 4.92715e-07
4 4.36855e-07
4.1 4.70773e-07
4.2 3.04483e-07
4.3 2.68574e-07
4.4 2.21325e-07
4.5 6.33162e-07
4.6 1.70794e-07
4.7 5.43538e-07
4.8 2.44686e-07
4.9 2.9649e-07
5 3.59955e-07
5.1 3.18869e-07
5.2 4.60869e-07
5.3 7.60022e-08
5.4 2.62401e-07
5.5 4.3386e-07
5.6 4.91425e-07
5.7 3.45029e-07
5.8 3.39585e-07
5.9 2.09776e-07
6 2.76779e-07
6.1 2.77931e-07
6.2 2.08658e-07
6.3 3.22518e-07
6.4 4.34128e-07
6.5 4.79e-07
6.6 3.49526e-07
6.7 2.96448e-07
6.8 4.18018e-07
6.9 4.55417e-07
7 3.7925e-07
7.1 3.98304e-07
7.2 4.07968e-07
7.3 3.14424e-07
7.4 3.07983e-07
7.5 2.91823e-07
7.6 4.29892e-07
7.7 3.2931e-07
7.8 3.66421e-07
7.9 2.94133e-07
8 1.52454e-07
8.1 4.88698e-07
8.2 5.21287e-07
8.3 2.96173e-07
8.4 1.57885e-07
8.5 2.14288e-07
8.6 2.42917e-07
8.7 2.02396e-07
8.8 2.32715e-07
8.9 4.38053e-07
9 5.44432e-07
9.1 4.05968e-07
9.2 2.94693e-07
9.3 3.12311e-07
9.4 6.14814e-07
9.5 5.58066e-07
9.6 1.97719e-07
9.7 2.84574e-07
9.8 1.94155e-07
9.9 2.57239e-07
10 1.39223e-07
10.1 1.85778e-07
10.2 4.46984e-07
10.3 2.9225e-07
10.4 3.51966e-07
10.5 3.30336e-07
10.6 2.13751e-07
10.7 2.44723e-07
10.8 2.48155e-07
10.9 1.71016e-07
11 1.61263e-07
11.1 2.04466e-07
11.2 2.58437e-07
11.3 3.57065e-07
11.4 4.10654e-07
11.5 3.53069e-07
11.6 3.37226e-07
11.7 3.2475e-07
11.8 4.33918e-07
11.9 3.16749e-07
12 2.58485e-07
12.1 2.33443e-07
12.2 1.88549e-07
12.3 2.31216e-07
12.4 3.38673e-07
12.5 2.4573e-07
12.6 2.54094e-07
12.7 3.54061e-07
12.8 1.44655e-07
12.9 4.15421e-07
13 2.7556e-07
13.1 3.95338e-07
13.2 3.57907e-07
13.3 4.90172e-07
13.4 3.09309e-07
13.5 2.76332e-07
13.6 3.30102e-07
13.7 3.01968e-07
13.8 2.90236e-07
13.9 2.50935e-07
14 4.75366e-07
14.1 3.49665e-07
14.2 1.97791e-07
14.3 5.15531e-07
14.4 4.4151e-07
14.5 3.66874e-07
14.6 5.35503e-07
14.7 3.42644e-07
14.8 3.38065e-07
14.9 3.18076e-07
15 2.37811e-07
15.1 1.03557e-07
15.2 7.31371e-08
15.3 3.59832e-09
15.4 1.29306e-08
15.5 5.05029e-09
15.6 7.98882e-10
15.7 0
15.8 0
15.9 0
16 0
16.1 0
16.2 0
16.3 0
16.4 0
16.5 0
16.6 0
16.7 0
16.8 0
16.9 0
17 0
17.1 0
17.2 0
17.3 0
17.4 0
17.5 0
17.6 0
17.7 0
17.8 0
17.9 0
18 0
18.1 0
18.2 0
