-2.2 5.28922
-2.1 5.28923
-2 5.28925
-1.9 5.32549
-1.8 5.32687
-1.7 5.32732
-1.6 5.36242
-1.5 5.36362
-1.4 5.36593
-1.3 5.40226
-1.2 5.40255
-1.1 5.40848
-1 5.43941
-0.9 5.4393
-0.8 5.45199
-0.7 5.47757
-0.6 5.47786
-0.5 5.49807
-0.4 5.51475
-0.3 5.51495
-0.2 6.36689
-0.1 6.36676
-4.44089e-16 6.3975
0.1 6.41439
0.2 6.42037
0.3 5.63852
0.4 5.63877
0.5 5.65519
0.6 5.67996
0.7 5.68071
0.8 5.71601
0.9 5.72276
1 5.73607
1.1 5.76367
1.2 5.7645
1.3 5.80006
1.4 5.80659
1.5 5.82449
1.6 5.84923
1.7 5.85406
1.8 5.88915
1.9 5.89257
2 5.92495
2.1 5.93939
2.2 5.95405
2.3 5.98195
2.4 5.98978
2.5 6.023
2.6 6.03262
2.7 6.06783
2.8 6.07304
2.9 6.10014
3 6.11767
3.1 6.13847
3.2 6.16173
3.3 6.17923
3.4 6.20354
3.5 6.22429
3.6 6.25324
3.7 6.26558
3.8 6.29198
3.9 6.30966
4 6.33608
4.1 6.35751
4.2 6.3887
4.3 6.40737
4.4 6.4317
4.5 6.45491
4.6 6.48239
4.7 6.50689
4.8 6.53523
4.9 6.56268
5 6.59117
5.1 6.62672
5.2 6.6523
5.3 6.67208
5.4 6.70654
5.5 6.73261
5.6 6.76775
5.7 6.7924
5.8 6.82674
5.9 6.8591
6 6.88947
6.1 6.92067
6.2 6.94807
6.3 6.98143
6.4 7.01849
6.5 7.05234
6.6 7.09067
6.7 7.12303
6.8 7.15658
6.9 7.19519
7 7.22916
7.1 7.2686
7.2 7.31051
7.3 7.34818
7.4 7.39177
7.5 7.42614
7.6 7.46794
7.7 7.50673
7.8 7.55124
7.9 7.59139
8 7.63923
8.1 7.67812
8.2 7.72887
8.3 7.77833
8.4 7.82978
8.5 7.87519
8.6 7.92561
8.7 7.98484
8.8 8.03588
8.9 8.08889
9 8.14973
9.1 8.20607
9.2 8.26551
9.3 8.32262
9.4 8.37805
9.5 8.43938
9.6 8.51169
9.7 8.57924
9.8 8.64621
9.9 8.71754
10 8.79684
10.1 8.86384
10.2 8.95154
10.3 9.02233
10.4 9.0993
10.5 9.18338
10.6 9.26947
10.7 9.36039
10.8 9.46825
10.9 9.567
11 9.65582
11.1 9.75194
11.2 9.867
11.3 9.98445
11.4 10.0858
11.5 10.2124
11.6 10.3364
11.7 10.4629
11.8 10.6018
11.9 10.7534
12 10.8959
12.1 11.0572
12.2 11.2271
12.3 11.399
12.4 11.5863
12.5 11.7806
12.6 11.9906
12.7 12.2202
12.8 12.4331
12.9 12.6941
13 12.9631
13.1 13.2483
13.2 13.5543
13.3 13.8781
13.4 14.241
13.5 14.6553
13.6 15.1063
13.7 15.587
13.8 16.1374
13.9 16.7515
14 17.4555
14.1 18.2708
14.2 19.2332
14.3 20.409
14.4 21.8869
14.5 23.8116
14.6 26.3072
14.7 29.6068
14.8 33.8089
14.9 38.9996
15 44.8083
15.1 50.9436
15.2 57.7916
15.3 63.9691
15.4 69.8283
15.5 74.6796
15.6 80.6759
15.7 85.1833
15.8 85.5752
15.9 93.5654
16 104.971
16.1 138.317
16.2 0
16.3 0
16.4 0
16.5 0
16.6 0
16.7 0
16.8 0
16.9 0
17 0
17.1 0
17.2 0
17.3 0
17.4 0
17.5 0
17.6 0
17.7 0
17.8 0
17.9 0
18 0
18.1 0
18.2 0
