-2.2 0.0524443
-2.1 0.0524066
-2 0.0523647
-1.9 0.0524672
-1.8 0.052423
-1.7 0.0523721
-1.6 0.052582
-1.5 0.0525543
-1.4 0.0525215
-1.3 0.0525291
-1.2 0.0524826
-1.1 0.0524566
-1 0.0527227
-0.9 0.0526628
-0.8 0.0526547
-0.7 0.0526169
-0.6 0.0525808
-0.5 0.0526259
-0.4 0.0526832
-0.3 0.0526204
-0.2 0.0528798
-0.1 0.0528154
-4.44089e-16 0.0530435
0.1 0.0531591
0.2 0.0525843
0.3 0.0530846
0.4 0.0530602
0.5 0.0531492
0.6 0.0533528
0.7 0.0533072
0.8 0.053353
0.9 0.0533194
1 0.0533973
1.1 0.0536472
1.2 0.0535971
1.3 0.053566
1.4 0.05353
1.5 0.0536919
1.6 0.0538725
1.7 0.0538651
1.8 0.0539372
1.9 0.0539279
2 0.0541469
2.1 0.0541754
2.2 0.0541446
2.3 0.0543202
2.4 0.0543301
2.5 0.0544791
2.6 0.0544737
2.7 0.0545934
2.8 0.0546081
2.9 0.0547689
3 0.0548043
3.1 0.054811
3.2 0.0549413
3.3 0.0550228
3.4 0.0550699
3.5 0.0551133
3.6 0.0553061
3.7 0.0553328
3.8 0.0552967
3.9 0.0553279
4 0.0555904
4.1 0.0556579
4.2 0.0556569
4.3 0.0557343
4.4 0.0559184
4.5 0.0559937
4.6 0.0560577
4.7 0.0561902
4.8 0.0563939
4.9 0.0564181
5 0.0565308
5.1 0.0568396
5.2 0.0568854
5.3 0.0567881
5.4 0.0570505
5.5 0.0572097
5.6 0.0573455
5.7 0.0575406
5.8 0.057713
5.9 0.0576928
6 0.0578973
6.1 0.0581321
6.2 0.0581433
6.3 0.0583584
6.4 0.058638
6.5 0.0586554
6.6 0.0588804
6.7 0.0590836
6.8 0.0591072
6.9 0.0593547
7 0.0595442
7.1 0.0595745
7.2 0.0599453
7.3 0.0601124
7.4 0.0602193
7.5 0.0605675
7.6 0.0606232
7.7 0.0608366
7.8 0.0610568
7.9 0.0611008
8 0.0614795
8.1 0.0615172
8.2 0.061907
8.3 0.0621402
8.4 0.0623656
8.5 0.0626906
8.6 0.062756
8.7 0.0632422
8.8 0.0634166
8.9 0.06376
9 0.0640277
9.1 0.0644208
9.2 0.0647447
9.3 0.065046
9.4 0.0653333
9.5 0.0657498
9.6 0.0661521
9.7 0.0665456
9.8 0.0669271
9.9 0.0673537
10 0.0677923
10.1 0.0682499
10.2 0.0686774
10.3 0.0690403
10.4 0.0694234
10.5 0.069871
10.6 0.0704252
10.7 0.0709831
10.8 0.071714
10.9 0.0722776
11 0.0726855
11.1 0.0732874
11.2 0.0739601
11.3 0.0746864
11.4 0.075387
11.5 0.0760438
11.6 0.0766941
11.7 0.0776514
11.8 0.0784998
11.9 0.0794215
12 0.0802723
12.1 0.0812613
12.2 0.0821985
12.3 0.0832713
12.4 0.0844338
12.5 0.0856132
12.6 0.0870117
12.7 0.0884161
12.8 0.0895581
12.9 0.0911767
13 0.0927148
13.1 0.0944846
13.2 0.0964749
13.3 0.0985596
13.4 0.100868
13.5 0.103506
13.6 0.106256
13.7 0.109165
13.8 0.11251
13.9 0.116306
14 0.120743
14.1 0.125995
14.2 0.13193
14.3 0.138951
14.4 0.147935
14.5 0.159355
14.6 0.17277
14.7 0.188588
14.8 0.203841
14.9 0.213447
15 0.20868
15.1 0.185503
15.2 0.147997
15.3 0.1011
15.4 0.0589326
15.5 0.0296977
15.6 0.0129522
15.7 0.00472595
15.8 0.00153974
15.9 0.000436772
16 0.000131764
16.1 1.88988e-05
16.2 0
16.3 0
16.4 0
16.5 0
16.6 0
16.7 0
16.8 0
16.9 0
17 0
17.1 0
17.2 0
17.3 0
17.4 0
17.5 0
17.6 0
17.7 0
17.8 0
17.9 0
18 0
18.1 0
18.2 0
