-2.2 3.51016e-07
-2.1 0
-2 9.26975e-08
-1.9 2.19898e-07
-1.8 0
-1.7 6.59192e-09
-1.6 0
-1.5 0
-1.4 2.95381e-08
-1.3 0
-1.2 0
-1.1 3.04651e-07
-1 1.08293e-07
-0.9 0
-0.8 1.33929e-07
-0.7 0
-0.6 0
-0.5 2.1149e-08
-0.4 0
-0.3 4.58988e-07
-0.2 9.32347e-08
-0.1 5.08049e-08
-4.44089e-16 3.5809e-07
0.1 0
0.2 4.62283e-09
0.3 6.13062e-09
0.4 0
0.5 5.09239e-07
0.6 2.76032e-07
0.7 1.01008e-07
0.8 2.37557e-07
0.9 0
1 2.68101e-07
1.1 7.45712e-08
1.2 7.00961e-08
1.3 4.80662e-07
1.4 3.46223e-09
1.5 9.46939e-08
1.6 6.97739e-10
1.7 1.8164e-07
1.8 0
1.9 7.97148e-09
2 8.53757e-07
2.1 0
2.2 1.72868e-07
2.3 0
2.4 9.05166e-08
2.5 0
2.6 1.0981e-07
2.7 0
2.8 1.51307e-07
2.9 3.50665e-07
3 4.0718e-07
3.1 2.5255e-07
3.2 4.20664e-08
3.3 6.96814e-07
3.4 9.67008e-07
3.5 8.38973e-08
3.6 1.55725e-07
3.7 3.49401e-07
3.8 1.41854e-07
3.9 4.01668e-07
4 4.62464e-07
4.1 5.73694e-07
4.2 3.97246e-08
4.3 0
4.4 9.38777e-08
4.5 6.88566e-08
4.6 2.43898e-07
4.7 1.04555e-07
4.8 1.40517e-07
4.9 4.17915e-09
5 7.35492e-08
5.1 4.13794e-08
5.2 7.58686e-07
5.3 1.56378e-08
5.4 9.67429e-08
5.5 1.43813e-08
5.6 1.33795e-07
5.7 4.92458e-08
5.8 6.87273e-08
5.9 1.35392e-07
6 2.40676e-07
6.1 0
6.2 1.74341e-08
6.3 7.50094e-09
6.4 1.51241e-07
6.5 1.39053e-07
6.6 3.22759e-08
6.7 7.93398e-08
6.8 2.51799e-07
6.9 1.34098e-07
7 1.41656e-08
7.1 3.29569e-08
7.2 4.46306e-08
7.3 5.17483e-08
7.4 2.38796e-08
7.5 1.11832e-08
7.6 3.64508e-08
7.7 2.58166e-08
7.8 6.58361e-09
7.9 2.52276e-08
8 4.36604e-08
8.1 9.8482e-09
8.2 1.38892e-07
8.3 6.0315e-08
8.4 1.17212e-08
8.5 0
8.6 2.10548e-08
8.7 0
8.8 0
8.9 3.13861e-08
9 0
9.1 5.75279e-09
9.2 2.31929e-10
9.3 2.36121e-08
9.4 1.53048e-08
9.5 1.09346e-08
9.6 4.71023e-08
9.7 2.28643e-07
9.8 0
9.9 3.60207e-08
10 8.2761e-09
10.1 5.08112e-08
10.2 0
10.3 1.28067e-08
10.4 1.16324e-08
10.5 0
10.6 1.71141e-08
10.7 0
10.8 2.04276e-07
10.9 2.77176e-07
11 5.29526e-09
11.1 1.31091e-07
11.2 5.66272e-09
11.3 1.10597e-08
11.4 7.56761e-09
11.5 0
11.6 6.59318e-09
11.7 1.3475e-08
11.8 5.51683e-07
11.9 1.38431e-07
12 6.52152e-09
12.1 0
12.2 8.36794e-09
12.3 0
12.4 0
12.5 0
12.6 0
12.7 0
12.8 8.92501e-08
12.9 5.74872e-09
13 0
13.1 0
13.2 4.90472e-09
13.3 2.41098e-07
13.4 2.48975e-08
13.5 0
13.6 8.43969e-09
13.7 0
13.8 0
13.9 0
14 8.64134e-08
14.1 0
14.2 0
14.3 0
14.4 0
14.5 0
14.6 0
14.7 0
14.8 0
14.9 0
15 0
15.1 0
15.2 0
15.3 0
15.4 0
15.5 0
15.6 0
15.7 0
15.8 0
15.9 0
16 0
16.1 0
16.2 0
16.3 0
16.4 0
16.5 0
16.6 0
16.7 0
16.8 0
16.9 0
17 0
17.1 0
17.2 0
17.3 0
17.4 0
17.5 0
17.6 0
17.7 0
17.8 0
17.9 0
18 0
18.1 0
18.2 0
