-2.2 0.0100818
-2.1 0.0100745
-2 0.0100662
-1.9 0.0100268
-1.8 0.0100173
-1.7 0.0100064
-1.6 0.00996688
-1.5 0.00995707
-1.4 0.00994214
-1.3 0.00990896
-1.2 0.00989958
-1.1 0.00988015
-1 0.00985036
-0.9 0.00983967
-0.8 0.0098175
-0.7 0.00979778
-0.6 0.00979045
-0.5 0.00976026
-0.4 0.00974458
-0.3 0.00973388
-0.2 0.0096956
-0.1 0.00968446
-4.44089e-16 0.00965943
0.1 0.00964181
0.2 0.0096232
0.3 0.00959241
0.4 0.00958259
0.5 0.00956024
0.6 0.00953773
0.7 0.00952706
0.8 0.00949297
0.9 0.00948149
1 0.0094627
1.1 0.00944145
1.2 0.00942942
1.3 0.00939013
1.4 0.00938039
1.5 0.00936122
1.6 0.00934433
1.7 0.00933216
1.8 0.00931282
1.9 0.00930383
2 0.00927253
2.1 0.00926233
2.2 0.00923784
2.3 0.00922514
2.4 0.00920618
2.5 0.00918299
2.6 0.00917073
2.7 0.00914741
2.8 0.00913176
2.9 0.00910865
3 0.0090957
3.1 0.0090717
3.2 0.0090571
3.3 0.00903421
3.4 0.00901955
3.5 0.00899847
3.6 0.00898313
3.7 0.00895863
3.8 0.00894083
3.9 0.00891768
4 0.00889605
4.1 0.00887181
4.2 0.00885303
4.3 0.00883288
4.4 0.00881484
4.5 0.00879297
4.6 0.00877287
4.7 0.00875384
4.8 0.00873456
4.9 0.0087182
5 0.00870735
5.1 0.00869572
5.2 0.00867961
5.3 0.00866308
5.4 0.00864239
5.5 0.00863173
5.6 0.00861392
5.7 0.00859582
5.8 0.00857522
5.9 0.00855915
6 0.00854984
6.1 0.00853335
6.2 0.00851858
6.3 0.00850009
6.4 0.00848297
6.5 0.00846758
6.6 0.0084505
6.7 0.0084261
6.8 0.00840274
6.9 0.00838475
7 0.00836455
7.1 0.00834797
7.2 0.00832887
7.3 0.00831419
7.4 0.00829658
7.5 0.00827889
7.6 0.00826065
7.7 0.00823829
7.8 0.00822166
7.9 0.00820239
8 0.00818559
8.1 0.00816276
8.2 0.00813889
8.3 0.00811762
8.4 0.00809139
8.5 0.00807231
8.6 0.00805232
8.7 0.00803298
8.8 0.008016
8.9 0.00800041
9 0.00798702
9.1 0.00797228
9.2 0.00795275
9.3 0.0079425
9.4 0.00792775
9.5 0.00791476
9.6 0.00789952
9.7 0.00788464
9.8 0.00787071
9.9 0.00785235
10 0.00783808
10.1 0.00781839
10.2 0.00780075
10.3 0.00777896
10.4 0.00776048
10.5 0.00774487
10.6 0.00772869
10.7 0.00770948
10.8 0.00769483
10.9 0.00768109
11 0.00766122
11.1 0.00764326
11.2 0.00762374
11.3 0.00760351
11.4 0.00758188
11.5 0.00755798
11.6 0.00754186
11.7 0.00752705
11.8 0.0075111
11.9 0.00749737
12 0.00748139
12.1 0.00746073
12.2 0.00743658
12.3 0.00741284
12.4 0.00739373
12.5 0.00737172
12.6 0.00735158
12.7 0.00733371
12.8 0.0073178
12.9 0.00729402
13 0.00727831
13.1 0.00725995
13.2 0.0072365
13.3 0.00721262
13.4 0.0071878
13.5 0.00716306
13.6 0.00713342
13.7 0.00709835
13.8 0.00707428
13.9 0.00704851
14 0.00701539
14.1 0.00697327
14.2 0.00692613
14.3 0.00685421
14.4 0.00673016
14.5 0.00652004
14.6 0.00613344
14.7 0.00550154
14.8 0.00457562
14.9 0.00346788
15 0.00232467
15.1 0.00135277
15.2 0.000680476
15.3 0.000306522
15.4 0.000113142
15.5 3.64574e-05
15.6 1.22535e-05
15.7 2.86444e-06
15.8 5.30476e-07
15.9 7.83569e-09
16 0
16.1 0
16.2 0
16.3 0
16.4 0
16.5 0
16.6 0
16.7 0
16.8 0
16.9 0
17 0
17.1 0
17.2 0
17.3 0
17.4 0
17.5 0
17.6 0
17.7 0
17.8 0
17.9 0
18 0
18.1 0
18.2 0
