-2.2 3.82369
-2.1 3.74615
-2 3.82249
-1.9 4.41084
-1.8 3.85786
-1.7 4.04622
-1.6 4.36577
-1.5 3.93411
-1.4 4.35388
-1.3 4.18246
-1.2 3.99523
-1.1 4.5233
-1 4.14053
-0.9 4.05313
-0.8 4.62259
-0.7 4.14808
-0.6 4.11302
-0.5 4.68638
-0.4 4.18175
-0.3 4.35446
-0.2 4.49863
-0.1 4.209
-4.44089e-16 4.72041
0.1 4.26617
0.2 4.73961
0.3 4.3955
0.4 4.30886
0.5 4.83982
0.6 4.38565
0.7 4.37079
0.8 4.89829
0.9 4.41368
1 4.91191
1.1 4.49
1.2 4.51005
1.3 4.92788
1.4 4.50443
1.5 4.98476
1.6 4.5666
1.7 4.80034
1.8 4.81377
1.9 4.61734
2 5.04934
2.1 4.64443
2.2 5.06314
2.3 4.71775
2.4 4.95859
2.5 4.89213
2.6 4.86138
2.7 5.06245
2.8 4.82639
2.9 5.14807
3 4.85683
3.1 5.1901
3.2 4.90267
3.3 5.18513
3.4 4.96756
3.5 5.21308
3.6 5.03309
3.7 5.22703
3.8 5.09668
3.9 5.24898
4 5.14993
4.1 5.29159
4.2 5.20772
4.3 5.32982
4.4 5.25842
4.5 5.38078
4.6 5.29759
4.7 5.40961
4.8 5.36446
4.9 5.45315
5 5.42591
5.1 5.47818
5.2 5.48476
5.3 5.50665
5.4 5.54475
5.5 5.54315
5.6 5.5881
5.7 5.61089
5.8 5.64458
5.9 5.66831
6 5.68701
6.1 5.73395
6.2 5.74682
6.3 5.7772
6.4 5.80733
6.5 5.83557
6.6 5.87018
6.7 5.90729
6.8 5.93061
6.9 5.9678
7 5.99771
7.1 6.01964
7.2 6.06272
7.3 6.10169
7.4 6.12953
7.5 6.16897
7.6 6.19973
7.7 6.24685
7.8 6.2721
7.9 6.31332
8 6.35125
8.1 6.39664
8.2 6.43633
8.3 6.47836
8.4 6.51677
8.5 6.56291
8.6 6.61053
8.7 6.66482
8.8 6.70021
8.9 6.74756
9 6.79381
9.1 6.85905
9.2 6.89699
9.3 6.94603
9.4 7.0166
9.5 7.06192
9.6 7.12639
9.7 7.18672
9.8 7.24644
9.9 7.3048
10 7.37563
10.1 7.4345
10.2 7.50332
10.3 7.57997
10.4 7.64597
10.5 7.72352
10.6 7.80301
10.7 7.88773
10.8 7.97491
10.9 8.05844
11 8.15706
11.1 8.24078
11.2 8.33537
11.3 8.43973
11.4 8.55848
11.5 8.66228
11.6 8.77943
11.7 8.89624
11.8 9.01979
11.9 9.15038
12 9.28773
12.1 9.43217
12.2 9.57859
12.3 9.74606
12.4 9.91673
12.5 10.0899
12.6 10.2752
12.7 10.4832
12.8 10.6918
12.9 10.9269
13 11.1723
13.1 11.4385
13.2 11.7282
13.3 12.0541
13.4 12.3999
13.5 12.7797
13.6 13.2053
13.7 13.6695
13.8 14.2193
13.9 14.8116
14 15.5209
14.1 16.3505
14.2 17.3271
14.3 18.5536
14.4 20.145
14.5 22.2387
14.6 25.1806
14.7 29.3091
14.8 34.8973
14.9 42.0579
15 50.5607
15.1 60.1425
15.2 70.3549
15.3 80.7816
15.4 91.226
15.5 101.537
15.6 112.057
15.7 121.346
15.8 130.673
15.9 144.178
16 151.462
16.1 153.229
16.2 156.648
16.3 276.506
16.4 0
16.5 0
16.6 0
16.7 0
16.8 0
16.9 0
17 0
17.1 0
17.2 0
17.3 0
17.4 0
17.5 0
17.6 0
17.7 0
17.8 0
17.9 0
18 0
18.1 0
18.2 0
