-2.2 0.0100903
-2.1 0.0100845
-2 0.0100801
-1.9 0.0101055
-1.8 0.0100836
-1.7 0.0100766
-1.6 0.0100921
-1.5 0.0100718
-1.4 0.0100672
-1.3 0.0100738
-1.2 0.0100489
-1.1 0.0100459
-1 0.0100424
-0.9 0.0100193
-0.8 0.0100202
-0.7 0.0100071
-0.6 0.00998618
-0.5 0.00999523
-0.4 0.00997578
-0.3 0.00996225
-0.2 0.00996556
-0.1 0.00993166
-4.44089e-16 0.00992496
0.1 0.00990368
0.2 0.0098961
0.3 0.00987816
0.4 0.00984911
0.5 0.00983861
0.6 0.00982426
0.7 0.00979711
0.8 0.0097974
0.9 0.00977259
1 0.00977062
1.1 0.00975997
1.2 0.00973008
1.3 0.00972404
1.4 0.00968797
1.5 0.00968345
1.6 0.00966008
1.7 0.00964161
1.8 0.0096336
1.9 0.00961979
2 0.009614
2.1 0.00958711
2.2 0.00957751
2.3 0.00956293
2.4 0.0095545
2.5 0.00953624
2.6 0.00952702
2.7 0.00952498
2.8 0.00949718
2.9 0.00948905
3 0.00947214
3.1 0.00946152
3.2 0.00944064
3.3 0.00943042
3.4 0.00940448
3.5 0.00938695
3.6 0.00936263
3.7 0.00935747
3.8 0.00933084
3.9 0.00930907
4 0.00927979
4.1 0.00926061
4.2 0.00924112
4.3 0.00922809
4.4 0.00920791
4.5 0.00918879
4.6 0.0091629
4.7 0.00914402
4.8 0.00911873
4.9 0.00909956
5 0.00908687
5.1 0.00907514
5.2 0.00905793
5.3 0.00904002
5.4 0.00902214
5.5 0.00900676
5.6 0.00898296
5.7 0.0089622
5.8 0.00894768
5.9 0.0089305
6 0.00891469
6.1 0.00889932
6.2 0.00889139
6.3 0.00887153
6.4 0.00885267
6.5 0.00883827
6.6 0.00882899
6.7 0.00880955
6.8 0.00878794
6.9 0.00876597
7 0.00874715
7.1 0.0087318
7.2 0.00871324
7.3 0.00869593
7.4 0.00867304
7.5 0.00865188
7.6 0.00862838
7.7 0.00860449
7.8 0.00858546
7.9 0.00856315
8 0.0085444
8.1 0.00851643
8.2 0.00849287
8.3 0.0084662
8.4 0.00843956
8.5 0.00841608
8.6 0.0084013
8.7 0.00837912
8.8 0.00836407
8.9 0.00834032
9 0.00831994
9.1 0.00829992
9.2 0.00827726
9.3 0.00826091
9.4 0.00823623
9.5 0.00821416
9.6 0.00819714
9.7 0.00818574
9.8 0.00816116
9.9 0.00813732
10 0.00812219
10.1 0.00810102
10.2 0.00808244
10.3 0.00806309
10.4 0.00804056
10.5 0.00801571
10.6 0.00799589
10.7 0.00797766
10.8 0.00796541
10.9 0.00794777
11 0.00792262
11.1 0.00790428
11.2 0.0078805
11.3 0.00785598
11.4 0.00782616
11.5 0.00779261
11.6 0.00777046
11.7 0.00775208
11.8 0.00773529
11.9 0.00771968
12 0.00769488
12.1 0.00766723
12.2 0.0076401
12.3 0.00760608
12.4 0.00758087
12.5 0.00755268
12.6 0.00752351
12.7 0.00750368
12.8 0.0074784
12.9 0.00745001
13 0.00742575
13.1 0.00739937
13.2 0.00736429
13.3 0.00733188
13.4 0.00730538
13.5 0.00727279
13.6 0.00723708
13.7 0.00719684
13.8 0.00716715
13.9 0.00713407
14 0.00709058
14.1 0.00703859
14.2 0.00698599
14.3 0.00690468
14.4 0.00677356
14.5 0.00655478
14.6 0.00616211
14.7 0.00552291
14.8 0.00459028
14.9 0.00347749
15 0.00233154
15.1 0.00135489
15.2 0.000681559
15.3 0.000306876
15.4 0.000113237
15.5 3.64574e-05
15.6 1.22535e-05
15.7 2.86444e-06
15.8 5.30476e-07
15.9 7.83569e-09
16 0
16.1 0
16.2 0
16.3 0
16.4 0
16.5 0
16.6 0
16.7 0
16.8 0
16.9 0
17 0
17.1 0
17.2 0
17.3 0
17.4 0
17.5 0
17.6 0
17.7 0
17.8 0
17.9 0
18 0
18.1 0
18.2 0
