-2.2 3.72526
-2.1 3.72527
-2 3.72547
-1.9 3.75593
-1.8 3.75599
-1.7 3.75788
-1.6 3.78602
-1.5 3.78608
-1.4 3.7907
-1.3 3.81357
-1.2 3.81358
-1.1 3.82386
-1 3.84625
-0.9 3.84625
-0.8 3.86093
-0.7 3.87491
-0.6 3.87492
-0.5 3.90009
-0.4 3.90779
-0.3 3.90867
-0.2 3.94071
-0.1 3.94072
-4.44089e-16 3.96202
0.1 3.9736
0.2 3.97586
0.3 4.00856
0.4 4.00855
0.5 4.02272
0.6 4.0411
0.7 4.04125
0.8 4.0708
0.9 4.07349
1 4.08727
1.1 4.10461
1.2 4.10621
1.3 4.13656
1.4 4.13806
1.5 4.15929
1.6 4.173
1.7 4.18284
1.8 4.20781
1.9 4.20964
2 4.23742
2.1 4.24106
2.2 4.26364
2.3 4.27494
2.4 4.29147
2.5 4.31208
2.6 4.32156
2.7 4.34683
2.8 4.35319
2.9 4.37856
3 4.38523
3.1 4.41156
3.2 4.41951
3.3 4.4485
3.4 4.46002
3.5 4.4855
3.6 4.49638
3.7 4.52133
3.8 4.53525
3.9 4.56005
4 4.57319
4.1 4.59711
4.2 4.61294
4.3 4.63827
4.4 4.65463
4.5 4.67917
4.6 4.69691
4.7 4.71999
4.8 4.74055
4.9 4.7629
5 4.78616
5.1 4.80992
5.2 4.83412
5.3 4.85461
5.4 4.88116
5.5 4.90637
5.6 4.92877
5.7 4.95189
5.8 4.97802
5.9 5.00517
6 5.03274
6.1 5.05862
6.2 5.08746
6.3 5.11547
6.4 5.144
6.5 5.1736
6.6 5.20276
6.7 5.23266
6.8 5.26296
6.9 5.29655
7 5.32839
7.1 5.3605
7.2 5.39276
7.3 5.42629
7.4 5.46004
7.5 5.49699
7.6 5.53277
7.7 5.57085
7.8 5.60521
7.9 5.64509
8 5.68419
8.1 5.7239
8.2 5.76729
8.3 5.80822
8.4 5.85253
8.5 5.89685
8.6 5.94122
8.7 5.98774
8.8 6.03649
8.9 6.08278
9 6.13303
9.1 6.18315
9.2 6.23663
9.3 6.29108
9.4 6.3479
9.5 6.40473
9.6 6.4605
9.7 6.52235
9.8 6.58325
9.9 6.64813
10 6.71586
10.1 6.78195
10.2 6.85468
10.3 6.92811
10.4 7.00326
10.5 7.07954
10.6 7.16241
10.7 7.24802
10.8 7.33388
10.9 7.42284
11 7.51617
11.1 7.61567
11.2 7.71761
11.3 7.82479
11.4 7.93304
11.5 8.04912
11.6 8.17203
11.7 8.2986
11.8 8.43261
11.9 8.57465
12 8.72472
12.1 8.87617
12.2 9.04348
12.3 9.21533
12.4 9.40272
12.5 9.60001
12.6 9.81048
12.7 10.0357
12.8 10.2798
12.9 10.5412
13 10.8226
13.1 11.1299
13.2 11.4677
13.3 11.8386
13.4 12.2455
13.5 12.7024
13.6 13.2116
13.7 13.7938
13.8 14.4599
13.9 15.241
14 16.1768
14.1 17.3307
14.2 18.848
14.3 20.9637
14.4 23.9582
14.5 28.3696
14.6 34.8036
14.7 42.6731
14.8 51.6747
14.9 61.1311
15 71.86
15.1 82.092
15.2 91.5283
15.3 101.278
15.4 108.758
15.5 116.419
15.6 117.932
15.7 124.942
15.8 146.381
15.9 0
16 0
16.1 0
16.2 0
16.3 0
16.4 0
16.5 0
16.6 0
16.7 0
16.8 0
16.9 0
17 0
17.1 0
17.2 0
17.3 0
17.4 0
17.5 0
17.6 0
17.7 0
17.8 0
17.9 0
18 0
18.1 0
18.2 0
