-2.2 5.21564
-2.1 5.21565
-2 5.2188
-1.9 5.25812
-1.8 5.25713
-1.7 5.26726
-1.6 5.33362
-1.5 5.32755
-1.4 5.35312
-1.3 5.3732
-1.2 5.36718
-1.1 5.4276
-1 5.44934
-0.9 5.42241
-0.8 5.47095
-0.7 5.47564
-0.6 5.45776
-0.5 5.51832
-0.4 5.52627
-0.3 5.53848
-0.2 5.60905
-0.1 5.56049
-4.44089e-16 5.64091
0.1 5.61511
0.2 5.63296
0.3 5.69607
0.4 5.67942
0.5 5.72379
0.6 5.74134
0.7 5.71661
0.8 5.79
0.9 5.77279
1 5.82065
1.1 5.8256
1.2 5.82178
1.3 5.88224
1.4 5.86196
1.5 5.90505
1.6 5.92099
1.7 5.92824
1.8 5.94996
1.9 5.94894
2 6.01349
2.1 5.99786
2.2 6.07469
2.3 6.04778
2.4 6.06648
2.5 6.09557
2.6 6.11993
2.7 6.16807
2.8 6.16184
2.9 6.18881
3 6.2019
3.1 6.23896
3.2 6.23932
3.3 6.2784
3.4 6.27265
3.5 6.31405
3.6 6.32507
3.7 6.36828
3.8 6.38026
3.9 6.42304
4 6.4398
4.1 6.48087
4.2 6.49215
4.3 6.53207
4.4 6.52659
4.5 6.5491
4.6 6.59654
4.7 6.63675
4.8 6.64311
4.9 6.66553
5 6.71155
5.1 6.736
5.2 6.7715
5.3 6.78429
5.4 6.83612
5.5 6.87342
5.6 6.91399
5.7 6.94742
5.8 6.96865
5.9 7.01098
6 7.03345
6.1 7.05936
6.2 7.09023
6.3 7.13854
6.4 7.15286
6.5 7.16123
6.6 7.2107
6.7 7.28125
6.8 7.32196
6.9 7.34942
7 7.3776
7.1 7.41768
7.2 7.4692
7.3 7.50913
7.4 7.53006
7.5 7.59653
7.6 7.60776
7.7 7.65725
7.8 7.6979
7.9 7.75166
8 7.8021
8.1 7.84919
8.2 7.87872
8.3 7.95423
8.4 8.00239
8.5 8.05246
8.6 8.13516
8.7 8.17332
8.8 8.21711
8.9 8.26861
9 8.31983
9.1 8.42073
9.2 8.47873
9.3 8.52976
9.4 8.61049
9.5 8.66912
9.6 8.73673
9.7 8.81142
9.8 8.87648
9.9 8.94718
10 9.00813
10.1 9.1234
10.2 9.1839
10.3 9.28131
10.4 9.36652
10.5 9.45743
10.6 9.54095
10.7 9.59456
10.8 9.70043
10.9 9.78872
11 9.92379
11.1 10.0542
11.2 10.1705
11.3 10.3026
11.4 10.438
11.5 10.5653
11.6 10.7069
11.7 10.8806
11.8 11.0148
11.9 11.1356
12 11.2922
12.1 11.4847
12.2 11.6649
12.3 11.8318
12.4 12.0019
12.5 12.2153
12.6 12.4449
12.7 12.7203
12.8 12.953
12.9 13.2503
13 13.5519
13.1 13.8578
13.2 14.1926
13.3 14.5832
13.4 15.0036
13.5 15.4389
13.6 15.8932
13.7 16.5131
13.8 17.1839
13.9 17.9195
14 18.8198
14.1 19.9084
14.2 21.2524
14.3 23.1047
14.4 25.6813
14.5 29.2256
14.6 33.7357
14.7 39.0536
14.8 44.927
14.9 51.3771
15 57.9634
15.1 64.6965
15.2 70.7559
15.3 76.5191
15.4 80.2515
15.5 81.9067
15.6 88.6207
15.7 81.9262
15.8 109.408
15.9 0
16 0
16.1 0
16.2 0
16.3 0
16.4 0
16.5 0
16.6 0
16.7 0
16.8 0
16.9 0
17 0
17.1 0
17.2 0
17.3 0
17.4 0
17.5 0
17.6 0
17.7 0
17.8 0
17.9 0
18 0
18.1 0
18.2 0
