1 5.75325e-13
3 1.66629e-12
5 2.51921e-12
7 3.92696e-12
9 9.40978e-12
11 5.34499e-12
13 1.67092e-07
15 4.41914e-05
17 0.000285291
19 0.000656213
21 0.00068648
23 0.000384539
25 0.000236914
27 0.000159332
29 0.000125489
31 9.01922e-05
33 6.99119e-05
35 5.78909e-05
37 4.75277e-05
39 3.35233e-05
41 2.82318e-05
43 2.47334e-05
45 2.09336e-05
47 1.85392e-05
49 1.68851e-05
51 1.54326e-05
53 1.31406e-05
55 1.09212e-05
57 9.92101e-06
59 8.53143e-06
61 7.7595e-06
63 6.95959e-06
65 6.10237e-06
67 5.68506e-06
69 5.33758e-06
71 4.74924e-06
73 4.31639e-06
75 3.9858e-06
77 3.79371e-06
79 3.47691e-06
81 3.0736e-06
83 2.87959e-06
85 2.7324e-06
87 2.55452e-06
89 2.38681e-06
91 2.25503e-06
93 1.95894e-06
95 1.86785e-06
97 1.7479e-06
99 1.66354e-06
101 1.58661e-06
103 1.49302e-06
105 1.43885e-06
107 1.35186e-06
109 1.25605e-06
111 1.09722e-06
113 1.04726e-06
115 1.01584e-06
117 9.41551e-07
119 8.99884e-07
121 8.57709e-07
123 8.39867e-07
125 7.99818e-07
127 7.64723e-07
129 7.43705e-07
131 7.21607e-07
133 6.89697e-07
135 6.66161e-07
137 5.865e-07
139 5.40018e-07
141 5.32415e-07
143 5.09109e-07
145 4.93071e-07
147 4.72417e-07
149 4.55273e-07
151 4.40327e-07
153 4.30839e-07
155 4.10756e-07
157 3.8058e-07
159 3.53867e-07
161 3.40775e-07
163 3.3425e-07
165 3.16741e-07
167 3.15386e-07
169 3.01093e-07
171 2.92595e-07
173 2.91017e-07
175 2.72694e-07
177 2.73611e-07
179 2.51829e-07
181 2.58708e-07
183 2.48113e-07
185 2.21884e-07
187 2.11061e-07
189 2.03864e-07
191 1.94099e-07
193 1.9112e-07
195 1.85486e-07
197 1.81315e-07
199 1.78693e-07
201 1.70874e-07
203 1.68349e-07
205 1.66576e-07
207 1.56672e-07
209 1.57122e-07
211 1.48937e-07
213 1.49573e-07
215 1.46177e-07
217 1.3948e-07
219 1.39389e-07
221 1.36759e-07
223 1.31469e-07
225 1.30811e-07
227 1.13983e-07
229 1.09058e-07
231 1.08003e-07
233 9.72998e-08
235 9.65504e-08
237 9.17944e-08
239 9.16291e-08
241 9.21261e-08
243 8.96055e-08
245 8.64151e-08
247 8.46138e-08
249 8.5521e-08
251 8.03868e-08
253 8.4269e-08
255 7.27261e-08
257 8.35761e-08
259 7.18138e-08
261 7.70015e-08
263 7.3374e-08
265 7.16449e-08
267 6.9488e-08
269 7.23992e-08
271 6.686e-08
273 6.45743e-08
275 6.86409e-08
277 6.22892e-08
279 6.44581e-08
281 6.03516e-08
283 6.3144e-08
285 5.96155e-08
287 6.10419e-08
289 5.90267e-08
291 5.72797e-08
293 5.68605e-08
295 5.43503e-08
297 5.70027e-08
299 5.31459e-08
301 5.10936e-08
303 4.68647e-08
305 4.56819e-08
307 4.28206e-08
309 3.90707e-08
311 3.97556e-08
313 4.22022e-08
315 3.8265e-08
317 4.38555e-08
319 3.87702e-08
321 3.82042e-08
323 3.74369e-08
325 3.60514e-08
327 3.39383e-08
329 3.5228e-08
331 3.69041e-08
333 2.9838e-08
335 3.35649e-08
337 3.66094e-08
339 2.51449e-08
341 3.28059e-08
343 3.24708e-08
345 2.87396e-08
347 2.99642e-08
349 2.94002e-08
351 2.90214e-08
353 2.50039e-08
355 2.69827e-08
357 2.93751e-08
359 2.3515e-08
361 2.62195e-08
363 2.57373e-08
365 2.531e-08
367 2.30465e-08
369 2.56503e-08
371 2.35602e-08
373 2.50864e-08
375 2.40826e-08
377 2.28145e-08
379 2.45752e-08
381 2.26143e-08
383 2.44358e-08
385 2.32749e-08
387 2.03813e-08
389 2.23791e-08
391 2.23553e-08
393 2.00749e-08
395 2.17507e-08
397 2.2865e-08
399 1.74304e-08
401 2.13688e-08
403 2.03504e-08
405 2.07456e-08
407 2.14749e-08
409 1.85438e-08
411 1.68889e-08
413 1.95504e-08
415 2.0881e-08
417 1.71245e-08
419 2.07573e-08
421 1.51681e-08
423 1.64342e-08
425 2.08782e-08
427 1.78719e-08
429 1.7863e-08
431 1.69307e-08
433 1.54691e-08
435 1.61616e-08
437 1.30799e-08
439 1.89737e-08
441 1.67009e-08
443 1.2854e-08
445 1.54248e-08
447 1.30531e-08
449 1.482e-08
451 1.42552e-08
453 1.56325e-08
455 1.48597e-08
457 1.2742e-08
459 1.25301e-08
461 1.46869e-08
463 1.44801e-08
465 1.3124e-08
467 1.45814e-08
469 1.35375e-08
471 1.03413e-08
473 1.40111e-08
475 1.18529e-08
477 1.25493e-08
479 1.12274e-08
481 1.36219e-08
483 1.18096e-08
485 1.11204e-08
487 9.1276e-09
489 1.03237e-08
491 1.05618e-08
493 1.39104e-08
495 1.02851e-08
497 1.02882e-08
499 1.03047e-08
501 1.11999e-08
503 8.50714e-09
505 9.63792e-09
507 1.01236e-08
509 1.02135e-08
511 1.14028e-08
513 1.06463e-08
515 1.01329e-08
517 1.03846e-08
519 1.0325e-08
521 9.36034e-09
523 8.12433e-09
525 8.8076e-09
527 9.20127e-09
529 9.38795e-09
531 9.48914e-09
533 1.01872e-08
535 9.35412e-09
537 8.71593e-09
539 9.03117e-09
541 8.96374e-09
543 8.47694e-09
545 6.89348e-09
547 7.55127e-09
549 1.00126e-08
551 9.34578e-09
553 8.01664e-09
555 8.55434e-09
557 6.76052e-09
559 9.23194e-09
561 6.57849e-09
563 7.07586e-09
565 8.49226e-09
567 5.50554e-09
569 6.34444e-09
571 6.85776e-09
573 9.3187e-09
575 7.53362e-09
577 6.21058e-09
579 7.90885e-09
581 7.18971e-09
583 7.33643e-09
585 6.41748e-09
587 6.12073e-09
589 5.95382e-09
591 6.99816e-09
593 5.95079e-09
595 6.52021e-09
597 5.46295e-09
599 7.50722e-09
601 5.91791e-09
603 8.15254e-09
605 5.33592e-09
607 6.60672e-09
609 6.34571e-09
611 6.01247e-09
613 5.5504e-09
615 6.47872e-09
617 5.64553e-09
619 7.43096e-09
621 3.9428e-09
623 5.20552e-09
625 5.82568e-09
627 4.2882e-09
629 6.28156e-09
631 3.7976e-09
633 5.3728e-09
635 5.98849e-09
637 5.40175e-09
639 5.91203e-09
641 4.29095e-09
643 4.64988e-09
645 4.88513e-09
647 3.65191e-09
649 5.68432e-09
651 4.99644e-09
653 4.3511e-09
655 5.97299e-09
657 3.44987e-09
659 4.27536e-09
661 4.78655e-09
663 3.23498e-09
665 5.35265e-09
667 4.87611e-09
669 4.54749e-09
671 4.71895e-09
673 5.37893e-09
675 3.95226e-09
677 3.77949e-09
679 4.1157e-09
681 3.88007e-09
683 4.50743e-09
685 3.49277e-09
687 4.79449e-09
689 4.02181e-09
691 3.44058e-09
693 3.89451e-09
695 3.41399e-09
697 3.76505e-09
699 3.3617e-09
701 3.42556e-09
703 3.0177e-09
705 4.57076e-09
707 3.83508e-09
709 3.36445e-09
711 4.31171e-09
713 4.04647e-09
715 3.49038e-09
717 3.42775e-09
719 3.7911e-09
721 3.35953e-09
723 3.20146e-09
725 4.35173e-09
727 3.71709e-09
729 2.91935e-09
731 4.37196e-09
733 3.09852e-09
735 2.31945e-09
737 3.0106e-09
739 3.91532e-09
741 1.92868e-09
743 2.6776e-09
745 4.31132e-09
747 3.12231e-09
749 1.68441e-09
751 3.61509e-09
753 3.46363e-09
755 2.20361e-09
757 2.53928e-09
759 4.44413e-09
761 2.77466e-09
763 2.30328e-09
765 2.23947e-09
767 3.26808e-09
769 3.30483e-09
771 2.69064e-09
773 2.79736e-09
775 4.30892e-09
777 2.58198e-09
779 2.4482e-09
781 3.03424e-09
783 2.56152e-09
785 2.23081e-09
787 2.1923e-09
789 2.8188e-09
791 3.79662e-09
793 2.15818e-09
795 2.52211e-09
797 3.18075e-09
799 3.14562e-09
801 2.5927e-09
803 2.7571e-09
805 3.16026e-09
807 2.6185e-09
809 2.7321e-09
811 3.08166e-09
813 2.53684e-09
815 2.89616e-09
817 2.21661e-09
819 2.0829e-09
821 2.13735e-09
823 2.74058e-09
825 2.69239e-09
827 2.79624e-09
829 2.48457e-09
831 2.10756e-09
833 2.6494e-09
835 1.9223e-09
837 3.17626e-09
839 2.64619e-09
841 2.0439e-09
843 2.55676e-09
845 1.54661e-09
847 2.9062e-09
849 2.07602e-09
851 2.59685e-09
853 2.05895e-09
855 2.71316e-09
857 2.89388e-09
859 2.46748e-09
861 2.21145e-09
863 2.16367e-09
865 2.95562e-09
867 2.02783e-09
869 3.12607e-09
871 2.25608e-09
873 1.61999e-09
875 2.69955e-09
877 2.05656e-09
879 2.09473e-09
881 2.57037e-09
883 2.16818e-09
885 2.98437e-09
887 2.78891e-09
889 2.26895e-09
891 2.58534e-09
893 1.6357e-09
895 2.30252e-09
897 2.98233e-09
899 2.12752e-09
901 1.50699e-09
903 1.95022e-09
905 1.99427e-09
907 2.55443e-09
909 3.14656e-09
911 1.70963e-09
913 1.60464e-09
915 2.20005e-09
917 2.19011e-09
919 2.35596e-09
921 3.10336e-09
923 2.4609e-09
925 1.95497e-09
927 2.16617e-09
929 2.70228e-09
931 2.58687e-09
933 1.7771e-09
935 1.88191e-09
937 1.92723e-09
939 1.60099e-09
941 2.07545e-09
943 2.82026e-09
945 1.81071e-09
947 2.06564e-09
949 1.58344e-09
951 2.37459e-09
953 2.10727e-09
955 1.94306e-09
957 2.06067e-09
959 2.35273e-09
961 1.98758e-09
963 1.61268e-09
965 2.28219e-09
967 2.97909e-09
969 1.85923e-09
971 2.47685e-09
973 1.33876e-09
975 1.90431e-09
977 1.38636e-09
979 2.693e-09
981 2.55208e-09
983 2.54864e-09
985 1.76296e-09
987 2.52553e-09
989 3.1261e-09
991 1.76801e-09
993 2.67377e-09
995 2.31281e-09
997 2.11055e-09
999 1.65587e-09
1001 1.94639e-09
1003 2.5922e-09
1005 2.39445e-09
1007 1.69009e-09
1009 2.82812e-09
1011 2.4799e-09
1013 1.4356e-09
1015 1.72738e-09
1017 2.07046e-09
1019 2.72724e-09
1021 2.15694e-09
1023 2.78774e-09
1025 1.90599e-09
1027 2.87789e-09
1029 1.55825e-09
1031 2.23796e-09
1033 2.76131e-09
1035 2.2235e-09
1037 2.84745e-09
1039 1.11091e-09
1041 3.62769e-09
1043 2.94782e-09
1045 2.77948e-09
1047 2.39141e-09
1049 2.62733e-09
1051 2.76081e-09
1053 2.56811e-09
1055 2.23288e-09
1057 2.1573e-09
1059 2.27079e-09
1061 1.70193e-09
1063 2.92255e-09
1065 1.78849e-09
1067 3.28425e-09
1069 1.969e-09
1071 2.33786e-09
1073 2.9204e-09
1075 3.16821e-09
1077 3.29183e-09
1079 2.91736e-09
1081 2.64395e-09
1083 3.23674e-09
1085 2.39992e-09
1087 3.36694e-09
1089 2.85447e-09
1091 2.98678e-09
1093 2.5676e-09
1095 3.93444e-09
1097 4.4315e-09
1099 4.60153e-09
1101 4.368e-09
1103 3.73082e-09
1105 3.85466e-09
1107 6.47141e-09
1109 9.03715e-09
1111 1.53825e-08
1113 1.79738e-10
1115 8.96539e-10
1117 1.3537e-09
1119 3.57286e-10
1121 0
1123 7.11994e-10
1125 1.15359e-09
1127 5.32639e-10
1129 3.54512e-10
1131 7.07054e-10
1133 1.30928e-09
1135 1.76128e-10
1137 5.28072e-10
1139 7.02405e-10
1141 3.50517e-10
1143 1.75056e-10
1145 8.7345e-10
1147 6.97008e-10
1149 8.26647e-10
1151 1.7373e-10
1153 3.46776e-10
1155 9.78182e-10
1157 5.18651e-10
1159 3.45238e-10
1161 3.44475e-10
1163 6.88038e-10
1165 6.4371e-10
1167 8.56944e-10
1169 3.4217e-10
1171 6.82864e-10
1173 1.70456e-10
1175 5.10688e-10
1177 0
1179 1.46774e-09
1181 0
1183 9.19345e-10
1185 1.1394e-09
1187 5.05171e-10
1189 3.36345e-10
1191 3.35541e-10
1193 3.35025e-10
1195 1.67083e-10
1197 3.33965e-10
1199 5.00319e-10
1201 4.9888e-10
1203 1.12096e-09
1205 4.97598e-10
1207 3.31308e-10
1209 1.65387e-10
1211 1.65044e-10
1213 4.12058e-10
1215 3.29184e-10
1217 4.93464e-10
1219 3.28083e-10
1221 0
1223 1.26803e-09
1225 9.80014e-10
1227 0
1229 3.25629e-10
1231 1.62604e-10
1233 1.62172e-10
1235 3.23962e-10
1237 4.85431e-10
1239 1.61546e-10
1241 4.84047e-10
1243 1.61134e-10
1245 1.08428e-09
1247 4.8121e-10
1249 6.41182e-10
1251 4.86975e-10
1253 1.5969e-10
1255 1.59297e-10
1257 3.18139e-10
1259 1.5874e-10
1261 4.76103e-10
1263 4.75102e-10
1265 1.58082e-10
1267 9.47261e-10
1269 5.90988e-10
1271 4.7198e-10
1273 4.714e-10
1275 3.13625e-10
1277 0
1279 3.12721e-10
1281 4.981e-10
1283 1.60942e-10
1285 4.66959e-10
1287 4.66204e-10
1289 3.10376e-10
1291 8.90633e-10
1293 6.185e-10
1295 1.5433e-10
1297 9.25235e-10
1299 0
1301 0
1303 4.60321e-10
1305 3.11923e-10
1307 1.52915e-10
1309 0
1311 4.57857e-10
1313 7.66146e-10
1315 7.22208e-10
1317 4.5574e-10
1319 3.03397e-10
1321 6.05551e-10
1323 3.02536e-10
1325 3.0191e-10
1327 3.01374e-10
1329 1.50633e-10
1331 0
1333 6.05623e-10
1335 1.49709e-10
1337 5.98345e-10
1339 1.11974e-10
1341 7.45818e-10
1343 5.96095e-10
1345 7.43112e-10
1347 2.96887e-10
1349 0
1351 5.9211e-10
1353 0
1355 1.47678e-10
1357 1.4738e-10
1359 4.41363e-10
1361 0
1363 5.95606e-10
1365 1.46504e-10
1367 2.56015e-10
1369 8.8617e-10
1371 1.16717e-09
1373 2.91423e-10
1375 1.45537e-10
1377 1.45148e-10
1379 1.451e-10
1381 2.89949e-10
1383 1.4469e-10
1385 2.88704e-10
1387 2.88254e-10
1389 4.4309e-10
1391 0
1393 2.87148e-10
1395 1.43185e-10
1397 6.86785e-10
1399 1.42896e-09
1401 2.85424e-10
1403 1.42475e-10
1405 0
1407 1.42154e-10
1409 2.83824e-10
1411 2.83319e-10
1413 2.83114e-10
1415 4.33258e-10
1417 0
1419 5.6835e-10
1421 0
1423 2.81089e-10
1425 1.40364e-10
1427 7.00596e-10
1429 1.08464e-09
1431 5.59387e-10
1433 4.33332e-10
1435 1.39178e-10
1437 2.78553e-10
1439 0
1441 2.77564e-10
1443 2.77252e-10
1445 1.38394e-10
1447 4.14806e-10
1449 1.38026e-10
1451 2.75633e-10
1453 2.75379e-10
1455 1.37524e-10
1457 2.74356e-10
1459 1.09658e-09
1461 5.4743e-10
1463 3.7601e-10
1465 1.36594e-10
1467 2.72763e-10
1469 5.33589e-10
1471 0
1473 2.71353e-10
1475 2.71316e-10
1477 0
1479 4.05663e-10
1481 1.34992e-10
1483 4.11509e-10
1485 1.34704e-10
1487 5.37977e-10
1489 1.34238e-10
1491 5.36533e-10
1493 6.74287e-10
1495 8.0293e-10
1497 5.09443e-10
1499 0
1501 3.99732e-10
1503 1.33041e-10
1505 1.32969e-10
1507 2.65302e-10
1509 1.32614e-10
1511 3.96569e-10
1513 1.32139e-10
1515 1.31949e-10
1517 0
1519 2.63356e-10
1521 2.62982e-10
1523 3.94026e-10
1525 2.62261e-10
1527 6.5474e-10
1529 3.97074e-10
1531 7.83789e-10
1533 9.79156e-11
1535 1.30202e-10
1537 2.60347e-10
1539 3.95864e-10
1541 3.95839e-10
1543 2.5918e-10
1545 1.29493e-10
1547 3.87955e-10
1549 1.29078e-10
1551 1.328e-10
1553 1.28818e-10
1555 2.57011e-10
1557 1.28509e-10
1559 5.23816e-10
1561 2.56237e-10
1563 7.71756e-10
1565 5.16213e-10
1567 2.55355e-10
1569 3.82552e-10
1571 2.54961e-10
1573 2.22521e-10
1575 2.53952e-10
1577 3.80228e-10
1579 0
1581 1.26504e-10
1583 3.78943e-10
1585 0
1587 0
1589 2.52024e-10
1591 0
1593 2.51017e-10
1595 2.50915e-10
1597 2.50259e-10
1599 3.75223e-10
1601 2.49853e-10
1603 2.49682e-10
1605 7.68948e-10
1607 2.48818e-10
1609 2.48802e-10
1611 2.48231e-10
1613 3.40794e-10
1615 3.71401e-10
1617 1.23753e-10
1619 2.49314e-10
1621 0
1623 3.70082e-10
1625 0
1627 1.22951e-10
1629 0
1631 3.68089e-10
1633 2.50347e-10
1635 1.2226e-10
1637 4.88697e-10
1639 2.44102e-10
1641 1.25712e-10
1643 4.86822e-10
1645 2.43031e-10
1647 4.85972e-10
1649 2.42649e-10
1651 1.21091e-10
1653 4.53872e-10
1655 2.4168e-10
1657 1.20749e-10
1659 2.41234e-10
1661 2.43227e-10
1663 0
1665 2.40241e-10
1667 2.39951e-10
1669 0
1671 2.74624e-10
1673 2.38877e-10
1675 1.19404e-10
1677 1.19426e-10
1679 3.61028e-10
1681 4.75674e-10
1683 2.37426e-10
1685 2.37267e-10
1687 1.18637e-10
1689 3.55278e-10
1691 3.54773e-10
1693 2.35898e-10
1695 2.40776e-10
1697 2.08293e-10
1699 3.53206e-10
1701 4.70346e-10
1703 0
1705 1.17293e-10
1707 1.22931e-10
1709 2.34097e-10
1711 2.33764e-10
1713 0
1715 1.16658e-10
1717 0
1719 1.16384e-10
1721 2.32543e-10
1723 0
1725 2.31739e-10
1727 2.3162e-10
1729 5.78836e-10
1731 0
1733 3.46325e-10
1735 2.32515e-10
1737 4.64028e-10
1739 4.60278e-10
1741 1.14862e-10
1743 3.18492e-10
1745 1.14644e-10
1747 2.28887e-10
1749 1.14359e-10
1751 3.42823e-10
1753 2.28228e-10
1755 5.08177e-10
1757 0
1759 3.43825e-10
1761 1.13697e-10
1763 1.13446e-10
1765 0
1767 1.13084e-10
1769 1.13855e-10
1771 1.13085e-10
1773 1.12971e-10
1775 3.39921e-10
1777 2.25188e-10
1779 2.24841e-10
1781 2.24758e-10
1783 3.36694e-10
1785 4.52225e-10
1787 3.3561e-10
1789 1.1185e-10
1791 3.35074e-10
1793 1.95158e-10
1795 2.25747e-10
1797 2.22765e-10
1799 0
1801 1.11046e-10
1803 4.437e-10
1805 1.10829e-10
1807 1.1079e-10
1809 2.21241e-10
1811 1.13422e-10
1813 2.20784e-10
1815 2.24159e-10
1817 0
1819 3.71026e-10
1821 0
1823 2.22577e-10
1825 1.09558e-10
1827 2.18786e-10
1829 2.1875e-10
1831 3.70986e-10
1833 2.18287e-10
1835 3.2682e-10
1837 5.03768e-10
1839 4.37365e-10
1841 1.08595e-10
1843 5.15402e-10
1845 1.08349e-10
1847 2.16546e-10
1849 0
1851 1.08009e-10
1853 2.15789e-10
1855 0
1857 3.23107e-10
1859 3.22665e-10
1861 1.07453e-10
1863 0
1865 1.07258e-10
1867 3.23532e-10
1869 2.14158e-10
1871 0
1873 1.06752e-10
1875 1.0661e-10
1877 0
1879 1.06479e-10
1881 2.12634e-10
1883 2.12241e-10
1885 3.19232e-10
1887 8.17722e-11
1889 3.17464e-10
1891 1.05714e-10
1893 3.19059e-10
1895 4.22779e-10
1897 4.22163e-10
1899 2.10655e-10
1901 1.84108e-10
1903 3.14944e-10
1905 0
1907 3.14616e-10
1909 1.04678e-10
1911 0
1913 3.1358e-10
1915 0
1917 1.0434e-10
1919 2.08583e-10
1921 1.04249e-10
1923 2.07912e-10
1925 0
1927 1.0369e-10
1929 1.03702e-10
1931 0
1933 2.07111e-10
1935 0
1937 2.06335e-10
1939 3.09382e-10
1941 0
1943 1.03015e-10
1945 0
1947 1.02775e-10
1949 2.05334e-10
1951 2.04962e-10
1953 3.07431e-10
1955 3.06893e-10
1957 1.02285e-10
1959 1.02113e-10
1961 3.83891e-10
1963 1.01977e-10
1965 2.06196e-10
1967 4.06604e-10
1969 0
1971 0
1973 2.02837e-10
1975 1.01235e-10
1977 2.02392e-10
1979 1.01083e-10
1981 0
1983 2.01577e-10
1985 2.01619e-10
1987 1.00624e-10
1989 1.00471e-10
1991 1.02149e-10
1993 0
1995 3.03393e-10
1997 2.00297e-10
1999 0
