1.09967 6.94082e-10
3.099 1.40244e-09
5.09833 3.64589e-10
7.09767 1.09884e-09
9.097 0
11.0963 1.13077e-09
13.0957 7.71881e-10
15.095 6.5455e-10
17.0943 2.92674e-10
19.0937 6.62369e-10
21.093 6.94281e-10
23.0923 2.51633e-10
25.0917 2.07476e-10
27.091 0
29.0903 1.81259e-10
31.0897 6.01059e-10
33.089 4.77713e-10
35.0883 9.25932e-10
37.0877 0
39.087 1.4942e-10
41.0863 0
43.0857 2.68893e-10
45.085 1.81506e-10
47.0843 7.95452e-10
49.0837 4.23005e-10
51.083 1.24582e-10
53.0823 3.57536e-10
55.0817 8.64301e-10
57.081 1.18469e-10
59.0803 4.39297e-10
61.0797 1.06245e-10
63.079 3.66044e-10
65.0783 2.92263e-10
67.0777 1.98489e-10
69.077 4.0089e-10
71.0763 0
73.0757 8.9973e-11
75.075 4.63458e-10
77.0743 2.65509e-10
79.0737 3.24389e-10
81.073 1.52847e-10
83.0723 7.96289e-11
85.0717 9.15721e-11
87.071 7.47488e-11
89.0703 2.02338e-10
91.0697 2.77466e-10
93.069 1.54031e-10
95.0683 0
97.0677 2.65167e-10
99.067 2.58061e-10
101.066 1.26414e-10
103.066 7.2369e-11
105.065 2.32483e-10
107.064 1.95248e-10
109.064 1.18918e-10
111.063 2.24847e-10
113.062 1.85847e-10
115.062 2.88118e-10
117.061 1.18347e-10
119.06 2.24412e-10
121.06 1.74386e-10
123.059 2.27291e-10
125.058 2.25138e-10
127.058 1.68865e-10
129.057 1.09918e-10
131.056 1.69345e-10
133.056 1.09917e-10
135.055 2.22682e-10
137.054 1.13276e-10
139.054 1.66281e-10
141.053 2.27296e-10
143.052 1.20409e-10
145.052 1.09324e-10
147.051 1.71617e-10
149.05 1.11871e-10
151.05 1.13268e-10
153.049 1.74729e-10
155.048 5.59251e-11
157.048 0
159.047 0
161.046 0
163.046 0
165.045 0
167.044 0
169.044 0
171.043 0
173.042 0
175.042 0
177.041 0
179.04 0
181.04 0
183.039 0
185.038 0
187.038 0
189.037 0
191.036 0
193.036 0
195.035 0
197.034 0
199.034 0
201.033 0
203.032 0
205.032 0
207.031 0
209.03 0
211.03 0
213.029 0
215.028 0
217.028 0
219.027 0
221.026 0
223.026 0
225.025 0
227.024 0
229.024 0
231.023 0
233.022 0
235.022 0
237.021 0
239.02 0
241.02 0
243.019 0
245.018 0
247.018 0
249.017 0
251.016 0
253.016 0
255.015 0
257.014 0
259.014 0
261.013 0
263.012 0
265.012 0
267.011 0
269.01 0
271.01 0
273.009 0
275.008 0
277.008 0
279.007 0
281.006 0
283.006 0
285.005 0
287.004 0
289.004 0
291.003 0
293.002 0
295.002 0
297.001 0
299 0
