1.09967 0
3.099 0
5.09833 0
7.09767 0
9.097 9.13409e-11
11.0963 0
13.0957 0
15.095 0
17.0943 0
19.0937 0
21.093 9.04236e-11
23.0923 0
25.0917 0
27.091 0
29.0903 0
31.0897 9.39189e-11
33.089 0
35.0883 0
37.0877 9.91954e-11
39.087 0
41.0863 0
43.0857 1.04725e-10
45.085 0
47.0843 0
49.0837 1.12096e-10
51.083 0
53.0823 1.19613e-10
55.0817 0
57.081 0
59.0803 1.28529e-10
61.0797 0
63.079 1.36922e-10
65.0783 1.44031e-10
67.0777 0
69.077 1.52156e-10
71.0763 1.60137e-10
73.0757 0
75.075 1.69919e-10
77.0743 1.78179e-10
79.0737 1.85955e-10
81.073 1.92779e-10
83.0723 2.00941e-10
85.0717 2.07586e-10
87.071 2.13779e-10
89.0703 2.21105e-10
91.0697 2.27306e-10
93.069 2.33482e-10
95.0683 4.8459e-10
97.0677 2.51535e-10
99.067 5.22552e-10
101.066 2.70669e-10
103.066 5.60622e-10
105.065 5.85078e-10
107.064 6.07493e-10
109.064 6.2831e-10
111.063 6.5207e-10
113.062 6.75119e-10
115.062 6.9588e-10
117.061 1.08316e-09
119.06 7.49328e-10
121.06 1.16637e-09
123.059 8.07365e-10
125.058 1.25464e-09
127.058 1.30675e-09
129.057 1.81665e-09
131.056 1.41855e-09
133.056 1.96377e-09
135.055 1.52985e-09
137.054 2.6515e-09
139.054 2.20989e-09
141.053 2.87163e-09
143.052 2.99376e-09
145.052 2.48481e-09
147.051 3.94409e-09
149.05 2.88672e-09
151.05 4.71267e-09
153.049 4.32752e-09
155.048 5.73655e-09
157.048 5.25158e-09
159.047 5.76195e-09
161.046 6.32769e-09
163.046 6.96082e-09
165.045 9.17532e-09
167.044 8.42542e-09
169.044 1.11228e-08
171.043 1.02181e-08
173.042 1.34661e-08
175.042 1.23772e-08
177.041 1.35292e-08
179.04 1.7862e-08
181.04 1.64195e-08
183.039 1.79301e-08
185.038 1.97662e-08
187.038 2.17277e-08
189.037 0
191.036 0
193.036 0
195.035 0
197.034 0
199.034 0
201.033 0
203.032 0
205.032 0
207.031 0
209.03 0
211.03 0
213.029 0
215.028 0
217.028 0
219.027 0
221.026 0
223.026 0
225.025 0
227.024 0
229.024 0
231.023 0
233.022 0
235.022 0
237.021 0
239.02 0
241.02 0
243.019 0
245.018 0
247.018 0
249.017 0
251.016 0
253.016 0
255.015 0
257.014 0
259.014 0
261.013 0
263.012 0
265.012 0
267.011 0
269.01 0
271.01 0
273.009 0
275.008 0
277.008 0
279.007 0
281.006 0
283.006 0
285.005 0
287.004 0
289.004 0
291.003 0
293.002 0
295.002 0
297.001 0
299 0
