1 1.01423e-09 6.03253e-10
3 1.43466e-12 4.87226e-14
5 2.45299e-12 7.59413e-14
7 3.25845e-12 1.08371e-13
9 4.2907e-12 1.30342e-13
11 2.14909e-11 1.56137e-11
13 6.99946e-08 3.32398e-09
15 0.000113965 1.9384e-07
17 0.00061124 4.71212e-07
19 0.00141219 5.1925e-07
21 0.00110827 5.1583e-07
23 0.000502361 2.86916e-07
25 0.000335046 2.24445e-07
27 0.000239964 1.70216e-07
29 0.000182416 1.38014e-07
31 0.000124962 1.02953e-07
33 9.53388e-05 8.86462e-08
35 7.73355e-05 7.44141e-08
37 6.54158e-05 6.05538e-08
39 4.73396e-05 4.5514e-08
41 4.02698e-05 4.09748e-08
43 3.55949e-05 3.73904e-08
45 3.19038e-05 3.31151e-08
47 2.89169e-05 3.0244e-08
49 2.64353e-05 2.70326e-08
51 2.43095e-05 2.56294e-08
53 2.04841e-05 1.94553e-08
55 1.70384e-05 1.64375e-08
57 1.55335e-05 1.50028e-08
59 1.35851e-05 1.33794e-08
61 1.23311e-05 1.20824e-08
63 1.1147e-05 1.074e-08
65 9.92482e-06 9.71284e-09
67 9.07181e-06 9.26323e-09
69 8.3509e-06 8.59036e-09
71 7.46846e-06 7.82402e-09
73 6.79774e-06 7.17595e-09
75 6.28192e-06 6.64204e-09
77 5.8383e-06 6.21199e-09
79 5.40226e-06 5.73384e-09
81 4.7894e-06 5.08527e-09
83 4.46369e-06 4.8392e-09
85 4.16529e-06 4.51082e-09
87 3.90282e-06 4.25092e-09
89 3.67121e-06 3.89232e-09
91 3.44863e-06 3.70985e-09
93 3.01825e-06 3.24945e-09
95 2.83623e-06 3.13054e-09
97 2.66826e-06 2.94918e-09
99 2.5174e-06 2.79465e-09
101 2.38432e-06 2.66429e-09
103 2.26195e-06 2.56583e-09
105 2.15196e-06 2.40633e-09
107 2.05052e-06 2.39154e-09
109 1.89631e-06 2.15355e-09
111 1.65107e-06 1.8585e-09
113 1.5819e-06 1.83796e-09
115 1.50429e-06 1.7489e-09
117 1.43182e-06 1.62365e-09
119 1.36707e-06 1.61246e-09
121 1.30691e-06 1.4835e-09
123 1.25199e-06 1.45078e-09
125 1.20087e-06 1.39653e-09
127 1.15401e-06 1.37611e-09
129 1.11017e-06 1.28301e-09
131 1.06916e-06 1.22444e-09
133 1.03099e-06 1.16957e-09
135 9.95316e-07 1.15011e-09
137 8.72589e-07 1.00673e-09
139 8.02536e-07 9.53818e-10
141 7.88301e-07 9.35325e-10
143 7.58661e-07 8.86792e-10
145 7.31411e-07 8.45524e-10
147 7.05445e-07 7.88176e-10
149 6.81826e-07 8.05304e-10
151 6.59129e-07 7.85225e-10
153 6.38298e-07 7.3126e-10
155 6.16758e-07 7.13204e-10
157 5.57547e-07 6.589e-10
159 5.22759e-07 5.91884e-10
161 5.02442e-07 6.04217e-10
163 4.89237e-07 5.93455e-10
165 4.72401e-07 5.44542e-10
167 4.5623e-07 5.43627e-10
169 4.41549e-07 5.40861e-10
171 4.27274e-07 5.01302e-10
173 4.14185e-07 5.01373e-10
175 4.01759e-07 4.76739e-10
177 3.90059e-07 4.81e-10
179 3.78926e-07 4.38772e-10
181 3.68422e-07 4.54225e-10
183 3.5675e-07 4.29118e-10
185 3.22455e-07 3.71955e-10
187 3.05253e-07 3.90618e-10
189 2.90211e-07 3.33458e-10
191 2.80627e-07 3.28712e-10
193 2.76864e-07 3.2536e-10
195 2.68989e-07 3.16142e-10
197 2.61417e-07 3.21306e-10
199 2.53798e-07 3.03118e-10
201 2.47365e-07 2.86041e-10
203 2.40717e-07 2.97204e-10
205 2.34523e-07 2.77084e-10
207 2.28676e-07 2.70704e-10
209 2.23224e-07 2.65056e-10
211 2.17647e-07 2.60296e-10
213 2.12689e-07 2.57075e-10
215 2.07821e-07 2.56507e-10
217 2.02913e-07 2.29426e-10
219 1.98443e-07 2.32644e-10
221 1.94284e-07 2.52363e-10
223 1.90203e-07 2.42131e-10
225 1.86055e-07 2.33923e-10
227 1.69003e-07 2.1906e-10
229 1.56217e-07 2.05055e-10
231 1.49384e-07 2.15103e-10
233 1.42912e-07 1.84849e-10
235 1.37346e-07 1.88798e-10
237 1.32234e-07 1.89081e-10
239 1.3087e-07 1.82353e-10
241 1.30855e-07 1.87302e-10
243 1.27671e-07 1.63845e-10
245 1.25017e-07 1.81847e-10
247 1.224e-07 1.56824e-10
249 1.1948e-07 1.64468e-10
251 1.1744e-07 1.5205e-10
253 1.14622e-07 1.71074e-10
255 1.12734e-07 1.57672e-10
257 1.10207e-07 1.59016e-10
259 1.08202e-07 1.63346e-10
261 1.06204e-07 1.57414e-10
263 1.04211e-07 1.4579e-10
265 1.02107e-07 1.45065e-10
267 1.00542e-07 1.54851e-10
269 9.85418e-08 1.42813e-10
271 9.69953e-08 1.6056e-10
273 9.50722e-08 1.34475e-10
275 9.37713e-08 1.51204e-10
277 9.17718e-08 1.36478e-10
279 9.07695e-08 1.39601e-10
281 8.88529e-08 1.24447e-10
283 8.77138e-08 1.37176e-10
285 8.61409e-08 1.22488e-10
287 8.50155e-08 1.30717e-10
289 8.34406e-08 1.21643e-10
291 8.23554e-08 1.22797e-10
293 8.10037e-08 1.19492e-10
295 7.97508e-08 1.21062e-10
297 7.87504e-08 1.2299e-10
299 7.73275e-08 1.13835e-10
301 7.30057e-08 1.28126e-10
303 6.62912e-08 9.77551e-11
305 6.34587e-08 1.12428e-10
307 6.08983e-08 1.01127e-10
309 5.86566e-08 9.58505e-11
311 5.65569e-08 9.98676e-11
313 5.82839e-08 9.62595e-11
315 5.76631e-08 9.64367e-11
317 5.6572e-08 9.34352e-11
319 5.56859e-08 1.01207e-10
321 5.50676e-08 8.83397e-11
323 5.37289e-08 8.95853e-11
325 5.16158e-08 9.12605e-11
327 5.07342e-08 7.99406e-11
329 4.9479e-08 8.73777e-11
331 4.83663e-08 8.87747e-11
333 4.75929e-08 7.80427e-11
335 4.67027e-08 7.4242e-11
337 4.57131e-08 7.94363e-11
339 4.52675e-08 8.26249e-11
341 4.46142e-08 8.26067e-11
343 4.36698e-08 7.80915e-11
345 4.28632e-08 7.68449e-11
347 4.24676e-08 7.45859e-11
349 4.17904e-08 7.78514e-11
351 4.01303e-08 7.43747e-11
353 3.9249e-08 7.29679e-11
355 3.86471e-08 7.11321e-11
357 3.78049e-08 7.92022e-11
359 3.69135e-08 7.20036e-11
361 3.63286e-08 7.00414e-11
363 3.58049e-08 6.99819e-11
365 3.51043e-08 6.77686e-11
367 3.46172e-08 6.38507e-11
369 3.40831e-08 6.93218e-11
371 3.3687e-08 6.54395e-11
373 3.3105e-08 5.9179e-11
375 3.25187e-08 6.68826e-11
377 3.20654e-08 6.0909e-11
379 3.1685e-08 6.57303e-11
381 3.12085e-08 5.8038e-11
383 3.02697e-08 6.42613e-11
385 2.94575e-08 5.83548e-11
387 2.89314e-08 6.36285e-11
389 2.84521e-08 6.17962e-11
391 2.79036e-08 5.36039e-11
393 2.73908e-08 6.08113e-11
395 2.70469e-08 4.89509e-11
397 2.67611e-08 6.66572e-11
399 2.63247e-08 6.16708e-11
401 2.58731e-08 4.82296e-11
403 2.5605e-08 5.97821e-11
405 2.53045e-08 5.38396e-11
407 2.49834e-08 5.97831e-11
409 2.45936e-08 5.47716e-11
411 2.42987e-08 5.4156e-11
413 2.38841e-08 5.86272e-11
415 2.36247e-08 5.2496e-11
417 2.34341e-08 5.44123e-11
419 2.30584e-08 5.6169e-11
421 2.26464e-08 5.02002e-11
423 2.24464e-08 4.614e-11
425 2.14468e-08 5.30154e-11
427 2.11467e-08 4.66885e-11
429 2.08774e-08 4.89547e-11
431 2.03986e-08 4.87012e-11
433 2.01073e-08 4.96826e-11
435 1.98655e-08 4.54311e-11
437 1.95189e-08 4.52875e-11
439 1.92769e-08 4.5275e-11
441 1.90015e-08 4.72801e-11
443 1.87535e-08 4.29292e-11
445 1.84032e-08 4.45349e-11
447 1.82265e-08 4.81436e-11
449 1.80707e-08 4.19574e-11
451 1.79137e-08 4.37866e-11
453 1.76193e-08 4.09349e-11
455 1.75047e-08 4.46125e-11
457 1.72442e-08 4.45314e-11
459 1.69862e-08 4.28437e-11
461 1.69384e-08 4.14979e-11
463 1.66352e-08 4.37764e-11
465 1.65383e-08 4.81987e-11
467 1.62594e-08 3.56211e-11
469 1.61488e-08 4.62839e-11
471 1.59017e-08 4.51557e-11
473 1.56986e-08 4.33669e-11
475 1.56534e-08 4.40015e-11
477 1.4591e-08 3.74921e-11
479 1.42244e-08 4.12941e-11
481 1.39024e-08 3.25675e-11
483 1.37251e-08 3.70188e-11
485 1.35074e-08 4.02537e-11
487 1.3258e-08 3.61853e-11
489 1.3077e-08 3.32099e-11
491 1.29079e-08 3.38859e-11
493 1.27191e-08 3.39543e-11
495 1.25814e-08 3.76038e-11
497 1.23976e-08 3.28802e-11
499 1.2205e-08 3.275e-11
501 1.19993e-08 3.197e-11
503 1.19027e-08 3.66752e-11
505 1.17085e-08 3.14165e-11
507 1.15497e-08 3.3623e-11
509 1.14377e-08 2.94866e-11
511 1.13908e-08 3.15848e-11
513 1.13408e-08 3.46783e-11
515 1.12963e-08 3.55139e-11
517 1.11245e-08 3.2903e-11
519 1.09414e-08 3.30622e-11
521 1.08876e-08 3.54505e-11
523 1.07392e-08 3.24072e-11
525 1.06272e-08 3.46253e-11
527 1.05974e-08 2.73304e-11
529 1.04139e-08 3.07827e-11
531 1.03758e-08 3.52699e-11
533 1.02779e-08 2.99519e-11
535 1.02239e-08 3.5522e-11
537 1.00893e-08 3.03765e-11
539 9.96378e-09 3.46132e-11
541 9.8672e-09 3.32924e-11
543 9.79604e-09 2.92065e-11
545 9.68067e-09 3.28252e-11
547 9.61753e-09 3.47641e-11
549 9.56124e-09 3.11765e-11
551 9.26916e-09 3.15476e-11
553 8.69943e-09 3.35032e-11
555 8.53414e-09 3.08638e-11
557 8.49154e-09 2.6357e-11
559 8.32972e-09 2.90497e-11
561 8.29047e-09 2.7255e-11
563 8.17884e-09 2.58039e-11
565 8.07252e-09 2.6135e-11
567 7.95188e-09 2.55428e-11
569 7.86076e-09 3.02635e-11
571 7.84909e-09 3.08109e-11
573 7.72484e-09 2.6918e-11
575 7.67151e-09 2.91743e-11
577 7.57927e-09 2.7944e-11
579 7.47846e-09 2.77906e-11
581 7.4664e-09 2.7425e-11
583 7.37343e-09 2.69838e-11
585 7.29716e-09 2.44687e-11
587 7.19524e-09 2.13822e-11
589 7.1245e-09 2.59792e-11
591 7.04021e-09 2.26955e-11
593 6.98979e-09 2.59217e-11
595 6.90307e-09 2.25898e-11
597 6.84477e-09 2.44012e-11
599 6.8097e-09 2.50621e-11
601 6.75473e-09 2.35411e-11
603 6.65537e-09 2.51456e-11
605 6.70048e-09 2.83449e-11
607 6.68491e-09 2.41268e-11
609 6.70168e-09 2.7867e-11
611 6.66268e-09 2.50403e-11
613 6.57991e-09 2.32599e-11
615 6.51721e-09 2.44905e-11
617 6.48632e-09 2.66402e-11
619 6.43465e-09 2.61557e-11
621 6.40851e-09 2.34984e-11
623 6.31772e-09 2.30016e-11
625 6.28059e-09 2.20405e-11
627 6.26681e-09 2.62291e-11
629 5.35407e-09 2.14554e-11
631 5.18848e-09 2.15989e-11
633 5.17867e-09 2.08011e-11
635 5.19094e-09 1.93067e-11
637 5.16672e-09 1.98795e-11
639 5.14264e-09 1.92304e-11
641 5.21926e-09 1.90527e-11
643 5.21759e-09 2.10838e-11
645 5.12406e-09 1.83571e-11
647 5.15728e-09 2.07414e-11
649 5.09594e-09 1.76708e-11
651 5.08553e-09 1.98505e-11
653 5.04521e-09 2.20503e-11
655 5.03917e-09 2.0849e-11
657 5.02363e-09 1.99053e-11
659 4.97971e-09 1.98915e-11
661 5.00896e-09 1.86416e-11
663 4.94381e-09 1.90971e-11
665 4.93069e-09 1.85817e-11
667 4.87185e-09 2.11753e-11
669 4.82873e-09 2.11264e-11
671 4.5919e-09 1.8074e-11
673 4.50525e-09 1.78132e-11
675 4.48421e-09 1.78455e-11
677 4.50773e-09 2.04127e-11
679 4.44439e-09 1.72379e-11
681 4.37155e-09 1.71808e-11
683 4.31514e-09 1.58296e-11
685 4.28507e-09 1.80603e-11
687 4.27936e-09 1.67444e-11
689 4.21735e-09 1.81559e-11
691 4.15758e-09 1.68091e-11
693 4.14415e-09 1.75511e-11
695 4.11586e-09 1.77664e-11
697 4.07404e-09 1.83135e-11
699 4.02926e-09 1.76252e-11
701 3.95509e-09 1.75308e-11
703 3.94992e-09 1.77809e-11
705 3.90878e-09 1.75166e-11
707 3.89804e-09 1.58024e-11
709 3.82313e-09 1.69382e-11
711 3.83377e-09 1.67867e-11
713 3.75837e-09 1.38476e-11
715 3.77343e-09 1.73822e-11
717 3.69497e-09 1.75303e-11
719 3.71369e-09 1.52907e-11
721 3.6535e-09 1.82279e-11
723 3.61174e-09 1.46968e-11
725 3.57228e-09 1.58449e-11
727 3.53708e-09 1.5922e-11
729 3.51056e-09 1.46086e-11
731 3.53348e-09 1.75406e-11
733 3.44393e-09 1.52159e-11
735 3.41733e-09 1.46164e-11
737 3.40271e-09 1.53945e-11
739 3.36397e-09 1.53276e-11
741 3.3713e-09 1.51319e-11
743 3.34402e-09 1.52063e-11
745 3.23948e-09 1.5347e-11
747 3.2715e-09 1.3109e-11
749 3.27681e-09 1.49142e-11
751 3.2499e-09 1.32507e-11
753 3.19931e-09 1.29235e-11
755 3.19303e-09 1.65362e-11
757 3.1685e-09 1.38366e-11
759 3.13453e-09 1.48137e-11
761 3.11835e-09 1.41545e-11
763 3.10077e-09 1.42606e-11
765 3.07222e-09 1.37014e-11
767 3.08147e-09 1.5256e-11
769 3.02466e-09 1.34601e-11
771 2.99135e-09 1.48039e-11
773 2.98827e-09 1.39512e-11
775 2.95977e-09 1.42327e-11
777 2.97036e-09 1.46314e-11
779 2.94893e-09 1.37615e-11
781 2.91267e-09 1.28164e-11
783 2.8722e-09 1.30458e-11
785 2.87422e-09 1.24872e-11
787 2.84972e-09 1.33919e-11
789 2.85328e-09 1.38521e-11
791 2.82464e-09 1.40485e-11
793 2.75179e-09 1.25362e-11
795 2.72749e-09 1.39933e-11
797 2.75025e-09 1.34782e-11
799 2.73378e-09 1.31061e-11
801 2.73418e-09 1.07824e-11
803 2.71802e-09 1.49767e-11
805 2.70626e-09 1.17868e-11
807 2.68271e-09 1.23233e-11
809 2.65893e-09 1.29449e-11
811 2.65165e-09 1.11812e-11
813 2.63622e-09 1.29533e-11
815 2.6328e-09 1.27517e-11
817 2.62541e-09 1.14735e-11
819 2.60066e-09 1.44635e-11
821 2.5857e-09 1.1855e-11
823 2.57018e-09 1.08547e-11
825 2.56107e-09 1.16227e-11
827 2.53922e-09 1.3491e-11
829 2.53489e-09 1.25153e-11
831 2.53631e-09 1.23153e-11
833 2.5142e-09 1.09417e-11
835 2.47632e-09 1.21902e-11
837 2.49762e-09 1.31346e-11
839 2.46617e-09 1.22155e-11
841 2.4585e-09 1.21876e-11
843 2.46444e-09 1.03144e-11
845 2.43655e-09 1.18208e-11
847 2.42669e-09 1.14611e-11
849 2.40954e-09 1.22827e-11
851 2.40142e-09 1.11035e-11
853 2.41125e-09 1.23925e-11
855 2.41914e-09 1.17904e-11
857 2.37565e-09 1.23701e-11
859 2.42212e-09 1.17699e-11
861 2.43144e-09 1.28285e-11
863 2.4267e-09 1.20237e-11
865 2.41645e-09 1.18868e-11
867 2.42112e-09 1.235e-11
869 2.40715e-09 1.21529e-11
871 2.41329e-09 1.14084e-11
873 2.40124e-09 1.07452e-11
875 2.39446e-09 1.22043e-11
877 2.39769e-09 1.15662e-11
879 2.37375e-09 1.19548e-11
881 2.36948e-09 1.1843e-11
883 2.3652e-09 1.11772e-11
885 2.44224e-09 1.29219e-11
887 2.45474e-09 1.22361e-11
889 2.46425e-09 1.17454e-11
891 2.43054e-09 1.11997e-11
893 2.42905e-09 1.15313e-11
895 2.42165e-09 1.14455e-11
897 2.43216e-09 1.14936e-11
899 2.40958e-09 1.03982e-11
901 2.397e-09 1.08225e-11
903 2.38684e-09 1.19054e-11
905 2.37272e-09 1.06249e-11
907 2.35908e-09 1.15439e-11
909 2.38171e-09 1.00682e-11
911 2.35272e-09 1.18517e-11
913 2.36325e-09 1.09551e-11
915 2.38039e-09 1.04123e-11
917 2.34288e-09 1.17386e-11
919 2.36407e-09 1.19152e-11
921 2.33652e-09 1.04574e-11
923 2.31304e-09 1.11606e-11
925 2.33062e-09 1.22211e-11
927 2.3337e-09 9.97571e-12
929 2.31267e-09 1.17558e-11
931 2.34038e-09 9.71063e-12
933 2.30676e-09 1.09328e-11
935 2.31812e-09 1.13211e-11
937 2.29992e-09 1.15781e-11
939 2.30367e-09 1.05495e-11
941 2.26328e-09 1.13047e-11
943 2.28332e-09 1.06351e-11
945 2.2927e-09 1.05462e-11
947 2.27985e-09 1.20332e-11
949 2.27265e-09 1.00628e-11
951 2.26671e-09 1.05146e-11
953 2.25494e-09 1.08352e-11
955 2.2601e-09 1.08195e-11
957 2.28432e-09 1.08445e-11
959 2.26673e-09 1.20387e-11
961 2.25954e-09 9.59055e-12
963 2.21941e-09 1.03327e-11
965 2.24418e-09 1.0774e-11
967 2.24922e-09 1.21686e-11
969 2.2164e-09 1.03307e-11
971 2.2217e-09 1.13339e-11
973 2.22423e-09 1.08957e-11
975 2.19728e-09 9.85027e-12
977 2.21579e-09 1.09724e-11
979 2.25167e-09 1.0244e-11
981 2.37422e-09 1.06658e-11
983 2.38428e-09 1.02168e-11
985 2.39288e-09 1.0749e-11
987 2.37577e-09 1.18862e-11
989 2.40703e-09 1.14767e-11
991 2.39047e-09 1.06374e-11
993 2.40526e-09 1.09321e-11
995 2.41619e-09 1.18151e-11
997 2.41722e-09 1.06263e-11
999 2.40635e-09 1.04447e-11
1001 2.42203e-09 1.12219e-11
1003 2.40858e-09 9.85294e-12
1005 2.4423e-09 1.04085e-11
1007 2.429e-09 1.13831e-11
1009 2.43706e-09 9.81467e-12
1011 2.41812e-09 1.234e-11
1013 2.45993e-09 1.01588e-11
1015 2.44968e-09 1.1872e-11
1017 2.47698e-09 1.01834e-11
1019 2.48363e-09 1.00346e-11
1021 2.47689e-09 1.08237e-11
1023 2.47694e-09 1.02502e-11
1025 2.48765e-09 1.04045e-11
1027 2.49176e-09 1.22621e-11
1029 2.4863e-09 1.02746e-11
1031 2.49893e-09 1.00853e-11
1033 2.49173e-09 1.04409e-11
1035 2.53533e-09 1.0056e-11
1037 2.53684e-09 1.1677e-11
1039 2.53467e-09 9.51515e-12
1041 2.54087e-09 1.0662e-11
1043 2.55923e-09 1.17232e-11
1045 2.57253e-09 1.19108e-11
1047 2.58232e-09 1.17045e-11
1049 2.59617e-09 1.28468e-11
1051 2.6136e-09 1.18169e-11
1053 2.62546e-09 1.26377e-11
1055 2.61611e-09 1.04179e-11
1057 2.64705e-09 1.08859e-11
1059 2.67053e-09 1.2641e-11
1061 2.7264e-09 1.08371e-11
1063 2.71126e-09 1.12317e-11
1065 2.78314e-09 1.02576e-11
1067 2.79618e-09 1.04417e-11
1069 2.82737e-09 1.19315e-11
1071 2.83235e-09 1.08529e-11
1073 2.88788e-09 1.14727e-11
1075 2.9155e-09 1.33287e-11
1077 2.95215e-09 1.15437e-11
1079 2.95687e-09 1.05152e-11
1081 3.02849e-09 1.19819e-11
1083 3.03534e-09 1.27833e-11
1085 3.07793e-09 1.01605e-11
1087 3.12959e-09 1.24126e-11
1089 3.21814e-09 1.1214e-11
1091 3.67439e-09 1.42495e-11
1093 4.21483e-09 1.26595e-11
1095 4.52274e-09 1.44764e-11
1097 4.88209e-09 1.4469e-11
1099 5.03705e-09 1.58724e-11
1101 5.35975e-09 1.41954e-11
1103 5.66576e-09 1.63952e-11
1105 6.64521e-09 1.75911e-11
1107 8.2387e-09 1.90504e-11
1109 1.15265e-08 2.44923e-11
1111 1.99981e-08 3.37511e-11
1113 0 0
1115 0 0
1117 0 0
1119 0 0
1121 0 0
1123 0 0
1125 0 0
1127 0 0
1129 0 0
1131 0 0
1133 0 0
1135 0 0
1137 0 0
1139 0 0
1141 0 0
1143 0 0
1145 0 0
1147 0 0
1149 0 0
1151 0 0
1153 0 0
1155 0 0
1157 0 0
1159 0 0
1161 0 0
1163 0 0
1165 0 0
1167 0 0
1169 0 0
1171 0 0
1173 0 0
1175 0 0
1177 0 0
1179 0 0
1181 0 0
1183 0 0
1185 0 0
1187 0 0
1189 0 0
1191 0 0
1193 0 0
1195 0 0
1197 0 0
1199 0 0
1201 0 0
1203 0 0
1205 0 0
1207 0 0
1209 0 0
1211 0 0
1213 0 0
1215 0 0
1217 0 0
1219 0 0
1221 0 0
1223 0 0
1225 0 0
1227 0 0
1229 0 0
1231 0 0
1233 0 0
1235 0 0
1237 0 0
1239 0 0
1241 0 0
1243 0 0
1245 0 0
1247 0 0
1249 0 0
1251 0 0
1253 0 0
1255 0 0
1257 0 0
1259 0 0
1261 0 0
1263 0 0
1265 0 0
1267 0 0
1269 0 0
1271 0 0
1273 0 0
1275 0 0
1277 0 0
1279 0 0
1281 0 0
1283 0 0
1285 0 0
1287 0 0
1289 0 0
1291 0 0
1293 0 0
1295 0 0
1297 0 0
1299 0 0
1301 0 0
1303 0 0
1305 0 0
1307 0 0
1309 0 0
1311 0 0
1313 0 0
1315 0 0
1317 0 0
1319 0 0
1321 0 0
1323 0 0
1325 0 0
1327 0 0
1329 0 0
1331 0 0
1333 0 0
1335 0 0
1337 0 0
1339 0 0
1341 0 0
1343 0 0
1345 0 0
1347 0 0
1349 0 0
1351 0 0
1353 0 0
1355 0 0
1357 0 0
1359 0 0
1361 0 0
1363 0 0
1365 0 0
1367 0 0
1369 0 0
1371 0 0
1373 0 0
1375 0 0
1377 0 0
1379 0 0
1381 0 0
1383 0 0
1385 0 0
1387 0 0
1389 0 0
1391 0 0
1393 0 0
1395 0 0
1397 0 0
1399 0 0
1401 0 0
1403 0 0
1405 0 0
1407 0 0
1409 0 0
1411 0 0
1413 0 0
1415 0 0
1417 0 0
1419 0 0
1421 0 0
1423 0 0
1425 0 0
1427 0 0
1429 0 0
1431 0 0
1433 0 0
1435 0 0
1437 0 0
1439 0 0
1441 0 0
1443 0 0
1445 0 0
1447 0 0
1449 0 0
1451 0 0
1453 0 0
1455 0 0
1457 0 0
1459 0 0
1461 0 0
1463 0 0
1465 0 0
1467 0 0
1469 0 0
1471 0 0
1473 0 0
1475 0 0
1477 0 0
1479 0 0
1481 0 0
1483 0 0
1485 0 0
1487 0 0
1489 0 0
1491 0 0
1493 0 0
1495 0 0
1497 0 0
1499 0 0
1501 0 0
1503 0 0
1505 0 0
1507 0 0
1509 0 0
1511 0 0
1513 0 0
1515 0 0
1517 0 0
1519 0 0
1521 0 0
1523 0 0
1525 0 0
1527 0 0
1529 0 0
1531 0 0
1533 0 0
1535 0 0
1537 0 0
1539 0 0
1541 0 0
1543 0 0
1545 0 0
1547 0 0
1549 0 0
1551 0 0
1553 0 0
1555 0 0
1557 0 0
1559 0 0
1561 0 0
1563 0 0
1565 0 0
1567 0 0
1569 0 0
1571 0 0
1573 0 0
1575 0 0
1577 0 0
1579 0 0
1581 0 0
1583 0 0
1585 0 0
1587 0 0
1589 0 0
1591 0 0
1593 0 0
1595 0 0
1597 0 0
1599 0 0
1601 0 0
1603 0 0
1605 0 0
1607 0 0
1609 0 0
1611 0 0
1613 0 0
1615 0 0
1617 0 0
1619 0 0
1621 0 0
1623 0 0
1625 0 0
1627 0 0
1629 0 0
1631 0 0
1633 0 0
1635 0 0
1637 0 0
1639 0 0
1641 0 0
1643 0 0
1645 0 0
1647 0 0
1649 0 0
1651 0 0
1653 0 0
1655 0 0
1657 0 0
1659 0 0
1661 0 0
1663 0 0
1665 0 0
1667 0 0
1669 0 0
1671 0 0
1673 0 0
1675 0 0
1677 0 0
1679 0 0
1681 0 0
1683 0 0
1685 0 0
1687 0 0
1689 0 0
1691 0 0
1693 0 0
1695 0 0
1697 0 0
1699 0 0
1701 0 0
1703 0 0
1705 0 0
1707 0 0
1709 0 0
1711 0 0
1713 0 0
1715 0 0
1717 0 0
1719 0 0
1721 0 0
1723 0 0
1725 0 0
1727 0 0
1729 0 0
1731 0 0
1733 0 0
1735 0 0
1737 0 0
1739 0 0
1741 0 0
1743 0 0
1745 0 0
1747 0 0
1749 0 0
1751 0 0
1753 0 0
1755 0 0
1757 0 0
1759 0 0
1761 0 0
1763 0 0
1765 0 0
1767 0 0
1769 0 0
1771 0 0
1773 0 0
1775 0 0
1777 0 0
1779 0 0
1781 0 0
1783 0 0
1785 0 0
1787 0 0
1789 0 0
1791 0 0
1793 0 0
1795 0 0
1797 0 0
1799 0 0
1801 0 0
1803 0 0
1805 0 0
1807 0 0
1809 0 0
1811 0 0
1813 0 0
1815 0 0
1817 0 0
1819 0 0
1821 0 0
1823 0 0
1825 0 0
1827 0 0
1829 0 0
1831 0 0
1833 0 0
1835 0 0
1837 0 0
1839 0 0
1841 0 0
1843 0 0
1845 0 0
1847 0 0
1849 0 0
1851 0 0
1853 0 0
1855 0 0
1857 0 0
1859 0 0
1861 0 0
1863 0 0
1865 0 0
1867 0 0
1869 0 0
1871 0 0
1873 0 0
1875 0 0
1877 0 0
1879 0 0
1881 0 0
1883 0 0
1885 0 0
1887 0 0
1889 0 0
1891 0 0
1893 0 0
1895 0 0
1897 0 0
1899 0 0
1901 0 0
1903 0 0
1905 0 0
1907 0 0
1909 0 0
1911 0 0
1913 0 0
1915 0 0
1917 0 0
1919 0 0
1921 0 0
1923 0 0
1925 0 0
1927 0 0
1929 0 0
1931 0 0
1933 0 0
1935 0 0
1937 0 0
1939 0 0
1941 0 0
1943 0 0
1945 0 0
1947 0 0
1949 0 0
1951 0 0
1953 0 0
1955 0 0
1957 0 0
1959 0 0
1961 0 0
1963 0 0
1965 0 0
1967 0 0
1969 0 0
1971 0 0
1973 0 0
1975 0 0
1977 0 0
1979 0 0
1981 0 0
1983 0 0
1985 0 0
1987 0 0
1989 0 0
1991 0 0
1993 0 0
1995 0 0
1997 0 0
1999 0 0
