1 2.38852e-09 9.67431e-10
3 1.72852e-12 5.28789e-14
5 2.95321e-12 8.50069e-14
7 1.92273e-10 1.87032e-10
9 4.39808e-08 3.32485e-09
11 1.19673e-07 6.01428e-09
13 2.27791e-07 7.97089e-09
15 0.000114221 1.96016e-07
17 0.000612146 4.70705e-07
19 0.00141466 5.17298e-07
21 0.00111284 5.17995e-07
23 0.000507297 2.84889e-07
25 0.000340162 2.22761e-07
27 0.000244701 1.69958e-07
29 0.000186988 1.41532e-07
31 0.000128856 1.06949e-07
33 9.89002e-05 9.12941e-08
35 8.06817e-05 7.55596e-08
37 6.85999e-05 6.16998e-08
39 4.98491e-05 4.72213e-08
41 4.25387e-05 4.20196e-08
43 3.77068e-05 3.83688e-08
45 3.38863e-05 3.44675e-08
47 3.07893e-05 3.13283e-08
49 2.82159e-05 2.82408e-08
51 2.60097e-05 2.66461e-08
53 2.19647e-05 2.03958e-08
55 1.83077e-05 1.73195e-08
57 1.67205e-05 1.57622e-08
59 1.46426e-05 1.4142e-08
61 1.33066e-05 1.28581e-08
63 1.20448e-05 1.12824e-08
65 1.07374e-05 1.01504e-08
67 9.82586e-06 9.73709e-09
69 9.05808e-06 9.1018e-09
71 8.11039e-06 8.15895e-09
73 7.39052e-06 7.42673e-09
75 6.83826e-06 6.906e-09
77 6.36258e-06 6.453e-09
79 5.89473e-06 5.92672e-09
81 5.23283e-06 5.27308e-09
83 4.88323e-06 5.00981e-09
85 4.56251e-06 4.6759e-09
87 4.2802e-06 4.40109e-09
89 4.0312e-06 4.00689e-09
91 3.79168e-06 3.80432e-09
93 3.32222e-06 3.33458e-09
95 3.1259e-06 3.23151e-09
97 2.94331e-06 2.98112e-09
99 2.78042e-06 2.90101e-09
101 2.63629e-06 2.70416e-09
103 2.50362e-06 2.65135e-09
105 2.38478e-06 2.40313e-09
107 2.27481e-06 2.4439e-09
109 2.10608e-06 2.22422e-09
111 1.8352e-06 1.89251e-09
113 1.76041e-06 1.91312e-09
115 1.67549e-06 1.7985e-09
117 1.59627e-06 1.67353e-09
119 1.52531e-06 1.68586e-09
121 1.45968e-06 1.54089e-09
123 1.39955e-06 1.49574e-09
125 1.34365e-06 1.46871e-09
127 1.29225e-06 1.40675e-09
129 1.24449e-06 1.33035e-09
131 1.19949e-06 1.25457e-09
133 1.15755e-06 1.22969e-09
135 1.11855e-06 1.18835e-09
137 9.81584e-07 1.06442e-09
139 9.0335e-07 1.00307e-09
141 8.88062e-07 9.74182e-10
143 8.55129e-07 9.32399e-10
145 8.25023e-07 8.95958e-10
147 7.96403e-07 8.39877e-10
149 7.70289e-07 8.39712e-10
151 7.45132e-07 8.34882e-10
153 7.22062e-07 7.73816e-10
155 6.98145e-07 7.40713e-10
157 6.31604e-07 6.91113e-10
159 5.92674e-07 6.3325e-10
161 5.69807e-07 6.30815e-10
163 5.55336e-07 6.20514e-10
165 5.36338e-07 5.76521e-10
167 5.18344e-07 5.7669e-10
169 5.01939e-07 5.64373e-10
171 4.86032e-07 5.30193e-10
173 4.71362e-07 5.20119e-10
175 4.57533e-07 5.01091e-10
177 4.44267e-07 5.21226e-10
179 4.32004e-07 4.71296e-10
181 4.2026e-07 4.83108e-10
183 4.07041e-07 4.653e-10
185 3.68116e-07 4.01172e-10
187 3.48648e-07 4.17753e-10
189 3.31574e-07 3.52505e-10
191 3.20781e-07 3.47459e-10
193 3.16687e-07 3.47565e-10
195 3.07777e-07 3.44589e-10
197 2.99254e-07 3.413e-10
199 2.90681e-07 3.28409e-10
201 2.83332e-07 3.14337e-10
203 2.75925e-07 3.13697e-10
205 2.68916e-07 2.96633e-10
207 2.62293e-07 2.92632e-10
209 2.56131e-07 2.96462e-10
211 2.49948e-07 2.78655e-10
213 2.44283e-07 2.80201e-10
215 2.38751e-07 2.83706e-10
217 2.33226e-07 2.45322e-10
219 2.28193e-07 2.43128e-10
221 2.23522e-07 2.75759e-10
223 2.18881e-07 2.61196e-10
225 2.142e-07 2.60713e-10
227 1.94607e-07 2.36105e-10
229 1.80103e-07 2.09164e-10
231 1.72156e-07 2.32627e-10
233 1.64809e-07 2.02936e-10
235 1.58456e-07 1.99833e-10
237 1.52538e-07 1.97683e-10
239 1.51101e-07 1.94059e-10
241 1.51093e-07 2.04148e-10
243 1.47498e-07 1.83458e-10
245 1.44418e-07 1.89695e-10
247 1.41447e-07 1.74848e-10
249 1.38142e-07 1.74791e-10
251 1.35764e-07 1.76947e-10
253 1.32649e-07 1.76351e-10
255 1.30434e-07 1.6619e-10
257 1.27654e-07 1.70361e-10
259 1.25289e-07 1.718e-10
261 1.23054e-07 1.72389e-10
263 1.20806e-07 1.55274e-10
265 1.18415e-07 1.61804e-10
267 1.16614e-07 1.63705e-10
269 1.14369e-07 1.59611e-10
271 1.12584e-07 1.71238e-10
273 1.10421e-07 1.50892e-10
275 1.0896e-07 1.56164e-10
277 1.06645e-07 1.54327e-10
279 1.05549e-07 1.42579e-10
281 1.03278e-07 1.44308e-10
283 1.02061e-07 1.41551e-10
285 1.00199e-07 1.3714e-10
287 9.89597e-08 1.39751e-10
289 9.71855e-08 1.32919e-10
291 9.5916e-08 1.3192e-10
293 9.4424e-08 1.35035e-10
295 9.29818e-08 1.31739e-10
297 9.17999e-08 1.33835e-10
299 9.02544e-08 1.32464e-10
301 8.51909e-08 1.35532e-10
303 7.74952e-08 1.0703e-10
305 7.42144e-08 1.21643e-10
307 7.12191e-08 1.14203e-10
309 6.86751e-08 1.04413e-10
311 6.62173e-08 1.09374e-10
313 6.83514e-08 1.05411e-10
315 6.75742e-08 1.09841e-10
317 6.63169e-08 1.05961e-10
319 6.53593e-08 1.13378e-10
321 6.45557e-08 9.87566e-11
323 6.30448e-08 1.02158e-10
325 6.06861e-08 1.00573e-10
327 5.95988e-08 9.04958e-11
329 5.81546e-08 9.66253e-11
331 5.6957e-08 1.01966e-10
333 5.60441e-08 9.22201e-11
335 5.49853e-08 8.40668e-11
337 5.39173e-08 9.24234e-11
339 5.33455e-08 9.66216e-11
341 5.2626e-08 9.40534e-11
343 5.15847e-08 8.82041e-11
345 5.06761e-08 8.70542e-11
347 5.01362e-08 9.01672e-11
349 4.93761e-08 8.93185e-11
351 4.75545e-08 8.42418e-11
353 4.65065e-08 8.92082e-11
355 4.57322e-08 8.47716e-11
357 4.4829e-08 8.4709e-11
359 4.38849e-08 8.60392e-11
361 4.31645e-08 8.45526e-11
363 4.24838e-08 8.53558e-11
365 4.17505e-08 7.34614e-11
367 4.12031e-08 7.07572e-11
369 4.05546e-08 8.64255e-11
371 4.00154e-08 7.75174e-11
373 3.945e-08 6.64403e-11
375 3.87692e-08 7.80905e-11
377 3.82261e-08 7.19232e-11
379 3.77682e-08 7.51023e-11
381 3.7216e-08 6.55439e-11
383 3.62159e-08 7.79405e-11
385 3.51844e-08 6.89665e-11
387 3.46151e-08 7.1062e-11
389 3.40096e-08 6.56681e-11
391 3.34709e-08 6.25995e-11
393 3.28334e-08 7.24683e-11
395 3.24613e-08 5.6977e-11
397 3.21331e-08 7.64476e-11
399 3.15498e-08 7.0314e-11
401 3.11752e-08 6.22901e-11
403 3.08441e-08 7.46219e-11
405 3.04465e-08 6.21933e-11
407 3.01105e-08 7.10806e-11
409 2.96203e-08 6.05644e-11
411 2.93145e-08 6.23791e-11
413 2.89358e-08 6.85463e-11
415 2.85241e-08 6.0691e-11
417 2.83411e-08 6.18455e-11
419 2.79391e-08 6.79744e-11
421 2.74335e-08 5.87083e-11
423 2.72706e-08 5.52519e-11
425 2.60398e-08 6.35854e-11
427 2.56999e-08 5.50885e-11
429 2.54734e-08 5.99421e-11
431 2.4862e-08 5.87744e-11
433 2.45451e-08 5.90047e-11
435 2.42204e-08 5.3651e-11
437 2.3782e-08 5.53997e-11
439 2.35368e-08 5.58314e-11
441 2.31518e-08 5.41006e-11
443 2.28795e-08 5.06349e-11
445 2.25053e-08 5.79552e-11
447 2.22835e-08 5.44018e-11
449 2.20728e-08 5.57905e-11
451 2.19321e-08 5.01625e-11
453 2.16194e-08 5.6111e-11
455 2.14829e-08 5.14916e-11
457 2.11443e-08 5.72455e-11
459 2.08608e-08 4.9955e-11
461 2.08395e-08 4.7972e-11
463 2.04732e-08 5.5977e-11
465 2.03552e-08 5.61619e-11
467 2.00791e-08 4.71734e-11
469 1.99431e-08 6.08661e-11
471 1.96195e-08 5.67464e-11
473 1.94042e-08 5.03068e-11
475 1.93549e-08 5.15876e-11
477 1.81017e-08 4.56924e-11
479 1.76877e-08 5.41702e-11
481 1.73422e-08 4.52682e-11
483 1.71321e-08 4.4328e-11
485 1.68858e-08 4.73608e-11
487 1.65601e-08 4.20258e-11
489 1.63549e-08 4.20616e-11
491 1.61789e-08 4.83425e-11
493 1.59471e-08 4.22426e-11
495 1.58197e-08 5.08162e-11
497 1.56046e-08 4.23714e-11
499 1.53921e-08 4.31855e-11
501 1.51507e-08 3.92502e-11
503 1.50575e-08 4.61522e-11
505 1.48124e-08 4.39665e-11
507 1.46046e-08 4.43138e-11
509 1.45078e-08 4.27062e-11
511 1.44366e-08 4.6726e-11
513 1.44037e-08 4.36761e-11
515 1.43734e-08 5.058e-11
517 1.42097e-08 4.2272e-11
519 1.39439e-08 4.32026e-11
521 1.39226e-08 4.65414e-11
523 1.37289e-08 4.24697e-11
525 1.36189e-08 3.98527e-11
527 1.35465e-08 4.13759e-11
529 1.33727e-08 4.42983e-11
531 1.33108e-08 5.02875e-11
533 1.32174e-08 4.10268e-11
535 1.31685e-08 4.73039e-11
537 1.3011e-08 3.96495e-11
539 1.28702e-08 4.30491e-11
541 1.27094e-08 4.26072e-11
543 1.25714e-08 3.59717e-11
545 1.2442e-08 3.90051e-11
547 1.23183e-08 4.58068e-11
549 1.22628e-08 4.05668e-11
551 1.19401e-08 3.98352e-11
553 1.11956e-08 3.95576e-11
555 1.10798e-08 3.85198e-11
557 1.0999e-08 3.80593e-11
559 1.08935e-08 3.46049e-11
561 1.07825e-08 3.66229e-11
563 1.06883e-08 3.45949e-11
565 1.05107e-08 3.45292e-11
567 1.04211e-08 3.15558e-11
569 1.02679e-08 3.66803e-11
571 1.02808e-08 4.40997e-11
573 1.01297e-08 3.45312e-11
575 1.00811e-08 3.56662e-11
577 1.00143e-08 4.08163e-11
579 9.81338e-09 3.75724e-11
581 9.84399e-09 3.77644e-11
583 9.72367e-09 3.81903e-11
585 9.66826e-09 3.25838e-11
587 9.5399e-09 3.37994e-11
589 9.46137e-09 3.52604e-11
591 9.35658e-09 3.41104e-11
593 9.2871e-09 3.3047e-11
595 9.20427e-09 2.95291e-11
597 9.09563e-09 3.47481e-11
599 9.12096e-09 3.51697e-11
601 9.02228e-09 2.95875e-11
603 8.95131e-09 3.73962e-11
605 8.97752e-09 3.88624e-11
607 8.97832e-09 3.10854e-11
609 8.97696e-09 3.68288e-11
611 8.93667e-09 3.30916e-11
613 8.83879e-09 3.164e-11
615 8.7859e-09 3.34952e-11
617 8.76786e-09 3.35325e-11
619 8.6612e-09 3.56332e-11
621 8.61313e-09 3.12947e-11
623 8.45785e-09 2.89937e-11
625 8.43316e-09 2.91629e-11
627 8.41649e-09 3.30828e-11
629 7.27102e-09 3.06556e-11
631 7.13372e-09 2.83825e-11
633 7.10153e-09 2.87769e-11
635 7.11725e-09 2.97307e-11
637 7.08403e-09 2.84275e-11
639 7.02232e-09 2.568e-11
641 7.15349e-09 2.9874e-11
643 7.11549e-09 2.64556e-11
645 7.03185e-09 2.72495e-11
647 7.09901e-09 3.03657e-11
649 6.97345e-09 2.45623e-11
651 7.01773e-09 2.76782e-11
653 6.96795e-09 3.19714e-11
655 6.90256e-09 3.00776e-11
657 6.92686e-09 2.61925e-11
659 6.85791e-09 3.05857e-11
661 6.8648e-09 2.799e-11
663 6.84483e-09 2.73914e-11
665 6.82892e-09 2.66829e-11
667 6.73188e-09 3.04589e-11
669 6.70289e-09 2.68174e-11
671 6.39252e-09 2.57264e-11
673 6.3066e-09 2.78083e-11
675 6.26825e-09 2.74689e-11
677 6.28101e-09 2.8372e-11
679 6.22803e-09 2.63581e-11
681 6.13722e-09 2.56915e-11
683 6.06834e-09 2.53592e-11
685 6.07964e-09 2.59685e-11
687 6.02678e-09 2.48479e-11
689 5.95801e-09 2.72767e-11
691 5.92815e-09 2.54072e-11
693 5.8814e-09 2.78801e-11
695 5.81077e-09 2.37155e-11
697 5.79994e-09 2.74044e-11
699 5.74707e-09 2.56508e-11
701 5.65709e-09 2.60336e-11
703 5.65191e-09 2.59238e-11
705 5.62083e-09 2.47243e-11
707 5.59201e-09 2.41144e-11
709 5.49563e-09 2.47162e-11
711 5.53003e-09 2.47079e-11
713 5.4254e-09 2.27397e-11
715 5.44759e-09 2.6971e-11
717 5.36224e-09 2.99105e-11
719 5.36179e-09 2.43392e-11
721 5.3109e-09 2.502e-11
723 5.26382e-09 2.6137e-11
725 5.18964e-09 2.38547e-11
727 5.1867e-09 2.53843e-11
729 5.14566e-09 2.47471e-11
731 5.12431e-09 2.33987e-11
733 5.00164e-09 2.32999e-11
735 4.94746e-09 2.2334e-11
737 4.94988e-09 2.40081e-11
739 4.8616e-09 2.40732e-11
741 4.87112e-09 2.48111e-11
743 4.86407e-09 2.17168e-11
745 4.7077e-09 2.14198e-11
747 4.74325e-09 2.25158e-11
749 4.75028e-09 2.18326e-11
751 4.73457e-09 2.18268e-11
753 4.63375e-09 2.4955e-11
755 4.61886e-09 2.66467e-11
757 4.59561e-09 2.04021e-11
759 4.58634e-09 2.25126e-11
761 4.53271e-09 1.99503e-11
763 4.54293e-09 2.12792e-11
765 4.49731e-09 2.09233e-11
767 4.5167e-09 2.11655e-11
769 4.45568e-09 2.15923e-11
771 4.38337e-09 2.21165e-11
773 4.39545e-09 2.09381e-11
775 4.36921e-09 2.22071e-11
777 4.39792e-09 2.33481e-11
779 4.32943e-09 2.20318e-11
781 4.32235e-09 2.1466e-11
783 4.26869e-09 2.15023e-11
785 4.26371e-09 2.32232e-11
787 4.21662e-09 2.16084e-11
789 4.22326e-09 2.08008e-11
791 4.18834e-09 2.1981e-11
793 4.11033e-09 2.03511e-11
795 4.0782e-09 2.28708e-11
797 4.09739e-09 2.03857e-11
799 4.08544e-09 2.22946e-11
801 4.07988e-09 2.05981e-11
803 4.06038e-09 2.22834e-11
805 4.03212e-09 1.81074e-11
807 4.01737e-09 2.08653e-11
809 3.98937e-09 2.17793e-11
811 3.98239e-09 2.21169e-11
813 3.94156e-09 1.8641e-11
815 3.94821e-09 2.03373e-11
817 3.94017e-09 2.18134e-11
819 3.93825e-09 2.23438e-11
821 3.85892e-09 2.08337e-11
823 3.89503e-09 1.85068e-11
825 3.86174e-09 1.96871e-11
827 3.85722e-09 2.20226e-11
829 3.81187e-09 2.0325e-11
831 3.84333e-09 1.88321e-11
833 3.80269e-09 1.79802e-11
835 3.78335e-09 2.19897e-11
837 3.76701e-09 1.95992e-11
839 3.74356e-09 2.01959e-11
841 3.74188e-09 1.64929e-11
843 3.73632e-09 1.96044e-11
845 3.71069e-09 1.6746e-11
847 3.68109e-09 1.77824e-11
849 3.69359e-09 2.03679e-11
851 3.68133e-09 1.7615e-11
853 3.67995e-09 2.15354e-11
855 3.65827e-09 2.00221e-11
857 3.63943e-09 2.16075e-11
859 3.68508e-09 2.04868e-11
861 3.71193e-09 1.90443e-11
863 3.69108e-09 1.95729e-11
865 3.6836e-09 2.0545e-11
867 3.68334e-09 1.98698e-11
869 3.67518e-09 2.1377e-11
871 3.68009e-09 2.20382e-11
873 3.65371e-09 1.82979e-11
875 3.64966e-09 1.91079e-11
877 3.65617e-09 1.93294e-11
879 3.62222e-09 1.88128e-11
881 3.62481e-09 1.83567e-11
883 3.60048e-09 1.80187e-11
885 3.69646e-09 1.96574e-11
887 3.71848e-09 1.98379e-11
889 3.71999e-09 1.77679e-11
891 3.68859e-09 2.07326e-11
893 3.69414e-09 1.92329e-11
895 3.68233e-09 1.83238e-11
897 3.6915e-09 1.78281e-11
899 3.66563e-09 1.77615e-11
901 3.58302e-09 1.73125e-11
903 3.54543e-09 1.85647e-11
905 3.54133e-09 1.5189e-11
907 3.51576e-09 1.82154e-11
909 3.54478e-09 1.84346e-11
911 3.48893e-09 2.11736e-11
913 3.49383e-09 1.6412e-11
915 3.50865e-09 1.70998e-11
917 3.46995e-09 1.92354e-11
919 3.47583e-09 1.85949e-11
921 3.47084e-09 1.70748e-11
923 3.41896e-09 1.88297e-11
925 3.42985e-09 1.83721e-11
927 3.42963e-09 1.68593e-11
929 3.41851e-09 1.77734e-11
931 3.4301e-09 1.66153e-11
933 3.40847e-09 1.71943e-11
935 3.37494e-09 1.88269e-11
937 3.3821e-09 1.52768e-11
939 3.37546e-09 1.82392e-11
941 3.32523e-09 1.90591e-11
943 3.35069e-09 1.87731e-11
945 3.36644e-09 1.57988e-11
947 3.34315e-09 1.76809e-11
949 3.33671e-09 1.64586e-11
951 3.33158e-09 1.61855e-11
953 3.32392e-09 1.74584e-11
955 3.33628e-09 1.53707e-11
957 3.36675e-09 2.04494e-11
959 3.33992e-09 1.79367e-11
961 3.32261e-09 1.69046e-11
963 3.27896e-09 1.65852e-11
965 3.30318e-09 1.74394e-11
967 3.32252e-09 1.97371e-11
969 3.26236e-09 1.82103e-11
971 3.29121e-09 1.55164e-11
973 3.28689e-09 1.87598e-11
975 3.25646e-09 1.62085e-11
977 3.26465e-09 1.67134e-11
979 3.31008e-09 1.73915e-11
981 3.45231e-09 1.70335e-11
983 3.45666e-09 1.728e-11
985 3.50026e-09 1.72114e-11
987 3.4671e-09 1.77415e-11
989 3.48121e-09 1.78997e-11
991 3.46483e-09 1.72149e-11
993 3.49976e-09 1.69041e-11
995 3.50695e-09 1.70315e-11
997 3.48831e-09 1.73463e-11
999 3.50823e-09 1.6963e-11
1001 3.49903e-09 1.82159e-11
1003 3.49131e-09 1.64408e-11
1005 3.49883e-09 1.53301e-11
1007 3.51795e-09 1.68102e-11
1009 3.52543e-09 1.62606e-11
1011 3.48561e-09 1.82667e-11
1013 3.55626e-09 1.77582e-11
1015 3.54299e-09 1.79249e-11
1017 3.55211e-09 1.57822e-11
1019 3.54588e-09 1.55752e-11
1021 3.58454e-09 1.55436e-11
1023 3.56799e-09 1.62978e-11
1025 3.56125e-09 1.56679e-11
1027 3.57406e-09 1.9908e-11
1029 3.5808e-09 1.85572e-11
1031 3.57965e-09 1.69393e-11
1033 3.56866e-09 1.58623e-11
1035 3.61376e-09 1.77358e-11
1037 3.61989e-09 1.65055e-11
1039 3.62361e-09 1.87954e-11
1041 3.59429e-09 1.63796e-11
1043 3.67201e-09 1.79363e-11
1045 3.68406e-09 1.71381e-11
1047 3.65779e-09 1.71199e-11
1049 3.69655e-09 1.81082e-11
1051 3.70589e-09 1.82672e-11
1053 3.70326e-09 1.60343e-11
1055 3.71177e-09 1.74428e-11
1057 3.74101e-09 1.73925e-11
1059 3.79901e-09 1.85349e-11
1061 3.84374e-09 1.67769e-11
1063 3.81262e-09 1.75881e-11
1065 3.91099e-09 1.66421e-11
1067 3.92422e-09 1.63964e-11
1069 3.94452e-09 1.71642e-11
1071 3.9491e-09 1.56303e-11
1073 4.02776e-09 1.69909e-11
1075 4.08187e-09 2.00447e-11
1077 4.10228e-09 1.55696e-11
1079 4.09474e-09 1.53007e-11
1081 4.18315e-09 1.63445e-11
1083 4.19793e-09 1.7388e-11
1085 4.15988e-09 1.67957e-11
1087 4.2169e-09 1.61552e-11
1089 4.37225e-09 1.74651e-11
1091 4.88792e-09 2.07537e-11
1093 5.53133e-09 1.71046e-11
1095 5.89725e-09 1.72687e-11
1097 6.31469e-09 1.8959e-11
1099 6.51791e-09 2.13596e-11
1101 6.86645e-09 2.04527e-11
1103 7.23539e-09 2.29766e-11
1105 8.42864e-09 2.26218e-11
1107 1.03023e-08 2.28564e-11
1109 1.41944e-08 2.83888e-11
1111 2.42155e-08 3.66946e-11
1113 5.40349e-10 1.01939e-11
1115 5.40459e-10 1.03853e-11
1117 5.33734e-10 1.09199e-11
1119 5.2373e-10 9.89961e-12
1121 5.60925e-10 1.09335e-11
1123 5.5599e-10 1.08697e-11
1125 5.50189e-10 9.13794e-12
1127 5.47606e-10 9.80445e-12
1129 5.39412e-10 9.6526e-12
1131 5.33288e-10 1.01867e-11
1133 5.32775e-10 1.04662e-11
1135 5.41059e-10 9.73994e-12
1137 5.50464e-10 1.05156e-11
1139 5.4642e-10 1.04404e-11
1141 5.46038e-10 1.00701e-11
1143 5.53615e-10 1.01338e-11
1145 5.38508e-10 9.01154e-12
1147 5.3405e-10 9.20303e-12
1149 5.2169e-10 1.01327e-11
1151 5.53017e-10 1.0034e-11
1153 5.34199e-10 9.7679e-12
1155 5.46782e-10 1.16056e-11
1157 5.36053e-10 1.10405e-11
1159 5.46511e-10 1.04114e-11
1161 5.51682e-10 1.05023e-11
1163 5.27177e-10 1.01579e-11
1165 5.201e-10 1.02622e-11
1167 5.2532e-10 1.07627e-11
1169 5.35913e-10 1.1342e-11
1171 5.38114e-10 9.80864e-12
1173 5.2654e-10 1.0102e-11
1175 5.22445e-10 8.65818e-12
1177 5.44564e-10 9.51298e-12
1179 5.19075e-10 9.65603e-12
1181 5.35055e-10 1.01317e-11
1183 5.10216e-10 9.13519e-12
1185 5.18156e-10 1.02494e-11
1187 5.26828e-10 1.08854e-11
1189 5.27784e-10 1.05985e-11
1191 5.23936e-10 9.23578e-12
1193 5.25556e-10 1.0124e-11
1195 5.02801e-10 9.11177e-12
1197 4.70765e-10 9.68213e-12
1199 4.77675e-10 9.88846e-12
1201 4.61359e-10 9.07264e-12
1203 4.70797e-10 9.31211e-12
1205 4.5292e-10 8.9878e-12
1207 4.62531e-10 9.60236e-12
1209 4.4498e-10 9.53902e-12
1211 4.60414e-10 8.97731e-12
1213 4.38948e-10 8.20861e-12
1215 4.50674e-10 7.59023e-12
1217 4.42977e-10 8.96073e-12
1219 4.30327e-10 8.57403e-12
1221 4.17034e-10 7.83742e-12
1223 4.3646e-10 8.77845e-12
1225 4.21907e-10 8.78016e-12
1227 4.20706e-10 9.03568e-12
1229 4.23095e-10 9.76044e-12
1231 4.14652e-10 9.19682e-12
1233 4.14973e-10 8.93371e-12
1235 4.03638e-10 7.28279e-12
1237 4.13687e-10 8.32063e-12
1239 4.48051e-10 9.32895e-12
1241 4.29131e-10 8.93733e-12
1243 4.13581e-10 8.02701e-12
1245 4.232e-10 8.63064e-12
1247 4.21782e-10 9.00694e-12
1249 4.17582e-10 9.57001e-12
1251 4.3248e-10 9.11623e-12
1253 4.26154e-10 8.09186e-12
1255 4.15514e-10 8.25797e-12
1257 4.27045e-10 7.19102e-12
1259 4.15239e-10 8.0362e-12
1261 4.33923e-10 9.38947e-12
1263 4.29823e-10 9.26424e-12
1265 4.05012e-10 8.0514e-12
1267 4.04e-10 8.08416e-12
1269 4.13429e-10 8.23818e-12
1271 4.11635e-10 9.71406e-12
1273 4.00305e-10 7.65405e-12
1275 4.22135e-10 8.51108e-12
1277 4.11067e-10 8.47696e-12
1279 4.10703e-10 7.2863e-12
1281 4.11359e-10 7.88026e-12
1283 3.95082e-10 7.8626e-12
1285 4.23209e-10 8.01414e-12
1287 4.04001e-10 7.90299e-12
1289 3.93285e-10 8.16079e-12
1291 3.7333e-10 8.64744e-12
1293 3.87913e-10 8.77958e-12
1295 3.84873e-10 9.11224e-12
1297 3.80682e-10 8.11383e-12
1299 3.89944e-10 7.89117e-12
1301 3.96533e-10 7.88025e-12
1303 3.86369e-10 6.88867e-12
1305 3.80275e-10 7.32807e-12
1307 3.69472e-10 7.24055e-12
1309 3.87034e-10 8.03118e-12
1311 3.96066e-10 7.21515e-12
1313 3.73908e-10 8.07856e-12
1315 3.68611e-10 7.85269e-12
1317 3.55657e-10 8.81976e-12
1319 3.6986e-10 9.04002e-12
1321 3.64403e-10 7.42643e-12
1323 3.74856e-10 7.78657e-12
1325 3.69137e-10 7.30457e-12
1327 3.80838e-10 8.31761e-12
1329 3.58793e-10 7.11042e-12
1331 3.67165e-10 7.45084e-12
1333 3.74858e-10 8.32464e-12
1335 3.75043e-10 7.35707e-12
1337 3.65022e-10 7.97355e-12
1339 3.69014e-10 7.59261e-12
1341 3.55999e-10 7.09289e-12
1343 3.47717e-10 8.45814e-12
1345 3.57938e-10 8.26519e-12
1347 3.5534e-10 7.06839e-12
1349 3.56703e-10 6.73835e-12
1351 3.56153e-10 7.78042e-12
1353 3.64428e-10 7.89006e-12
1355 3.55424e-10 7.10792e-12
1357 3.55621e-10 7.33778e-12
1359 3.64105e-10 7.14126e-12
1361 3.59132e-10 8.11334e-12
1363 3.52883e-10 7.6154e-12
1365 3.54105e-10 7.43084e-12
1367 3.51359e-10 7.34623e-12
1369 3.43569e-10 8.26959e-12
1371 3.38141e-10 7.47367e-12
1373 3.49349e-10 8.16265e-12
1375 3.40063e-10 6.84895e-12
1377 3.50199e-10 8.03221e-12
1379 3.46473e-10 8.05541e-12
1381 3.44713e-10 7.55779e-12
1383 3.49364e-10 6.67838e-12
1385 3.43659e-10 6.82571e-12
1387 3.34811e-10 6.57766e-12
1389 3.48101e-10 8.82672e-12
1391 3.30769e-10 6.80144e-12
1393 3.3375e-10 7.36937e-12
1395 3.2668e-10 7.42433e-12
1397 3.28382e-10 7.78242e-12
1399 3.17958e-10 7.30701e-12
1401 3.26615e-10 7.28836e-12
1403 3.14001e-10 7.06276e-12
1405 3.2405e-10 7.87691e-12
1407 3.3575e-10 7.90743e-12
1409 3.20642e-10 6.95598e-12
1411 3.23181e-10 7.45953e-12
1413 3.27125e-10 5.47325e-12
1415 3.26501e-10 7.01054e-12
1417 3.25601e-10 6.80234e-12
1419 3.20308e-10 6.64575e-12
1421 3.16403e-10 5.82294e-12
1423 3.23311e-10 7.07086e-12
1425 3.26663e-10 7.12592e-12
1427 3.06248e-10 7.44584e-12
1429 3.02314e-10 6.61999e-12
1431 3.03231e-10 7.89802e-12
1433 3.10001e-10 6.98099e-12
1435 3.09008e-10 7.13189e-12
1437 3.13558e-10 6.43933e-12
1439 3.143e-10 6.84918e-12
1441 3.09551e-10 6.53044e-12
1443 3.08385e-10 6.56407e-12
1445 3.09564e-10 7.00656e-12
1447 3.04759e-10 6.51144e-12
1449 3.09547e-10 6.81671e-12
1451 3.00829e-10 6.72835e-12
1453 3.09303e-10 6.96261e-12
1455 3.03925e-10 7.20971e-12
1457 2.99134e-10 6.45743e-12
1459 3.0726e-10 6.28857e-12
1461 2.89887e-10 6.86201e-12
1463 2.92977e-10 6.823e-12
1465 2.89387e-10 7.13269e-12
1467 2.99775e-10 6.87147e-12
1469 2.98838e-10 6.50775e-12
1471 3.02203e-10 6.31182e-12
1473 2.94993e-10 5.93803e-12
1475 2.93599e-10 6.2728e-12
1477 2.90901e-10 6.37823e-12
1479 2.968e-10 6.26721e-12
1481 2.98005e-10 6.39585e-12
1483 3.00807e-10 5.70892e-12
1485 2.93531e-10 6.0376e-12
1487 2.86437e-10 5.88866e-12
1489 2.94952e-10 6.43198e-12
1491 2.88674e-10 6.18594e-12
1493 2.8897e-10 5.95446e-12
1495 2.84153e-10 5.78959e-12
1497 2.78987e-10 6.63163e-12
1499 2.87167e-10 7.4134e-12
1501 3.04309e-10 7.12444e-12
1503 2.93679e-10 6.39182e-12
1505 2.90943e-10 7.0241e-12
1507 2.83376e-10 5.82595e-12
1509 2.68852e-10 6.58399e-12
1511 2.85984e-10 6.566e-12
1513 2.85267e-10 6.12563e-12
1515 2.78282e-10 6.62363e-12
1517 2.88805e-10 5.57016e-12
1519 2.75364e-10 6.57964e-12
1521 2.79939e-10 6.29552e-12
1523 2.7561e-10 6.68957e-12
1525 2.68102e-10 5.86589e-12
1527 2.7346e-10 6.5555e-12
1529 2.75031e-10 6.15892e-12
1531 2.71179e-10 5.65281e-12
1533 2.62987e-10 6.05114e-12
1535 2.68775e-10 6.22203e-12
1537 2.82942e-10 6.16528e-12
1539 2.75583e-10 5.81361e-12
1541 2.79345e-10 6.89854e-12
1543 2.59493e-10 6.67242e-12
1545 2.56974e-10 5.72241e-12
1547 2.709e-10 6.31099e-12
1549 2.6546e-10 6.86012e-12
1551 2.7456e-10 6.156e-12
1553 2.63346e-10 6.06071e-12
1555 2.6731e-10 5.95388e-12
1557 2.6094e-10 5.99413e-12
1559 2.6044e-10 5.88782e-12
1561 2.5795e-10 6.20435e-12
1563 2.52443e-10 6.34072e-12
1565 2.683e-10 5.9833e-12
1567 2.58603e-10 5.70687e-12
1569 2.6001e-10 5.93788e-12
1571 2.54635e-10 6.29348e-12
1573 2.57699e-10 6.71359e-12
1575 2.7033e-10 6.35627e-12
1577 2.49957e-10 5.32556e-12
1579 2.60319e-10 6.0007e-12
1581 2.45687e-10 6.20268e-12
1583 2.41751e-10 6.00577e-12
1585 2.61746e-10 5.77668e-12
1587 2.51334e-10 5.67404e-12
1589 2.54957e-10 6.0692e-12
1591 2.66756e-10 5.74835e-12
1593 2.4758e-10 6.10801e-12
1595 2.65364e-10 6.62168e-12
1597 2.4232e-10 5.58836e-12
1599 2.59754e-10 6.07926e-12
1601 2.41132e-10 6.15549e-12
1603 2.57457e-10 5.74742e-12
1605 2.49159e-10 5.96138e-12
1607 2.5568e-10 6.13714e-12
1609 2.47029e-10 6.37637e-12
1611 2.43409e-10 6.38302e-12
1613 2.51579e-10 6.32557e-12
1615 2.56554e-10 6.25377e-12
1617 2.45622e-10 5.85797e-12
1619 2.45127e-10 5.72016e-12
1621 2.42546e-10 5.74233e-12
1623 2.44528e-10 5.73804e-12
1625 2.46338e-10 5.4184e-12
1627 2.35529e-10 5.84954e-12
1629 2.42843e-10 5.71637e-12
1631 2.43722e-10 5.67117e-12
1633 2.39906e-10 6.24755e-12
1635 2.46623e-10 5.19246e-12
1637 2.35405e-10 5.4192e-12
1639 2.4474e-10 5.54912e-12
1641 2.38869e-10 6.33595e-12
1643 2.41062e-10 5.67512e-12
1645 2.46697e-10 5.66945e-12
1647 2.33467e-10 6.16155e-12
1649 2.47945e-10 5.91437e-12
1651 2.30198e-10 6.09274e-12
1653 2.41556e-10 6.11995e-12
1655 2.48777e-10 5.53386e-12
1657 2.30692e-10 5.68528e-12
1659 2.35456e-10 5.7703e-12
1661 2.3865e-10 5.95896e-12
1663 2.34001e-10 6.09036e-12
1665 2.33051e-10 5.78344e-12
1667 2.30503e-10 5.50669e-12
1669 2.28226e-10 5.4108e-12
1671 2.40814e-10 5.00028e-12
1673 2.27523e-10 5.57461e-12
1675 2.26896e-10 5.48054e-12
1677 2.33593e-10 5.98339e-12
1679 2.19272e-10 4.49538e-12
1681 2.29968e-10 5.23043e-12
1683 2.18777e-10 6.53612e-12
1685 2.29811e-10 5.64255e-12
1687 2.27047e-10 5.62524e-12
1689 2.16542e-10 5.2553e-12
1691 2.25029e-10 4.99111e-12
1693 2.20314e-10 5.92007e-12
1695 2.24678e-10 5.40492e-12
1697 2.21777e-10 6.23288e-12
1699 2.2175e-10 5.20032e-12
1701 2.21344e-10 5.37401e-12
1703 2.18614e-10 5.70691e-12
1705 2.19133e-10 5.7558e-12
1707 2.16366e-10 5.31297e-12
1709 2.1662e-10 5.61493e-12
1711 2.14083e-10 5.43148e-12
1713 2.12991e-10 5.44623e-12
1715 2.16439e-10 5.7253e-12
1717 2.13356e-10 5.24661e-12
1719 2.20791e-10 5.78169e-12
1721 2.17681e-10 4.8951e-12
1723 2.11446e-10 5.15653e-12
1725 2.04117e-10 4.84195e-12
1727 2.15479e-10 5.41571e-12
1729 2.14797e-10 5.60449e-12
1731 2.11476e-10 5.22177e-12
1733 2.09855e-10 4.63059e-12
1735 2.13188e-10 5.12793e-12
1737 2.07671e-10 5.45832e-12
1739 2.11506e-10 5.68959e-12
1741 2.05564e-10 5.32719e-12
1743 2.10252e-10 5.64435e-12
1745 2.07628e-10 6.04592e-12
1747 2.1085e-10 5.56254e-12
1749 2.04441e-10 5.10436e-12
1751 2.02951e-10 5.14268e-12
1753 2.08114e-10 4.72885e-12
1755 2.02954e-10 4.22548e-12
1757 2.01616e-10 4.57928e-12
1759 2.06477e-10 5.26765e-12
1761 1.92729e-10 4.87803e-12
1763 2.06093e-10 5.17825e-12
1765 2.06613e-10 5.09384e-12
1767 2.12225e-10 5.20935e-12
1769 2.13969e-10 5.58091e-12
1771 2.01201e-10 5.57331e-12
1773 1.96952e-10 5.29521e-12
1775 2.04283e-10 5.37421e-12
1777 2.06617e-10 5.05791e-12
1779 2.00244e-10 5.16149e-12
1781 1.96498e-10 5.0681e-12
1783 2.03294e-10 5.64598e-12
1785 2.06722e-10 4.74889e-12
1787 1.96365e-10 5.42877e-12
1789 1.96023e-10 4.96899e-12
1791 2.08412e-10 5.1244e-12
1793 1.95288e-10 5.177e-12
1795 2.0359e-10 5.39501e-12
1797 1.99997e-10 4.96667e-12
1799 2.05714e-10 5.05484e-12
1801 1.93174e-10 4.26224e-12
1803 1.91265e-10 4.80633e-12
1805 2.05616e-10 4.45387e-12
1807 1.90878e-10 5.45906e-12
1809 1.93787e-10 5.27083e-12
1811 1.90753e-10 4.74397e-12
1813 1.94696e-10 4.63182e-12
1815 1.96352e-10 5.23761e-12
1817 1.9829e-10 4.9773e-12
1819 2.02045e-10 4.87347e-12
1821 1.8977e-10 5.10532e-12
1823 2.00819e-10 5.01457e-12
1825 1.96707e-10 5.12838e-12
1827 2.00761e-10 4.74219e-12
1829 1.75369e-10 5.28598e-12
1831 1.89818e-10 4.81459e-12
1833 1.94009e-10 5.44395e-12
1835 1.95262e-10 5.01721e-12
1837 1.89117e-10 5.01882e-12
1839 1.84955e-10 5.16581e-12
1841 1.92253e-10 4.73711e-12
1843 1.90589e-10 5.19674e-12
1845 1.88785e-10 4.40996e-12
1847 1.90016e-10 5.25706e-12
1849 1.85537e-10 4.78893e-12
1851 1.94288e-10 4.94584e-12
1853 1.86259e-10 5.45433e-12
1855 1.88496e-10 4.97765e-12
1857 1.86282e-10 4.86859e-12
1859 1.81527e-10 4.23333e-12
1861 1.83671e-10 4.6149e-12
1863 1.86495e-10 4.83188e-12
1865 1.79929e-10 4.35429e-12
1867 1.79782e-10 4.46017e-12
1869 1.83526e-10 4.88777e-12
1871 1.86651e-10 4.99085e-12
1873 1.81621e-10 4.88811e-12
1875 1.88851e-10 4.68971e-12
1877 1.82492e-10 4.5763e-12
1879 1.85719e-10 5.50074e-12
1881 1.84644e-10 4.52478e-12
1883 1.77509e-10 4.11588e-12
1885 1.76547e-10 4.94255e-12
1887 1.83963e-10 4.80329e-12
1889 1.83227e-10 4.51587e-12
1891 1.89176e-10 5.39011e-12
1893 1.87938e-10 5.20648e-12
1895 1.9143e-10 5.42987e-12
1897 1.82913e-10 4.12084e-12
1899 1.83396e-10 5.39433e-12
1901 1.82154e-10 5.14331e-12
1903 1.9208e-10 5.39664e-12
1905 1.88018e-10 5.05985e-12
1907 1.87203e-10 4.72151e-12
1909 1.80556e-10 4.28151e-12
1911 1.89373e-10 4.63092e-12
1913 1.89981e-10 4.14294e-12
1915 1.79408e-10 4.70938e-12
1917 1.79808e-10 4.85477e-12
1919 1.82247e-10 4.7329e-12
1921 1.85129e-10 4.22734e-12
1923 1.89269e-10 5.34946e-12
1925 1.79174e-10 4.43433e-12
1927 1.78447e-10 4.64559e-12
1929 1.89444e-10 5.2609e-12
1931 1.82131e-10 4.7836e-12
1933 1.83354e-10 4.68847e-12
1935 1.80197e-10 4.97453e-12
1937 1.82786e-10 5.11806e-12
1939 1.82946e-10 5.27706e-12
1941 1.79181e-10 4.89495e-12
1943 1.77274e-10 4.72663e-12
1945 1.84614e-10 5e-12
1947 1.77625e-10 4.97664e-12
1949 1.77711e-10 4.52023e-12
1951 1.85668e-10 4.61449e-12
1953 1.77398e-10 5.1724e-12
1955 1.7256e-10 4.56638e-12
1957 1.7673e-10 4.94915e-12
1959 1.79575e-10 4.66937e-12
1961 1.77999e-10 4.90639e-12
1963 1.76815e-10 4.99382e-12
1965 1.78111e-10 4.55694e-12
1967 1.7801e-10 4.28391e-12
1969 1.74875e-10 4.97027e-12
1971 1.74077e-10 4.8755e-12
1973 1.81361e-10 4.78635e-12
1975 1.84411e-10 4.82505e-12
1977 1.64246e-10 4.81768e-12
1979 1.68547e-10 5.46171e-12
1981 1.75548e-10 4.38766e-12
1983 1.74672e-10 4.9674e-12
1985 1.76187e-10 4.87463e-12
1987 1.75872e-10 5.16351e-12
1989 1.70536e-10 4.57251e-12
1991 1.71717e-10 4.38721e-12
1993 1.76628e-10 5.22781e-12
1995 1.70467e-10 4.52064e-12
1997 1.82718e-10 5.15894e-12
1999 1.76229e-10 5.37303e-12
