1 4.76083e-12
3 1.40515e-11
5 0
7 1.21696e-11
9 3.04818e-11
11 1.76524e-11
13 2.18318e-11
15 2.43856e-11
17 2.73353e-11
19 1.48557e-10
21 6.75538e-11
23 5.75795e-06
25 6.3836e-05
27 0.000176927
29 0.0003417
31 0.000483012
33 0.000440164
35 0.000322369
37 0.000223615
39 0.000160289
41 0.000122494
43 9.89551e-05
45 8.21765e-05
47 6.93042e-05
49 5.81585e-05
51 4.77515e-05
53 4.10517e-05
55 3.49707e-05
57 2.97295e-05
59 2.60031e-05
61 2.24536e-05
63 1.98262e-05
65 1.77933e-05
67 1.5901e-05
69 1.36494e-05
71 1.22573e-05
73 1.1146e-05
75 1.01304e-05
77 9.32023e-06
79 8.52857e-06
81 7.96041e-06
83 7.47897e-06
85 6.8841e-06
87 6.3797e-06
89 5.92366e-06
91 5.33533e-06
93 4.93985e-06
95 4.66249e-06
97 4.26416e-06
99 3.97811e-06
101 3.68205e-06
103 3.52881e-06
105 3.27462e-06
107 3.159e-06
109 2.90426e-06
111 2.74215e-06
113 2.60661e-06
115 2.44728e-06
117 2.31848e-06
119 2.19783e-06
121 2.09257e-06
123 1.9911e-06
125 1.8822e-06
127 1.78175e-06
129 1.70777e-06
131 1.63648e-06
133 1.55922e-06
135 1.45773e-06
137 1.40154e-06
139 1.3432e-06
141 1.27531e-06
143 1.21517e-06
145 1.17497e-06
147 1.10586e-06
149 1.07944e-06
151 1.02053e-06
153 9.91404e-07
155 9.53362e-07
157 9.102e-07
159 8.70627e-07
161 8.15127e-07
163 8.02175e-07
165 7.53786e-07
167 7.43988e-07
169 6.96269e-07
171 7.00267e-07
173 6.25838e-07
175 6.31534e-07
177 5.99277e-07
179 5.77004e-07
181 5.55936e-07
183 5.40421e-07
185 5.23385e-07
187 4.91866e-07
189 4.9013e-07
191 4.65086e-07
193 4.40339e-07
195 4.46995e-07
197 4.17964e-07
199 4.1046e-07
201 3.94012e-07
203 3.76897e-07
205 3.80517e-07
207 3.63104e-07
209 3.48052e-07
211 3.36895e-07
213 3.31974e-07
215 3.09537e-07
217 3.07368e-07
219 3.03157e-07
221 2.80575e-07
223 2.75406e-07
225 2.73383e-07
227 2.68305e-07
229 2.56979e-07
231 2.42122e-07
233 2.44476e-07
235 2.34796e-07
237 2.30733e-07
239 2.24726e-07
241 2.21672e-07
243 2.12799e-07
245 2.07947e-07
247 1.97978e-07
249 1.94179e-07
251 1.94156e-07
253 1.90687e-07
255 1.79937e-07
257 1.77289e-07
259 1.78059e-07
261 1.71967e-07
263 1.62882e-07
265 1.62252e-07
267 1.52425e-07
269 1.51946e-07
271 1.47108e-07
273 1.48146e-07
275 1.42749e-07
277 1.38451e-07
279 1.32253e-07
281 1.36319e-07
283 1.29922e-07
285 1.27466e-07
287 1.23567e-07
289 1.21787e-07
291 1.16066e-07
293 1.15629e-07
295 1.13308e-07
297 1.09845e-07
299 1.07934e-07
301 1.05598e-07
303 1.01737e-07
305 1.00425e-07
307 9.94768e-08
309 9.64904e-08
311 9.78711e-08
313 9.01665e-08
315 8.94858e-08
317 8.92157e-08
319 8.9668e-08
321 8.37125e-08
323 7.94931e-08
325 8.63853e-08
327 7.54277e-08
329 8.16563e-08
331 7.476e-08
333 7.3357e-08
335 7.46772e-08
337 7.4287e-08
339 7.00678e-08
341 6.99867e-08
343 6.97414e-08
345 6.5669e-08
347 6.65532e-08
349 6.28125e-08
351 6.35108e-08
353 6.47536e-08
355 5.6056e-08
357 6.44106e-08
359 5.51327e-08
361 6.13264e-08
363 5.44243e-08
365 5.50567e-08
367 5.38742e-08
369 5.44765e-08
371 5.33309e-08
373 5.14858e-08
375 5.10744e-08
377 4.88186e-08
379 4.86778e-08
381 5.11849e-08
383 4.44183e-08
385 4.68419e-08
387 4.38248e-08
389 4.71239e-08
391 4.38918e-08
393 4.43605e-08
395 4.06895e-08
397 4.05725e-08
399 4.30039e-08
401 3.89292e-08
403 3.96738e-08
405 4.0999e-08
407 3.92899e-08
409 3.69211e-08
411 3.77213e-08
413 3.73193e-08
415 3.55675e-08
417 3.63708e-08
419 3.42072e-08
421 3.29698e-08
423 3.76685e-08
425 3.34356e-08
427 2.96033e-08
429 3.31144e-08
431 3.45842e-08
433 2.82826e-08
435 3.25782e-08
437 3.13883e-08
439 2.92401e-08
441 2.6743e-08
443 3.10021e-08
445 2.97466e-08
447 2.6511e-08
449 2.96516e-08
451 2.94661e-08
453 2.62081e-08
455 2.52575e-08
457 2.74465e-08
459 2.88506e-08
461 2.24349e-08
463 2.51314e-08
465 2.58902e-08
467 2.74491e-08
469 1.85958e-08
471 2.39337e-08
473 2.49782e-08
475 2.50396e-08
477 1.97838e-08
479 2.43241e-08
481 2.2283e-08
483 2.2481e-08
485 2.04875e-08
487 2.32377e-08
489 1.93002e-08
491 2.40887e-08
493 1.77178e-08
495 2.19003e-08
497 1.96342e-08
499 1.93123e-08
501 2.08138e-08
503 1.82196e-08
505 1.91765e-08
507 1.91771e-08
509 1.86847e-08
511 1.71339e-08
513 1.89274e-08
515 1.79061e-08
517 1.65913e-08
519 1.79107e-08
521 1.69664e-08
523 1.79418e-08
525 1.70097e-08
527 1.68344e-08
529 1.64166e-08
531 1.66592e-08
533 1.71603e-08
535 1.54436e-08
537 1.49899e-08
539 1.46771e-08
541 1.60518e-08
543 1.60327e-08
545 1.40167e-08
547 1.56054e-08
549 1.44863e-08
551 1.39547e-08
553 1.53331e-08
555 1.4024e-08
557 1.49691e-08
559 1.3062e-08
561 1.26672e-08
563 1.50646e-08
565 1.54885e-08
567 1.30007e-08
569 1.28052e-08
571 1.27728e-08
573 1.26769e-08
575 1.16094e-08
577 1.47259e-08
579 1.32223e-08
581 1.21223e-08
583 1.10648e-08
585 1.20685e-08
587 1.14399e-08
589 1.55063e-08
591 1.03901e-08
593 1.23406e-08
595 1.10956e-08
597 1.24018e-08
599 1.06329e-08
601 1.19287e-08
603 1.13405e-08
605 1.22537e-08
607 9.68464e-09
609 9.25038e-09
611 1.16913e-08
613 1.05967e-08
615 1.21964e-08
617 1.05895e-08
619 1.01426e-08
621 9.4786e-09
623 8.83868e-09
625 1.24937e-08
627 1.01767e-08
629 1.0942e-08
631 9.98884e-09
633 8.152e-09
635 9.06241e-09
637 9.01592e-09
639 1.10917e-08
641 9.71364e-09
643 1.007e-08
645 1.00261e-08
647 8.87946e-09
649 9.09289e-09
651 8.44929e-09
653 1.01459e-08
655 1.00677e-08
657 9.80155e-09
659 9.69896e-09
661 9.39648e-09
663 7.74887e-09
665 7.63886e-09
667 9.36943e-09
669 8.64379e-09
671 1.01783e-08
673 9.65745e-09
675 8.81746e-09
677 7.70861e-09
679 7.40193e-09
681 9.32324e-09
683 9.01642e-09
685 9.81927e-09
687 9.65256e-09
689 8.4922e-09
691 7.90866e-09
693 6.94637e-09
695 8.50067e-09
697 1.00344e-08
699 9.0741e-09
701 1.0026e-08
703 9.43622e-09
705 9.27882e-09
707 7.66212e-09
709 8.33275e-09
711 1.03424e-08
713 9.5466e-09
715 8.99415e-09
717 9.36684e-09
719 9.35112e-09
721 8.00752e-09
723 9.11794e-09
725 1.0881e-08
727 1.20323e-08
729 1.22754e-08
731 1.10379e-08
733 1.15926e-08
735 1.36794e-08
737 1.64339e-08
739 1.93685e-08
741 2.28532e-08
743 4.62319e-08
745 1.30714e-08
747 0
749 0
751 0
753 0
755 0
757 0
759 0
761 0
763 0
765 0
767 0
769 0
771 0
773 0
775 0
777 0
779 0
781 0
783 0
785 0
787 0
789 0
791 0
793 0
795 0
797 0
799 0
801 0
803 0
805 0
807 0
809 0
811 0
813 0
815 0
817 0
819 0
821 0
823 0
825 0
827 0
829 0
831 0
833 0
835 0
837 0
839 0
841 0
843 0
845 0
847 0
849 0
851 0
853 0
855 0
857 0
859 0
861 0
863 0
865 0
867 0
869 0
871 0
873 0
875 0
877 0
879 0
881 0
883 0
885 0
887 0
889 0
891 0
893 0
895 0
897 0
899 0
901 0
903 0
905 0
907 0
909 0
911 0
913 0
915 0
917 0
919 0
921 0
923 0
925 0
927 0
929 0
931 0
933 0
935 0
937 0
939 0
941 0
943 0
945 0
947 0
949 0
951 0
953 0
955 0
957 0
959 0
961 0
963 0
965 0
967 0
969 0
971 0
973 0
975 0
977 0
979 0
981 0
983 0
985 0
987 0
989 0
991 0
993 0
995 0
997 0
999 0
1001 0
1003 0
1005 0
1007 0
1009 0
1011 0
1013 0
1015 0
1017 0
1019 0
1021 0
1023 0
1025 0
1027 0
1029 0
1031 0
1033 0
1035 0
1037 0
1039 0
1041 0
1043 0
1045 0
1047 0
1049 0
1051 0
1053 0
1055 0
1057 0
1059 0
1061 0
1063 0
1065 0
1067 0
1069 0
1071 0
1073 0
1075 0
1077 0
1079 0
1081 0
1083 0
1085 0
1087 0
1089 0
1091 0
1093 0
1095 0
1097 0
1099 0
1101 0
1103 0
1105 0
1107 0
1109 0
1111 0
1113 0
1115 0
1117 0
1119 0
1121 0
1123 0
1125 0
1127 0
1129 0
1131 0
1133 0
1135 0
1137 0
1139 0
1141 0
1143 0
1145 0
1147 0
1149 0
1151 0
1153 0
1155 0
1157 0
1159 0
1161 0
1163 0
1165 0
1167 0
1169 0
1171 0
1173 0
1175 0
1177 0
1179 0
1181 0
1183 0
1185 0
1187 0
1189 0
1191 0
1193 0
1195 0
1197 0
1199 0
1201 0
1203 0
1205 0
1207 0
1209 0
1211 0
1213 0
1215 0
1217 0
1219 0
1221 0
1223 0
1225 0
1227 0
1229 0
1231 0
1233 0
1235 0
1237 0
1239 0
1241 0
1243 0
1245 0
1247 0
1249 0
1251 0
1253 0
1255 0
1257 0
1259 0
1261 0
1263 0
1265 0
1267 0
1269 0
1271 0
1273 0
1275 0
1277 0
1279 0
1281 0
1283 0
1285 0
1287 0
1289 0
1291 0
1293 0
1295 0
1297 0
1299 0
1301 0
1303 0
1305 0
1307 0
1309 0
1311 0
1313 0
1315 0
1317 0
1319 0
1321 0
1323 0
1325 0
1327 0
1329 0
1331 0
1333 0
1335 0
1337 0
1339 0
1341 0
1343 0
1345 0
1347 0
1349 0
1351 0
1353 0
1355 0
1357 0
1359 0
1361 0
1363 0
1365 0
1367 0
1369 0
1371 0
1373 0
1375 0
1377 0
1379 0
1381 0
1383 0
1385 0
1387 0
1389 0
1391 0
1393 0
1395 0
1397 0
1399 0
1401 0
1403 0
1405 0
1407 0
1409 0
1411 0
1413 0
1415 0
1417 0
1419 0
1421 0
1423 0
1425 0
1427 0
1429 0
1431 0
1433 0
1435 0
1437 0
1439 0
1441 0
1443 0
1445 0
1447 0
1449 0
1451 0
1453 0
1455 0
1457 0
1459 0
1461 0
1463 0
1465 0
1467 0
1469 0
1471 0
1473 0
1475 0
1477 0
1479 0
1481 0
1483 0
1485 0
1487 0
1489 0
1491 0
1493 0
1495 0
1497 0
1499 0
1501 0
1503 0
1505 0
1507 0
1509 0
1511 0
1513 0
1515 0
1517 0
1519 0
1521 0
1523 0
1525 0
1527 0
1529 0
1531 0
1533 0
1535 0
1537 0
1539 0
1541 0
1543 0
1545 0
1547 0
1549 0
1551 0
1553 0
1555 0
1557 0
1559 0
1561 0
1563 0
1565 0
1567 0
1569 0
1571 0
1573 0
1575 0
1577 0
1579 0
1581 0
1583 0
1585 0
1587 0
1589 0
1591 0
1593 0
1595 0
1597 0
1599 0
1601 0
1603 0
1605 0
1607 0
1609 0
1611 0
1613 0
1615 0
1617 0
1619 0
1621 0
1623 0
1625 0
1627 0
1629 0
1631 0
1633 0
1635 0
1637 0
1639 0
1641 0
1643 0
1645 0
1647 0
1649 0
1651 0
1653 0
1655 0
1657 0
1659 0
1661 0
1663 0
1665 0
1667 0
1669 0
1671 0
1673 0
1675 0
1677 0
1679 0
1681 0
1683 0
1685 0
1687 0
1689 0
1691 0
1693 0
1695 0
1697 0
1699 0
1701 0
1703 0
1705 0
1707 0
1709 0
1711 0
1713 0
1715 0
1717 0
1719 0
1721 0
1723 0
1725 0
1727 0
1729 0
1731 0
1733 0
1735 0
1737 0
1739 0
1741 0
1743 0
1745 0
1747 0
1749 0
1751 0
1753 0
1755 0
1757 0
1759 0
1761 0
1763 0
1765 0
1767 0
1769 0
1771 0
1773 0
1775 0
1777 0
1779 0
1781 0
1783 0
1785 0
1787 0
1789 0
1791 0
1793 0
1795 0
1797 0
1799 0
1801 0
1803 0
1805 0
1807 0
1809 0
1811 0
1813 0
1815 0
1817 0
1819 0
1821 0
1823 0
1825 0
1827 0
1829 0
1831 0
1833 0
1835 0
1837 0
1839 0
1841 0
1843 0
1845 0
1847 0
1849 0
1851 0
1853 0
1855 0
1857 0
1859 0
1861 0
1863 0
1865 0
1867 0
1869 0
1871 0
1873 0
1875 0
1877 0
1879 0
1881 0
1883 0
1885 0
1887 0
1889 0
1891 0
1893 0
1895 0
1897 0
1899 0
1901 0
1903 0
1905 0
1907 0
1909 0
1911 0
1913 0
1915 0
1917 0
1919 0
1921 0
1923 0
1925 0
1927 0
1929 0
1931 0
1933 0
1935 0
1937 0
1939 0
1941 0
1943 0
1945 0
1947 0
1949 0
1951 0
1953 0
1955 0
1957 0
1959 0
1961 0
1963 0
1965 0
1967 0
1969 0
1971 0
1973 0
1975 0
1977 0
1979 0
1981 0
1983 0
1985 0
1987 0
1989 0
1991 0
1993 0
1995 0
1997 0
1999 0
