1 5.71327e-13 2.33842e-14
3 1.80467e-12 6.60362e-14
5 3.00325e-12 1.00758e-13
7 8.15651e-10 5.14481e-10
9 8.28621e-10 5.72718e-10
11 5.20057e-08 3.29511e-09
13 7.57588e-05 1.45289e-07
15 0.00043321 3.42655e-07
17 0.000874098 5.63574e-07
19 0.000601226 3.45485e-07
21 0.00030952 2.35775e-07
23 0.000182865 1.6175e-07
25 0.000134217 1.27682e-07
27 9.16529e-05 8.60395e-08
29 7.0619e-05 7.174e-08
31 5.63694e-05 6.7532e-08
33 4.10867e-05 5.16487e-08
35 3.14202e-05 4.01231e-08
37 2.66204e-05 3.46651e-08
39 2.30632e-05 3.02235e-08
41 2.03245e-05 2.86146e-08
43 1.81599e-05 2.55514e-08
45 1.5472e-05 2.05273e-08
47 1.21499e-05 1.60933e-08
49 1.08113e-05 1.38938e-08
51 9.3495e-06 1.21117e-08
53 8.36502e-06 1.07886e-08
55 7.3049e-06 8.97e-09
57 6.54336e-06 8.05589e-09
59 5.93813e-06 7.14493e-09
61 5.18385e-06 6.22325e-09
63 4.66976e-06 5.71418e-09
65 4.26782e-06 5.21466e-09
67 3.92547e-06 4.78928e-09
69 3.44298e-06 3.9921e-09
71 3.16195e-06 3.73688e-09
73 2.92047e-06 3.49331e-09
75 2.7137e-06 3.37579e-09
77 2.53106e-06 3.11186e-09
79 2.23092e-06 2.79318e-09
81 2.03407e-06 2.47871e-09
83 1.8942e-06 2.24815e-09
85 1.77186e-06 2.13331e-09
87 1.66378e-06 1.94357e-09
89 1.56688e-06 1.85441e-09
91 1.48134e-06 1.7946e-09
93 1.35955e-06 1.6421e-09
95 1.17469e-06 1.38449e-09
97 1.11593e-06 1.37111e-09
99 1.05244e-06 1.3004e-09
101 9.95129e-07 1.17052e-09
103 9.44664e-07 1.19627e-09
105 8.98374e-07 1.06824e-09
107 8.559e-07 1.07906e-09
109 8.17266e-07 9.90755e-10
111 7.82105e-07 9.44744e-10
113 7.48886e-07 9.13474e-10
115 7.18388e-07 8.72726e-10
117 6.24428e-07 7.4902e-10
119 5.77574e-07 6.93391e-10
121 5.60398e-07 6.94034e-10
123 5.36604e-07 6.4682e-10
125 5.14558e-07 6.33038e-10
127 4.9423e-07 6.22094e-10
129 4.75324e-07 5.83011e-10
131 4.576e-07 5.70812e-10
133 4.21489e-07 5.23223e-10
135 3.79969e-07 4.643e-10
137 3.58896e-07 4.36324e-10
139 3.47935e-07 4.22365e-10
141 3.33644e-07 4.07118e-10
143 3.20242e-07 4.0771e-10
145 3.07965e-07 3.75042e-10
147 2.96642e-07 3.73693e-10
149 2.85913e-07 3.65191e-10
151 2.76247e-07 3.38246e-10
153 2.66877e-07 3.53504e-10
155 2.58302e-07 3.09588e-10
157 2.41696e-07 3.40613e-10
159 2.22509e-07 2.71142e-10
161 2.10257e-07 2.67459e-10
163 2.01739e-07 2.53693e-10
165 1.98027e-07 2.45358e-10
167 1.91056e-07 2.43357e-10
169 1.85033e-07 2.29269e-10
171 1.79347e-07 2.28642e-10
173 1.73896e-07 2.16052e-10
175 1.68747e-07 2.03497e-10
177 1.63764e-07 1.99716e-10
179 1.592e-07 1.9419e-10
181 1.54971e-07 1.96762e-10
183 1.5076e-07 1.88504e-10
185 1.46853e-07 1.84562e-10
187 1.43184e-07 1.80055e-10
189 1.3948e-07 1.70805e-10
191 1.36021e-07 1.65642e-10
193 1.2878e-07 1.58659e-10
195 1.13759e-07 1.61599e-10
197 1.07673e-07 1.4441e-10
199 1.02226e-07 1.33278e-10
201 9.75377e-08 1.35383e-10
203 9.31363e-08 1.32313e-10
205 9.49084e-08 1.39009e-10
207 9.21664e-08 1.17233e-10
209 8.97472e-08 1.37108e-10
211 8.76246e-08 1.29743e-10
213 8.54245e-08 1.19489e-10
215 8.33254e-08 1.29872e-10
217 8.13874e-08 1.05537e-10
219 7.9606e-08 1.23286e-10
221 7.77556e-08 1.22649e-10
223 7.59682e-08 9.99739e-11
225 7.43652e-08 1.2714e-10
227 7.27852e-08 1.08056e-10
229 7.12628e-08 1.0887e-10
231 6.98075e-08 1.15474e-10
233 6.84263e-08 1.06928e-10
235 6.69148e-08 1.03201e-10
237 6.58482e-08 9.77213e-11
239 6.43908e-08 1.03027e-10
241 6.32293e-08 9.52917e-11
243 6.21669e-08 1.09795e-10
245 6.09313e-08 9.7855e-11
247 5.98642e-08 9.38275e-11
249 5.8778e-08 9.52672e-11
251 5.78221e-08 9.13445e-11
253 5.67412e-08 9.22165e-11
255 5.58614e-08 8.97048e-11
257 5.33374e-08 9.47666e-11
259 4.78616e-08 8.45942e-11
261 4.55626e-08 8.40883e-11
263 4.33718e-08 7.93672e-11
265 4.16788e-08 7.30299e-11
267 4.15415e-08 7.61161e-11
269 4.16951e-08 8.64803e-11
271 4.09504e-08 8.1322e-11
273 4.01499e-08 7.54689e-11
275 3.95001e-08 8.16351e-11
277 3.8071e-08 7.40422e-11
279 3.67767e-08 7.75133e-11
281 3.60291e-08 6.30606e-11
283 3.50057e-08 6.26984e-11
285 3.41579e-08 7.84366e-11
287 3.35126e-08 6.09139e-11
289 3.29799e-08 6.66568e-11
291 3.22785e-08 7.53711e-11
293 3.17235e-08 5.73609e-11
295 3.11164e-08 6.23509e-11
297 3.04478e-08 7.7338e-11
299 2.99147e-08 5.10085e-11
301 2.88433e-08 6.48699e-11
303 2.80344e-08 6.78507e-11
305 2.75179e-08 5.33998e-11
307 2.70554e-08 5.78059e-11
309 2.62712e-08 5.99279e-11
311 2.5763e-08 5.43688e-11
313 2.5459e-08 5.57597e-11
315 2.50316e-08 5.48644e-11
317 2.4457e-08 6.11159e-11
319 2.4138e-08 5.41122e-11
321 2.38001e-08 5.44455e-11
323 2.32576e-08 5.73096e-11
325 2.28434e-08 5.31429e-11
327 2.24634e-08 5.18714e-11
329 2.16406e-08 4.5944e-11
331 2.11522e-08 4.91627e-11
333 2.0637e-08 5.29277e-11
335 2.03665e-08 4.69045e-11
337 1.99465e-08 5.05195e-11
339 1.96611e-08 4.79591e-11
341 1.90442e-08 5.09665e-11
343 1.88761e-08 4.56166e-11
345 1.86966e-08 5.3016e-11
347 1.84123e-08 4.23162e-11
349 1.80114e-08 4.86229e-11
351 1.77231e-08 4.05578e-11
353 1.75476e-08 4.42183e-11
355 1.73158e-08 3.88939e-11
357 1.70413e-08 4.68968e-11
359 1.66568e-08 4.58335e-11
361 1.6526e-08 3.90348e-11
363 1.60604e-08 4.42765e-11
365 1.56264e-08 3.89402e-11
367 1.53725e-08 4.3132e-11
369 1.49663e-08 4.0371e-11
371 1.48231e-08 3.50085e-11
373 1.4684e-08 3.69585e-11
375 1.43656e-08 3.70944e-11
377 1.41754e-08 4.30267e-11
379 1.38221e-08 4.05713e-11
381 1.36439e-08 3.68441e-11
383 1.36004e-08 4.01527e-11
385 1.34744e-08 3.27607e-11
387 1.32762e-08 4.25503e-11
389 1.30268e-08 4.01545e-11
391 1.28027e-08 3.65129e-11
393 1.27963e-08 3.89426e-11
395 1.26165e-08 3.71968e-11
397 1.25471e-08 3.23261e-11
399 1.23283e-08 3.71872e-11
401 1.21094e-08 3.50396e-11
403 1.19464e-08 3.79629e-11
405 1.18818e-08 3.75285e-11
407 1.14629e-08 3.295e-11
409 1.12187e-08 3.14202e-11
411 1.10542e-08 3.36173e-11
413 1.08207e-08 3.3406e-11
415 1.06586e-08 3.2128e-11
417 1.04577e-08 3.00557e-11
419 1.04338e-08 3.07261e-11
421 1.02276e-08 3.06487e-11
423 1.02192e-08 3.42057e-11
425 9.94014e-09 3.09844e-11
427 9.80207e-09 3.25211e-11
429 9.72259e-09 3.00307e-11
431 9.55449e-09 3.05789e-11
433 9.5164e-09 2.97075e-11
435 9.47337e-09 3.20859e-11
437 9.40266e-09 2.59892e-11
439 9.22209e-09 3.08597e-11
441 8.4151e-09 2.8006e-11
443 8.20422e-09 2.68783e-11
445 8.0766e-09 2.81092e-11
447 8.05332e-09 2.63917e-11
449 7.98955e-09 2.83667e-11
451 7.98195e-09 2.78457e-11
453 7.94331e-09 2.38064e-11
455 7.81107e-09 3.01825e-11
457 7.78215e-09 2.41259e-11
459 7.70541e-09 2.79822e-11
461 7.60135e-09 2.73869e-11
463 7.54838e-09 2.30797e-11
465 7.16715e-09 2.82462e-11
467 7.10533e-09 2.42376e-11
469 6.99242e-09 2.27703e-11
471 6.91621e-09 2.60507e-11
473 6.7704e-09 2.46615e-11
475 6.70414e-09 2.39415e-11
477 6.59768e-09 2.28168e-11
479 6.49165e-09 2.52215e-11
481 6.37993e-09 2.28275e-11
483 6.34198e-09 2.41089e-11
485 6.26709e-09 2.09892e-11
487 6.17902e-09 2.1141e-11
489 6.09797e-09 2.17413e-11
491 6.01768e-09 2.14232e-11
493 5.90317e-09 2.11389e-11
495 5.84804e-09 2.35707e-11
497 5.75635e-09 1.89351e-11
499 5.6316e-09 2.1309e-11
501 5.60894e-09 2.12004e-11
503 5.58284e-09 2.00092e-11
505 5.5326e-09 1.82029e-11
507 5.46541e-09 1.85527e-11
509 5.39854e-09 1.99967e-11
511 5.35842e-09 2.05748e-11
513 5.25981e-09 1.81515e-11
515 5.16895e-09 1.96103e-11
517 5.16262e-09 1.91585e-11
519 5.04337e-09 2.1306e-11
521 5.01956e-09 2.00945e-11
523 4.97951e-09 1.86674e-11
525 4.92185e-09 1.90713e-11
527 4.85941e-09 1.83829e-11
529 4.8363e-09 1.95581e-11
531 4.76774e-09 1.83781e-11
533 4.72327e-09 1.64628e-11
535 4.68063e-09 1.79177e-11
537 4.61142e-09 2.11272e-11
539 4.57061e-09 1.77717e-11
541 4.49117e-09 1.88598e-11
543 4.42206e-09 1.69367e-11
545 4.25473e-09 1.52054e-11
547 4.20325e-09 1.71994e-11
549 4.10481e-09 1.93204e-11
551 4.06353e-09 1.6372e-11
553 4.06058e-09 1.87996e-11
555 3.97842e-09 1.67671e-11
557 3.91348e-09 1.48375e-11
559 3.89527e-09 1.36737e-11
561 3.82594e-09 1.63951e-11
563 3.79851e-09 1.54212e-11
565 3.72322e-09 1.69998e-11
567 3.70778e-09 1.56653e-11
569 3.67078e-09 1.55967e-11
571 3.61058e-09 1.45831e-11
573 3.60816e-09 1.43675e-11
575 3.53951e-09 1.44144e-11
577 3.52831e-09 1.65264e-11
579 3.49518e-09 1.66938e-11
581 3.47286e-09 1.46777e-11
583 3.42578e-09 1.31891e-11
585 3.38481e-09 1.39125e-11
587 3.34969e-09 1.42922e-11
589 3.30751e-09 1.35382e-11
591 3.26994e-09 1.37078e-11
593 3.27189e-09 1.53715e-11
595 3.21602e-09 1.5311e-11
597 3.1573e-09 1.36085e-11
599 3.14357e-09 1.40156e-11
601 3.09156e-09 1.51069e-11
603 3.08616e-09 1.31889e-11
605 3.04756e-09 1.48486e-11
607 3.02293e-09 1.29079e-11
609 3.00753e-09 1.55675e-11
611 2.98549e-09 1.20108e-11
613 2.94121e-09 1.26861e-11
615 2.93493e-09 1.41078e-11
617 2.89322e-09 1.28307e-11
619 2.85715e-09 1.4033e-11
621 2.87592e-09 1.34979e-11
623 2.87491e-09 1.28955e-11
625 2.84475e-09 1.29002e-11
627 2.80726e-09 1.29107e-11
629 2.79607e-09 1.31374e-11
631 2.77503e-09 1.49337e-11
633 2.74098e-09 1.29948e-11
635 2.73978e-09 1.26643e-11
637 2.70828e-09 1.25716e-11
639 2.6837e-09 1.18927e-11
641 2.68652e-09 1.21996e-11
643 2.65536e-09 1.24237e-11
645 2.63176e-09 1.23529e-11
647 2.59158e-09 1.18657e-11
649 2.60031e-09 1.31928e-11
651 2.56646e-09 1.30975e-11
653 2.5584e-09 1.161e-11
655 2.54011e-09 1.02036e-11
657 2.51431e-09 1.3056e-11
659 2.45641e-09 1.12468e-11
661 2.43902e-09 1.16374e-11
663 2.42271e-09 1.19345e-11
665 2.4179e-09 1.09292e-11
667 2.40055e-09 1.13292e-11
669 2.36691e-09 1.1211e-11
671 2.37076e-09 9.50392e-12
673 2.34644e-09 1.07094e-11
675 2.33748e-09 1.17883e-11
677 2.32714e-09 1.00855e-11
679 2.30302e-09 1.17358e-11
681 2.27693e-09 1.27574e-11
683 2.25001e-09 1.19583e-11
685 2.26447e-09 1.09985e-11
687 2.24486e-09 1.16865e-11
689 2.22376e-09 1.03025e-11
691 2.21208e-09 1.11346e-11
693 2.18275e-09 9.8887e-12
695 2.19345e-09 1.03923e-11
697 2.15724e-09 1.08289e-11
699 2.15385e-09 1.0049e-11
701 2.14615e-09 1.09343e-11
703 2.14312e-09 1.00811e-11
705 2.14519e-09 1.06593e-11
707 2.09716e-09 1.01975e-11
709 2.10074e-09 1.00965e-11
711 2.10284e-09 1.02774e-11
713 2.10232e-09 1.00696e-11
715 2.09622e-09 1.04121e-11
717 2.08385e-09 1.12842e-11
719 2.05939e-09 9.84975e-12
721 2.04772e-09 1.0403e-11
723 2.051e-09 1.11457e-11
725 2.05376e-09 1.05689e-11
727 2.04635e-09 1.06004e-11
729 2.04197e-09 1.09015e-11
731 2.01333e-09 9.2388e-12
733 2.02806e-09 8.4868e-12
735 2.04548e-09 9.52379e-12
737 2.14999e-09 1.00294e-11
739 2.13834e-09 9.40165e-12
741 2.15932e-09 9.91573e-12
743 2.1653e-09 1.1011e-11
745 2.15686e-09 1.09465e-11
747 2.15529e-09 1.17408e-11
749 2.1714e-09 8.92375e-12
751 2.16331e-09 1.04427e-11
753 2.17364e-09 9.94154e-12
755 2.16704e-09 1.03181e-11
757 2.18636e-09 1.19218e-11
759 2.14737e-09 1.00692e-11
761 2.17445e-09 9.3095e-12
763 2.18703e-09 9.28696e-12
765 2.18834e-09 1.06167e-11
767 2.19241e-09 1.0155e-11
769 2.20008e-09 9.57902e-12
771 2.18775e-09 9.52867e-12
773 2.21241e-09 1.11285e-11
775 2.25045e-09 1.20208e-11
777 2.27571e-09 1.06342e-11
779 2.26186e-09 1.08362e-11
781 2.29379e-09 1.23381e-11
783 2.28374e-09 1.02062e-11
785 2.30709e-09 9.04392e-12
787 2.3302e-09 1.05149e-11
789 2.33893e-09 8.49577e-12
791 2.37771e-09 1.16038e-11
793 2.38161e-09 1.0681e-11
795 2.42142e-09 9.61193e-12
797 2.45158e-09 1.04142e-11
799 2.48116e-09 9.93796e-12
801 2.53588e-09 1.20471e-11
803 2.62129e-09 1.10268e-11
805 2.67411e-09 1.26161e-11
807 2.75952e-09 9.55543e-12
809 2.81889e-09 1.16916e-11
811 2.89423e-09 1.16937e-11
813 3.01348e-09 1.15355e-11
815 3.95141e-09 1.16984e-11
817 4.81787e-09 1.58378e-11
819 5.64789e-09 1.8469e-11
821 6.66403e-09 1.50826e-11
823 1.26135e-08 2.41744e-11
825 5.30349e-09 1.37963e-11
827 0 0
829 0 0
831 0 0
833 0 0
835 0 0
837 0 0
839 0 0
841 0 0
843 0 0
845 0 0
847 0 0
849 0 0
851 0 0
853 0 0
855 0 0
857 0 0
859 0 0
861 0 0
863 0 0
865 0 0
867 0 0
869 0 0
871 0 0
873 0 0
875 0 0
877 0 0
879 0 0
881 0 0
883 0 0
885 0 0
887 0 0
889 0 0
891 0 0
893 0 0
895 0 0
897 0 0
899 0 0
901 0 0
903 0 0
905 0 0
907 0 0
909 0 0
911 0 0
913 0 0
915 0 0
917 0 0
919 0 0
921 0 0
923 0 0
925 0 0
927 0 0
929 0 0
931 0 0
933 0 0
935 0 0
937 0 0
939 0 0
941 0 0
943 0 0
945 0 0
947 0 0
949 0 0
951 0 0
953 0 0
955 0 0
957 0 0
959 0 0
961 0 0
963 0 0
965 0 0
967 0 0
969 0 0
971 0 0
973 0 0
975 0 0
977 0 0
979 0 0
981 0 0
983 0 0
985 0 0
987 0 0
989 0 0
991 0 0
993 0 0
995 0 0
997 0 0
999 0 0
1001 0 0
1003 0 0
1005 0 0
1007 0 0
1009 0 0
1011 0 0
1013 0 0
1015 0 0
1017 0 0
1019 0 0
1021 0 0
1023 0 0
1025 0 0
1027 0 0
1029 0 0
1031 0 0
1033 0 0
1035 0 0
1037 0 0
1039 0 0
1041 0 0
1043 0 0
1045 0 0
1047 0 0
1049 0 0
1051 0 0
1053 0 0
1055 0 0
1057 0 0
1059 0 0
1061 0 0
1063 0 0
1065 0 0
1067 0 0
1069 0 0
1071 0 0
1073 0 0
1075 0 0
1077 0 0
1079 0 0
1081 0 0
1083 0 0
1085 0 0
1087 0 0
1089 0 0
1091 0 0
1093 0 0
1095 0 0
1097 0 0
1099 0 0
1101 0 0
1103 0 0
1105 0 0
1107 0 0
1109 0 0
1111 0 0
1113 0 0
1115 0 0
1117 0 0
1119 0 0
1121 0 0
1123 0 0
1125 0 0
1127 0 0
1129 0 0
1131 0 0
1133 0 0
1135 0 0
1137 0 0
1139 0 0
1141 0 0
1143 0 0
1145 0 0
1147 0 0
1149 0 0
1151 0 0
1153 0 0
1155 0 0
1157 0 0
1159 0 0
1161 0 0
1163 0 0
1165 0 0
1167 0 0
1169 0 0
1171 0 0
1173 0 0
1175 0 0
1177 0 0
1179 0 0
1181 0 0
1183 0 0
1185 0 0
1187 0 0
1189 0 0
1191 0 0
1193 0 0
1195 0 0
1197 0 0
1199 0 0
1201 0 0
1203 0 0
1205 0 0
1207 0 0
1209 0 0
1211 0 0
1213 0 0
1215 0 0
1217 0 0
1219 0 0
1221 0 0
1223 0 0
1225 0 0
1227 0 0
1229 0 0
1231 0 0
1233 0 0
1235 0 0
1237 0 0
1239 0 0
1241 0 0
1243 0 0
1245 0 0
1247 0 0
1249 0 0
1251 0 0
1253 0 0
1255 0 0
1257 0 0
1259 0 0
1261 0 0
1263 0 0
1265 0 0
1267 0 0
1269 0 0
1271 0 0
1273 0 0
1275 0 0
1277 0 0
1279 0 0
1281 0 0
1283 0 0
1285 0 0
1287 0 0
1289 0 0
1291 0 0
1293 0 0
1295 0 0
1297 0 0
1299 0 0
1301 0 0
1303 0 0
1305 0 0
1307 0 0
1309 0 0
1311 0 0
1313 0 0
1315 0 0
1317 0 0
1319 0 0
1321 0 0
1323 0 0
1325 0 0
1327 0 0
1329 0 0
1331 0 0
1333 0 0
1335 0 0
1337 0 0
1339 0 0
1341 0 0
1343 0 0
1345 0 0
1347 0 0
1349 0 0
1351 0 0
1353 0 0
1355 0 0
1357 0 0
1359 0 0
1361 0 0
1363 0 0
1365 0 0
1367 0 0
1369 0 0
1371 0 0
1373 0 0
1375 0 0
1377 0 0
1379 0 0
1381 0 0
1383 0 0
1385 0 0
1387 0 0
1389 0 0
1391 0 0
1393 0 0
1395 0 0
1397 0 0
1399 0 0
1401 0 0
1403 0 0
1405 0 0
1407 0 0
1409 0 0
1411 0 0
1413 0 0
1415 0 0
1417 0 0
1419 0 0
1421 0 0
1423 0 0
1425 0 0
1427 0 0
1429 0 0
1431 0 0
1433 0 0
1435 0 0
1437 0 0
1439 0 0
1441 0 0
1443 0 0
1445 0 0
1447 0 0
1449 0 0
1451 0 0
1453 0 0
1455 0 0
1457 0 0
1459 0 0
1461 0 0
1463 0 0
1465 0 0
1467 0 0
1469 0 0
1471 0 0
1473 0 0
1475 0 0
1477 0 0
1479 0 0
1481 0 0
1483 0 0
1485 0 0
1487 0 0
1489 0 0
1491 0 0
1493 0 0
1495 0 0
1497 0 0
1499 0 0
1501 0 0
1503 0 0
1505 0 0
1507 0 0
1509 0 0
1511 0 0
1513 0 0
1515 0 0
1517 0 0
1519 0 0
1521 0 0
1523 0 0
1525 0 0
1527 0 0
1529 0 0
1531 0 0
1533 0 0
1535 0 0
1537 0 0
1539 0 0
1541 0 0
1543 0 0
1545 0 0
1547 0 0
1549 0 0
1551 0 0
1553 0 0
1555 0 0
1557 0 0
1559 0 0
1561 0 0
1563 0 0
1565 0 0
1567 0 0
1569 0 0
1571 0 0
1573 0 0
1575 0 0
1577 0 0
1579 0 0
1581 0 0
1583 0 0
1585 0 0
1587 0 0
1589 0 0
1591 0 0
1593 0 0
1595 0 0
1597 0 0
1599 0 0
1601 0 0
1603 0 0
1605 0 0
1607 0 0
1609 0 0
1611 0 0
1613 0 0
1615 0 0
1617 0 0
1619 0 0
1621 0 0
1623 0 0
1625 0 0
1627 0 0
1629 0 0
1631 0 0
1633 0 0
1635 0 0
1637 0 0
1639 0 0
1641 0 0
1643 0 0
1645 0 0
1647 0 0
1649 0 0
1651 0 0
1653 0 0
1655 0 0
1657 0 0
1659 0 0
1661 0 0
1663 0 0
1665 0 0
1667 0 0
1669 0 0
1671 0 0
1673 0 0
1675 0 0
1677 0 0
1679 0 0
1681 0 0
1683 0 0
1685 0 0
1687 0 0
1689 0 0
1691 0 0
1693 0 0
1695 0 0
1697 0 0
1699 0 0
1701 0 0
1703 0 0
1705 0 0
1707 0 0
1709 0 0
1711 0 0
1713 0 0
1715 0 0
1717 0 0
1719 0 0
1721 0 0
1723 0 0
1725 0 0
1727 0 0
1729 0 0
1731 0 0
1733 0 0
1735 0 0
1737 0 0
1739 0 0
1741 0 0
1743 0 0
1745 0 0
1747 0 0
1749 0 0
1751 0 0
1753 0 0
1755 0 0
1757 0 0
1759 0 0
1761 0 0
1763 0 0
1765 0 0
1767 0 0
1769 0 0
1771 0 0
1773 0 0
1775 0 0
1777 0 0
1779 0 0
1781 0 0
1783 0 0
1785 0 0
1787 0 0
1789 0 0
1791 0 0
1793 0 0
1795 0 0
1797 0 0
1799 0 0
1801 0 0
1803 0 0
1805 0 0
1807 0 0
1809 0 0
1811 0 0
1813 0 0
1815 0 0
1817 0 0
1819 0 0
1821 0 0
1823 0 0
1825 0 0
1827 0 0
1829 0 0
1831 0 0
1833 0 0
1835 0 0
1837 0 0
1839 0 0
1841 0 0
1843 0 0
1845 0 0
1847 0 0
1849 0 0
1851 0 0
1853 0 0
1855 0 0
1857 0 0
1859 0 0
1861 0 0
1863 0 0
1865 0 0
1867 0 0
1869 0 0
1871 0 0
1873 0 0
1875 0 0
1877 0 0
1879 0 0
1881 0 0
1883 0 0
1885 0 0
1887 0 0
1889 0 0
1891 0 0
1893 0 0
1895 0 0
1897 0 0
1899 0 0
1901 0 0
1903 0 0
1905 0 0
1907 0 0
1909 0 0
1911 0 0
1913 0 0
1915 0 0
1917 0 0
1919 0 0
1921 0 0
1923 0 0
1925 0 0
1927 0 0
1929 0 0
1931 0 0
1933 0 0
1935 0 0
1937 0 0
1939 0 0
1941 0 0
1943 0 0
1945 0 0
1947 0 0
1949 0 0
1951 0 0
1953 0 0
1955 0 0
1957 0 0
1959 0 0
1961 0 0
1963 0 0
1965 0 0
1967 0 0
1969 0 0
1971 0 0
1973 0 0
1975 0 0
1977 0 0
1979 0 0
1981 0 0
1983 0 0
1985 0 0
1987 0 0
1989 0 0
1991 0 0
1993 0 0
1995 0 0
1997 0 0
1999 0 0
