1.09967 0
3.099 0
5.09833 0
7.09767 8.17722e-11
9.097 0
11.0963 0
13.0957 0
15.095 0
17.0943 0
19.0937 0
21.093 0
23.0923 6.57455e-11
25.0917 0
27.091 0
29.0903 0
31.0897 0
33.089 0
35.0883 0
37.0877 5.88351e-11
39.087 0
41.0863 0
43.0857 0
45.085 5.59661e-11
47.0843 0
49.0837 0
51.083 0
53.0823 5.458e-11
55.0817 0
57.081 0
59.0803 5.40667e-11
61.0797 0
63.079 0
65.0783 5.49591e-11
67.0777 0
69.077 5.57405e-11
71.0763 0
73.0757 5.73236e-11
75.075 0
77.0743 5.88498e-11
79.0737 0
81.073 6.08924e-11
83.0723 6.27686e-11
85.0717 0
87.071 6.49007e-11
89.0703 6.71911e-11
91.0697 6.94541e-11
93.069 0
95.0683 7.17713e-11
97.0677 7.41279e-11
99.067 7.64415e-11
101.066 7.89767e-11
103.066 8.1419e-11
105.065 1.69635e-10
107.064 8.83126e-11
109.064 9.07349e-11
111.063 1.88344e-10
113.062 9.79156e-11
115.062 1.00279e-10
117.061 2.07651e-10
119.06 2.1711e-10
121.06 1.11974e-10
123.059 2.30103e-10
125.058 2.38682e-10
127.058 3.73941e-10
129.057 2.59202e-10
131.056 2.6682e-10
133.056 2.75272e-10
135.055 4.27687e-10
137.054 4.46359e-10
139.054 4.65006e-10
141.053 4.8375e-10
143.052 5.01605e-10
145.052 6.9493e-10
147.051 5.41047e-10
149.05 7.48426e-10
151.05 3.86455e-10
153.049 0
155.048 0
157.048 0
159.047 0
161.046 0
163.046 0
165.045 0
167.044 0
169.044 0
171.043 0
173.042 0
175.042 0
177.041 0
179.04 0
181.04 0
183.039 0
185.038 0
187.038 0
189.037 0
191.036 0
193.036 0
195.035 0
197.034 0
199.034 0
201.033 0
203.032 0
205.032 0
207.031 0
209.03 0
211.03 0
213.029 0
215.028 0
217.028 0
219.027 0
221.026 0
223.026 0
225.025 0
227.024 0
229.024 0
231.023 0
233.022 0
235.022 0
237.021 0
239.02 0
241.02 0
243.019 0
245.018 0
247.018 0
249.017 0
251.016 0
253.016 0
255.015 0
257.014 0
259.014 0
261.013 0
263.012 0
265.012 0
267.011 0
269.01 0
271.01 0
273.009 0
275.008 0
277.008 0
279.007 0
281.006 0
283.006 0
285.005 0
287.004 0
289.004 0
291.003 0
293.002 0
295.002 0
297.001 0
299 0
