1 7.09183e-13 2.64943e-14
3 2.2267e-12 7.33423e-14
5 3.64726e-12 1.18654e-13
7 1.01055e-08 1.97172e-09
9 7.82707e-08 5.87231e-09
11 1.87342e-07 7.44419e-09
13 7.59486e-05 1.45553e-07
15 0.000433912 3.41864e-07
17 0.000876011 5.64803e-07
19 0.00060429 3.48259e-07
21 0.000312903 2.38569e-07
23 0.000185964 1.63857e-07
25 0.00013719 1.31586e-07
27 9.41943e-05 8.93073e-08
29 7.29865e-05 7.57368e-08
31 5.85897e-05 7.16452e-08
33 4.29436e-05 5.47291e-08
35 3.29879e-05 4.16838e-08
37 2.80643e-05 3.59207e-08
39 2.44097e-05 3.18624e-08
41 2.15889e-05 2.96606e-08
43 1.93568e-05 2.64967e-08
45 1.65479e-05 2.16749e-08
47 1.30309e-05 1.67169e-08
49 1.16215e-05 1.42908e-08
51 1.00682e-05 1.2488e-08
53 9.02302e-06 1.10603e-08
55 7.89094e-06 9.18475e-09
57 7.08014e-06 8.17975e-09
59 6.43489e-06 7.38715e-09
61 5.6256e-06 6.4205e-09
63 5.07636e-06 5.94809e-09
65 4.64556e-06 5.42666e-09
67 4.27985e-06 4.9111e-09
69 3.75941e-06 4.1591e-09
71 3.4573e-06 3.93558e-09
73 3.19793e-06 3.65437e-09
75 2.97544e-06 3.5478e-09
77 2.7795e-06 3.27485e-09
79 2.45304e-06 2.96731e-09
81 2.23968e-06 2.66553e-09
83 2.08813e-06 2.42381e-09
85 1.95572e-06 2.27532e-09
87 1.8387e-06 2.05905e-09
89 1.73376e-06 1.95774e-09
91 1.64126e-06 1.91024e-09
93 1.50835e-06 1.74198e-09
95 1.30461e-06 1.49056e-09
97 1.2408e-06 1.46346e-09
99 1.17132e-06 1.397e-09
101 1.109e-06 1.24555e-09
103 1.05348e-06 1.26152e-09
105 1.00291e-06 1.13756e-09
107 9.56596e-07 1.14794e-09
109 9.14403e-07 1.05689e-09
111 8.75892e-07 1.03353e-09
113 8.39534e-07 1.00433e-09
115 8.06239e-07 9.44236e-10
117 7.01384e-07 8.16294e-10
119 6.49209e-07 7.52916e-10
121 6.30424e-07 7.4518e-10
123 6.04211e-07 7.18724e-10
125 5.7989e-07 6.87908e-10
127 5.57443e-07 6.70617e-10
129 5.36559e-07 6.46886e-10
131 5.16896e-07 6.30141e-10
133 4.7641e-07 5.72207e-10
135 4.2987e-07 5.04982e-10
137 4.06296e-07 4.92764e-10
139 3.94174e-07 4.72069e-10
141 3.78232e-07 4.42164e-10
143 3.63204e-07 4.45017e-10
145 3.49533e-07 4.17315e-10
147 3.3686e-07 4.01392e-10
149 3.24896e-07 4.12786e-10
151 3.14093e-07 3.71453e-10
153 3.03698e-07 3.92103e-10
155 2.93971e-07 3.4533e-10
157 2.75364e-07 3.59712e-10
159 2.53571e-07 3.06334e-10
161 2.39654e-07 3.02328e-10
163 2.30154e-07 2.85248e-10
165 2.25993e-07 2.6103e-10
167 2.1814e-07 2.69585e-10
169 2.11353e-07 2.56006e-10
171 2.04967e-07 2.53882e-10
173 1.98807e-07 2.48623e-10
175 1.93049e-07 2.27583e-10
177 1.87477e-07 2.25598e-10
179 1.82313e-07 2.22137e-10
181 1.77555e-07 2.18399e-10
183 1.72744e-07 2.11044e-10
185 1.68374e-07 2.02972e-10
187 1.64175e-07 2.02793e-10
189 1.60048e-07 1.96354e-10
191 1.56188e-07 1.86078e-10
193 1.47855e-07 1.72491e-10
195 1.30687e-07 1.83524e-10
197 1.23823e-07 1.62504e-10
199 1.17606e-07 1.50323e-10
201 1.12189e-07 1.52867e-10
203 1.07202e-07 1.50879e-10
205 1.09257e-07 1.54126e-10
207 1.06187e-07 1.30837e-10
209 1.03426e-07 1.55119e-10
211 1.0095e-07 1.4947e-10
213 9.85583e-08 1.3359e-10
215 9.61405e-08 1.44113e-10
217 9.38987e-08 1.26129e-10
219 9.18978e-08 1.35044e-10
221 8.97992e-08 1.39304e-10
223 8.77987e-08 1.21081e-10
225 8.59482e-08 1.40575e-10
227 8.41425e-08 1.22159e-10
229 8.24612e-08 1.2625e-10
231 8.07252e-08 1.2816e-10
233 7.91919e-08 1.18782e-10
235 7.75693e-08 1.11796e-10
237 7.62533e-08 1.17535e-10
239 7.47177e-08 1.13229e-10
241 7.32876e-08 1.12176e-10
243 7.21591e-08 1.16581e-10
245 7.07039e-08 1.10169e-10
247 6.95399e-08 1.03031e-10
249 6.8277e-08 1.05995e-10
251 6.72109e-08 1.04686e-10
253 6.59806e-08 1.01238e-10
255 6.49679e-08 1.02634e-10
257 6.21071e-08 1.0363e-10
259 5.57423e-08 9.62178e-11
261 5.31225e-08 9.78241e-11
263 5.06153e-08 8.83694e-11
265 4.86835e-08 7.84552e-11
267 4.85122e-08 8.89453e-11
269 4.87495e-08 9.31124e-11
271 4.78764e-08 9.04923e-11
273 4.69292e-08 8.61544e-11
275 4.61913e-08 8.89149e-11
277 4.45699e-08 8.5585e-11
279 4.30988e-08 8.10837e-11
281 4.22224e-08 7.54682e-11
283 4.10146e-08 7.70977e-11
285 4.01302e-08 8.11278e-11
287 3.93437e-08 7.44253e-11
289 3.87189e-08 7.54616e-11
291 3.79514e-08 8.20478e-11
293 3.73087e-08 7.11531e-11
295 3.65888e-08 7.17206e-11
297 3.58711e-08 8.28938e-11
299 3.5255e-08 6.90613e-11
301 3.40046e-08 7.03182e-11
303 3.31215e-08 7.68679e-11
305 3.24857e-08 6.77122e-11
307 3.19937e-08 6.44439e-11
309 3.10685e-08 7.19239e-11
311 3.04872e-08 6.2101e-11
313 3.0149e-08 7.08922e-11
315 2.96228e-08 5.89641e-11
317 2.90109e-08 6.6507e-11
319 2.85998e-08 6.37689e-11
321 2.82269e-08 6.4158e-11
323 2.76257e-08 6.24924e-11
325 2.71912e-08 5.7609e-11
327 2.66987e-08 6.45983e-11
329 2.57685e-08 5.30178e-11
331 2.5243e-08 5.65938e-11
333 2.46501e-08 5.81223e-11
335 2.42961e-08 5.64741e-11
337 2.38312e-08 5.62767e-11
339 2.35255e-08 5.6589e-11
341 2.28327e-08 5.65111e-11
343 2.26212e-08 5.14833e-11
345 2.24119e-08 6.25898e-11
347 2.20895e-08 5.35275e-11
349 2.16187e-08 5.58865e-11
351 2.1325e-08 4.93474e-11
353 2.11321e-08 5.82133e-11
355 2.08641e-08 5.06759e-11
357 2.05195e-08 5.026e-11
359 2.0107e-08 4.78692e-11
361 1.99719e-08 5.0036e-11
363 1.94183e-08 5.44e-11
365 1.89113e-08 4.83645e-11
367 1.86541e-08 4.78631e-11
369 1.81864e-08 4.67298e-11
371 1.79878e-08 4.55539e-11
373 1.78081e-08 4.6784e-11
375 1.7426e-08 4.23599e-11
377 1.717e-08 5.25428e-11
379 1.68153e-08 4.8663e-11
381 1.66232e-08 4.73058e-11
383 1.65129e-08 5.22454e-11
385 1.64035e-08 3.99681e-11
387 1.62008e-08 4.61618e-11
389 1.58587e-08 4.79185e-11
391 1.56292e-08 4.38218e-11
393 1.56259e-08 4.72049e-11
395 1.54489e-08 5.08873e-11
397 1.53504e-08 3.94835e-11
399 1.50915e-08 4.32935e-11
401 1.4866e-08 4.00984e-11
403 1.46729e-08 4.77069e-11
405 1.45699e-08 4.40289e-11
407 1.41386e-08 4.40372e-11
409 1.38125e-08 3.79425e-11
411 1.36264e-08 3.8959e-11
413 1.3422e-08 4.2542e-11
415 1.31695e-08 4.1554e-11
417 1.29753e-08 3.90679e-11
419 1.29414e-08 4.47455e-11
421 1.26903e-08 4.01721e-11
423 1.26855e-08 4.39862e-11
425 1.24044e-08 3.68525e-11
427 1.22097e-08 3.94656e-11
429 1.21323e-08 4.10962e-11
431 1.19454e-08 3.64124e-11
433 1.18991e-08 3.88495e-11
435 1.18664e-08 4.17266e-11
437 1.17701e-08 3.49755e-11
439 1.15748e-08 3.9703e-11
441 1.06115e-08 3.62271e-11
443 1.03595e-08 3.51257e-11
445 1.02571e-08 3.55313e-11
447 1.02166e-08 3.65225e-11
449 1.01647e-08 3.85367e-11
451 1.01301e-08 3.51764e-11
453 1.01024e-08 3.21549e-11
455 9.9458e-09 3.82508e-11
457 9.891e-09 3.36765e-11
459 9.86446e-09 3.82312e-11
461 9.6693e-09 3.30438e-11
463 9.58974e-09 3.21677e-11
465 9.15645e-09 3.39115e-11
467 9.01314e-09 3.01423e-11
469 8.93547e-09 2.70209e-11
471 8.75291e-09 3.27426e-11
473 8.65641e-09 3.0631e-11
475 8.55414e-09 3.3402e-11
477 8.46527e-09 3.12609e-11
479 8.32053e-09 3.40591e-11
481 8.23925e-09 3.22426e-11
483 8.13325e-09 3.1953e-11
485 8.06484e-09 2.77925e-11
487 7.98085e-09 2.61266e-11
489 7.87022e-09 2.88236e-11
491 7.77323e-09 3.16188e-11
493 7.64947e-09 3.10965e-11
495 7.56469e-09 2.93736e-11
497 7.50296e-09 2.68702e-11
499 7.33612e-09 2.6886e-11
501 7.32977e-09 2.73617e-11
503 7.28124e-09 2.82507e-11
505 7.22124e-09 2.48267e-11
507 7.15306e-09 2.47727e-11
509 7.08876e-09 2.79709e-11
511 7.04176e-09 2.63103e-11
513 6.92061e-09 2.63055e-11
515 6.81552e-09 2.19039e-11
517 6.81759e-09 2.55e-11
519 6.69741e-09 2.78752e-11
521 6.63866e-09 2.79541e-11
523 6.60375e-09 2.43515e-11
525 6.53713e-09 2.4309e-11
527 6.46029e-09 2.61667e-11
529 6.4135e-09 2.38687e-11
531 6.34864e-09 2.61892e-11
533 6.24358e-09 2.25826e-11
535 6.20963e-09 2.24366e-11
537 6.12056e-09 2.86525e-11
539 6.08609e-09 2.24888e-11
541 5.98033e-09 2.54356e-11
543 5.88926e-09 2.46034e-11
545 5.68859e-09 2.16706e-11
547 5.62794e-09 2.36739e-11
549 5.54242e-09 2.53944e-11
551 5.47489e-09 2.37812e-11
553 5.4894e-09 2.52504e-11
555 5.36253e-09 2.2872e-11
557 5.30008e-09 2.13216e-11
559 5.27546e-09 2.17444e-11
561 5.19765e-09 2.3746e-11
563 5.15436e-09 2.09658e-11
565 5.1006e-09 2.19843e-11
567 5.06308e-09 2.23663e-11
569 5.02056e-09 2.17212e-11
571 4.94591e-09 2.06307e-11
573 4.94215e-09 2.06346e-11
575 4.85561e-09 2.18734e-11
577 4.82617e-09 2.14326e-11
579 4.81884e-09 2.34424e-11
581 4.76518e-09 2.13767e-11
583 4.71775e-09 1.79519e-11
585 4.68802e-09 2.15895e-11
587 4.64662e-09 2.11768e-11
589 4.58612e-09 1.88703e-11
591 4.55395e-09 2.08613e-11
593 4.53311e-09 1.99303e-11
595 4.4944e-09 2.19633e-11
597 4.42528e-09 1.95643e-11
599 4.38374e-09 1.79789e-11
601 4.3487e-09 2.36319e-11
603 4.3345e-09 1.81845e-11
605 4.27778e-09 2.29483e-11
607 4.27239e-09 2.03508e-11
609 4.22371e-09 2.03256e-11
611 4.21845e-09 1.87793e-11
613 4.17339e-09 2.06862e-11
615 4.13972e-09 2.1403e-11
617 4.11403e-09 2.13617e-11
619 4.07897e-09 1.74285e-11
621 4.08615e-09 2.11029e-11
623 4.07591e-09 2.00235e-11
625 4.00832e-09 1.94985e-11
627 3.96842e-09 1.87501e-11
629 3.94086e-09 1.86525e-11
631 3.91115e-09 1.82301e-11
633 3.86862e-09 2.13274e-11
635 3.85722e-09 2.05586e-11
637 3.80368e-09 2.02803e-11
639 3.7929e-09 1.56446e-11
641 3.76446e-09 2.02694e-11
643 3.74913e-09 1.70694e-11
645 3.69684e-09 1.66647e-11
647 3.65729e-09 1.90415e-11
649 3.69695e-09 1.84654e-11
651 3.64008e-09 1.97548e-11
653 3.61548e-09 1.95913e-11
655 3.60918e-09 1.68564e-11
657 3.58585e-09 1.88845e-11
659 3.53139e-09 1.66663e-11
661 3.47696e-09 1.92941e-11
663 3.47432e-09 1.63363e-11
665 3.45745e-09 1.68109e-11
667 3.41875e-09 1.6506e-11
669 3.40755e-09 1.63949e-11
671 3.39773e-09 1.65157e-11
673 3.37239e-09 1.56297e-11
675 3.35078e-09 1.85324e-11
677 3.33246e-09 1.75517e-11
679 3.33963e-09 1.9062e-11
681 3.27739e-09 2.08204e-11
683 3.28231e-09 1.78254e-11
685 3.26332e-09 1.88165e-11
687 3.24998e-09 1.7236e-11
689 3.21302e-09 1.72108e-11
691 3.21325e-09 1.65554e-11
693 3.18528e-09 1.63772e-11
695 3.18408e-09 1.70134e-11
697 3.13472e-09 1.55503e-11
699 3.15072e-09 2.01831e-11
701 3.13708e-09 1.7782e-11
703 3.11918e-09 1.5702e-11
705 3.12005e-09 1.62038e-11
707 3.08663e-09 1.69053e-11
709 3.06983e-09 1.65694e-11
711 3.05908e-09 1.52232e-11
713 3.0712e-09 1.52305e-11
715 3.07113e-09 1.56396e-11
717 3.04203e-09 1.69658e-11
719 3.0209e-09 1.48481e-11
721 3.02078e-09 1.61681e-11
723 3.01974e-09 1.57772e-11
725 3.01074e-09 1.73718e-11
727 2.99155e-09 1.61366e-11
729 3.00092e-09 1.74094e-11
731 2.98446e-09 1.51029e-11
733 2.98106e-09 1.59577e-11
735 3.00187e-09 1.46889e-11
737 3.12584e-09 1.58151e-11
739 3.12011e-09 1.53916e-11
741 3.13901e-09 1.66795e-11
743 3.14218e-09 1.60451e-11
745 3.13761e-09 1.67222e-11
747 3.12289e-09 1.76294e-11
749 3.15608e-09 1.59773e-11
751 3.13522e-09 1.66845e-11
753 3.14952e-09 1.72135e-11
755 3.124e-09 1.71641e-11
757 3.16734e-09 1.76179e-11
759 3.12107e-09 1.69836e-11
761 3.17714e-09 1.48392e-11
763 3.15688e-09 1.57332e-11
765 3.16285e-09 1.85653e-11
767 3.16415e-09 1.76533e-11
769 3.15853e-09 1.53049e-11
771 3.12001e-09 1.64299e-11
773 3.12633e-09 1.56183e-11
775 3.2014e-09 1.71768e-11
777 3.19039e-09 1.48469e-11
779 3.19728e-09 1.57456e-11
781 3.21546e-09 1.69774e-11
783 3.19475e-09 1.68836e-11
785 3.2329e-09 1.44555e-11
787 3.23659e-09 1.62201e-11
789 3.26028e-09 1.39831e-11
791 3.29633e-09 1.68482e-11
793 3.2879e-09 1.60357e-11
795 3.34243e-09 1.31352e-11
797 3.3741e-09 1.65754e-11
799 3.39265e-09 1.53709e-11
801 3.47825e-09 1.68626e-11
803 3.53441e-09 1.73043e-11
805 3.56615e-09 1.57983e-11
807 3.66815e-09 1.48305e-11
809 3.7487e-09 1.63578e-11
811 3.85257e-09 1.78177e-11
813 3.99873e-09 1.67253e-11
815 5.09371e-09 1.66152e-11
817 6.11659e-09 2.03695e-11
819 7.08493e-09 2.37495e-11
821 8.29921e-09 1.86438e-11
823 1.53337e-08 2.87772e-11
825 6.68379e-09 2.00881e-11
827 4.42854e-10 1.07389e-11
829 4.41535e-10 8.60263e-12
831 4.22832e-10 1.04426e-11
833 4.39235e-10 9.44865e-12
835 4.39601e-10 8.93848e-12
837 4.39776e-10 1.07019e-11
839 4.28481e-10 9.84701e-12
841 4.32827e-10 9.41076e-12
843 4.19752e-10 1.00772e-11
845 4.26902e-10 9.32418e-12
847 4.24929e-10 9.25191e-12
849 4.34944e-10 1.02886e-11
851 4.26916e-10 9.62245e-12
853 4.3654e-10 9.50454e-12
855 4.22109e-10 9.744e-12
857 4.16762e-10 9.28686e-12
859 4.2614e-10 8.50284e-12
861 4.31536e-10 8.93752e-12
863 4.11544e-10 9.66881e-12
865 4.33863e-10 1.04344e-11
867 4.17469e-10 8.88715e-12
869 4.0671e-10 9.6585e-12
871 4.2517e-10 9.47451e-12
873 4.22216e-10 9.36842e-12
875 4.17018e-10 9.55161e-12
877 4.29826e-10 1.0115e-11
879 4.13223e-10 9.42841e-12
881 3.94505e-10 1.01815e-11
883 3.99281e-10 9.36007e-12
885 4.26437e-10 9.27111e-12
887 4.03909e-10 8.25184e-12
889 4.22761e-10 1.03919e-11
891 4.09787e-10 9.57306e-12
893 4.07004e-10 1.01831e-11
895 3.93116e-10 8.54991e-12
897 4.0497e-10 8.83205e-12
899 4.09456e-10 8.21745e-12
901 4.14662e-10 8.97654e-12
903 3.99377e-10 9.18098e-12
905 4.10387e-10 9.74823e-12
907 3.85099e-10 8.19846e-12
909 3.93835e-10 8.38536e-12
911 4.02066e-10 7.70299e-12
913 4.13437e-10 9.19982e-12
915 3.96684e-10 9.32455e-12
917 4.0692e-10 9.61066e-12
919 3.88613e-10 9.02286e-12
921 3.80115e-10 8.10428e-12
923 3.78006e-10 8.82306e-12
925 4.00608e-10 8.88344e-12
927 4.03227e-10 1.0026e-11
929 3.98919e-10 8.99854e-12
931 3.7923e-10 8.46346e-12
933 3.86317e-10 8.60518e-12
935 3.79597e-10 8.21782e-12
937 3.72625e-10 8.28405e-12
939 3.99482e-10 8.68839e-12
941 3.88917e-10 8.94364e-12
943 4.02146e-10 9.82889e-12
945 3.73691e-10 8.8814e-12
947 3.78476e-10 8.41686e-12
949 3.704e-10 7.98e-12
951 3.68094e-10 7.74123e-12
953 3.8978e-10 8.34736e-12
955 3.79374e-10 9.79111e-12
957 4.01627e-10 9.47309e-12
959 3.65468e-10 8.07033e-12
961 3.75807e-10 7.36899e-12
963 3.68083e-10 8.64036e-12
965 3.68955e-10 6.84309e-12
967 3.83903e-10 7.91383e-12
969 3.81685e-10 9.314e-12
971 3.88727e-10 8.03412e-12
973 3.69614e-10 7.62428e-12
975 3.62338e-10 8.21628e-12
977 3.76568e-10 8.13931e-12
979 3.62826e-10 7.68362e-12
981 3.69883e-10 8.77513e-12
983 3.79118e-10 7.35428e-12
985 3.81116e-10 8.50963e-12
987 3.81815e-10 7.09332e-12
989 3.49488e-10 7.82885e-12
991 3.62587e-10 8.02888e-12
993 3.68448e-10 7.9894e-12
995 3.57906e-10 7.82481e-12
997 3.76016e-10 8.23924e-12
999 3.70345e-10 8.64767e-12
1001 3.68303e-10 8.53949e-12
1003 3.64109e-10 7.78816e-12
1005 3.58534e-10 7.78923e-12
1007 3.74957e-10 8.25178e-12
1009 3.5184e-10 7.87591e-12
1011 3.62232e-10 8.49087e-12
1013 3.64288e-10 7.64561e-12
1015 3.71145e-10 8.81281e-12
1017 3.61554e-10 7.92409e-12
1019 3.431e-10 7.79968e-12
1021 3.47561e-10 7.41119e-12
1023 3.32454e-10 7.08468e-12
1025 3.22387e-10 6.9131e-12
1027 3.15208e-10 6.86634e-12
1029 3.19695e-10 6.71243e-12
1031 3.26012e-10 7.65209e-12
1033 3.0704e-10 7.01352e-12
1035 3.18552e-10 6.51495e-12
1037 3.00967e-10 7.07511e-12
1039 2.99783e-10 6.95085e-12
1041 2.99243e-10 6.31641e-12
1043 3.05798e-10 7.51683e-12
1045 2.85917e-10 6.70136e-12
1047 2.98162e-10 6.93534e-12
1049 2.91774e-10 6.44145e-12
1051 2.87343e-10 6.9846e-12
1053 2.92248e-10 7.22836e-12
1055 2.8778e-10 6.63749e-12
1057 2.77075e-10 6.05521e-12
1059 2.90248e-10 7.34211e-12
1061 2.89451e-10 5.85978e-12
1063 2.96687e-10 6.48069e-12
1065 2.96621e-10 6.87453e-12
1067 2.90901e-10 6.43608e-12
1069 3.03145e-10 6.99435e-12
1071 2.96841e-10 7.65035e-12
1073 2.97176e-10 6.50431e-12
1075 2.89211e-10 6.79948e-12
1077 2.85291e-10 6.48356e-12
1079 2.68419e-10 6.60538e-12
1081 2.91013e-10 5.92183e-12
1083 2.8787e-10 7.24826e-12
1085 2.92348e-10 6.55537e-12
1087 2.88063e-10 6.72709e-12
1089 2.91512e-10 7.12411e-12
1091 2.84331e-10 6.54012e-12
1093 2.97001e-10 6.97052e-12
1095 2.78122e-10 5.8728e-12
1097 2.71812e-10 6.58592e-12
1099 2.70844e-10 7.08597e-12
1101 2.65944e-10 5.74393e-12
1103 2.76239e-10 6.52805e-12
1105 2.77187e-10 6.81238e-12
1107 2.67037e-10 7.2238e-12
1109 2.80706e-10 6.63593e-12
1111 2.64557e-10 6.72461e-12
1113 2.7803e-10 6.06816e-12
1115 2.66868e-10 6.04753e-12
1117 2.5503e-10 6.59721e-12
1119 2.56042e-10 6.26487e-12
1121 2.56675e-10 5.68328e-12
1123 2.59632e-10 5.76841e-12
1125 2.68181e-10 7.91884e-12
1127 2.67063e-10 6.18075e-12
1129 2.61906e-10 6.41244e-12
1131 2.58998e-10 5.94704e-12
1133 2.6199e-10 6.04325e-12
1135 2.54167e-10 5.62362e-12
1137 2.5284e-10 6.16498e-12
1139 2.50695e-10 6.21538e-12
1141 2.42424e-10 6.11393e-12
1143 2.51723e-10 5.68181e-12
1145 2.54736e-10 6.04006e-12
1147 2.53712e-10 6.45876e-12
1149 2.57897e-10 6.5201e-12
1151 2.48243e-10 5.85266e-12
1153 2.50246e-10 6.51601e-12
1155 2.5112e-10 5.25044e-12
1157 2.50255e-10 5.42391e-12
1159 2.49391e-10 6.02203e-12
1161 2.42785e-10 6.28549e-12
1163 2.45411e-10 5.53888e-12
1165 2.4373e-10 5.96146e-12
1167 2.37015e-10 6.22574e-12
1169 2.50167e-10 6.46853e-12
1171 2.48776e-10 6.56748e-12
1173 2.5319e-10 6.78915e-12
1175 2.36788e-10 6.21071e-12
1177 2.40843e-10 5.90641e-12
1179 2.46454e-10 5.53918e-12
1181 2.45506e-10 5.55053e-12
1183 2.38751e-10 5.44235e-12
1185 2.32198e-10 6.23903e-12
1187 2.43075e-10 5.89762e-12
1189 2.31128e-10 6.24286e-12
1191 2.35844e-10 6.02683e-12
1193 2.30217e-10 6.10451e-12
1195 2.39515e-10 6.74553e-12
1197 2.35164e-10 6.04731e-12
1199 2.2529e-10 5.59638e-12
1201 2.23034e-10 5.49279e-12
1203 2.30958e-10 5.04106e-12
1205 2.38289e-10 5.37706e-12
1207 2.22975e-10 5.22374e-12
1209 2.28063e-10 6.28947e-12
1211 2.22215e-10 6.13767e-12
1213 2.23258e-10 6.07758e-12
1215 2.22507e-10 5.58471e-12
1217 2.25059e-10 5.73034e-12
1219 2.22649e-10 5.77467e-12
1221 2.25347e-10 5.64058e-12
1223 2.24295e-10 5.70508e-12
1225 2.21696e-10 5.71255e-12
1227 2.15318e-10 5.3804e-12
1229 2.18131e-10 5.41769e-12
1231 2.15665e-10 5.44832e-12
1233 2.24041e-10 6.13293e-12
1235 2.1649e-10 5.39846e-12
1237 2.11998e-10 5.80376e-12
1239 2.19129e-10 5.80816e-12
1241 2.12619e-10 4.97202e-12
1243 2.22089e-10 6.42939e-12
1245 2.1576e-10 5.27558e-12
1247 2.17577e-10 5.41157e-12
1249 2.12936e-10 4.9835e-12
1251 2.0894e-10 5.85754e-12
1253 2.15613e-10 5.09606e-12
1255 2.12696e-10 5.82334e-12
1257 2.16369e-10 4.88681e-12
1259 2.06257e-10 5.78533e-12
1261 2.163e-10 5.9338e-12
1263 2.17253e-10 5.78689e-12
1265 2.16076e-10 6.59161e-12
1267 1.9862e-10 5.13393e-12
1269 2.10699e-10 5.22126e-12
1271 2.08591e-10 5.5941e-12
1273 2.06898e-10 5.8003e-12
1275 2.13038e-10 4.98803e-12
1277 2.01777e-10 4.7224e-12
1279 2.09173e-10 5.60771e-12
1281 1.98106e-10 4.57181e-12
1283 2.16909e-10 6.18812e-12
1285 1.99312e-10 5.77739e-12
1287 2.0393e-10 4.78263e-12
1289 2.03823e-10 5.82622e-12
1291 2.07951e-10 5.59972e-12
1293 2.03672e-10 5.70891e-12
1295 1.96408e-10 5.06753e-12
1297 1.9267e-10 4.75206e-12
1299 2.01339e-10 5.53958e-12
1301 1.93578e-10 5.06081e-12
1303 2.03491e-10 5.79842e-12
1305 2.02253e-10 5.59647e-12
1307 1.93249e-10 4.69005e-12
1309 1.92559e-10 4.85511e-12
1311 1.94281e-10 5.36582e-12
1313 2.00203e-10 5.25453e-12
1315 1.84541e-10 5.17842e-12
1317 1.89281e-10 5.04738e-12
1319 1.91803e-10 5.40449e-12
1321 1.89891e-10 5.34656e-12
1323 1.95971e-10 5.52742e-12
1325 1.92519e-10 5.04301e-12
1327 1.84709e-10 4.92661e-12
1329 1.81951e-10 4.68792e-12
1331 1.81163e-10 5.2823e-12
1333 2.00115e-10 5.64442e-12
1335 1.85756e-10 4.64606e-12
1337 1.87349e-10 5.94224e-12
1339 1.86344e-10 5.25515e-12
1341 1.82888e-10 4.72963e-12
1343 1.88717e-10 5.80049e-12
1345 1.86406e-10 4.49402e-12
1347 1.83086e-10 5.20319e-12
1349 1.77286e-10 4.50563e-12
1351 1.84441e-10 5.10618e-12
1353 1.8206e-10 5.06573e-12
1355 1.85021e-10 4.81283e-12
1357 1.81558e-10 4.59676e-12
1359 1.8186e-10 3.79273e-12
1361 1.73085e-10 4.4224e-12
1363 1.77224e-10 5.24851e-12
1365 1.80548e-10 4.7588e-12
1367 1.81931e-10 5.28741e-12
1369 1.81137e-10 5.70666e-12
1371 1.75294e-10 5.36624e-12
1373 1.81894e-10 5.6681e-12
1375 1.82168e-10 5.69397e-12
1377 1.77498e-10 4.69497e-12
1379 1.82176e-10 5.28773e-12
1381 1.76701e-10 4.30257e-12
1383 1.72331e-10 4.29454e-12
1385 1.75107e-10 5.07575e-12
1387 1.78212e-10 5.33288e-12
1389 1.76861e-10 5.08728e-12
1391 1.74608e-10 4.79246e-12
1393 1.76988e-10 4.85996e-12
1395 1.73983e-10 5.05522e-12
1397 1.71557e-10 4.63676e-12
1399 1.70104e-10 5.05727e-12
1401 1.7361e-10 5.37307e-12
1403 1.7934e-10 4.80067e-12
1405 1.74456e-10 4.84997e-12
1407 1.76801e-10 5.38279e-12
1409 1.79289e-10 5.26329e-12
1411 1.69431e-10 4.62752e-12
1413 1.79678e-10 4.30119e-12
1415 1.76057e-10 5.06485e-12
1417 1.75827e-10 4.47053e-12
1419 1.71509e-10 4.6959e-12
1421 1.71382e-10 4.80789e-12
1423 1.74406e-10 4.90763e-12
1425 1.76212e-10 4.58129e-12
1427 1.76964e-10 4.60648e-12
1429 1.71493e-10 4.5819e-12
1431 1.68519e-10 5.11548e-12
1433 1.6198e-10 4.6756e-12
1435 1.73873e-10 5.28284e-12
1437 1.69144e-10 5.07694e-12
1439 1.64183e-10 5.00639e-12
1441 1.67357e-10 4.75952e-12
1443 1.61438e-10 4.56875e-12
1445 1.61205e-10 4.9131e-12
1447 1.6743e-10 4.40326e-12
1449 1.62922e-10 4.68717e-12
1451 1.68194e-10 4.08632e-12
1453 1.62003e-10 4.30218e-12
1455 1.63588e-10 4.77578e-12
1457 1.62035e-10 4.84049e-12
1459 1.63138e-10 4.61894e-12
1461 1.53001e-10 4.07717e-12
1463 1.61904e-10 4.36561e-12
1465 1.65336e-10 4.66379e-12
1467 1.64997e-10 4.49102e-12
1469 1.59328e-10 4.49974e-12
1471 1.51186e-10 4.98529e-12
1473 1.63003e-10 4.37292e-12
1475 1.61535e-10 4.01384e-12
1477 1.64235e-10 4.91839e-12
1479 1.6089e-10 4.86578e-12
1481 1.59442e-10 4.58554e-12
1483 1.59436e-10 4.52607e-12
1485 1.55004e-10 4.43335e-12
1487 1.57868e-10 3.83652e-12
1489 1.54247e-10 4.71538e-12
1491 1.63078e-10 4.61431e-12
1493 1.5473e-10 4.98606e-12
1495 1.52116e-10 4.58075e-12
1497 1.59799e-10 4.56814e-12
1499 1.55165e-10 4.79501e-12
1501 1.542e-10 4.64801e-12
1503 1.52279e-10 4.45184e-12
1505 1.50377e-10 4.27018e-12
1507 1.57822e-10 4.09946e-12
1509 1.54587e-10 4.97639e-12
1511 1.58152e-10 4.39632e-12
1513 1.5398e-10 4.55683e-12
1515 1.48885e-10 3.7899e-12
1517 1.56464e-10 4.32646e-12
1519 1.52018e-10 4.31159e-12
1521 1.53556e-10 4.51588e-12
1523 1.56461e-10 4.85981e-12
1525 1.46406e-10 4.42692e-12
1527 1.47549e-10 3.83241e-12
1529 1.46312e-10 4.53619e-12
1531 1.45359e-10 4.71916e-12
1533 1.61854e-10 4.18173e-12
1535 1.52749e-10 4.34361e-12
1537 1.52035e-10 4.68075e-12
1539 1.53209e-10 4.02791e-12
1541 1.5477e-10 5.24716e-12
1543 1.53354e-10 4.47687e-12
1545 1.49809e-10 4.54341e-12
1547 1.49725e-10 4.32904e-12
1549 1.44459e-10 3.99963e-12
1551 1.54239e-10 4.77458e-12
1553 1.49535e-10 4.28462e-12
1555 1.42915e-10 4.6002e-12
1557 1.45837e-10 4.06394e-12
1559 1.42246e-10 4.80653e-12
1561 1.50827e-10 4.75297e-12
1563 1.46512e-10 4.58414e-12
1565 1.44516e-10 4.56935e-12
1567 1.48893e-10 4.83428e-12
1569 1.46329e-10 4.4918e-12
1571 1.37989e-10 3.93282e-12
1573 1.44443e-10 4.79155e-12
1575 1.5201e-10 3.46836e-12
1577 1.46601e-10 3.95844e-12
1579 1.43941e-10 4.31683e-12
1581 1.40781e-10 4.41598e-12
1583 1.43837e-10 4.1069e-12
1585 1.4425e-10 4.69028e-12
1587 1.50471e-10 4.67231e-12
1589 1.47857e-10 4.79869e-12
1591 1.39631e-10 4.4482e-12
1593 1.47366e-10 4.22257e-12
1595 1.40386e-10 5.0014e-12
1597 1.4499e-10 4.14422e-12
1599 1.44813e-10 4.38972e-12
1601 1.33617e-10 4.15095e-12
1603 1.36941e-10 4.29409e-12
1605 1.35747e-10 3.82264e-12
1607 1.45219e-10 4.19082e-12
1609 1.41648e-10 4.22537e-12
1611 1.39647e-10 3.85116e-12
1613 1.41276e-10 4.46857e-12
1615 1.40245e-10 3.8e-12
1617 1.33094e-10 4.46319e-12
1619 1.41471e-10 4.36228e-12
1621 1.38496e-10 4.30635e-12
1623 1.40745e-10 4.56275e-12
1625 1.37307e-10 4.49337e-12
1627 1.38615e-10 4.3897e-12
1629 1.34377e-10 4.27217e-12
1631 1.34338e-10 4.05351e-12
1633 1.36903e-10 4.62135e-12
1635 1.41439e-10 4.57803e-12
1637 1.38489e-10 4.20103e-12
1639 1.32896e-10 4.24883e-12
1641 1.37053e-10 4.24369e-12
1643 1.36357e-10 4.83783e-12
1645 1.33368e-10 4.04774e-12
1647 1.34476e-10 4.40856e-12
1649 1.31962e-10 4.38429e-12
1651 1.32172e-10 3.7378e-12
1653 1.27706e-10 4.41056e-12
1655 1.4069e-10 4.30171e-12
1657 1.33554e-10 4.15125e-12
1659 1.35723e-10 3.86821e-12
1661 1.30076e-10 3.61932e-12
1663 1.35305e-10 4.16281e-12
1665 1.32545e-10 4.20778e-12
1667 1.304e-10 3.37825e-12
1669 1.33363e-10 4.38881e-12
1671 1.30742e-10 4.2261e-12
1673 1.26466e-10 4.394e-12
1675 1.39187e-10 4.62669e-12
1677 1.25352e-10 4.51871e-12
1679 1.30504e-10 3.89263e-12
1681 1.32392e-10 3.88982e-12
1683 1.30604e-10 4.48764e-12
1685 1.28349e-10 4.29049e-12
1687 1.33472e-10 4.39404e-12
1689 1.35842e-10 4.26344e-12
1691 1.26267e-10 3.9176e-12
1693 1.32499e-10 3.88733e-12
1695 1.3722e-10 4.58943e-12
1697 1.35035e-10 4.20186e-12
1699 1.23548e-10 4.63024e-12
1701 1.22442e-10 3.96998e-12
1703 1.29186e-10 4.02098e-12
1705 1.32057e-10 4.06771e-12
1707 1.28639e-10 4.45871e-12
1709 1.26456e-10 3.97027e-12
1711 1.32091e-10 3.877e-12
1713 1.28439e-10 4.28967e-12
1715 1.31181e-10 4.14058e-12
1717 1.25144e-10 3.82412e-12
1719 1.27229e-10 4.129e-12
1721 1.20424e-10 4.29848e-12
1723 1.31128e-10 4.03119e-12
1725 1.25373e-10 4.16197e-12
1727 1.23303e-10 4.17145e-12
1729 1.2622e-10 4.1048e-12
1731 1.35277e-10 4.00345e-12
1733 1.27535e-10 3.84365e-12
1735 1.23048e-10 3.83813e-12
1737 1.23317e-10 4.28767e-12
1739 1.34879e-10 4.17595e-12
1741 1.30814e-10 4.13747e-12
1743 1.26423e-10 4.12052e-12
1745 1.25832e-10 4.26505e-12
1747 1.25417e-10 3.61523e-12
1749 1.24978e-10 3.88898e-12
1751 1.31123e-10 4.37485e-12
1753 1.26989e-10 4.06682e-12
1755 1.13691e-10 3.50738e-12
1757 1.2391e-10 4.46825e-12
1759 1.23822e-10 3.88623e-12
1761 1.33509e-10 4.58475e-12
1763 1.18846e-10 3.84345e-12
1765 1.23433e-10 3.75729e-12
1767 1.24696e-10 4.16988e-12
1769 1.17716e-10 3.84843e-12
1771 1.18238e-10 4.17269e-12
1773 1.26461e-10 4.45207e-12
1775 1.26378e-10 4.23119e-12
1777 1.16947e-10 4.10182e-12
1779 1.14836e-10 3.71191e-12
1781 1.2055e-10 4.18002e-12
1783 1.26375e-10 4.20521e-12
1785 1.30821e-10 5.04013e-12
1787 1.27835e-10 4.25148e-12
1789 1.31102e-10 4.15688e-12
1791 1.24091e-10 4.3809e-12
1793 1.1779e-10 4.23768e-12
1795 1.22087e-10 4.4442e-12
1797 1.2734e-10 4.32418e-12
1799 1.2693e-10 4.375e-12
1801 1.24747e-10 3.93392e-12
1803 1.2097e-10 3.91349e-12
1805 1.20706e-10 4.00446e-12
1807 1.25164e-10 4.02089e-12
1809 1.19612e-10 3.48108e-12
1811 1.16979e-10 4.62351e-12
1813 1.25082e-10 3.80425e-12
1815 1.21738e-10 4.48914e-12
1817 1.26171e-10 3.95458e-12
1819 1.25891e-10 4.34594e-12
1821 1.16715e-10 3.80333e-12
1823 1.24568e-10 4.47857e-12
1825 1.18346e-10 4.40578e-12
1827 1.27649e-10 4.35045e-12
1829 1.20979e-10 4.15998e-12
1831 1.12161e-10 4.11374e-12
1833 1.19074e-10 3.73925e-12
1835 1.23639e-10 4.1323e-12
1837 1.16387e-10 3.95207e-12
1839 1.1417e-10 4.03323e-12
1841 1.17337e-10 3.95998e-12
1843 1.21426e-10 4.0407e-12
1845 1.13256e-10 4.02526e-12
1847 1.2803e-10 4.40039e-12
1849 1.2601e-10 4.35055e-12
1851 1.22207e-10 3.63836e-12
1853 1.17574e-10 4.40991e-12
1855 1.1952e-10 3.60185e-12
1857 1.22748e-10 4.70035e-12
1859 1.23883e-10 4.06809e-12
1861 1.19127e-10 3.96641e-12
1863 1.19927e-10 3.84992e-12
1865 1.19783e-10 3.83914e-12
1867 1.16986e-10 3.75991e-12
1869 1.20613e-10 4.03441e-12
1871 1.17042e-10 4.08252e-12
1873 1.14619e-10 3.96972e-12
1875 1.18727e-10 4.50996e-12
1877 1.14846e-10 4.21086e-12
1879 1.24407e-10 4.245e-12
1881 1.20026e-10 4.39352e-12
1883 1.25058e-10 4.61682e-12
1885 1.20424e-10 3.87623e-12
1887 1.19015e-10 3.87816e-12
1889 1.20656e-10 4.12679e-12
1891 1.16667e-10 3.97624e-12
1893 1.12455e-10 3.44377e-12
1895 1.24033e-10 4.22409e-12
1897 1.19005e-10 3.65813e-12
1899 1.20338e-10 4.01898e-12
1901 1.1548e-10 4.1373e-12
1903 1.1911e-10 4.32029e-12
1905 1.16849e-10 3.76921e-12
1907 1.18127e-10 4.6439e-12
1909 1.25743e-10 4.00255e-12
1911 1.26427e-10 4.50521e-12
1913 1.19092e-10 4.14919e-12
1915 1.2035e-10 4.27851e-12
1917 1.1803e-10 3.91367e-12
1919 1.17072e-10 3.96873e-12
1921 1.24624e-10 3.9469e-12
1923 1.24099e-10 4.23853e-12
1925 1.18776e-10 4.28215e-12
1927 1.26226e-10 4.05365e-12
1929 1.17366e-10 3.4745e-12
1931 1.18718e-10 3.82452e-12
1933 1.24475e-10 3.88501e-12
1935 1.14229e-10 3.62713e-12
1937 1.16382e-10 4.2426e-12
1939 1.18903e-10 4.07156e-12
1941 1.14526e-10 3.69207e-12
1943 1.15353e-10 4.13497e-12
1945 1.17358e-10 3.8598e-12
1947 1.09295e-10 3.63604e-12
1949 1.21497e-10 3.9423e-12
1951 1.24251e-10 4.09332e-12
1953 1.21591e-10 4.25804e-12
1955 1.17207e-10 4.14902e-12
1957 1.2103e-10 4.08005e-12
1959 1.11822e-10 3.83931e-12
1961 1.17422e-10 4.38701e-12
1963 1.20952e-10 3.94756e-12
1965 1.17843e-10 4.07393e-12
1967 1.25272e-10 3.80127e-12
1969 1.20116e-10 4.36285e-12
1971 1.17993e-10 3.59002e-12
1973 1.16536e-10 4.18349e-12
1975 1.18785e-10 3.90763e-12
1977 1.18677e-10 4.38351e-12
1979 1.2479e-10 4.64467e-12
1981 1.20673e-10 4.40046e-12
1983 1.21128e-10 4.3472e-12
1985 1.22357e-10 3.97706e-12
1987 1.18591e-10 4.08034e-12
1989 1.18466e-10 3.95742e-12
1991 1.19051e-10 3.83058e-12
1993 1.20454e-10 4.30396e-12
1995 1.19437e-10 3.97208e-12
1997 1.17692e-10 4.16973e-12
1999 1.17085e-10 3.74475e-12
