-4.32 6.6223 0.00240618
-4.22 6.72909 0.00323086
-4.12 6.82006 0.00326464
-4.02 6.91603 0.00327565
-3.92 7.00774 0.0034145
-3.82 7.10404 0.00330685
-3.72 7.20982 0.00346441
-3.62 7.30802 0.00285173
-3.52 7.42264 0.00323496
-3.42 7.5311 0.00348318
-3.32 7.6637 0.00347305
-3.22 7.79742 0.00352345
-3.12 7.95121 0.0038568
-3.02 8.1303 0.00431985
-2.92 8.34343 0.00407775
-2.82 8.62891 0.0050457
-2.72 9.03318 0.00536445
-2.62 9.4405 0.00622688
-2.52 9.5658 0.00699528
-2.42 9.48787 0.00633051
-2.32 9.51962 0.00675023
-2.22 9.63168 0.00667821
-2.12 9.7055 0.00678921
-2.02 9.84116 0.00748932
-1.92 9.9984 0.00654432
-1.82 10.0544 0.00690306
-1.72 10.1393 0.00697218
-1.62 10.3392 0.00643607
-1.52 10.4703 0.00640719
-1.42 10.509 0.00576606
-1.32 10.6406 0.00745352
-1.22 10.8221 0.00745677
-1.12 10.9189 0.00802759
-1.02 10.9971 0.0082527
-0.92 11.1876 0.00830892
-0.82 11.437 0.00911485
-0.72 11.5703 0.00880968
-0.62 11.6391 0.0081942
-0.52 11.8235 0.00836912
-0.42 12.0659 0.00949388
-0.32 12.2099 0.00955501
-0.22 12.3019 0.00834314
-0.12 12.5065 0.00895261
-0.02 12.8308 0.00978502
0.08 13.0882 0.00921912
0.18 13.2265 0.00976877
0.28 13.3857 0.00897023
0.38 13.7056 0.00984787
0.48 14.0899 0.00976132
0.58 14.3696 0.0105337
0.68 14.5664 0.00963755
0.78 14.8921 0.00918074
0.88 15.3689 0.0098708
0.98 15.7819 0.0110091
1.08 16.0802 0.0108071
1.18 16.3878 0.0114876
1.28 16.8872 0.0123958
1.38 17.5312 0.0130802
1.48 18.1112 0.012742
1.58 18.5493 0.0130773
1.68 19.0621 0.0131684
1.78 19.8801 0.0136793
1.88 20.9276 0.0148206
1.98 22.1756 0.0158987
2.08 23.1645 0.0188414
2.18 24.4411 0.019597
2.28 26.3633 0.0193526
2.38 28.5175 0.0226338
2.48 30.7128 0.0216898
2.58 33.3318 0.0234972
2.68 37.1663 0.0337791
2.78 42.7403 0.0368828
2.88 49.9637 0.0480015
2.98 57.5128 0.0604711
3.08 64.0719 0.0731105
3.18 67.762 0.0880321
3.28 68.636 0.115194
3.38 68.4385 0.130552
3.48 70.5983 0.162516
3.58 76.7418 0.224447
3.68 85.2867 0.250705
3.78 95.1277 0.475244
3.88 102.886 0.744773
3.98 103.293 1.13991
4.08 89.2582 1.68556
4.18 69.8593 2.10569
4.28 50.6811 1.73208
4.38 46.65 1.65482
4.48 44.2152 2.00941
4.58 44.6462 2.10722
4.68 46.4282 2.02888
4.78 47.1056 2.09791
4.88 44.4076 1.71762
4.98 44.2629 2.07812
5.08 46.2972 3.66828
5.18 44.1774 2.80345
5.28 48.5212 3.98137
5.38 45.2985 2.08689
5.48 45.3771 2.25269
5.58 47.6918 3.99589
5.68 47.1854 2.51329
5.78 45.3528 3.30013
5.88 44.7883 2.29314
5.98 42.1364 1.73648
6.08 44.9964 2.42672
6.18 41.3404 1.8584
6.28 45.4081 1.94815
6.38 113.09 66.6832
6.48 40.7937 1.51807
6.58 40.6089 1.88428
6.68 46.0794 2.95111
6.78 45.7327 2.48677
6.88 39.9366 1.67599
6.98 42.1072 1.84797
7.08 40.7571 1.9181
7.18 40.4326 1.71674
7.28 41.0611 1.67782
7.38 39.9449 1.6416
7.48 40.8313 2.31971
7.58 41.8462 2.07518
7.68 40.917 2.09551
7.78 43.2396 1.99204
7.88 39.888 1.90901
7.98 39.3393 1.72433
8.08 41.3475 1.98253
8.18 41.5603 1.80172
8.28 40.0407 1.76915
8.38 42.4569 3.38309
8.48 38.7796 1.82341
8.58 37.812 1.96204
8.68 37.356 1.86129
8.78 39.0755 2.54355
8.88 37.3868 1.73917
8.98 41.1773 1.90646
9.08 43.4556 2.33422
9.18 41.6368 1.84332
9.28 40.8479 2.41624
9.38 39.3913 2.53015
9.48 40.6897 2.0451
9.58 41.1227 1.95932
9.68 38.5569 2.38996
9.78 34.8579 2.01613
9.88 39.6899 2.63097
9.98 40.9042 3.99867
10.08 39.386 2.00847
10.18 54.9944 17.6135
10.28 38.6239 3.73028
10.38 36.3422 1.92466
10.48 41.9159 2.14995
10.58 37.304 1.98639
10.68 39.997 3.69826
10.78 40.214 2.40398
10.88 39.5123 1.9284
10.98 35.9196 1.87081
11.08 39.0841 2.43238
11.18 44.2497 2.92219
11.28 46.3939 5.16836
11.38 45.204 3.27351
11.48 46.4825 9.14134
11.58 38.7755 2.34177
11.68 47.1385 7.43383
11.78 53.9666 10.9914
11.88 40.9757 2.65817
11.98 42.0299 2.60881
12.08 40.0983 2.6296
12.18 44.6771 3.22045
12.28 53.3896 12.45
12.38 49.8819 3.91492
12.48 41.4581 4.11327
12.58 44.8265 5.90974
12.68 40.2593 3.18503
12.78 51.9579 8.90103
12.88 40.3279 3.54727
12.98 42.9156 3.63067
13.08 46.8835 5.11801
13.18 49.416 7.22684
13.28 46.5087 9.39333
13.38 52.4192 12.1432
13.48 40.1008 3.16871
13.58 37.4576 2.61001
13.68 46.5507 4.39663
13.78 49.7193 7.13478
13.88 39.9988 3.8719
13.98 38.4879 2.738
14.08 41.5905 5.66013
14.18 41.6444 4.24173
14.28 35.97 2.48399
14.38 37.1799 2.54615
14.48 38.1408 2.97268
14.58 35.3988 2.09442
14.68 38.4242 2.7544
14.78 39.0932 3.63377
14.88 36.8736 2.61561
14.98 42.749 3.89313
15.08 35.281 2.66084
15.18 38.6842 4.2395
15.28 35.9944 3.13344
15.38 32.6763 2.44578
15.48 53.3043 12.1175
15.58 69.8973 18.6464
15.68 36.8822 3.49647
15.78 52.8396 15.1193
15.88 57.5743 23.7606
15.98 35.9107 4.96567
16.08 39.3628 4.69115
