-4.32 0.00683567
-4.22 0.00683452
-4.12 0.00682499
-4.02 0.00681539
-3.92 0.0068086
-3.82 0.00680224
-3.72 0.00680411
-3.62 0.0067895
-3.52 0.00678459
-3.42 0.00675284
-3.32 0.00673966
-3.22 0.00673916
-3.12 0.00674057
-3.02 0.00674586
-2.92 0.00671555
-2.82 0.00670125
-2.72 0.0066716
-2.62 0.0066025
-2.52 0.00656019
-2.42 0.00649274
-2.32 0.0064443
-2.22 0.00640153
-2.12 0.00632446
-2.02 0.00627172
-1.92 0.00622643
-1.82 0.00616109
-1.72 0.0061228
-1.62 0.00605235
-1.52 0.00596333
-1.42 0.00588741
-1.32 0.00582455
-1.22 0.00575278
-1.12 0.00567492
-1.02 0.00564132
-0.92 0.0055998
-0.82 0.00554206
-0.72 0.00547555
-0.62 0.00541522
-0.52 0.0053788
-0.42 0.00529267
-0.32 0.00523701
-0.22 0.0051647
-0.12 0.00512655
-0.02 0.00507875
0.08 0.00504118
0.18 0.00496751
0.28 0.00490079
0.38 0.00482993
0.48 0.00477398
0.58 0.00469346
0.68 0.00462242
0.78 0.00454446
0.88 0.0044547
0.98 0.00436971
1.08 0.0042965
1.18 0.00419726
1.28 0.0041195
1.38 0.00403613
1.48 0.00394514
1.58 0.00384995
1.68 0.00373254
1.78 0.00363954
1.88 0.00352131
1.98 0.00339166
2.08 0.00321928
2.18 0.0030736
2.28 0.00294155
2.38 0.0027476
2.48 0.00256055
2.58 0.00239391
2.68 0.00220141
2.78 0.00196193
2.88 0.00167477
2.98 0.00130611
3.08 0.000967175
3.18 0.000685284
3.28 0.000460418
3.38 0.000292597
3.48 0.000179158
3.58 0.000119719
3.68 7.4821e-05
3.78 4.22479e-05
3.88 2.64225e-05
3.98 9.92218e-06
4.08 3.38266e-06
4.18 6.61648e-07
4.28 0
4.38 0
4.48 0
4.58 0
4.68 0
4.78 0
4.88 0
4.98 0
5.08 0
5.18 0
5.28 0
5.38 0
5.48 0
5.58 0
5.68 0
5.78 0
5.88 0
5.98 0
6.08 0
6.18 6.79349e-08
6.28 0
6.38 0
6.48 0
6.58 0
6.68 0
6.78 0
6.88 0
6.98 0
7.08 0
7.18 0
7.28 0
7.38 0
7.48 0
7.58 0
7.68 0
7.78 0
7.88 0
7.98 0
8.08 0
8.18 0
8.28 0
8.38 0
8.48 0
8.58 1.89767e-06
8.68 5.28252e-06
8.78 3.01008e-06
8.88 3.01284e-06
8.98 3.00076e-06
9.08 3.03025e-06
9.18 3.02745e-06
9.28 3.03855e-06
9.38 3.02386e-06
9.48 2.27886e-07
9.58 0
9.68 0
9.78 0
9.88 0
9.98 0
10.08 0
10.18 0
10.28 1.49435e-06
10.38 0
10.48 0
10.58 0
10.68 0
10.78 2.37472e-07
10.88 5.94278e-07
10.98 2.62844e-06
11.08 2.63188e-06
11.18 2.63879e-06
11.28 2.64018e-06
11.38 2.6427e-06
11.48 2.63564e-06
11.58 2.63416e-06
11.68 2.63566e-06
11.78 5.49733e-06
11.88 4.8908e-06
11.98 2.54031e-07
12.08 7.14362e-07
12.18 2.504e-06
12.28 0
12.38 0
12.48 0
12.58 0
12.68 0
12.78 0
12.88 0
12.98 0
13.08 2.98047e-06
13.18 9.9726e-06
13.28 1.22053e-05
13.38 8.03747e-06
13.48 2.64124e-06
13.58 0
13.68 0
13.78 0
13.88 0
13.98 0
14.08 0
14.18 0
14.28 2.02236e-07
14.38 0
14.48 1.89319e-07
14.58 0
14.68 0
14.78 0
14.88 0
14.98 0
15.08 0
15.18 0
15.28 0
15.38 0
15.48 0
15.58 0
15.68 0
15.78 0
15.88 0
15.98 1.11204e-06
16.08 2.82919e-06
