-4.32 35.8404 0.51277
-4.22 36.4054 0.655093
-4.12 37.0125 0.611103
-4.02 36.3855 0.615348
-3.92 37.306 0.643463
-3.82 37.9676 0.62257
-3.72 36.8954 0.651212
-3.62 37.887 0.540817
-3.52 39.1858 0.661016
-3.42 38.0848 0.578596
-3.32 36.8679 0.525243
-3.22 37.8559 0.594735
-3.12 38.3519 0.507976
-3.02 39.083 0.576078
-2.92 39.0568 0.626086
-2.82 39.7496 0.524664
-2.72 40.5217 0.533679
-2.62 43.9272 0.474567
-2.52 45.06 0.421729
-2.42 44.1278 0.536734
-2.32 44.9503 0.552444
-2.22 43.6957 0.475457
-2.12 43.8919 0.60452
-2.02 44.7313 0.530809
-1.92 44.6189 0.469934
-1.82 44.1018 0.477787
-1.72 45.5408 0.576524
-1.62 45.1462 0.512323
-1.52 46.2449 0.599222
-1.42 45.0269 0.486807
-1.32 45.1118 0.483
-1.22 46.2854 0.535201
-1.12 45.3126 0.526183
-1.02 45.2507 0.486717
-0.92 45.1489 0.435686
-0.82 46.3591 0.498729
-0.72 47.3035 0.479042
-0.62 47.1515 0.558183
-0.52 46.7354 0.510184
-0.42 47.2058 0.526169
-0.32 47.5013 0.428466
-0.22 47.4228 0.491331
-0.12 47.9639 0.51588
-0.02 48.7842 0.492683
0.08 48.6974 0.560673
0.18 48.275 0.517553
0.28 48.1442 0.498852
0.38 48.8795 0.487362
0.48 50.1443 0.494915
0.58 50.3418 0.566433
0.68 49.5581 0.456727
0.78 49.8875 0.589869
0.88 51.4115 0.48517
0.98 51.3744 0.517452
1.08 51.3454 0.414154
1.18 51.3217 0.479572
1.28 52.3992 0.493721
1.38 53.1777 0.492138
1.48 54.3836 0.480189
1.58 54.3467 0.44359
1.68 54.3017 0.50626
1.78 57.8125 0.490257
1.88 67.0805 0.546388
1.98 67.1558 0.488555
2.08 68.1718 0.440541
2.18 68.6357 0.462892
2.28 67.6327 0.42626
2.38 63.7897 0.399481
2.48 65.3607 0.390813
2.58 67.4755 0.341033
2.68 70.5864 0.321678
2.78 76.5274 0.265128
2.88 86.4943 0.264474
2.98 95.6852 0.297228
3.08 105.112 0.327418
3.18 110.007 0.387197
3.28 112.996 0.523173
3.38 113.167 0.679965
3.48 114.024 0.755544
3.58 121.486 1.11604
3.68 132.277 1.45554
3.78 155.737 2.9564
3.88 186.764 4.83597
3.98 243.588 10.3115
4.08 356.933 23.6791
4.18 610.87 55.439
4.28 709.156 56.6405
4.38 765.337 56.9708
4.48 966.866 83.1596
4.58 871.86 85.6901
4.68 839.979 76.4957
4.78 733.807 60.5031
4.88 783.921 71.1358
4.98 978.159 82.1591
5.08 904.5 88.4355
5.18 896.147 92.7004
5.28 823.941 85.9362
5.38 896.845 86.6545
5.48 768.839 62.3595
5.58 775.691 64.9135
5.68 892.03 82.2292
5.78 793.162 83.8805
5.88 814.081 72.5721
5.98 811.989 72.4308
6.08 749.785 77.4596
6.18 825.839 68.9827
6.28 847.144 85.1717
6.38 672.768 69.3212
6.48 810.808 85.5688
6.58 737.547 64.7268
6.68 782.232 74.8046
6.78 818.317 68.5711
6.88 858.519 101.911
6.98 991.623 95.7487
7.08 834.708 101.864
7.18 605.103 51.567
7.28 798.458 80.0918
7.38 697.686 68.0902
7.48 613.18 61.1852
7.58 617.51 67.2348
7.68 631.815 53.1814
7.78 754.826 65.1397
7.88 640.03 63.0371
7.98 734.718 77.0995
8.08 731.391 77.8659
8.18 681.548 62.9697
8.28 695.584 71.067
8.38 725.849 69.0187
8.48 774.938 77.0513
8.58 897.828 86.3874
8.68 860.14 113.022
8.78 705.977 75.4364
8.88 802.697 104.569
8.98 732.106 73.0621
9.08 757.943 88.5179
9.18 862.563 106.281
9.28 657.983 77.3619
9.38 735.748 95.7253
9.48 830.717 89.5699
9.58 793.373 103.296
9.68 688.62 81.677
9.78 679.23 75.7839
9.88 823.475 83.2664
9.98 816.998 91.7737
10.08 811.154 92.6357
10.18 717.045 73.9682
10.28 826.1 103.121
10.38 724.028 84.3248
10.48 655.665 78.0137
10.58 644.04 73.0289
10.68 711.091 80.2112
10.78 617.888 66.6737
10.88 631.581 67.7637
10.98 590.04 79.1273
11.08 633.6 85.5415
11.18 683.695 94.3347
11.28 639.497 82.208
11.38 632.701 81.8758
11.48 674.906 73.9228
11.58 713.28 83.606
11.68 660.657 87.7989
11.78 729.37 93.8321
11.88 576.728 75.946
11.98 758.079 100.755
12.08 657.078 79.8918
12.18 621.083 62.7235
12.28 687.109 97.6935
12.38 599.843 74.2835
12.48 737.534 120.107
12.58 848.263 116.061
12.68 647.142 91.7187
12.78 825.819 110.352
12.88 679.143 86.7784
12.98 924.178 122.847
13.08 745.307 114.511
13.18 716.199 84.8681
13.28 617.375 83.7537
13.38 654.321 84.6196
13.48 632.008 98.6778
13.58 864.514 112.712
13.68 733.038 98.7271
13.78 788.097 86.0226
13.88 714.307 102.35
13.98 741.623 94.6633
14.08 692.924 112.083
14.18 785.777 137.307
14.28 535.153 65.2711
14.38 799.994 107.546
14.48 602.576 87.0727
14.58 604.553 79.057
14.68 494.849 71.7835
14.78 732.135 101.379
14.88 596.748 93.1464
14.98 771.165 97.6707
15.08 598.379 78.2281
15.18 533.779 79.8485
15.28 594.099 91.5958
15.38 736.89 114.889
15.48 581.612 85.9906
15.58 616.907 92.1461
15.68 482.253 71.2117
15.78 602.981 89.6111
15.88 626.99 85.9773
15.98 722.124 95.4359
16.08 669.368 88.5574
