-4.32 0.0947257 5.05583e-05
-4.22 0.095934 5.66395e-05
-4.12 0.0968334 5.68782e-05
-4.02 0.097766 5.24542e-05
-3.92 0.0988045 6.04577e-05
-3.82 0.0997917 5.80733e-05
-3.72 0.100779 5.61672e-05
-3.62 0.10183 5.72737e-05
-3.52 0.102881 5.6941e-05
-3.42 0.103968 5.95445e-05
-3.32 0.105141 6.12113e-05
-3.22 0.106385 5.79639e-05
-3.12 0.107746 6.11367e-05
-3.02 0.109212 6.37692e-05
-2.92 0.110873 6.40348e-05
-2.82 0.11301 6.8356e-05
-2.72 0.115384 6.45926e-05
-2.62 0.11801 6.92147e-05
-2.52 0.119948 7.41636e-05
-2.42 0.120523 7.16594e-05
-2.32 0.120026 7.20074e-05
-2.22 0.119502 7.04774e-05
-2.12 0.119402 7.34575e-05
-2.02 0.119335 7.2371e-05
-1.92 0.119581 7.35972e-05
-1.82 0.119642 7.64808e-05
-1.72 0.119602 7.3682e-05
-1.62 0.119687 8.01236e-05
-1.52 0.119906 7.67801e-05
-1.42 0.119925 7.81948e-05
-1.32 0.119678 7.77643e-05
-1.22 0.119762 7.1175e-05
-1.12 0.119941 7.01669e-05
-1.02 0.119785 7.01679e-05
-0.92 0.119783 6.70284e-05
-0.82 0.120169 7.02964e-05
-0.72 0.120462 6.68822e-05
-0.62 0.120338 7.26852e-05
-0.52 0.120128 7.49654e-05
-0.42 0.120204 7.90736e-05
-0.32 0.120342 8.21264e-05
-0.22 0.120123 7.94992e-05
-0.12 0.119939 8.21528e-05
-0.02 0.120281 7.85811e-05
0.08 0.120912 8.2609e-05
0.18 0.120812 8.43835e-05
0.28 0.120356 8.32005e-05
0.38 0.120197 8.59677e-05
0.48 0.120729 8.39293e-05
0.58 0.121273 8.04142e-05
0.68 0.121005 8.39943e-05
0.78 0.120688 8.43266e-05
0.88 0.121025 8.50576e-05
0.98 0.121718 8.48657e-05
1.08 0.121846 8.06222e-05
1.18 0.121218 8.22564e-05
1.28 0.120863 7.94596e-05
1.38 0.121496 8.19735e-05
1.48 0.122456 8.84462e-05
1.58 0.122362 8.38174e-05
1.68 0.121345 8.91719e-05
1.78 0.120879 8.53981e-05
1.88 0.121656 9.28794e-05
1.98 0.123565 8.67443e-05
2.08 0.123031 8.79968e-05
2.18 0.121444 9.74345e-05
2.28 0.121545 0.000104944
2.38 0.122879 0.000101065
2.48 0.123423 0.000108338
2.58 0.121882 0.000115435
2.68 0.120141 0.000105077
2.78 0.120133 0.000106232
2.88 0.120416 0.000100206
2.98 0.114722 0.000102707
3.08 0.098408 0.00011583
3.18 0.0737741 0.000101577
3.28 0.0491329 7.80959e-05
3.38 0.0312045 6.47245e-05
3.48 0.0208371 5.03923e-05
3.58 0.0148827 4.40023e-05
3.68 0.0103499 4.19978e-05
3.78 0.00632056 3.02147e-05
3.88 0.00321165 2.29195e-05
3.98 0.00137142 1.44794e-05
4.08 0.000535242 8.47745e-06
4.18 0.00022233 6.83608e-06
4.28 0.000141321 5.56983e-06
4.38 0.000117665 4.33086e-06
4.48 0.000110813 3.97445e-06
4.58 0.000121356 4.43532e-06
4.68 0.000127673 4.65997e-06
4.78 0.000120059 4.88523e-06
4.88 0.000117249 5.51717e-06
4.98 0.000119144 4.89187e-06
5.08 0.000115444 4.43765e-06
5.18 0.00011724 4.76171e-06
5.28 0.000118326 5.06684e-06
5.38 0.000113036 5.24908e-06
5.48 0.0001162 5.91218e-06
5.58 0.000114608 4.4987e-06
5.68 0.000104187 4.16087e-06
5.78 0.000111029 4.7236e-06
5.88 0.000106348 4.46053e-06
5.98 9.89847e-05 3.94021e-06
6.08 0.000101234 4.10604e-06
6.18 9.70956e-05 3.35622e-06
6.28 0.000100726 4.24129e-06
6.38 9.96863e-05 4.29016e-06
6.48 9.3803e-05 3.9353e-06
6.58 9.58654e-05 4.09675e-06
6.68 9.90244e-05 3.43988e-06
6.78 9.61372e-05 4.44132e-06
6.88 8.83493e-05 4.09235e-06
6.98 9.02089e-05 4.03535e-06
7.08 8.8117e-05 4.00105e-06
7.18 9.07439e-05 3.74478e-06
7.28 9.19316e-05 3.9788e-06
7.38 8.033e-05 3.49787e-06
7.48 8.24802e-05 3.75964e-06
7.58 8.0065e-05 3.83649e-06
7.68 8.4621e-05 3.5328e-06
7.78 8.1775e-05 3.46689e-06
7.88 8.37728e-05 3.80436e-06
7.98 7.89003e-05 3.47694e-06
8.08 8.00206e-05 3.82774e-06
8.18 8.44306e-05 4.53619e-06
8.28 8.06636e-05 3.65552e-06
8.38 7.56444e-05 3.29012e-06
8.48 7.50326e-05 3.72491e-06
8.58 7.72391e-05 3.44437e-06
8.68 7.39572e-05 3.4816e-06
8.78 7.46697e-05 3.18499e-06
8.88 7.72851e-05 3.39454e-06
8.98 7.44998e-05 3.60885e-06
9.08 7.32461e-05 3.41874e-06
9.18 7.19953e-05 3.75237e-06
9.28 7.58574e-05 3.76737e-06
9.38 7.02214e-05 3.62561e-06
9.48 6.95313e-05 3.4729e-06
9.58 7.09506e-05 3.33691e-06
9.68 6.56848e-05 3.23502e-06
9.78 7.05484e-05 3.57858e-06
9.88 7.12781e-05 3.84894e-06
9.98 6.51817e-05 3.45788e-06
10.08 6.60839e-05 3.24057e-06
10.18 6.8429e-05 4.10985e-06
10.28 6.36354e-05 3.35385e-06
10.38 6.13819e-05 3.64832e-06
10.48 6.06015e-05 2.90351e-06
10.58 6.02027e-05 3.02847e-06
10.68 5.82967e-05 3.04323e-06
10.78 6.04949e-05 3.18162e-06
10.88 5.70362e-05 2.73971e-06
10.98 5.51568e-05 2.96486e-06
11.08 5.63363e-05 3.06358e-06
11.18 5.61707e-05 3.02719e-06
11.28 5.71094e-05 3.28881e-06
11.38 5.96132e-05 3.17118e-06
11.48 5.49455e-05 3.18591e-06
11.58 5.26493e-05 3.04494e-06
11.68 5.88894e-05 3.02452e-06
11.78 5.71529e-05 2.79883e-06
11.88 5.66597e-05 3.5981e-06
11.98 5.36884e-05 3.28357e-06
12.08 5.5565e-05 3.13111e-06
12.18 5.56142e-05 3.24195e-06
12.28 5.86806e-05 3.65778e-06
12.38 4.85409e-05 2.82541e-06
12.48 5.15218e-05 3.10688e-06
12.58 5.27684e-05 3.13599e-06
12.68 5.26318e-05 2.95842e-06
12.78 5.25799e-05 3.01319e-06
12.88 5.29335e-05 3.08937e-06
12.98 5.26432e-05 3.26308e-06
13.08 5.03104e-05 3.01808e-06
13.18 5.12439e-05 2.82418e-06
13.28 4.78182e-05 2.80007e-06
13.38 5.59118e-05 2.63093e-06
13.48 5.55335e-05 3.34541e-06
13.58 4.95894e-05 3.03273e-06
13.68 5.34341e-05 2.91684e-06
13.78 4.99536e-05 3.03197e-06
13.88 4.6065e-05 2.73991e-06
13.98 4.40627e-05 2.4948e-06
14.08 4.75285e-05 3.04171e-06
14.18 4.50276e-05 2.49663e-06
14.28 4.46758e-05 2.39302e-06
14.38 4.73788e-05 2.87086e-06
14.48 4.35626e-05 3.02447e-06
14.58 4.21234e-05 2.86131e-06
14.68 3.58273e-05 2.516e-06
14.78 4.17597e-05 3.21076e-06
14.88 4.1485e-05 3.13386e-06
14.98 3.59491e-05 2.33507e-06
15.08 4.38247e-05 2.87831e-06
15.18 4.39359e-05 2.81328e-06
15.28 3.84839e-05 2.67995e-06
15.38 3.64903e-05 2.36924e-06
15.48 4.02715e-05 2.36314e-06
15.58 4.17985e-05 2.9691e-06
15.68 3.72193e-05 2.91104e-06
15.78 3.34317e-05 2.25278e-06
15.88 3.54993e-05 2.55277e-06
15.98 3.34939e-05 2.83745e-06
16.08 3.16895e-05 2.11806e-06
