-4.32 6.84793
-4.22 7.5122
-4.12 7.36076
-4.02 7.54362
-3.92 7.3596
-3.82 7.46852
-3.72 7.80304
-3.62 7.40962
-3.52 8.08539
-3.42 7.99233
-3.32 7.89399
-3.22 8.04393
-3.12 8.03836
-3.02 8.62355
-2.92 8.7349
-2.82 8.89387
-2.72 9.7974
-2.62 9.96945
-2.52 10.5141
-2.42 9.96064
-2.32 9.80995
-2.22 10.0058
-2.12 9.90349
-2.02 10.582
-1.92 10.2982
-1.82 10.8026
-1.72 10.9903
-1.62 11.2462
-1.52 11.2145
-1.42 10.8647
-1.32 11.4639
-1.22 11.4237
-1.12 11.5687
-1.02 11.582
-0.92 12.2006
-0.82 12.3618
-0.72 11.7487
-0.62 12.2279
-0.52 12.5828
-0.42 12.1503
-0.32 12.4067
-0.22 11.7865
-0.12 13.0515
-0.02 13.0373
0.08 13.6212
0.18 13.4619
0.28 13.4181
0.38 13.7652
0.48 14.8759
0.58 15.1001
0.68 14.6541
0.78 15.1584
0.88 15.2165
0.98 16.4443
1.08 15.9949
1.18 16.8419
1.28 17.2916
1.38 17.7701
1.48 18.6719
1.58 19.7354
1.68 19.7701
1.78 20.6512
1.88 21.5683
1.98 23.0953
2.08 24.3042
2.18 25.7735
2.28 27.6214
2.38 30.2455
2.48 30.8224
2.58 33.0825
2.68 38.182
2.78 42.353
2.88 51.786
2.98 58.7111
3.08 62.2948
3.18 68.2788
3.28 72.479
3.38 74.2476
3.48 72.0206
3.58 75.9497
3.68 91.197
3.78 83.3023
3.88 105.926
3.98 142.887
4.08 104.44
4.18 290.47
4.28 5519.37
4.38 51539.3
4.48 0
4.58 41365.9
4.68 0
4.78 0
4.88 0
4.98 0
5.08 62453.2
5.18 0
5.28 47905.1
5.38 51535
5.48 0
5.58 0
5.68 0
5.78 0
5.88 0
5.98 0
6.08 0
6.18 2898.08
6.28 51537
6.38 0
6.48 0
6.58 0
6.68 0
6.78 40911.3
6.88 0
6.98 41334.8
7.08 39524.4
7.18 0
7.28 0
7.38 0
7.48 0
7.58 0
7.68 0
7.78 0
7.88 0
7.98 43367.2
8.08 0
8.18 0
8.28 0
8.38 41207.7
8.48 0
8.58 283.193
8.68 68.2919
8.78 17.2049
8.88 335.768
8.98 20.7754
9.08 23.539
9.18 28.0028
9.28 37.0214
9.38 76.7256
9.48 590.971
9.58 0
9.68 0
9.78 0
9.88 0
9.98 51537.4
10.08 0
10.18 0
10.28 174.906
10.38 0
10.48 0
10.58 0
10.68 0
10.78 555.022
10.88 524.813
10.98 15.2687
11.08 16.2146
11.18 17.3631
11.28 18.8177
11.38 20.7087
11.48 23.2836
11.58 27.0279
11.68 32.8196
11.78 111.849
11.88 105.924
11.98 525.733
12.08 48.8203
12.18 129.959
12.28 0
12.38 54174.1
12.48 0
12.58 0
12.68 0
12.78 0
12.88 39225.3
12.98 0
13.08 18.1039
13.18 138.707
13.28 27.1685
13.38 54.8119
13.48 392.601
13.58 0
13.68 0
13.78 0
13.88 0
13.98 0
14.08 0
14.18 0
14.28 614.669
14.38 0
14.48 638.963
14.58 0
14.68 0
14.78 0
14.88 0
14.98 0
15.08 0
15.18 0
15.28 51538.4
15.38 0
15.48 0
15.58 0
15.68 0
15.78 0
15.88 0
15.98 214.906
16.08 13.5606
