-4.32 0.0934027 5.00609e-05
-4.22 0.0946066 5.5362e-05
-4.12 0.095503 5.6568e-05
-4.02 0.0964254 5.19471e-05
-3.92 0.0974559 6.02146e-05
-3.82 0.0984344 5.79026e-05
-3.72 0.0994098 5.59519e-05
-3.62 0.100453 5.63569e-05
-3.52 0.101496 5.67127e-05
-3.42 0.102575 5.9224e-05
-3.32 0.103743 6.0784e-05
-3.22 0.104983 5.80919e-05
-3.12 0.106334 6.04671e-05
-3.02 0.107794 6.34641e-05
-2.92 0.109444 6.34328e-05
-2.82 0.111564 6.73589e-05
-2.72 0.113931 6.41284e-05
-2.62 0.11657 6.88555e-05
-2.52 0.118529 7.36599e-05
-2.42 0.119119 7.1228e-05
-2.32 0.118633 7.17174e-05
-2.22 0.118108 7.04881e-05
-2.12 0.118018 7.256e-05
-2.02 0.117952 7.18967e-05
-1.92 0.118205 7.28472e-05
-1.82 0.118277 7.60698e-05
-1.72 0.118232 7.29088e-05
-1.62 0.118318 7.92702e-05
-1.52 0.118545 7.64677e-05
-1.42 0.118571 7.77742e-05
-1.32 0.118328 7.74718e-05
-1.22 0.118415 7.1153e-05
-1.12 0.118603 6.98303e-05
-1.02 0.118447 7.01137e-05
-0.92 0.118451 6.662e-05
-0.82 0.118839 7.05105e-05
-0.72 0.119143 6.69089e-05
-0.62 0.119016 7.23485e-05
-0.52 0.118809 7.46333e-05
-0.42 0.118883 7.84508e-05
-0.32 0.119027 8.18033e-05
-0.22 0.118806 7.97455e-05
-0.12 0.118623 8.13949e-05
-0.02 0.118969 7.83697e-05
0.08 0.119611 8.2122e-05
0.18 0.119519 8.41464e-05
0.28 0.119064 8.32595e-05
0.38 0.11889 8.5676e-05
0.48 0.119433 8.30572e-05
0.58 0.119991 8.01979e-05
0.68 0.119728 8.35444e-05
0.78 0.119415 8.36334e-05
0.88 0.119757 8.47278e-05
0.98 0.120471 8.45371e-05
1.08 0.120616 8.038e-05
1.18 0.119983 8.18533e-05
1.28 0.11962 7.92798e-05
1.38 0.120266 8.09725e-05
1.48 0.12126 8.74943e-05
1.58 0.121202 8.33438e-05
1.68 0.120196 8.91866e-05
1.78 0.119414 8.41388e-05
1.88 0.119423 9.1275e-05
1.98 0.121334 8.64592e-05
2.08 0.120828 8.65015e-05
2.18 0.119285 9.60626e-05
2.28 0.119774 0.000103598
2.38 0.122034 0.000101336
2.48 0.122668 0.000107525
2.58 0.12119 0.000115636
2.68 0.119473 0.000105053
2.78 0.119528 0.000107129
2.88 0.119986 0.000100064
2.98 0.114569 0.000102945
3.08 0.0984993 0.000115874
3.18 0.0739616 0.000102328
3.28 0.0493019 7.86767e-05
3.38 0.0313145 6.48853e-05
3.48 0.020912 5.10353e-05
3.58 0.0149602 4.42553e-05
3.68 0.0104385 4.22615e-05
3.78 0.00640022 3.09304e-05
3.88 0.003283 2.30301e-05
3.98 0.00143468 1.45117e-05
4.08 0.000591624 9.05511e-06
4.18 0.000268388 7.26367e-06
4.28 0.000192338 6.18977e-06
4.38 0.000160469 5.16834e-06
4.48 0.000161205 5.03185e-06
4.58 0.000170036 5.326e-06
4.68 0.00017324 5.55554e-06
4.78 0.000164931 5.67755e-06
4.88 0.000161788 6.38753e-06
4.98 0.000163965 4.8431e-06
5.08 0.000157053 5.08572e-06
5.18 0.000156845 5.13554e-06
5.28 0.000161983 5.73466e-06
5.38 0.000151042 5.72511e-06
5.48 0.000154232 6.49677e-06
5.58 0.000151512 5.09401e-06
5.68 0.000138089 4.97865e-06
5.78 0.000150156 4.8901e-06
5.88 0.000142206 5.13196e-06
5.98 0.000131539 4.60634e-06
6.08 0.000135006 4.64178e-06
6.18 0.000129909 3.7816e-06
6.28 0.000136847 4.85486e-06
6.38 0.00013879 4.66117e-06
6.48 0.000127349 4.38182e-06
6.58 0.000130322 4.63596e-06
6.68 0.000129731 3.73595e-06
6.78 0.000127849 5.1308e-06
6.88 0.000119252 4.50822e-06
6.98 0.000120255 4.67764e-06
7.08 0.000116119 4.1853e-06
7.18 0.000119342 4.68891e-06
7.28 0.000118871 4.24824e-06
7.38 0.000110725 4.0947e-06
7.48 0.000109989 4.51592e-06
7.58 0.000106083 4.50166e-06
7.68 0.000111954 3.84631e-06
7.78 0.000112157 3.58386e-06
7.88 0.000112904 4.66923e-06
7.98 0.00010288 3.61795e-06
8.08 0.000104945 4.13548e-06
8.18 0.000110098 5.10971e-06
8.28 0.000106897 4.22963e-06
8.38 0.000101148 4.0745e-06
8.48 9.89742e-05 4.22341e-06
8.58 0.00010375 3.84223e-06
8.68 0.000102585 4.24223e-06
8.78 9.9715e-05 3.71363e-06
8.88 0.000103052 4.06279e-06
8.98 9.30604e-05 3.84038e-06
9.08 9.45853e-05 3.70217e-06
9.18 9.67045e-05 3.68995e-06
9.28 0.000102229 4.05525e-06
9.38 9.37329e-05 3.92259e-06
9.48 9.13674e-05 3.99102e-06
9.58 9.20015e-05 3.79222e-06
9.68 8.68378e-05 3.45743e-06
9.78 8.92661e-05 3.89051e-06
9.88 9.15658e-05 4.06595e-06
9.98 8.36916e-05 3.83019e-06
10.08 8.66522e-05 3.79095e-06
10.18 8.80245e-05 4.50436e-06
10.28 8.27909e-05 3.50518e-06
10.38 7.98113e-05 3.81883e-06
10.48 7.82455e-05 3.04511e-06
10.58 8.12939e-05 3.23019e-06
10.68 7.83577e-05 3.81995e-06
10.78 7.66396e-05 3.53959e-06
10.88 7.33571e-05 3.01891e-06
10.98 7.1459e-05 3.25931e-06
11.08 7.00198e-05 3.24318e-06
11.18 7.17592e-05 3.27753e-06
11.28 7.26386e-05 3.30804e-06
11.38 7.61928e-05 3.68024e-06
11.48 7.13074e-05 3.4211e-06
11.58 6.88835e-05 3.3113e-06
11.68 7.34577e-05 3.2768e-06
11.78 7.32597e-05 3.18574e-06
11.88 7.33111e-05 4.02612e-06
11.98 6.92682e-05 3.53053e-06
12.08 7.3002e-05 3.66205e-06
12.18 7.0563e-05 3.70905e-06
12.28 7.46694e-05 4.09382e-06
12.38 6.26917e-05 2.96359e-06
12.48 6.4348e-05 3.34391e-06
12.58 6.79152e-05 3.4339e-06
12.68 6.60726e-05 3.1242e-06
12.78 6.40602e-05 3.18287e-06
12.88 6.71751e-05 3.26912e-06
12.98 6.78524e-05 3.65357e-06
13.08 6.23719e-05 3.42316e-06
13.18 6.53177e-05 3.31055e-06
13.28 5.95582e-05 3.18374e-06
13.38 6.83178e-05 3.27683e-06
13.48 6.69658e-05 3.53337e-06
13.58 6.07198e-05 3.42759e-06
13.68 6.50279e-05 3.21584e-06
13.78 6.12257e-05 3.45331e-06
13.88 5.76449e-05 2.92811e-06
13.98 5.76216e-05 2.87012e-06
14.08 5.63315e-05 3.26728e-06
14.18 5.52385e-05 2.7703e-06
14.28 5.63364e-05 2.70024e-06
14.38 5.68351e-05 3.2047e-06
14.48 5.43511e-05 3.33238e-06
14.58 5.21955e-05 3.11581e-06
14.68 4.55017e-05 2.62978e-06
14.78 5.18028e-05 3.39917e-06
14.88 5.14687e-05 3.51592e-06
14.98 4.54097e-05 2.42264e-06
15.08 5.23525e-05 3.22084e-06
15.18 5.12368e-05 2.89784e-06
15.28 4.72687e-05 2.96609e-06
15.38 4.66558e-05 2.77543e-06
15.48 4.96971e-05 2.6302e-06
15.58 5.28047e-05 3.40098e-06
15.68 4.65562e-05 3.17043e-06
15.78 4.25831e-05 2.45027e-06
15.88 4.41985e-05 2.6879e-06
15.98 4.1109e-05 3.02938e-06
16.08 3.95356e-05 2.22777e-06
