-4.32 34.2659 0.480903
-4.22 35.1445 0.46559
-4.12 35.4153 0.493037
-4.02 35.0505 0.390446
-3.92 36.2789 0.484176
-3.82 36.3245 0.479369
-3.72 36.5543 0.458483
-3.62 36.7264 0.365393
-3.52 36.8674 0.432362
-3.42 37.1815 0.470515
-3.32 37.08 0.446943
-3.22 36.623 0.465236
-3.12 37.7042 0.400806
-3.02 38.1751 0.444545
-2.92 37.7603 0.416478
-2.82 38.4385 0.423747
-2.72 39.1006 0.398011
-2.62 40.5765 0.360422
-2.52 42.4673 0.396702
-2.42 42.9749 0.358855
-2.32 43.4612 0.389523
-2.22 42.2457 0.370456
-2.12 43.0459 0.453936
-2.02 42.9271 0.432817
-1.92 43.8807 0.39911
-1.82 43.8827 0.401402
-1.72 43.3235 0.378071
-1.62 43.276 0.344464
-1.52 43.8814 0.391023
-1.42 44.177 0.39258
-1.32 43.9631 0.327953
-1.22 43.6241 0.381661
-1.12 44.4344 0.374105
-1.02 43.7562 0.362352
-0.92 43.9288 0.350379
-0.82 44.1748 0.392143
-0.72 45.1758 0.406646
-0.62 45.6664 0.362182
-0.52 45.3641 0.379575
-0.42 44.9985 0.406413
-0.32 45.6623 0.336872
-0.22 45.8749 0.343381
-0.12 46.1373 0.384937
-0.02 45.9464 0.338052
0.08 47.56 0.357587
0.18 46.7197 0.362885
0.28 47.1564 0.329952
0.38 46.8149 0.403764
0.48 46.7791 0.339618
0.58 49.1138 0.40187
0.68 49.0009 0.359386
0.78 48.466 0.32204
0.88 48.0898 0.386851
0.98 48.7495 0.334616
1.08 49.8828 0.382063
1.18 50.1695 0.362243
1.28 50.3513 0.384063
1.38 50.4417 0.377706
1.48 51.6732 0.391295
1.58 52.672 0.35063
1.68 52.9273 0.329828
1.78 52.4804 0.344818
1.88 53.6557 0.317616
1.98 56.0441 0.307183
2.08 57.6791 0.356934
2.18 56.847 0.296331
2.28 57.4144 0.26959
2.38 59.5172 0.289597
2.48 62.4532 0.261966
2.58 63.6059 0.249132
2.68 64.7723 0.290598
2.78 67.3344 0.240613
2.88 75.1471 0.228616
2.98 85.1688 0.199786
3.08 96.2388 0.205836
3.18 105.587 0.202062
3.28 109.914 0.274594
3.38 109.029 0.384098
3.48 106.023 0.618884
3.58 109.006 0.583029
3.68 120.875 1.00229
3.78 136.653 1.18792
3.88 158.058 2.36943
3.98 203.627 6.00391
4.08 298.602 16.0942
4.18 530.993 29.1779
4.28 770.388 56.1461
4.38 867.042 57.1374
4.48 791.74 49.1505
4.58 848.882 58.735
4.68 913.775 59.8367
4.78 757.841 56.5985
4.88 759.282 61.955
4.98 904.326 65.6693
5.08 766.463 70.9723
5.18 846.903 59.0957
5.28 779.443 64.3497
5.38 837.79 57.9398
5.48 766.444 51.5125
5.58 800.061 61.5856
5.68 794.483 64.592
5.78 846.814 63.6895
5.88 818.876 66.1906
5.98 712.666 51.599
6.08 818.396 57.8399
6.18 867.088 74.4834
6.28 717.7 59.2233
6.38 787.907 68.4705
6.48 726.758 57.9963
6.58 791.066 60.3581
6.68 856.538 69.522
6.78 746.428 61.4842
6.88 807.164 72.2297
6.98 760.138 65.0696
7.08 654.167 58.6653
7.18 854.735 68.2104
7.28 777.199 59.6841
7.38 619.779 59.53
7.48 777.51 69.3083
7.58 834.915 74.9783
7.68 834.209 77.1355
7.78 715.01 69.2396
7.88 698.805 56.0205
7.98 767.936 79.6064
8.08 782.104 70.5363
8.18 786.727 64.2671
8.28 741.948 62.303
8.38 802.42 70.2474
8.48 762.404 61.6295
8.58 854.357 80.5783
8.68 749.968 72.7715
8.78 861.064 80.1972
8.88 751.693 69.9851
8.98 773.609 73.3849
9.08 852.98 107.18
9.18 671.689 68.8583
9.28 696.441 73.39
9.38 692.052 62.736
9.48 809.036 79.8452
9.58 835.807 81.2316
9.68 705.432 73.4506
9.78 693.474 70.2424
9.88 642.877 56.7464
9.98 600.598 57.8714
10.08 725.07 91.8929
10.18 806.715 79.0002
10.28 631.388 67.9245
10.38 685.07 69.0741
10.48 810.604 75.9267
10.58 875.696 90.7559
10.68 764.773 85.6714
10.78 702.877 74.1967
10.88 752.118 74.6376
10.98 679.163 73.9858
11.08 640.424 86.7512
11.18 564.412 72.8613
11.28 851.308 111.612
11.38 589.326 65.7157
11.48 739.457 83.9686
11.58 755.811 107.842
11.68 716.777 70.4504
11.78 607.313 65.7158
11.88 831.943 83.4891
11.98 819.258 95.763
12.08 705.627 78.6529
12.18 777.14 98.1856
12.28 687.934 66.1857
12.38 580.558 58.8803
12.48 651.171 82.4768
12.58 658.233 99.6689
12.68 622.093 67.8027
12.78 757.098 80.9668
12.88 701.363 95.3444
12.98 790.715 101.324
13.08 702.791 75.8259
13.18 504.306 49.681
13.28 423.074 52.0647
13.38 780.151 109.243
13.48 832.508 99.5035
13.58 526.066 63.9567
13.68 630.832 69.6217
13.78 533.756 64.0305
13.88 618.801 74.451
13.98 634.035 83.1046
14.08 691.136 85.497
14.18 529.927 65.3273
14.28 605.706 76.6478
14.38 733.186 92.1666
14.48 628.323 82.1418
14.58 679.265 73.8998
14.68 617.444 97.5279
14.78 667.316 99.5003
14.88 732.928 97.9876
14.98 667.422 94.5374
15.08 805.279 91.7685
15.18 924.852 104.017
15.28 742.879 122.52
15.38 650.214 88.7732
15.48 705.363 90.9544
15.58 834.412 116.013
15.68 667.959 92.5398
15.78 653.403 98.4565
15.88 693.628 93.0133
15.98 587.066 85.1369
16.08 562.07 74.1067
