-4.32 6.6631
-4.22 6.74913
-4.12 6.84257
-4.02 6.94059
-3.92 7.05222
-3.82 7.16094
-3.72 7.29168
-3.62 7.42516
-3.52 7.58516
-3.42 7.76664
-3.32 7.96658
-3.22 8.20579
-3.12 8.49858
-3.02 8.95073
-2.92 10.1166
-2.82 11.222
-2.72 17.0363
-2.62 19.2154
-2.52 28.2851
-2.42 23.1502
-2.32 20.4002
-2.22 25.2822
-2.12 18.4332
-2.02 27.2248
-1.92 22.8412
-1.82 31.3557
-1.72 20.0163
-1.62 25.8893
-1.52 26.2747
-1.42 24.4061
-1.32 23.9178
-1.22 28.5775
-1.12 30.2776
-1.02 24.8172
-0.92 24.0436
-0.82 28.9543
-0.72 24.9549
-0.62 28.2865
-0.52 31.0825
-0.42 32.0525
-0.32 31.0432
-0.22 24.0269
-0.12 29.6695
-0.02 28.7556
0.08 34.7206
0.18 29.8234
0.28 30.177
0.38 29.9774
0.48 33.8668
0.58 35.3211
0.68 32.2225
0.78 41.0502
0.88 40.4704
0.98 36.6938
1.08 38.2414
1.18 36.5573
1.28 41.599
1.38 39.4327
1.48 39.8471
1.58 53.6948
1.68 46.3097
1.78 45.1624
1.88 45.8876
1.98 60.5987
2.08 60.5332
2.18 53.4713
2.28 64.7433
2.38 75.3395
2.48 74.8052
2.58 73.6191
2.68 94.6974
2.78 105.388
2.88 129.138
2.98 165.767
3.08 171.294
3.18 189.968
3.28 203.253
3.38 197.292
3.48 200.261
3.58 199.335
3.68 221.535
3.78 200.337
3.88 250.893
3.98 326.179
4.08 568.356
4.18 0
4.28 0
4.38 0
4.48 0
4.58 0
4.68 0
4.78 0
4.88 0
4.98 0
5.08 0
5.18 0
5.28 0
5.38 0
5.48 0
5.58 0
5.68 0
5.78 0
5.88 0
5.98 0
6.08 0
6.18 0
6.28 0
6.38 0
6.48 0
6.58 0
6.68 0
6.78 0
6.88 0
6.98 0
7.08 0
7.18 0
7.28 0
7.38 0
7.48 0
7.58 0
7.68 0
7.78 0
7.88 0
7.98 0
8.08 0
8.18 0
8.28 0
8.38 0
8.48 0
8.58 0
8.68 0
8.78 0
8.88 0
8.98 0
9.08 0
9.18 0
9.28 0
9.38 0
9.48 0
9.58 0
9.68 0
9.78 0
9.88 0
9.98 0
10.08 0
10.18 0
10.28 0
10.38 0
10.48 0
10.58 0
10.68 0
10.78 0
10.88 0
10.98 0
11.08 0
11.18 0
11.28 0
11.38 0
11.48 0
11.58 0
11.68 0
11.78 0
11.88 0
11.98 0
12.08 0
12.18 0
12.28 0
12.38 0
12.48 0
12.58 0
12.68 0
12.78 0
12.88 0
12.98 0
13.08 0
13.18 0
13.28 0
13.38 0
13.48 0
13.58 0
13.68 0
13.78 0
13.88 0
13.98 0
14.08 0
14.18 0
14.28 0
14.38 0
14.48 0
14.58 0
14.68 0
14.78 0
14.88 0
14.98 0
15.08 0
15.18 0
15.28 0
15.38 0
15.48 0
15.58 0
15.68 0
15.78 0
15.88 0
15.98 0
16.08 0
