-4.32 8.57465 0.00291496
-4.22 8.68155 0.00321235
-4.12 8.77517 0.00382649
-4.02 8.87426 0.00374053
-3.92 8.97004 0.00362321
-3.82 9.07283 0.00362341
-3.72 9.17809 0.0036626
-3.62 9.28467 0.0033212
-3.52 9.40856 0.00356378
-3.42 9.51971 0.00349748
-3.32 9.64886 0.00371819
-3.22 9.79036 0.0039331
-3.12 9.94449 0.00380756
-3.02 10.1222 0.00456557
-2.92 10.3229 0.00419461
-2.82 10.5782 0.00470724
-2.72 10.8857 0.00523929
-2.62 11.1625 0.00482164
-2.52 11.2477 0.00555692
-2.42 11.223 0.00506208
-2.32 11.2923 0.00547925
-2.22 11.3881 0.00518486
-2.12 11.4775 0.00535395
-2.02 11.6108 0.00615987
-1.92 11.7321 0.00578718
-1.82 11.8009 0.00562027
-1.72 11.9078 0.0060214
-1.62 12.0727 0.00539866
-1.52 12.1837 0.00561381
-1.42 12.2511 0.0049251
-1.32 12.387 0.00569116
-1.22 12.539 0.00576228
-1.12 12.6346 0.00657496
-1.02 12.7425 0.0065589
-0.92 12.9222 0.00658253
-0.82 13.1189 0.00687439
-0.72 13.2429 0.00690591
-0.62 13.3492 0.00594535
-0.52 13.5301 0.00705593
-0.42 13.7285 0.00707546
-0.32 13.8648 0.00740789
-0.22 13.9929 0.00619303
-0.12 14.206 0.0070358
-0.02 14.4733 0.00737975
0.08 14.6816 0.00694983
0.18 14.8366 0.00723012
0.28 15.0255 0.00713983
0.38 15.3168 0.00749728
0.48 15.6284 0.00776788
0.58 15.8794 0.00758505
0.68 16.0972 0.00699258
0.78 16.4046 0.00714873
0.88 16.802 0.00763168
0.98 17.1372 0.00801658
1.08 17.4243 0.00761738
1.18 17.746 0.00853084
1.28 18.1988 0.00889159
1.38 18.7153 0.00910605
1.48 19.1892 0.00873182
1.58 19.6006 0.00842037
1.68 20.0952 0.00931076
1.78 20.7981 0.0100799
1.88 21.6712 0.0106491
1.98 22.6156 0.0112026
2.08 23.4751 0.0128634
2.18 24.5657 0.0128984
2.28 26.0689 0.0126717
2.38 27.6681 0.0139782
2.48 29.3287 0.0144501
2.58 31.3251 0.0146189
2.68 34.0826 0.0204827
2.78 37.7749 0.022372
2.88 42.2023 0.0267824
2.98 46.5414 0.0348375
3.08 50.0737 0.0393723
3.18 51.964 0.047491
3.28 52.4332 0.0618597
3.38 52.5636 0.072368
3.48 54.1403 0.0864098
3.58 57.8018 0.117308
3.68 62.42 0.129876
3.78 67.681 0.252563
3.88 71.8905 0.400735
3.98 72.3427 0.689532
4.08 66.0083 1.06708
4.18 62.1462 1.67764
4.28 53.0431 2.07409
4.38 52.149 2.36844
4.48 54.6322 2.44319
4.58 53.0848 4.45205
4.68 52.3054 2.33544
4.78 52.6833 3.19074
4.88 53.4855 2.69287
4.98 53.9749 2.63865
5.08 51.549 3.08169
5.18 49.9457 2.49873
5.28 51.4072 3.00336
5.38 57.736 5.56382
5.48 58.6625 5.5475
5.58 53.1121 2.99043
5.68 53.0463 2.12128
5.78 51.5459 2.90633
5.88 51.3277 2.62046
5.98 51.7621 2.83034
6.08 51.3833 2.67374
6.18 48.6457 2.13611
6.28 50.4691 2.25518
6.38 52.7345 5.61497
6.48 47.1294 1.99137
6.58 49.3112 2.44355
6.68 51.2699 2.77391
6.78 51.5323 2.22254
6.88 47.9094 2.34153
6.98 51.0064 2.4851
7.08 51.2126 3.26213
7.18 44.8214 1.99726
7.28 46.5761 1.76297
7.38 47.83 2.58853
7.48 49.0434 2.84596
7.58 44.3232 1.84319
7.68 47.1517 2.12072
7.78 51.7267 3.12044
7.88 45.4383 2.29683
7.98 45.4809 2.24064
8.08 47.9201 2.31222
8.18 45.9478 1.81732
8.28 44.3618 2.12377
8.38 48.7637 3.07059
8.48 59.0412 14.1126
8.58 68.4561 23.2019
8.68 74.5714 28.2455
8.78 43.6607 2.28271
8.88 66.0516 19.4302
8.98 50.6326 2.50044
9.08 47.3465 2.93134
9.18 47.6223 2.1235
9.28 43.4418 2.41095
9.38 63.7573 16.6255
9.48 83.4934 29.0477
9.58 50.1021 2.90304
9.68 45.6284 2.46992
9.78 42.9562 2.53586
9.88 80.4851 30.1129
9.98 80.085 31.1882
10.08 85.3956 35.3477
10.18 43.187 2.21305
10.28 93.8302 44.9737
10.38 64.53 22.5896
10.48 45.8156 2.79054
10.58 45.4816 3.00612
10.68 49.8663 4.21223
10.78 43.0195 2.0276
10.88 48.7765 3.04382
10.98 42.756 2.8149
11.08 44.8533 2.69265
11.18 50.9254 3.95214
11.28 50.9106 6.51107
11.38 68.4908 18.5982
11.48 46.6825 3.52173
11.58 67.5129 19.1857
11.68 84.3656 28.2957
11.78 63.4938 12.0044
11.88 74.3643 28.7432
11.98 106.254 40.8457
12.08 68.2248 18.712
12.18 46.9394 2.76584
12.28 79.1639 24.4423
12.38 51.4042 3.83478
12.48 59.5709 13.046
12.58 98.1477 45.2846
12.68 113.854 43.1184
12.78 64.7421 13.4609
12.88 62.7011 17.5825
12.98 74.1877 23.3992
13.08 53.0005 5.10453
13.18 55.5679 7.62401
13.28 55.024 10.2802
13.38 72.9856 23.5146
13.48 63.3615 16.8731
13.58 116.785 42.1488
13.68 57.1536 9.82461
13.78 88.8751 22.6134
13.88 164.636 61.0037
13.98 101.504 39.7367
14.08 116.324 66.1516
14.18 152.729 60.6198
14.28 39.1252 2.13235
14.38 126.548 54.2774
14.48 68.2668 21.5484
14.58 69.4509 25.8425
14.68 41.7096 2.83583
14.78 64.265 19.6841
14.88 66.9579 26.4821
14.98 103.114 35.8377
15.08 89.3099 33.6751
15.18 56.3749 11.2072
15.28 119.76 48.0955
15.38 119.438 48.0839
15.48 121.079 48.5609
15.58 73.0496 16.7768
15.68 51.2969 11.0965
15.78 126.102 47.1328
15.88 107.876 30.0006
15.98 125.857 42.7284
16.08 118.683 40.6624
