-4.32 0.0114781 5.09316e-06
-4.22 0.0114952 5.21004e-06
-4.12 0.011502 5.32523e-06
-4.02 0.0115054 5.258e-06
-3.92 0.0115101 5.28439e-06
-3.82 0.0115112 5.16473e-06
-3.72 0.0115092 5.27851e-06
-3.62 0.0115071 5.3243e-06
-3.52 0.0115004 5.14413e-06
-3.42 0.0114946 5.18202e-06
-3.32 0.0114874 5.28196e-06
-3.22 0.0114779 5.19935e-06
-3.12 0.0114679 5.26128e-06
-3.02 0.0114589 5.30987e-06
-2.92 0.011448 5.46597e-06
-2.82 0.011436 5.20701e-06
-2.72 0.0114161 5.25466e-06
-2.62 0.0113837 5.34602e-06
-2.52 0.0113323 5.18525e-06
-2.42 0.0112559 5.18996e-06
-2.32 0.0111698 5.08881e-06
-2.22 0.0110893 5.25702e-06
-2.12 0.0110118 5.55315e-06
-2.02 0.0109332 5.83441e-06
-1.92 0.0108567 5.60146e-06
-1.82 0.0107781 5.32608e-06
-1.72 0.0106951 5.46433e-06
-1.62 0.0106132 5.63381e-06
-1.52 0.010529 5.64663e-06
-1.42 0.010445 5.66153e-06
-1.32 0.0103551 5.4382e-06
-1.22 0.0102691 5.33272e-06
-1.12 0.0101807 5.12999e-06
-1.02 0.0100877 4.92665e-06
-0.92 0.00999673 4.89855e-06
-0.82 0.00990595 5.0526e-06
-0.72 0.0098115 4.81002e-06
-0.62 0.00971112 4.81329e-06
-0.52 0.00960793 4.8405e-06
-0.42 0.00950807 4.70417e-06
-0.32 0.0094067 5.10153e-06
-0.22 0.00930033 4.99884e-06
-0.12 0.0091949 5.09015e-06
-0.02 0.00909345 4.99713e-06
0.08 0.00898824 4.94135e-06
0.18 0.00887114 5.06996e-06
0.28 0.00875155 5.00163e-06
0.38 0.00863914 5.01482e-06
0.48 0.00852428 5.04909e-06
0.58 0.00840379 4.9267e-06
0.68 0.00827549 4.73778e-06
0.78 0.00814694 4.56329e-06
0.88 0.00802051 4.64434e-06
0.98 0.00788921 4.72927e-06
1.08 0.00774513 4.62354e-06
1.18 0.00759466 4.36525e-06
1.28 0.00744856 4.36064e-06
1.38 0.00730837 4.48714e-06
1.48 0.00715841 4.56273e-06
1.58 0.00698729 4.70301e-06
1.68 0.0068116 4.78388e-06
1.78 0.00664107 4.54332e-06
1.88 0.00645729 4.67148e-06
1.98 0.00625395 4.1641e-06
2.08 0.00601214 4.25759e-06
2.18 0.00576027 4.47918e-06
2.28 0.00551888 4.42395e-06
2.38 0.0052824 3.84762e-06
2.48 0.00501923 3.92327e-06
2.58 0.00472296 3.90818e-06
2.68 0.00441213 3.60834e-06
2.78 0.00408505 3.61852e-06
2.88 0.00369888 3.35212e-06
2.98 0.00319588 3.06757e-06
3.08 0.00258469 2.88216e-06
3.18 0.00197341 2.59137e-06
3.28 0.00148124 2.30308e-06
3.38 0.00115075 2.10526e-06
3.48 0.000947341 2.1284e-06
3.58 0.000812252 1.87899e-06
3.68 0.000709062 1.93534e-06
3.78 0.000626652 1.68232e-06
3.88 0.000569881 1.60071e-06
3.98 0.000538382 1.70826e-06
4.08 0.000521763 1.6587e-06
4.18 0.000512137 1.58114e-06
4.28 0.000505366 1.70678e-06
4.38 0.000500275 1.55736e-06
4.48 0.000493979 1.52265e-06
4.58 0.000487482 1.63421e-06
4.68 0.00048213 1.51533e-06
4.78 0.000478044 1.53476e-06
4.88 0.000471744 1.44802e-06
4.98 0.000467407 1.47633e-06
5.08 0.000461279 1.45172e-06
5.18 0.000457272 1.65457e-06
5.28 0.000451854 1.45586e-06
5.38 0.00044726 1.56656e-06
5.48 0.000442328 1.57258e-06
5.58 0.000436827 1.66873e-06
5.68 0.000432776 1.7324e-06
5.78 0.000428798 1.57935e-06
5.88 0.000423567 1.26446e-06
5.98 0.000417882 1.33292e-06
6.08 0.0004135 1.3901e-06
6.18 0.000409172 1.50074e-06
6.28 0.000405784 1.54367e-06
6.38 0.000402257 1.4182e-06
6.48 0.000397655 1.36033e-06
6.58 0.000392712 1.53128e-06
6.68 0.000387317 1.38831e-06
6.78 0.000383196 1.45465e-06
6.88 0.000377806 1.40453e-06
6.98 0.000373678 1.34432e-06
7.08 0.000370544 1.29163e-06
7.18 0.000366136 1.22857e-06
7.28 0.000361237 1.34395e-06
7.38 0.0003578 1.37361e-06
7.48 0.000353908 1.46623e-06
7.58 0.000350384 1.31953e-06
7.68 0.000344247 1.29833e-06
7.78 0.000340975 1.26091e-06
7.88 0.000337222 1.22505e-06
7.98 0.000334786 1.17607e-06
8.08 0.000332249 1.25274e-06
8.18 0.000327925 1.3256e-06
8.28 0.000324483 1.3578e-06
8.38 0.000321141 1.43699e-06
8.48 0.000317021 1.29288e-06
8.58 0.000313348 1.31442e-06
8.68 0.000309962 1.28224e-06
8.78 0.000307358 1.2164e-06
8.88 0.000302847 1.2589e-06
8.98 0.000299355 1.23455e-06
9.08 0.000294532 1.20129e-06
9.18 0.000292746 1.24488e-06
9.28 0.000288823 1.1131e-06
9.38 0.000286261 1.1588e-06
9.48 0.0002837 1.10765e-06
9.58 0.000281162 1.24455e-06
9.68 0.000278045 1.28626e-06
9.78 0.000273856 1.14253e-06
9.88 0.000270923 1.18794e-06
9.98 0.000267423 1.16925e-06
10.08 0.000265209 1.14355e-06
10.18 0.0002621 1.1915e-06
10.28 0.000258433 1.172e-06
10.38 0.000255136 1.12055e-06
10.48 0.000253087 1.10011e-06
10.58 0.000249496 1.08303e-06
10.68 0.000247423 9.9901e-07
10.78 0.000244228 1.10718e-06
10.88 0.000239567 1.01811e-06
10.98 0.000237528 1.05415e-06
11.08 0.000235342 9.94576e-07
11.18 0.000233036 9.02283e-07
11.28 0.000228991 9.23583e-07
11.38 0.000226704 9.09765e-07
11.48 0.000225379 8.81446e-07
11.58 0.000222198 9.51297e-07
11.68 0.000219164 1.02756e-06
11.78 0.000215255 9.34713e-07
11.88 0.000212332 1.0014e-06
11.98 0.000210754 9.55067e-07
12.08 0.000208118 9.1895e-07
12.18 0.000205873 9.69441e-07
12.28 0.000202659 9.58188e-07
12.38 0.000200818 1.03391e-06
12.48 0.000197782 9.77108e-07
12.58 0.000195776 9.67534e-07
12.68 0.000193469 9.46361e-07
12.78 0.000190437 8.69503e-07
12.88 0.000188478 8.33676e-07
12.98 0.000185625 9.21644e-07
13.08 0.000184085 8.54788e-07
13.18 0.000181772 9.3533e-07
13.28 0.000178854 9.14216e-07
13.38 0.000176412 9.12228e-07
13.48 0.000174532 8.48047e-07
13.58 0.000172257 8.7e-07
13.68 0.000169691 9.04223e-07
13.78 0.000168168 8.46139e-07
13.88 0.000165618 9.25206e-07
13.98 0.000163202 9.17618e-07
14.08 0.000160275 9.1122e-07
14.18 0.000157433 8.82271e-07
14.28 0.000154995 8.37889e-07
14.38 0.000153398 7.94715e-07
14.48 0.000150829 8.82423e-07
14.58 0.000148759 8.62793e-07
14.68 0.000145623 8.62674e-07
14.78 0.000143114 8.35303e-07
14.88 0.000141705 8.43526e-07
14.98 0.000139739 8.48341e-07
15.08 0.000136536 7.66496e-07
15.18 0.000134322 7.51501e-07
15.28 0.000132197 7.68462e-07
15.38 0.000129898 7.62458e-07
15.48 0.000128011 7.28099e-07
15.58 0.000125622 7.41515e-07
15.68 0.000123695 7.32418e-07
15.78 0.000120895 7.52832e-07
15.88 0.000118006 6.85101e-07
15.98 0.000114945 6.55536e-07
16.08 0.000112146 6.06033e-07
