-4.32 8.46691
-4.22 8.541
-4.12 8.6194
-4.02 8.70043
-3.92 8.78933
-3.82 8.88205
-3.72 8.97798
-3.62 9.07621
-3.52 9.1855
-3.42 9.3083
-3.32 9.43579
-3.22 9.57205
-3.12 9.71939
-3.02 9.8876
-2.92 10.0742
-2.82 10.3435
-2.72 10.6586
-2.62 10.8914
-2.52 11.1155
-2.42 10.9902
-2.32 11.0423
-2.22 11.2832
-2.12 11.2436
-2.02 11.5039
-1.92 11.5594
-1.82 11.7508
-1.72 11.5919
-1.62 11.9162
-1.52 11.9271
-1.42 12.0123
-1.32 12.1078
-1.22 12.4133
-1.12 12.4006
-1.02 12.4432
-0.92 12.5762
-0.82 12.8861
-0.72 12.8761
-0.62 13.1804
-0.52 13.4472
-0.42 13.3805
-0.32 13.5886
-0.22 13.4968
-0.12 13.9417
-0.02 14.1036
0.08 14.5655
0.18 14.3539
0.28 14.6781
0.38 14.9334
0.48 15.3575
0.58 15.6698
0.68 15.9165
0.78 16.4559
0.88 16.6217
0.98 16.8409
1.08 17.208
1.18 17.5527
1.28 17.9963
1.38 18.3929
1.48 19.0951
1.58 19.8662
1.68 20.0273
1.78 21.5861
1.88 24.5989
1.98 26.3525
2.08 26.8365
2.18 27.8979
2.28 29.1858
2.38 28.0839
2.48 29.3713
2.58 31.2864
2.68 34.7
2.78 37.6242
2.88 43.1014
2.98 47.8855
3.08 50.2972
3.18 53.0081
3.28 56.0972
3.38 56.285
3.48 53.7055
3.58 57.8205
3.68 62.5382
3.78 58.4798
3.88 75.1039
3.98 97.8649
4.08 176.133
4.18 0
4.28 0
4.38 0
4.48 0
4.58 0
4.68 0
4.78 0
4.88 0
4.98 0
5.08 0
5.18 0
5.28 0
5.38 0
5.48 0
5.58 0
5.68 0
5.78 0
5.88 0
5.98 0
6.08 0
6.18 0
6.28 0
6.38 0
6.48 0
6.58 0
6.68 0
6.78 0
6.88 0
6.98 0
7.08 0
7.18 0
7.28 0
7.38 0
7.48 0
7.58 0
7.68 0
7.78 0
7.88 0
7.98 0
8.08 0
8.18 0
8.28 0
8.38 0
8.48 0
8.58 0
8.68 0
8.78 0
8.88 0
8.98 0
9.08 0
9.18 0
9.28 0
9.38 0
9.48 0
9.58 0
9.68 0
9.78 0
9.88 0
9.98 0
10.08 0
10.18 0
10.28 0
10.38 0
10.48 0
10.58 0
10.68 0
10.78 0
10.88 0
10.98 0
11.08 0
11.18 0
11.28 0
11.38 0
11.48 0
11.58 0
11.68 0
11.78 0
11.88 0
11.98 0
12.08 0
12.18 0
12.28 0
12.38 0
12.48 0
12.58 0
12.68 0
12.78 0
12.88 0
12.98 0
13.08 0
13.18 0
13.28 0
13.38 0
13.48 0
13.58 0
13.68 0
13.78 0
13.88 0
13.98 0
14.08 0
14.18 0
14.28 0
14.38 0
14.48 0
14.58 0
14.68 0
14.78 0
14.88 0
14.98 0
15.08 0
15.18 0
15.28 0
15.38 0
15.48 0
15.58 0
15.68 0
15.78 0
15.88 0
15.98 0
16.08 0
