-4.32 0.0110637 5.04079e-06
-4.22 0.0110399 5.07859e-06
-4.12 0.0110161 5.03758e-06
-4.02 0.0109925 5.05935e-06
-3.92 0.0109684 5.04399e-06
-3.82 0.010944 5.009e-06
-3.72 0.0109198 5.00196e-06
-3.62 0.0108958 4.98831e-06
-3.52 0.0108711 4.96608e-06
-3.42 0.0108466 4.98706e-06
-3.32 0.0108224 4.96155e-06
-3.22 0.0107982 4.94528e-06
-3.12 0.0107735 4.96101e-06
-3.02 0.0107487 4.92731e-06
-2.92 0.0107236 4.94748e-06
-2.82 0.010697 4.91661e-06
-2.72 0.0106654 4.89894e-06
-2.62 0.0106223 4.92786e-06
-2.52 0.010559 4.92542e-06
-2.42 0.0104747 4.84113e-06
-2.32 0.0103817 4.9201e-06
-2.22 0.010293 4.98723e-06
-2.12 0.0102084 5.04786e-06
-2.02 0.0101245 5.08224e-06
-1.92 0.0100414 5.10312e-06
-1.82 0.00995582 5.10316e-06
-1.72 0.009868 5.0423e-06
-1.62 0.0097811 5.0511e-06
-1.52 0.00969401 4.98061e-06
-1.42 0.00960352 4.96891e-06
-1.32 0.00951181 4.88271e-06
-1.22 0.00942271 4.80395e-06
-1.12 0.00933166 4.75461e-06
-1.02 0.00923783 4.64549e-06
-0.92 0.0091464 4.59153e-06
-0.82 0.00905609 4.611e-06
-0.72 0.00895967 4.65485e-06
-0.62 0.00885857 4.6865e-06
-0.52 0.00875884 4.70651e-06
-0.42 0.00866044 4.74019e-06
-0.32 0.00855867 4.75712e-06
-0.22 0.00845315 4.67271e-06
-0.12 0.00834987 4.66062e-06
-0.02 0.00824968 4.59839e-06
0.08 0.00814573 4.61398e-06
0.18 0.00803272 4.59478e-06
0.28 0.00791593 4.58522e-06
0.38 0.00780455 4.56719e-06
0.48 0.0076959 4.514e-06
0.58 0.00758003 4.43016e-06
0.68 0.00745566 4.36999e-06
0.78 0.00733213 4.30608e-06
0.88 0.00721389 4.24635e-06
0.98 0.00709039 4.20931e-06
1.08 0.00695285 4.13401e-06
1.18 0.00680975 4.09604e-06
1.28 0.00667185 4.05471e-06
1.38 0.00653872 4.11414e-06
1.48 0.00639563 4.05183e-06
1.58 0.00623288 3.89308e-06
1.68 0.00606367 3.83437e-06
1.78 0.00590165 3.76319e-06
1.88 0.00572601 3.72408e-06
1.98 0.00553112 3.63286e-06
2.08 0.0052993 3.65432e-06
2.18 0.00505919 3.66361e-06
2.28 0.00482942 3.64102e-06
2.38 0.0046049 3.42979e-06
2.48 0.00435383 3.38828e-06
2.58 0.00406728 3.21964e-06
2.68 0.0037668 2.94958e-06
2.78 0.00345256 2.74587e-06
2.88 0.00307754 2.58291e-06
2.98 0.00258425 2.41237e-06
3.08 0.00198705 2.30074e-06
3.18 0.00138821 1.82598e-06
3.28 0.000905589 1.45472e-06
3.38 0.000585329 1.15193e-06
3.48 0.000391382 9.02805e-07
3.58 0.000263498 7.88374e-07
3.68 0.000165439 6.35681e-07
3.78 9.00184e-05 4.50849e-07
3.88 4.09124e-05 3.11661e-07
3.98 1.51928e-05 1.73493e-07
4.08 4.54296e-06 8.13132e-08
4.18 1.04491e-06 3.8038e-08
4.28 2.0354e-07 1.81987e-08
4.38 2.93516e-08 8.90994e-09
4.48 4.67076e-09 2.39559e-09
4.58 2.22074e-10 1.77853e-10
4.68 0 0
4.78 0 0
4.88 0 0
4.98 0 0
5.08 0 0
5.18 0 0
5.28 0 0
5.38 0 0
5.48 0 0
5.58 0 0
5.68 0 0
5.78 0 0
5.88 0 0
5.98 0 0
6.08 0 0
6.18 0 0
6.28 0 0
6.38 0 0
6.48 0 0
6.58 0 0
6.68 0 0
6.78 0 0
6.88 0 0
6.98 0 0
7.08 0 0
7.18 0 0
7.28 0 0
7.38 0 0
7.48 0 0
7.58 0 0
7.68 0 0
7.78 0 0
7.88 0 0
7.98 0 0
8.08 0 0
8.18 0 0
8.28 0 0
8.38 0 0
8.48 0 0
8.58 0 0
8.68 0 0
8.78 0 0
8.88 0 0
8.98 0 0
9.08 0 0
9.18 0 0
9.28 0 0
9.38 0 0
9.48 0 0
9.58 0 0
9.68 0 0
9.78 0 0
9.88 0 0
9.98 0 0
10.08 0 0
10.18 0 0
10.28 0 0
10.38 0 0
10.48 0 0
10.58 0 0
10.68 0 0
10.78 0 0
10.88 0 0
10.98 0 0
11.08 0 0
11.18 0 0
11.28 0 0
11.38 0 0
11.48 0 0
11.58 0 0
11.68 0 0
11.78 0 0
11.88 0 0
11.98 0 0
12.08 0 0
12.18 0 0
12.28 0 0
12.38 0 0
12.48 0 0
12.58 0 0
12.68 0 0
12.78 0 0
12.88 0 0
12.98 0 0
13.08 0 0
13.18 0 0
13.28 0 0
13.38 0 0
13.48 0 0
13.58 0 0
13.68 0 0
13.78 0 0
13.88 0 0
13.98 0 0
14.08 0 0
14.18 0 0
14.28 0 0
14.38 0 0
14.48 0 0
14.58 0 0
14.68 0 0
14.78 0 0
14.88 0 0
14.98 0 0
15.08 0 0
15.18 0 0
15.28 0 0
15.38 0 0
15.48 0 0
15.58 0 0
15.68 0 0
15.78 0 0
15.88 0 0
15.98 0 0
16.08 0 0
