-4.32 10.1382 0.0247797
-4.22 10.5378 0.0297819
-4.12 10.7777 0.0293099
-4.02 11.019 0.0283499
-3.92 11.1919 0.0298894
-3.82 11.3729 0.0297571
-3.72 11.6306 0.0299105
-3.62 11.7629 0.0222551
-3.52 12.0295 0.0265791
-3.42 12.1505 0.0285988
-3.32 12.4525 0.0272332
-3.22 12.6948 0.0254891
-3.12 13.0111 0.0285561
-3.02 13.4598 0.0294868
-2.92 14.0737 0.027671
-2.82 15.1843 0.0345297
-2.72 17.5125 0.0348413
-2.62 20.4647 0.0451536
-2.52 21.4578 0.0512804
-2.42 20.3657 0.0430708
-2.32 19.8714 0.0467289
-2.22 20.1981 0.0465126
-2.12 20.084 0.0469999
-2.02 20.3932 0.0489762
-1.92 21.1207 0.0430658
-1.82 20.953 0.0482051
-1.72 20.7149 0.0471261
-1.62 21.5486 0.0438324
-1.52 22.0624 0.0421675
-1.42 21.6249 0.0349519
-1.32 21.7239 0.0466195
-1.22 22.4156 0.0490613
-1.12 22.4574 0.0473678
-1.02 22.1167 0.0504954
-0.92 22.4786 0.0457732
-0.82 23.5262 0.056881
-0.72 23.7819 0.054351
-0.62 23.3516 0.0528109
-0.52 23.6144 0.0469546
-0.42 24.4437 0.0554825
-0.32 24.645 0.053393
-0.22 24.2344 0.046855
-0.12 24.3338 0.050606
-0.02 25.3456 0.0558052
0.08 26.117 0.0532334
0.18 25.9979 0.0522027
0.28 25.6888 0.0482312
0.38 26.2878 0.0495771
0.48 27.3924 0.0516101
0.58 27.9366 0.0524886
0.68 27.7273 0.0490743
0.78 28.0205 0.0466105
0.88 29.1947 0.045065
0.98 30.1626 0.0504216
1.08 30.3675 0.0537522
1.18 30.2664 0.0521072
1.28 30.946 0.0562109
1.38 32.3543 0.060096
1.48 33.5177 0.0553231
1.58 33.794 0.0597846
1.68 33.9308 0.0587073
1.78 34.9602 0.0534924
1.88 36.5661 0.0524604
1.98 39.0371 0.055838
2.08 39.8879 0.0619984
2.18 40.9411 0.0626594
2.28 43.6256 0.0592134
2.38 47.1405 0.0692945
2.48 49.9701 0.0613113
2.58 52.8803 0.0586756
2.68 57.6811 0.0733941
2.78 65.4144 0.0747435
2.88 75.6067 0.082597
2.98 85.7395 0.087528
3.08 94.3961 0.102984
3.18 99.2404 0.116061
3.28 100.36 0.152863
3.38 99.0294 0.160636
3.48 99.4037 0.217001
3.58 104.358 0.270959
3.68 112.198 0.289791
3.78 121.163 0.440835
3.88 128.909 0.64329
3.98 133.406 0.995533
4.08 127.526 1.59671
4.18 113.347 2.50451
4.28 90.5662 2.81564
4.38 85.7471 3.02787
4.48 79.0366 3.74453
4.58 78.8153 3.36777
4.68 82.8163 3.10644
4.78 83.1967 3.40051
4.88 78.9405 3.44488
4.98 79.2956 3.53764
5.08 79.5983 3.75006
5.18 75.6777 4.0288
5.28 80.9626 3.70515
5.38 78.7258 3.25247
5.48 80.3754 3.69509
5.58 76.7781 4.09727
5.68 82.652 3.56977
5.78 78.9472 3.93873
5.88 77.7763 3.64099
5.98 76.3927 3.4957
6.08 77.6359 3.68828
6.18 70.5538 3.40197
6.28 79.4089 3.52017
6.38 84.0699 6.53966
6.48 74.2857 3.16999
6.58 70.018 3.33352
6.68 78.5473 3.84926
6.78 78.3094 3.61417
6.88 71.8717 3.52514
6.98 77.4437 3.21751
7.08 75.8854 3.66349
7.18 75.0293 3.59206
7.28 75.0752 3.90053
7.38 71.018 3.36365
7.48 70.3261 3.67183
7.58 74.7741 3.77481
7.68 72.0477 3.52253
7.78 78.5646 3.40483
7.88 71.6675 3.62525
7.98 73.4031 3.8089
8.08 73.5881 3.68047
8.18 77.1819 3.47676
8.28 74.8267 3.77607
8.38 72.0834 3.89023
8.48 70.5849 3.69647
8.58 69.7415 3.75966
8.68 67.942 3.77561
8.78 70.5257 3.83504
8.88 65.0828 3.56722
8.98 71.9558 3.62571
9.08 77.1479 3.96243
9.18 77.9191 3.5087
9.28 72.0842 3.79263
9.38 66.8907 3.84663
9.48 76.9714 4.46984
9.58 75.953 4.14351
9.68 68.1074 4.10357
9.78 60.4214 3.52911
9.88 69.225 4.28433
9.98 67.7169 4.48436
10.08 72.0533 3.91605
10.18 74.8171 5.95065
10.28 65.4744 4.88891
10.38 62.804 3.56533
10.48 75.6158 3.95262
10.58 66.1699 3.90011
10.68 65.5541 4.13026
10.78 67.5311 4.24261
10.88 70.3743 4.11914
10.98 63.0587 3.95577
11.08 65.0995 4.2051
11.18 72.769 4.17756
11.28 72.9787 4.5902
11.38 75.3802 4.74084
11.48 70.2318 5.09749
11.58 66.7946 4.41511
11.68 70.4341 5.06732
11.78 77.0314 5.51609
11.88 70.3455 4.58779
11.98 70.5564 3.91289
12.08 67.752 4.32128
12.18 71.5663 4.36364
12.28 71.332 5.83446
12.38 81.7871 4.91468
12.48 65.3792 4.93919
12.58 69.0066 5.30894
12.68 63.1761 4.41732
12.78 72.1915 5.7835
12.88 62.6851 4.57625
12.98 65.2724 4.26897
13.08 71.2205 5.27037
13.18 69.98 5.26369
13.28 61.5777 5.22654
13.38 73.5642 5.57631
13.48 66.1115 4.57075
13.58 58.8289 4.4486
13.68 71.4522 5.05088
13.78 70.103 5.59921
13.88 65.4106 4.75835
13.98 65.0698 4.65808
14.08 64.5171 5.20387
14.18 64.3418 4.77674
14.28 61.1581 4.34839
14.38 66.4235 5.01725
14.48 58.7561 4.49032
14.58 63.2392 4.71065
14.68 62.4463 4.52315
14.78 60.1143 4.32925
14.88 60.158 4.53577
14.98 64.7723 4.9261
15.08 58.4282 4.56911
15.18 54.9567 4.63567
15.28 59.7489 5.17704
15.38 51.8809 4.38417
15.48 70.7147 5.70389
15.58 71.355 7.71055
15.68 58.5959 4.60072
15.78 67.8881 7.07611
15.88 57.7716 6.97225
15.98 55.2977 5.13415
16.08 54.6267 4.97695
