-4.32 8.4689
-4.22 8.57341
-4.12 8.66734
-4.02 8.83492
-3.92 8.89665
-3.82 9.01975
-3.72 9.17033
-3.62 9.19405
-3.52 9.43405
-3.42 9.38853
-3.32 9.48588
-3.22 9.65613
-3.12 9.77014
-3.02 10.0351
-2.92 10.2521
-2.82 10.4928
-2.72 10.9641
-2.62 11.0965
-2.52 11.2876
-2.42 11.1216
-2.32 11.2132
-2.22 11.4077
-2.12 11.3568
-2.02 11.6075
-1.92 11.6654
-1.82 11.7907
-1.72 11.8171
-1.62 12.2437
-1.52 12.0418
-1.42 12.1378
-1.32 12.3449
-1.22 12.53
-1.12 12.4386
-1.02 12.6239
-0.92 12.7884
-0.82 13.0668
-0.72 13.0342
-0.62 13.3545
-0.52 13.667
-0.42 13.445
-0.32 13.5744
-0.22 13.4114
-0.12 13.8515
-0.02 14.0341
0.08 14.5386
0.18 14.3842
0.28 14.6243
0.38 14.9244
0.48 15.4314
0.58 15.6637
0.68 15.9049
0.78 16.2975
0.88 16.496
0.98 16.7489
1.08 17.1338
1.18 17.4485
1.28 18.0514
1.38 18.3553
1.48 18.9433
1.58 19.8224
1.68 20.0807
1.78 20.72
1.88 21.2823
1.98 22.8011
2.08 23.3443
2.18 24.2211
2.28 26.2958
2.38 27.7333
2.48 28.9732
2.58 30.7551
2.68 34.247
2.78 36.8765
2.88 42.2741
2.98 46.6537
3.08 48.8108
3.18 51.753
3.28 54.656
3.38 55.5432
3.48 53.507
3.58 55.8776
3.68 60.3375
3.78 57.8244
3.88 74.0203
3.98 92.1359
4.08 73.9274
4.18 153.769
4.28 0
4.38 0
4.48 0
4.58 0
4.68 0
4.78 0
4.88 0
4.98 0
5.08 0
5.18 0
5.28 0
5.38 0
5.48 0
5.58 0
5.68 0
5.78 0
5.88 0
5.98 0
6.08 0
6.18 386.533
6.28 0
6.38 0
6.48 0
6.58 0
6.68 0
6.78 0
6.88 0
6.98 0
7.08 0
7.18 0
7.28 0
7.38 0
7.48 0
7.58 0
7.68 0
7.78 0
7.88 0
7.98 0
8.08 0
8.18 0
8.28 0
8.38 0
8.48 0
8.58 26.4464
8.68 49.4365
8.78 19.4226
8.88 20.821
8.98 22.745
9.08 25.2941
9.18 29.3249
9.28 37.0553
9.38 65.3491
9.48 240.177
9.58 0
9.68 0
9.78 0
9.88 0
9.98 0
10.08 0
10.18 0
10.28 108.515
10.38 0
10.48 0
10.58 0
10.68 0
10.78 237.078
10.88 17.1552
10.98 17.6085
11.08 18.4782
11.18 19.5749
11.28 20.9226
11.38 22.6817
11.48 25.0614
11.58 28.4737
11.68 33.4696
11.78 40.9987
11.88 77.9901
11.98 228.865
12.08 46.24
12.18 87.0124
12.28 0
12.38 0
12.48 0
12.58 0
12.68 0
12.78 0
12.88 0
12.98 0
13.08 20.2725
13.18 22.0249
13.28 28.2732
13.38 42.8926
13.48 77.2537
13.58 0
13.68 0
13.78 0
13.88 0
13.98 0
14.08 0
14.18 0
14.28 252.344
14.38 0
14.48 258.137
14.58 0
14.68 0
14.78 0
14.88 0
14.98 0
15.08 0
15.18 0
15.28 0
15.38 0
15.48 0
15.58 0
15.68 0
15.78 0
15.88 0
15.98 15.4789
16.08 15.9169
