-4.32 6.39997e-05
-4.22 0.000277905
-4.12 0.000827408
-4.02 0.000334409
-3.92 0.000176065
-3.82 0.000128434
-3.72 0.000214253
-3.62 2.61812e-05
-3.52 0.000299562
-3.42 0.000343404
-3.32 8.35873e-05
-3.22 7.75139e-05
-3.12 8.79699e-05
-3.02 0.000232876
-2.92 0.000243443
-2.82 9.92736e-05
-2.72 0.000314975
-2.62 0.000357221
-2.52 0.00018427
-2.42 0.000302227
-2.32 0.0001137
-2.22 9.64316e-05
-2.12 0.000109248
-2.02 0.000238734
-1.92 0.000158324
-1.82 0.000336686
-1.72 0.000320437
-1.62 0.00022677
-1.52 0.000284095
-1.42 0.000181145
-1.32 0.000235095
-1.22 0.000415469
-1.12 3.23063e-05
-1.02 0.000527235
-0.92 0.00056625
-0.82 0.000229904
-0.72 0.000275187
-0.62 9.06738e-05
-0.52 8.17874e-05
-0.42 7.29385e-05
-0.32 9.05922e-05
-0.22 7.00178e-05
-0.12 0.000109795
-0.02 0.00032588
0.08 0.000113688
0.18 0.000316619
0.28 0.000269169
0.38 0.000100205
0.48 0.000143904
0.58 0.000108117
0.68 7.57299e-05
0.78 5.34166e-05
0.88 2.94416e-05
0.98 0.000453069
1.08 5.01205e-05
1.18 0.000231717
1.28 2.37852e-05
1.38 0.000258547
1.48 0.000466353
1.58 0.000284519
1.68 0.000110891
1.78 0.000206264
1.88 0.000320732
1.98 8.26839e-05
2.08 0.000372057
2.18 0.000327604
2.28 0.000109363
2.38 0.000221648
2.48 2.59293e-05
2.58 7.17841e-05
2.68 4.84828e-05
2.78 5.8817e-05
2.88 0.000107332
2.98 2.72056e-05
3.08 5.57529e-05
3.18 0.000100073
3.28 2.29268e-06
3.38 5.78498e-06
3.48 5.38113e-06
3.58 2.32312e-05
3.68 0.000160371
3.78 1.50695e-05
3.88 0
3.98 1.84021e-06
4.08 0
4.18 8.40406e-07
4.28 0
4.38 1.86324e-06
4.48 0
4.58 1.69858e-05
4.68 0
4.78 0
4.88 0
4.98 0
5.08 6.28814e-06
5.18 0
5.28 4.88281e-05
5.38 5.8705e-06
5.48 0
5.58 0
5.68 0
5.78 0
5.88 0
5.98 0
6.08 0
6.18 0
6.28 1.3642e-06
6.38 0
6.48 0
6.58 0
6.68 0
6.78 1.40523e-05
6.88 0
6.98 1.70567e-05
7.08 2.47216e-05
7.18 0
7.28 0
7.38 0
7.48 0
7.58 0
7.68 0
7.78 0
7.88 0
7.98 7.78317e-06
8.08 0
8.18 0
8.28 0
8.38 1.68202e-05
8.48 0
8.58 9.67928e-05
8.68 6.12096e-06
8.78 0
8.88 0.000300409
8.98 0
9.08 0
9.18 0
9.28 0
9.38 0
9.48 0
9.58 0
9.68 0
9.78 0
9.88 0
9.98 6.56025e-06
10.08 0
10.18 0
10.28 0
10.38 0
10.48 0
10.58 0
10.68 0
10.78 0
10.88 2.4556e-05
10.98 0
11.08 0
11.18 0
11.28 0
11.38 0
11.48 0
11.58 0
11.68 0
11.78 4.5871e-05
11.88 0
11.98 8.044e-06
12.08 0
12.18 0
12.28 0
12.38 1.23017e-05
12.48 0
12.58 0
12.68 0
12.78 0
12.88 2.6212e-05
12.98 0
13.08 0
13.18 0.000299143
13.28 0
13.38 0
13.48 9.59766e-05
13.58 0
13.68 0
13.78 0
13.88 0
13.98 0
14.08 0
14.18 0
14.28 0
14.38 0
14.48 0
14.58 0
14.68 0
14.78 0
14.88 0
14.98 0
15.08 0
15.18 0
15.28 2.34586e-06
15.38 0
15.48 0
15.58 0
15.68 0
15.78 0
15.88 0
15.98 1.20178e-05
16.08 0
