-4.32 0.00699673 4.54846e-06
-4.22 0.00700812 4.47413e-06
-4.12 0.00701282 4.51469e-06
-4.02 0.00701647 4.50946e-06
-3.92 0.00701865 4.39711e-06
-3.82 0.00701858 4.23511e-06
-3.72 0.00701468 4.34822e-06
-3.62 0.00701271 4.47814e-06
-3.52 0.00701083 4.52052e-06
-3.42 0.00700794 4.33394e-06
-3.32 0.00700249 4.38606e-06
-3.22 0.00699741 4.42596e-06
-3.12 0.0069922 4.52645e-06
-3.02 0.00698706 4.36784e-06
-2.92 0.00697777 4.27624e-06
-2.82 0.00696802 4.34731e-06
-2.72 0.00695136 4.4075e-06
-2.62 0.00691676 4.31246e-06
-2.52 0.00686405 4.33215e-06
-2.42 0.00681154 4.33784e-06
-2.32 0.00676747 4.30089e-06
-2.22 0.00672174 4.01258e-06
-2.12 0.00667829 4.06135e-06
-2.02 0.00663221 4.16795e-06
-1.92 0.00658706 3.95633e-06
-1.82 0.00653795 3.91748e-06
-1.72 0.0064935 3.78592e-06
-1.62 0.00644574 3.98244e-06
-1.52 0.0063927 4.05054e-06
-1.42 0.00633879 4.20566e-06
-1.32 0.00629014 3.79454e-06
-1.22 0.00623634 3.70361e-06
-1.12 0.00618037 3.86414e-06
-1.02 0.00612506 3.72703e-06
-0.92 0.00607256 3.69635e-06
-0.82 0.006017 3.4806e-06
-0.72 0.00595536 3.46089e-06
-0.62 0.00589482 3.47915e-06
-0.52 0.00583588 3.79992e-06
-0.42 0.00577506 3.65962e-06
-0.32 0.00571104 3.87411e-06
-0.22 0.0056456 3.80655e-06
-0.12 0.00558717 3.80333e-06
-0.02 0.00552307 3.66149e-06
0.08 0.00545707 3.52072e-06
0.18 0.00538306 3.65379e-06
0.28 0.00531668 3.61099e-06
0.38 0.00524895 3.50666e-06
0.48 0.00517859 3.3529e-06
0.58 0.00510043 3.33737e-06
0.68 0.0050214 3.35653e-06
0.78 0.00494544 3.13932e-06
0.88 0.00486729 3.21461e-06
0.98 0.00478054 3.25135e-06
1.08 0.00468893 3.20219e-06
1.18 0.00460109 3.2569e-06
1.28 0.00451414 3.04828e-06
1.38 0.00442506 3.35579e-06
1.48 0.00432519 3.29051e-06
1.58 0.00422171 3.34808e-06
1.68 0.00412041 3.21058e-06
1.78 0.00401893 2.96673e-06
1.88 0.00389501 2.89248e-06
1.98 0.00375823 2.97023e-06
2.08 0.00360956 2.79663e-06
2.18 0.00346023 2.78637e-06
2.28 0.00330374 2.86808e-06
2.38 0.00314148 2.81676e-06
2.48 0.00296683 2.81411e-06
2.58 0.00278096 2.68357e-06
2.68 0.00257705 2.56755e-06
2.78 0.00233754 2.12403e-06
2.88 0.00204483 2.23249e-06
2.98 0.00170518 2.17576e-06
3.08 0.00135898 1.98204e-06
3.18 0.00106314 1.95509e-06
3.28 0.000844889 1.71061e-06
3.38 0.000700113 1.64593e-06
3.48 0.000600588 1.60284e-06
3.58 0.00053045 1.5459e-06
3.68 0.000476332 1.49497e-06
3.78 0.000438246 1.57281e-06
3.88 0.000413098 1.61959e-06
3.98 0.00040036 1.39099e-06
4.08 0.000392189 1.4452e-06
4.18 0.000387716 1.42245e-06
4.28 0.000382071 1.43827e-06
4.38 0.000378533 1.33841e-06
4.48 0.00037566 1.34112e-06
4.58 0.000373184 1.36815e-06
4.68 0.000369423 1.22223e-06
4.78 0.000364937 1.29352e-06
4.88 0.00036175 1.30052e-06
4.98 0.000358093 1.33426e-06
5.08 0.000354304 1.25293e-06
5.18 0.000350464 1.21635e-06
5.28 0.000346903 1.24318e-06
5.38 0.000344686 1.2336e-06
5.48 0.000342265 1.24039e-06
5.58 0.000339992 1.24692e-06
5.68 0.000336397 1.18497e-06
5.78 0.000333538 1.2647e-06
5.88 0.000330135 1.22391e-06
5.98 0.00032602 1.095e-06
6.08 0.000322711 1.20738e-06
6.18 0.000320751 1.37675e-06
6.28 0.000317299 1.32018e-06
6.38 0.000313406 1.18023e-06
6.48 0.000311556 1.25915e-06
6.58 0.000307888 1.32999e-06
6.68 0.000304674 1.28741e-06
6.78 0.000302211 1.19159e-06
6.88 0.000298356 1.16617e-06
6.98 0.000294706 1.18944e-06
7.08 0.000293978 1.20766e-06
7.18 0.000289796 1.22154e-06
7.28 0.000286596 1.15775e-06
7.38 0.000285463 1.19098e-06
7.48 0.000281812 1.14094e-06
7.58 0.000280631 1.21186e-06
7.68 0.000277087 1.20668e-06
7.78 0.000275164 1.18991e-06
7.88 0.000272396 1.25731e-06
7.98 0.00026978 1.22748e-06
8.08 0.000266742 1.09846e-06
8.18 0.000264152 1.15403e-06
8.28 0.000263447 1.17239e-06
8.38 0.000260826 1.18453e-06
8.48 0.00025751 1.07237e-06
8.58 0.000254536 1.00397e-06
8.68 0.000252325 1.1346e-06
8.78 0.000249335 1.12124e-06
8.88 0.000248189 1.12017e-06
8.98 0.000244767 1.17825e-06
9.08 0.000241541 1.18132e-06
9.18 0.000238756 1.26528e-06
9.28 0.000236353 1.28759e-06
9.38 0.000234808 1.12981e-06
9.48 0.000232812 1.18166e-06
9.58 0.00023019 1.23223e-06
9.68 0.000227893 1.25027e-06
9.78 0.000224718 1.12612e-06
9.88 0.000221614 1.01063e-06
9.98 0.000219967 9.82042e-07
10.08 0.000218783 1.00551e-06
10.18 0.000215636 1.10027e-06
10.28 0.000212963 1.08438e-06
10.38 0.000211633 1.06671e-06
10.48 0.000208198 1.00787e-06
10.58 0.00020619 1.01183e-06
10.68 0.0002035 1.08504e-06
10.78 0.000200977 1.02982e-06
10.88 0.000199592 1.00133e-06
10.98 0.000198277 9.98582e-07
11.08 0.000196188 9.25417e-07
11.18 0.000194676 9.65514e-07
11.28 0.000193175 1.00315e-06
11.38 0.000190176 1.05184e-06
11.48 0.000187135 9.63997e-07
11.58 0.000184378 9.9549e-07
11.68 0.000182681 1.0014e-06
11.78 0.000180488 9.1944e-07
11.88 0.000178656 9.51644e-07
11.98 0.000176002 1.05214e-06
12.08 0.000173949 9.52269e-07
12.18 0.000171957 9.73345e-07
12.28 0.000169815 9.17051e-07
12.38 0.000168325 8.56137e-07
12.48 0.000166168 8.81767e-07
12.58 0.000164279 9.59369e-07
12.68 0.000162318 9.41465e-07
12.78 0.000160134 9.12014e-07
12.88 0.000158058 9.24236e-07
12.98 0.00015689 9.19101e-07
13.08 0.000155089 9.04242e-07
13.18 0.000152796 9.10186e-07
13.28 0.000151519 9.40281e-07
13.38 0.000150335 8.76446e-07
13.48 0.00014853 8.42955e-07
13.58 0.000146545 9.60987e-07
13.68 0.000143513 8.91127e-07
13.78 0.000141818 8.79305e-07
13.88 0.000139231 9.24857e-07
13.98 0.000138703 8.57721e-07
14.08 0.000136373 7.88727e-07
14.18 0.000134103 7.44748e-07
14.28 0.000131946 8.07156e-07
14.38 0.00013074 7.44393e-07
14.48 0.000129289 7.44191e-07
14.58 0.000127067 8.00593e-07
14.68 0.000124148 7.41746e-07
14.78 0.000122197 7.79059e-07
14.88 0.000119765 7.03261e-07
14.98 0.000117775 7.18098e-07
15.08 0.000115733 8.01104e-07
15.18 0.000114147 7.56234e-07
15.28 0.000112755 7.52097e-07
15.38 0.000111387 6.54002e-07
15.48 0.000109024 7.12581e-07
15.58 0.000107695 7.23344e-07
15.68 0.000106398 6.66094e-07
15.78 0.000103912 6.96528e-07
15.88 0.00010162 6.45867e-07
15.98 9.87472e-05 6.20296e-07
16.08 9.60417e-05 6.02803e-07
