1.09967 6.30839e-09
3.099 6.73908e-07
5.09833 1.24204e-06
7.09767 7.66648e-08
9.097 7.86544e-09
11.0963 8.35072e-09
13.0957 7.70372e-09
15.095 3.22734e-07
17.0943 5.76732e-07
19.0937 9.84422e-09
21.093 2.88857e-06
23.0923 1.28917e-08
25.0917 1.11225e-08
27.091 1.50103e-08
29.0903 5.01075e-07
31.0897 1.87916e-08
33.089 3.20408e-07
35.0883 2.12137e-08
37.0877 1.95313e-08
39.087 9.86341e-07
41.0863 4.4094e-07
43.0857 2.42921e-08
45.085 4.63979e-07
47.0843 5.19302e-07
49.0837 8.36994e-07
51.083 2.82433e-07
53.0823 3.34836e-07
55.0817 7.72588e-07
57.081 8.2375e-07
59.0803 1.07749e-06
61.0797 5.72366e-08
63.079 6.91274e-07
65.0783 6.96818e-08
67.0777 7.45178e-08
69.077 1.77677e-06
71.0763 5.81954e-07
73.0757 8.09674e-07
75.075 1.07579e-07
77.0743 1.28681e-06
79.0737 1.24232e-07
81.073 3.95753e-07
83.0723 8.47536e-07
85.0717 2.83327e-06
87.071 1.0613e-06
89.0703 2.77842e-07
91.0697 1.07141e-06
93.069 1.82151e-06
95.0683 2.17489e-06
97.0677 1.39021e-06
99.067 2.30294e-06
101.066 2.79187e-06
103.066 1.61627e-06
105.065 4.64067e-07
107.064 1.07127e-06
109.064 1.19989e-06
111.063 3.84859e-06
113.062 4.17763e-06
115.062 6.32292e-06
117.061 1.29214e-06
119.06 2.98356e-06
121.06 1.10568e-06
123.059 1.29739e-06
125.058 2.95809e-06
127.058 2.92709e-06
129.057 2.58688e-06
131.056 2.42321e-06
133.056 1.38684e-06
135.055 7.41963e-06
137.054 2.30835e-06
139.054 1.78824e-06
141.053 2.97624e-06
143.052 3.7423e-06
145.052 4.52174e-06
147.051 3.06405e-06
149.05 4.35582e-06
151.05 7.19616e-06
153.049 7.7723e-06
155.048 1.62336e-05
157.048 6.64437e-06
159.047 9.49487e-06
161.046 1.18409e-05
163.046 1.2416e-05
165.045 2.13354e-05
167.044 1.27586e-05
169.044 1.4767e-05
171.043 1.32505e-05
173.042 1.69257e-05
175.042 1.51627e-05
177.041 1.51369e-05
179.04 1.71332e-05
181.04 2.35354e-05
183.039 2.55896e-05
185.038 2.40247e-05
187.038 2.69822e-05
189.037 3.15016e-05
191.036 3.42912e-05
193.036 4.26346e-05
195.035 3.9789e-05
197.034 4.34465e-05
199.034 5.16541e-05
201.033 5.34643e-05
203.032 6.36638e-05
205.032 6.78114e-05
207.031 7.32557e-05
209.03 8.32664e-05
211.03 0.000101689
213.029 0.000123402
215.028 0.000149109
217.028 0.000185578
219.027 0.000226705
221.026 0.000246664
223.026 0.000237587
225.025 0.000219666
227.024 0.000192296
229.024 0.000169218
231.023 0.000155771
233.022 0.000122972
235.022 6.90969e-05
237.021 3.06668e-05
239.02 8.66262e-06
241.02 8.41449e-06
243.019 7.30883e-06
245.018 9.33805e-06
247.018 6.13287e-06
249.017 4.39689e-06
251.016 8.11174e-06
253.016 9.09306e-06
255.015 5.82293e-06
257.014 4.57151e-06
259.014 6.8508e-06
261.013 2.87258e-06
263.012 6.59311e-06
265.012 4.0685e-06
267.011 5.64495e-06
269.01 3.0502e-06
271.01 5.63679e-06
273.009 2.83009e-06
275.008 1.63521e-06
277.008 8.07034e-07
279.007 0
281.006 0
283.006 0
285.005 0
287.004 0
289.004 0
291.003 0
293.002 0
295.002 0
297.001 0
299 0
