1 1.92104e-12 6.02577e-14
3 6.1101e-12 1.74482e-13
5 1.0431e-11 2.99099e-13
7 1.43463e-11 3.67926e-13
9 1.81453e-11 4.86867e-13
11 1.23594e-09 6.85776e-10
13 2.86848e-11 8.14551e-13
15 3.44228e-11 8.43262e-13
17 4.19838e-11 9.92913e-13
19 2.65103e-07 7.32609e-09
21 4.25503e-05 1.04931e-07
23 0.000229343 2.91631e-07
25 0.000304018 2.98337e-07
27 0.000366778 2.9412e-07
29 0.000383626 3.31541e-07
31 0.000307472 2.47796e-07
33 0.000216884 1.95884e-07
35 0.00015255 1.4833e-07
37 0.00011311 1.30214e-07
39 8.87199e-05 1.11845e-07
41 7.21553e-05 8.5689e-08
43 5.96751e-05 6.72327e-08
45 4.98823e-05 5.44299e-08
47 4.19861e-05 5.03878e-08
49 3.55647e-05 4.36457e-08
51 3.02026e-05 4.04317e-08
53 2.57854e-05 3.56827e-08
55 2.22347e-05 3.06611e-08
57 1.93019e-05 2.77779e-08
59 1.68701e-05 2.41616e-08
61 1.47924e-05 2.26784e-08
63 1.30388e-05 2.00482e-08
65 1.15508e-05 1.81423e-08
67 1.02863e-05 1.63095e-08
69 9.20021e-06 1.49543e-08
71 8.27533e-06 1.38582e-08
73 7.48343e-06 1.2089e-08
75 6.7932e-06 1.14352e-08
77 6.19215e-06 1.02699e-08
79 5.6733e-06 9.85183e-09
81 5.21161e-06 8.6628e-09
83 4.78845e-06 7.98716e-09
85 4.4019e-06 7.2113e-09
87 4.06067e-06 6.47819e-09
89 3.75575e-06 6.15015e-09
91 3.47692e-06 5.50368e-09
93 3.22534e-06 5.32384e-09
95 2.99747e-06 4.85416e-09
97 2.78935e-06 4.37405e-09
99 2.60059e-06 4.27769e-09
101 2.42749e-06 3.68232e-09
103 2.27148e-06 3.74061e-09
105 2.12554e-06 3.22666e-09
107 1.99435e-06 3.23877e-09
109 1.87178e-06 2.93847e-09
111 1.76055e-06 2.75271e-09
113 1.65692e-06 2.6555e-09
115 1.55968e-06 2.56102e-09
117 1.4726e-06 2.31625e-09
119 1.39013e-06 2.15749e-09
121 1.31475e-06 1.99523e-09
123 1.24418e-06 1.94188e-09
125 1.17811e-06 1.80398e-09
127 1.11615e-06 1.71093e-09
129 1.05843e-06 1.61881e-09
131 1.00564e-06 1.56886e-09
133 9.55357e-07 1.46851e-09
135 9.09186e-07 1.36801e-09
137 8.65346e-07 1.4076e-09
139 8.24898e-07 1.2537e-09
141 7.86252e-07 1.20156e-09
143 7.49171e-07 1.10321e-09
145 7.14601e-07 1.10367e-09
147 6.82788e-07 1.01276e-09
149 6.52412e-07 1.01231e-09
151 6.23938e-07 9.74141e-10
153 5.96874e-07 8.99266e-10
155 5.72071e-07 9.15228e-10
157 5.47711e-07 8.41428e-10
159 5.25577e-07 8.25117e-10
161 5.03829e-07 7.8367e-10
163 4.83978e-07 7.20434e-10
165 4.65332e-07 7.34595e-10
167 4.46436e-07 6.43125e-10
169 4.28921e-07 6.6269e-10
171 4.12011e-07 6.17943e-10
173 3.96413e-07 6.4678e-10
175 3.81063e-07 5.44759e-10
177 3.67083e-07 5.65447e-10
179 3.53378e-07 5.2996e-10
181 3.4061e-07 5.11679e-10
183 3.28188e-07 5.0016e-10
185 3.16619e-07 4.82432e-10
187 3.05589e-07 4.54541e-10
189 2.95297e-07 4.72507e-10
191 2.84743e-07 4.11315e-10
193 2.74244e-07 4.19372e-10
195 2.65137e-07 3.99786e-10
197 2.56862e-07 4.14213e-10
199 2.48097e-07 3.67025e-10
201 2.40261e-07 3.77496e-10
203 2.32866e-07 3.54271e-10
205 2.25184e-07 3.51309e-10
207 2.18591e-07 3.36756e-10
209 2.11217e-07 3.29629e-10
211 2.04681e-07 3.1826e-10
213 1.98515e-07 2.98534e-10
215 1.92151e-07 2.952e-10
217 1.86089e-07 2.8978e-10
219 1.81066e-07 2.75438e-10
221 1.75245e-07 2.6898e-10
223 1.70053e-07 2.88351e-10
225 1.65365e-07 2.55228e-10
227 1.60459e-07 2.33559e-10
229 1.5577e-07 2.38445e-10
231 1.51575e-07 2.35846e-10
233 1.4699e-07 2.30192e-10
235 1.42909e-07 2.17551e-10
237 1.39341e-07 2.14615e-10
239 1.35106e-07 2.04665e-10
241 1.3139e-07 2.09432e-10
243 1.27783e-07 1.99822e-10
245 1.2457e-07 1.81453e-10
247 1.20905e-07 1.88237e-10
249 1.17759e-07 1.94384e-10
251 1.14685e-07 1.72981e-10
253 1.11742e-07 1.72389e-10
255 1.08728e-07 1.67828e-10
257 1.05959e-07 1.70874e-10
259 1.034e-07 1.55773e-10
261 1.00796e-07 1.472e-10
263 9.8234e-08 1.50332e-10
265 9.57204e-08 1.57655e-10
267 9.33473e-08 1.48513e-10
269 9.13072e-08 1.44432e-10
271 8.89176e-08 1.39973e-10
273 8.66299e-08 1.4415e-10
275 8.47848e-08 1.43241e-10
277 8.26694e-08 1.33325e-10
279 8.08319e-08 1.23144e-10
281 7.86962e-08 1.27154e-10
283 7.67819e-08 1.41192e-10
285 7.49615e-08 1.21318e-10
287 7.33627e-08 1.13031e-10
289 7.18075e-08 1.25173e-10
291 6.99181e-08 1.23285e-10
293 6.82646e-08 1.15947e-10
295 6.68912e-08 1.14439e-10
297 6.53076e-08 1.19577e-10
299 6.3906e-08 1.05703e-10
301 6.26853e-08 1.17903e-10
303 6.10357e-08 1.16668e-10
305 5.96779e-08 1.06243e-10
307 5.85009e-08 1.13935e-10
309 5.73131e-08 1.02844e-10
311 5.60526e-08 1.00906e-10
313 5.51083e-08 1.07533e-10
315 5.38158e-08 9.67477e-11
317 5.24901e-08 9.44722e-11
319 5.16049e-08 9.70388e-11
321 5.03878e-08 9.59208e-11
323 4.96527e-08 9.69639e-11
325 4.87181e-08 8.96e-11
327 4.75947e-08 9.79374e-11
329 4.66648e-08 9.72577e-11
331 4.54368e-08 8.92283e-11
333 4.47463e-08 9.64129e-11
335 4.37173e-08 9.03801e-11
337 4.30567e-08 9.74389e-11
339 4.21463e-08 8.55563e-11
341 4.15447e-08 8.27902e-11
343 4.05831e-08 8.86263e-11
345 3.95892e-08 8.1536e-11
347 3.87998e-08 8.45539e-11
349 3.80795e-08 7.49691e-11
351 3.7343e-08 8.76189e-11
353 3.67362e-08 7.10872e-11
355 3.60047e-08 8.1333e-11
357 3.555e-08 7.55625e-11
359 3.46237e-08 7.29889e-11
361 3.4199e-08 8.0428e-11
363 3.31185e-08 7.08622e-11
365 3.28156e-08 7.37163e-11
367 3.21498e-08 7.33857e-11
369 3.15884e-08 7.24747e-11
371 3.10911e-08 7.81535e-11
373 3.04973e-08 7.4769e-11
375 3.00295e-08 6.55996e-11
377 2.95831e-08 7.11315e-11
379 2.89878e-08 7.35592e-11
381 2.84276e-08 6.60633e-11
383 2.78782e-08 6.95122e-11
385 2.76218e-08 6.38245e-11
387 2.69026e-08 6.58938e-11
389 2.66464e-08 6.84945e-11
391 2.61082e-08 6.36112e-11
393 2.5657e-08 6.19751e-11
395 2.53284e-08 5.87754e-11
397 2.49049e-08 6.03291e-11
399 2.43612e-08 5.76365e-11
401 2.40999e-08 5.82026e-11
403 2.37346e-08 6.45272e-11
405 2.32044e-08 5.00933e-11
407 2.30093e-08 5.2884e-11
409 2.25969e-08 6.55784e-11
411 2.22059e-08 5.39387e-11
413 2.19453e-08 5.52362e-11
415 2.14777e-08 6.30074e-11
417 2.12338e-08 5.64742e-11
419 2.09597e-08 5.38459e-11
421 2.06303e-08 5.78266e-11
423 2.02953e-08 5.58768e-11
425 2.0002e-08 5.27413e-11
427 1.96828e-08 5.15257e-11
429 1.93233e-08 5.31218e-11
431 1.90871e-08 5.1978e-11
433 1.88564e-08 5.51117e-11
435 1.85476e-08 5.30444e-11
437 1.82498e-08 5.0063e-11
439 1.80261e-08 5.20828e-11
441 1.76873e-08 5.54088e-11
443 1.73975e-08 4.87662e-11
445 1.71736e-08 4.65965e-11
447 1.69782e-08 4.77e-11
449 1.67424e-08 5.19826e-11
451 1.64481e-08 4.2434e-11
453 1.62352e-08 4.61786e-11
455 1.60234e-08 4.55819e-11
457 1.57585e-08 5.37543e-11
459 1.54962e-08 4.72014e-11
461 1.53811e-08 4.48194e-11
463 1.51505e-08 4.23425e-11
465 1.496e-08 5.04944e-11
467 1.46432e-08 4.85701e-11
469 1.45415e-08 4.02911e-11
471 1.43116e-08 4.40689e-11
473 1.41073e-08 4.81724e-11
475 1.38741e-08 4.75393e-11
477 1.37804e-08 4.43404e-11
479 1.35513e-08 4.34745e-11
481 1.34372e-08 4.44009e-11
483 1.31602e-08 4.48106e-11
485 1.30202e-08 4.17908e-11
487 1.28206e-08 3.88588e-11
489 1.27413e-08 3.84041e-11
491 1.2472e-08 4.61545e-11
493 1.23418e-08 3.90246e-11
495 1.2224e-08 3.21337e-11
497 1.20858e-08 3.96966e-11
499 1.19109e-08 3.77728e-11
501 1.17085e-08 3.92146e-11
503 1.16039e-08 3.38902e-11
505 1.14628e-08 3.70912e-11
507 1.13361e-08 3.53841e-11
509 1.113e-08 3.88771e-11
511 1.10084e-08 3.52826e-11
513 1.09154e-08 3.55419e-11
515 1.08269e-08 3.47835e-11
517 1.06494e-08 3.21281e-11
519 1.05369e-08 3.72638e-11
521 1.0374e-08 3.1672e-11
523 1.02596e-08 3.60524e-11
525 1.01573e-08 3.25498e-11
527 1.00126e-08 3.37907e-11
529 9.92367e-09 3.36004e-11
531 9.79834e-09 3.35381e-11
533 9.69671e-09 3.36909e-11
535 9.60071e-09 3.59268e-11
537 9.46809e-09 3.43221e-11
539 9.36998e-09 3.34129e-11
541 9.2661e-09 2.89949e-11
543 9.16085e-09 3.54213e-11
545 9.04085e-09 3.45801e-11
547 8.94816e-09 2.94243e-11
549 8.89534e-09 2.93687e-11
551 8.73924e-09 3.20444e-11
553 8.67723e-09 2.68877e-11
555 8.58278e-09 2.92308e-11
557 8.47647e-09 2.81218e-11
559 8.4165e-09 2.70727e-11
561 8.3094e-09 3.10502e-11
563 8.21714e-09 2.99471e-11
565 8.10407e-09 2.83127e-11
567 8.04045e-09 3.01634e-11
569 7.94198e-09 2.40738e-11
571 7.92025e-09 2.83524e-11
573 7.85845e-09 2.99194e-11
575 7.69414e-09 2.90342e-11
577 7.62326e-09 2.83228e-11
579 7.57831e-09 2.74949e-11
581 7.5052e-09 2.67689e-11
583 7.47086e-09 2.73574e-11
585 7.39459e-09 3.1636e-11
587 7.29554e-09 2.85743e-11
589 7.16495e-09 2.6372e-11
591 7.16766e-09 2.55223e-11
593 7.09057e-09 2.68079e-11
595 6.99627e-09 2.28747e-11
597 7.00657e-09 2.55839e-11
599 6.92168e-09 2.8347e-11
601 6.82538e-09 2.55718e-11
603 6.73754e-09 2.24354e-11
605 6.69328e-09 2.53395e-11
607 6.62996e-09 2.52605e-11
609 6.55722e-09 2.3235e-11
611 6.564e-09 2.39243e-11
613 6.44935e-09 2.85011e-11
615 6.42179e-09 2.42026e-11
617 6.34173e-09 2.13282e-11
619 6.29503e-09 2.1624e-11
621 6.2431e-09 2.44826e-11
623 6.22095e-09 2.51725e-11
625 6.19929e-09 2.52223e-11
627 6.09922e-09 2.56246e-11
629 6.06323e-09 2.18714e-11
631 5.99299e-09 1.78972e-11
633 5.97417e-09 2.09975e-11
635 5.93188e-09 1.96669e-11
637 5.91649e-09 2.28678e-11
639 5.87201e-09 2.27489e-11
641 5.82869e-09 2.36713e-11
643 5.81384e-09 2.47257e-11
645 5.73463e-09 2.07828e-11
647 5.70559e-09 2.31365e-11
649 5.6732e-09 2.05261e-11
651 5.67061e-09 2.03893e-11
653 5.65758e-09 2.22787e-11
655 5.57955e-09 2.19959e-11
657 5.55914e-09 2.28793e-11
659 5.52875e-09 2.00306e-11
661 5.45575e-09 2.01251e-11
663 5.44211e-09 2.23875e-11
665 5.37698e-09 1.84772e-11
667 5.3607e-09 2.00038e-11
669 5.38836e-09 1.96153e-11
671 5.39189e-09 2.3007e-11
673 5.37697e-09 2.10626e-11
675 5.31382e-09 1.95842e-11
677 5.31515e-09 2.027e-11
679 5.31412e-09 1.96972e-11
681 5.31637e-09 1.92777e-11
683 5.2565e-09 1.75905e-11
685 5.2951e-09 2.07532e-11
687 5.23517e-09 2.13854e-11
689 5.22344e-09 2.10426e-11
691 5.18321e-09 1.85569e-11
693 5.21126e-09 1.87051e-11
695 5.19942e-09 1.76685e-11
697 5.23706e-09 1.90464e-11
699 5.40521e-09 1.94929e-11
701 5.40863e-09 2.12769e-11
703 5.41564e-09 2.02475e-11
705 5.41778e-09 1.97659e-11
707 5.49227e-09 1.87988e-11
709 5.48405e-09 1.74708e-11
711 5.53768e-09 2.22928e-11
713 5.53824e-09 2.16976e-11
715 5.6004e-09 1.85679e-11
717 5.59669e-09 2.18121e-11
719 5.62765e-09 2.05042e-11
721 5.71322e-09 1.99046e-11
723 5.7579e-09 1.76103e-11
725 6.20626e-09 2.03068e-11
727 6.60516e-09 2.47297e-11
729 6.87314e-09 2.47894e-11
731 7.04717e-09 2.15128e-11
733 7.38524e-09 2.20963e-11
735 7.73597e-09 2.28533e-11
737 9.72009e-09 2.81587e-11
739 1.18154e-08 2.39266e-11
741 1.39446e-08 2.79993e-11
743 2.80299e-08 5.52428e-11
745 7.65367e-09 1.90618e-11
747 0 0
749 0 0
751 0 0
753 0 0
755 0 0
757 0 0
759 0 0
761 0 0
763 0 0
765 0 0
767 0 0
769 0 0
771 0 0
773 0 0
775 0 0
777 0 0
779 0 0
781 0 0
783 0 0
785 0 0
787 0 0
789 0 0
791 0 0
793 0 0
795 0 0
797 0 0
799 0 0
801 0 0
803 0 0
805 0 0
807 0 0
809 0 0
811 0 0
813 0 0
815 0 0
817 0 0
819 0 0
821 0 0
823 0 0
825 0 0
827 0 0
829 0 0
831 0 0
833 0 0
835 0 0
837 0 0
839 0 0
841 0 0
843 0 0
845 0 0
847 0 0
849 0 0
851 0 0
853 0 0
855 0 0
857 0 0
859 0 0
861 0 0
863 0 0
865 0 0
867 0 0
869 0 0
871 0 0
873 0 0
875 0 0
877 0 0
879 0 0
881 0 0
883 0 0
885 0 0
887 0 0
889 0 0
891 0 0
893 0 0
895 0 0
897 0 0
899 0 0
901 0 0
903 0 0
905 0 0
907 0 0
909 0 0
911 0 0
913 0 0
915 0 0
917 0 0
919 0 0
921 0 0
923 0 0
925 0 0
927 0 0
929 0 0
931 0 0
933 0 0
935 0 0
937 0 0
939 0 0
941 0 0
943 0 0
945 0 0
947 0 0
949 0 0
951 0 0
953 0 0
955 0 0
957 0 0
959 0 0
961 0 0
963 0 0
965 0 0
967 0 0
969 0 0
971 0 0
973 0 0
975 0 0
977 0 0
979 0 0
981 0 0
983 0 0
985 0 0
987 0 0
989 0 0
991 0 0
993 0 0
995 0 0
997 0 0
999 0 0
1001 0 0
1003 0 0
1005 0 0
1007 0 0
1009 0 0
1011 0 0
1013 0 0
1015 0 0
1017 0 0
1019 0 0
1021 0 0
1023 0 0
1025 0 0
1027 0 0
1029 0 0
1031 0 0
1033 0 0
1035 0 0
1037 0 0
1039 0 0
1041 0 0
1043 0 0
1045 0 0
1047 0 0
1049 0 0
1051 0 0
1053 0 0
1055 0 0
1057 0 0
1059 0 0
1061 0 0
1063 0 0
1065 0 0
1067 0 0
1069 0 0
1071 0 0
1073 0 0
1075 0 0
1077 0 0
1079 0 0
1081 0 0
1083 0 0
1085 0 0
1087 0 0
1089 0 0
1091 0 0
1093 0 0
1095 0 0
1097 0 0
1099 0 0
1101 0 0
1103 0 0
1105 0 0
1107 0 0
1109 0 0
1111 0 0
1113 0 0
1115 0 0
1117 0 0
1119 0 0
1121 0 0
1123 0 0
1125 0 0
1127 0 0
1129 0 0
1131 0 0
1133 0 0
1135 0 0
1137 0 0
1139 0 0
1141 0 0
1143 0 0
1145 0 0
1147 0 0
1149 0 0
1151 0 0
1153 0 0
1155 0 0
1157 0 0
1159 0 0
1161 0 0
1163 0 0
1165 0 0
1167 0 0
1169 0 0
1171 0 0
1173 0 0
1175 0 0
1177 0 0
1179 0 0
1181 0 0
1183 0 0
1185 0 0
1187 0 0
1189 0 0
1191 0 0
1193 0 0
1195 0 0
1197 0 0
1199 0 0
1201 0 0
1203 0 0
1205 0 0
1207 0 0
1209 0 0
1211 0 0
1213 0 0
1215 0 0
1217 0 0
1219 0 0
1221 0 0
1223 0 0
1225 0 0
1227 0 0
1229 0 0
1231 0 0
1233 0 0
1235 0 0
1237 0 0
1239 0 0
1241 0 0
1243 0 0
1245 0 0
1247 0 0
1249 0 0
1251 0 0
1253 0 0
1255 0 0
1257 0 0
1259 0 0
1261 0 0
1263 0 0
1265 0 0
1267 0 0
1269 0 0
1271 0 0
1273 0 0
1275 0 0
1277 0 0
1279 0 0
1281 0 0
1283 0 0
1285 0 0
1287 0 0
1289 0 0
1291 0 0
1293 0 0
1295 0 0
1297 0 0
1299 0 0
1301 0 0
1303 0 0
1305 0 0
1307 0 0
1309 0 0
1311 0 0
1313 0 0
1315 0 0
1317 0 0
1319 0 0
1321 0 0
1323 0 0
1325 0 0
1327 0 0
1329 0 0
1331 0 0
1333 0 0
1335 0 0
1337 0 0
1339 0 0
1341 0 0
1343 0 0
1345 0 0
1347 0 0
1349 0 0
1351 0 0
1353 0 0
1355 0 0
1357 0 0
1359 0 0
1361 0 0
1363 0 0
1365 0 0
1367 0 0
1369 0 0
1371 0 0
1373 0 0
1375 0 0
1377 0 0
1379 0 0
1381 0 0
1383 0 0
1385 0 0
1387 0 0
1389 0 0
1391 0 0
1393 0 0
1395 0 0
1397 0 0
1399 0 0
1401 0 0
1403 0 0
1405 0 0
1407 0 0
1409 0 0
1411 0 0
1413 0 0
1415 0 0
1417 0 0
1419 0 0
1421 0 0
1423 0 0
1425 0 0
1427 0 0
1429 0 0
1431 0 0
1433 0 0
1435 0 0
1437 0 0
1439 0 0
1441 0 0
1443 0 0
1445 0 0
1447 0 0
1449 0 0
1451 0 0
1453 0 0
1455 0 0
1457 0 0
1459 0 0
1461 0 0
1463 0 0
1465 0 0
1467 0 0
1469 0 0
1471 0 0
1473 0 0
1475 0 0
1477 0 0
1479 0 0
1481 0 0
1483 0 0
1485 0 0
1487 0 0
1489 0 0
1491 0 0
1493 0 0
1495 0 0
1497 0 0
1499 0 0
1501 0 0
1503 0 0
1505 0 0
1507 0 0
1509 0 0
1511 0 0
1513 0 0
1515 0 0
1517 0 0
1519 0 0
1521 0 0
1523 0 0
1525 0 0
1527 0 0
1529 0 0
1531 0 0
1533 0 0
1535 0 0
1537 0 0
1539 0 0
1541 0 0
1543 0 0
1545 0 0
1547 0 0
1549 0 0
1551 0 0
1553 0 0
1555 0 0
1557 0 0
1559 0 0
1561 0 0
1563 0 0
1565 0 0
1567 0 0
1569 0 0
1571 0 0
1573 0 0
1575 0 0
1577 0 0
1579 0 0
1581 0 0
1583 0 0
1585 0 0
1587 0 0
1589 0 0
1591 0 0
1593 0 0
1595 0 0
1597 0 0
1599 0 0
1601 0 0
1603 0 0
1605 0 0
1607 0 0
1609 0 0
1611 0 0
1613 0 0
1615 0 0
1617 0 0
1619 0 0
1621 0 0
1623 0 0
1625 0 0
1627 0 0
1629 0 0
1631 0 0
1633 0 0
1635 0 0
1637 0 0
1639 0 0
1641 0 0
1643 0 0
1645 0 0
1647 0 0
1649 0 0
1651 0 0
1653 0 0
1655 0 0
1657 0 0
1659 0 0
1661 0 0
1663 0 0
1665 0 0
1667 0 0
1669 0 0
1671 0 0
1673 0 0
1675 0 0
1677 0 0
1679 0 0
1681 0 0
1683 0 0
1685 0 0
1687 0 0
1689 0 0
1691 0 0
1693 0 0
1695 0 0
1697 0 0
1699 0 0
1701 0 0
1703 0 0
1705 0 0
1707 0 0
1709 0 0
1711 0 0
1713 0 0
1715 0 0
1717 0 0
1719 0 0
1721 0 0
1723 0 0
1725 0 0
1727 0 0
1729 0 0
1731 0 0
1733 0 0
1735 0 0
1737 0 0
1739 0 0
1741 0 0
1743 0 0
1745 0 0
1747 0 0
1749 0 0
1751 0 0
1753 0 0
1755 0 0
1757 0 0
1759 0 0
1761 0 0
1763 0 0
1765 0 0
1767 0 0
1769 0 0
1771 0 0
1773 0 0
1775 0 0
1777 0 0
1779 0 0
1781 0 0
1783 0 0
1785 0 0
1787 0 0
1789 0 0
1791 0 0
1793 0 0
1795 0 0
1797 0 0
1799 0 0
1801 0 0
1803 0 0
1805 0 0
1807 0 0
1809 0 0
1811 0 0
1813 0 0
1815 0 0
1817 0 0
1819 0 0
1821 0 0
1823 0 0
1825 0 0
1827 0 0
1829 0 0
1831 0 0
1833 0 0
1835 0 0
1837 0 0
1839 0 0
1841 0 0
1843 0 0
1845 0 0
1847 0 0
1849 0 0
1851 0 0
1853 0 0
1855 0 0
1857 0 0
1859 0 0
1861 0 0
1863 0 0
1865 0 0
1867 0 0
1869 0 0
1871 0 0
1873 0 0
1875 0 0
1877 0 0
1879 0 0
1881 0 0
1883 0 0
1885 0 0
1887 0 0
1889 0 0
1891 0 0
1893 0 0
1895 0 0
1897 0 0
1899 0 0
1901 0 0
1903 0 0
1905 0 0
1907 0 0
1909 0 0
1911 0 0
1913 0 0
1915 0 0
1917 0 0
1919 0 0
1921 0 0
1923 0 0
1925 0 0
1927 0 0
1929 0 0
1931 0 0
1933 0 0
1935 0 0
1937 0 0
1939 0 0
1941 0 0
1943 0 0
1945 0 0
1947 0 0
1949 0 0
1951 0 0
1953 0 0
1955 0 0
1957 0 0
1959 0 0
1961 0 0
1963 0 0
1965 0 0
1967 0 0
1969 0 0
1971 0 0
1973 0 0
1975 0 0
1977 0 0
1979 0 0
1981 0 0
1983 0 0
1985 0 0
1987 0 0
1989 0 0
1991 0 0
1993 0 0
1995 0 0
1997 0 0
1999 0 0
