1.09967 5.52079e-09 2.76347e-10
3.099 6.46479e-09 2.91709e-10
5.09833 6.52603e-09 3.29919e-10
7.09767 7.05424e-09 3.27711e-10
9.097 5.9843e-09 2.36637e-10
11.0963 7.04088e-09 3.14123e-10
13.0957 6.86747e-09 3.27493e-10
15.095 6.82873e-09 2.89398e-10
17.0943 7.01552e-09 2.64545e-10
19.0937 7.41314e-09 3.08241e-10
21.093 7.16097e-09 2.60098e-10
23.0923 7.8168e-09 2.95765e-10
25.0917 7.88737e-09 2.9608e-10
27.091 7.96889e-09 2.65515e-10
29.0903 8.54848e-09 3.04396e-10
31.0897 8.31456e-09 2.67159e-10
33.089 9.06164e-09 3.14777e-10
35.0883 9.05299e-09 2.74019e-10
37.0877 9.52822e-09 3.28168e-10
39.087 9.66594e-09 3.05729e-10
41.0863 1.02131e-08 3.17494e-10
43.0857 1.04816e-08 3.16432e-10
45.085 1.06532e-08 3.01184e-10
47.0843 1.13767e-08 3.3369e-10
49.0837 1.17627e-08 3.36708e-10
51.083 1.18165e-08 3.42903e-10
53.0823 1.25802e-08 3.5526e-10
55.0817 1.29315e-08 3.41907e-10
57.081 1.33352e-08 3.55406e-10
59.0803 1.37345e-08 3.51343e-10
61.0797 1.4154e-08 3.87836e-10
63.079 1.4784e-08 4.13441e-10
65.0783 1.52003e-08 3.98757e-10
67.0777 1.57632e-08 4.18988e-10
69.077 1.60632e-08 4.43388e-10
71.0763 1.66592e-08 4.48292e-10
73.0757 1.74001e-08 4.858e-10
75.075 1.7705e-08 4.67805e-10
77.0743 1.82288e-08 5.04149e-10
79.0737 1.90608e-08 4.99971e-10
81.073 1.95017e-08 5.26336e-10
83.0723 2.01265e-08 5.4205e-10
85.0717 2.07711e-08 5.4536e-10
87.071 2.12735e-08 5.63218e-10
89.0703 2.19968e-08 5.95442e-10
91.0697 2.2337e-08 6.03312e-10
93.069 2.30206e-08 6.38656e-10
95.0683 2.34899e-08 6.42986e-10
97.0677 2.4025e-08 6.41626e-10
99.067 2.47706e-08 6.67935e-10
101.066 2.53992e-08 6.70843e-10
103.066 2.5928e-08 6.8296e-10
105.065 2.62822e-08 7.34366e-10
107.064 2.65368e-08 7.28391e-10
109.064 2.68871e-08 7.68747e-10
111.063 2.72265e-08 7.81039e-10
113.062 2.75272e-08 8.15741e-10
115.062 2.77246e-08 8.32878e-10
117.061 2.78094e-08 8.40712e-10
119.06 2.82614e-08 8.74471e-10
121.06 2.82825e-08 8.9722e-10
123.059 2.78882e-08 9.20906e-10
125.058 2.75521e-08 8.90029e-10
127.058 2.71869e-08 9.06327e-10
129.057 2.70571e-08 9.70758e-10
131.056 2.64602e-08 9.8191e-10
133.056 2.64174e-08 9.69869e-10
135.055 2.59981e-08 9.71733e-10
137.054 2.49459e-08 9.54103e-10
139.054 2.42761e-08 9.80035e-10
141.053 2.37068e-08 9.55056e-10
143.052 2.2696e-08 9.39763e-10
145.052 2.17378e-08 9.51605e-10
147.051 2.06667e-08 9.44005e-10
149.05 2.00542e-08 9.64139e-10
151.05 1.8572e-08 1.01256e-09
153.049 1.71797e-08 9.62305e-10
155.048 1.65285e-08 9.32918e-10
157.048 1.53015e-08 9.08494e-10
159.047 1.40732e-08 8.97037e-10
161.046 1.28561e-08 8.60576e-10
163.046 1.19298e-08 8.81362e-10
165.045 1.06693e-08 7.99356e-10
167.044 9.66281e-09 7.25667e-10
169.044 8.97651e-09 7.42226e-10
171.043 7.72213e-09 7.24113e-10
173.042 6.63716e-09 6.24246e-10
175.042 6.05299e-09 6.87506e-10
177.041 5.28944e-09 6.97822e-10
179.04 3.72584e-09 5.53808e-10
181.04 2.85887e-09 4.51815e-10
183.039 2.23805e-09 3.79715e-10
185.038 1.74766e-09 3.72974e-10
187.038 1.15118e-09 3.43949e-10
189.037 1.05384e-09 3.44468e-10
191.036 1.19145e-09 3.29343e-10
193.036 1.2114e-09 3.3492e-10
195.035 9.99967e-10 3.06418e-10
197.034 1.02754e-09 3.36926e-10
199.034 5.37725e-10 2.33599e-10
201.033 4.20777e-10 2.27903e-10
203.032 3.59287e-10 2.06202e-10
205.032 2.50685e-10 1.56614e-10
207.031 1.94718e-10 1.36789e-10
209.03 0 0
211.03 9.06703e-11 9.00475e-11
213.029 1.68738e-10 1.67579e-10
215.028 0 0
217.028 0 0
219.027 0 0
221.026 0 0
223.026 0 0
225.025 0 0
227.024 0 0
229.024 0 0
231.023 0 0
233.022 0 0
235.022 0 0
237.021 0 0
239.02 0 0
241.02 0 0
243.019 0 0
245.018 0 0
247.018 0 0
249.017 0 0
251.016 0 0
253.016 0 0
255.015 0 0
257.014 0 0
259.014 0 0
261.013 0 0
263.012 0 0
265.012 0 0
267.011 0 0
269.01 0 0
271.01 0 0
273.009 0 0
275.008 0 0
277.008 0 0
279.007 0 0
281.006 0 0
283.006 0 0
285.005 0 0
287.004 0 0
289.004 0 0
291.003 0 0
293.002 0 0
295.002 0 0
297.001 0 0
299 0 0
