1.09967 2.17087e-09 1.4014e-10
3.099 2.15595e-09 1.27804e-10
5.09833 2.45662e-09 1.35728e-10
7.09767 2.06074e-09 1.21828e-10
9.097 2.08601e-09 1.22837e-10
11.0963 2.22654e-09 1.18549e-10
13.0957 2.15964e-09 1.17942e-10
15.095 2.06737e-09 1.18887e-10
17.0943 2.16883e-09 1.10996e-10
19.0937 2.18335e-09 1.02819e-10
21.093 2.07832e-09 1.07581e-10
23.0923 2.18985e-09 9.61702e-11
25.0917 2.10105e-09 1.00307e-10
27.091 2.1845e-09 9.92939e-11
29.0903 2.26938e-09 9.46133e-11
31.0897 2.20586e-09 9.26698e-11
33.089 2.29715e-09 9.33453e-11
35.0883 2.2977e-09 9.14321e-11
37.0877 2.26312e-09 9.47135e-11
39.087 2.4538e-09 8.22805e-11
41.0863 2.28238e-09 9.21553e-11
43.0857 2.50445e-09 9.13806e-11
45.085 2.58634e-09 8.02974e-11
47.0843 2.50789e-09 9.78629e-11
49.0837 2.59175e-09 8.54079e-11
51.083 2.70126e-09 8.61159e-11
53.0823 2.85927e-09 8.63517e-11
55.0817 2.86999e-09 8.91874e-11
57.081 2.9105e-09 8.22388e-11
59.0803 2.98934e-09 8.78135e-11
61.0797 3.10736e-09 9.06657e-11
63.079 3.13404e-09 9.84408e-11
65.0783 3.2885e-09 1.04436e-10
67.0777 3.41463e-09 1.07239e-10
69.077 3.48523e-09 1.08818e-10
71.0763 3.52675e-09 1.11514e-10
73.0757 3.72066e-09 1.14897e-10
75.075 3.7359e-09 1.21154e-10
77.0743 3.88872e-09 1.22224e-10
79.0737 3.96589e-09 1.20859e-10
81.073 4.0958e-09 1.25154e-10
83.0723 4.16631e-09 1.27523e-10
85.0717 4.25929e-09 1.30705e-10
87.071 4.29555e-09 1.32314e-10
89.0703 4.46839e-09 1.38146e-10
91.0697 4.45141e-09 1.4338e-10
93.069 4.61348e-09 1.48225e-10
95.0683 4.60226e-09 1.5878e-10
97.0677 4.7127e-09 1.49695e-10
99.067 4.68687e-09 1.53966e-10
101.066 4.73569e-09 1.62729e-10
103.066 4.82208e-09 1.72528e-10
105.065 4.77491e-09 1.61029e-10
107.064 4.72748e-09 1.75097e-10
109.064 4.71296e-09 1.77137e-10
111.063 4.58896e-09 1.76636e-10
113.062 4.57637e-09 1.85725e-10
115.062 4.55966e-09 1.94241e-10
117.061 4.39013e-09 1.98602e-10
119.06 4.31802e-09 1.97545e-10
121.06 4.24257e-09 1.97262e-10
123.059 4.08373e-09 1.99074e-10
125.058 3.89187e-09 2.05635e-10
127.058 3.68796e-09 2.14106e-10
129.057 3.44504e-09 2.11094e-10
131.056 3.28518e-09 2.03395e-10
133.056 3.16784e-09 2.03521e-10
135.055 2.99994e-09 1.95763e-10
137.054 2.83711e-09 1.95345e-10
139.054 2.5823e-09 1.89629e-10
141.053 2.36941e-09 1.89346e-10
143.052 2.1614e-09 1.86955e-10
145.052 1.92718e-09 1.61513e-10
147.051 1.79075e-09 1.66134e-10
149.05 1.55988e-09 1.60743e-10
151.05 1.42445e-09 1.49321e-10
153.049 1.13705e-09 1.38288e-10
155.048 9.28917e-10 1.29896e-10
157.048 8.46969e-10 1.23975e-10
159.047 7.58548e-10 1.27095e-10
161.046 6.87978e-10 1.17388e-10
163.046 5.58223e-10 1.01286e-10
165.045 4.20208e-10 8.712e-11
167.044 3.65591e-10 8.5732e-11
169.044 2.27951e-10 6.90209e-11
171.043 2.15048e-10 7.17225e-11
173.042 2.14643e-10 7.25992e-11
175.042 1.41098e-10 5.8798e-11
177.041 1.2269e-10 5.98734e-11
179.04 9.71779e-11 5.16416e-11
181.04 8.22569e-11 5.02092e-11
183.039 4.61105e-11 3.51532e-11
185.038 4.19889e-11 4.15214e-11
187.038 3.67997e-11 3.639e-11
189.037 3.81488e-11 3.77241e-11
191.036 4.79244e-11 4.73907e-11
193.036 4.158e-11 4.1117e-11
195.035 4.32284e-11 4.2747e-11
197.034 3.57384e-11 3.53404e-11
199.034 0 0
201.033 0 0
203.032 0 0
205.032 0 0
207.031 0 0
209.03 0 0
211.03 0 0
213.029 0 0
215.028 0 0
217.028 0 0
219.027 0 0
221.026 0 0
223.026 0 0
225.025 0 0
227.024 0 0
229.024 0 0
231.023 0 0
233.022 0 0
235.022 0 0
237.021 0 0
239.02 0 0
241.02 0 0
243.019 0 0
245.018 0 0
247.018 0 0
249.017 0 0
251.016 0 0
253.016 0 0
255.015 0 0
257.014 0 0
259.014 0 0
261.013 0 0
263.012 0 0
265.012 0 0
267.011 0 0
269.01 0 0
271.01 0 0
273.009 0 0
275.008 0 0
277.008 0 0
279.007 0 0
281.006 0 0
283.006 0 0
285.005 0 0
287.004 0 0
289.004 0 0
291.003 0 0
293.002 0 0
295.002 0 0
297.001 0 0
299 0 0
