-8.2 0.00771984 4.35447e-06
-8.1 0.0077178 4.40168e-06
-8 0.00771247 4.37128e-06
-7.9 0.00770588 4.4113e-06
-7.8 0.00770001 4.35881e-06
-7.7 0.00769299 4.36124e-06
-7.6 0.00768449 4.32185e-06
-7.5 0.00767491 4.22397e-06
-7.4 0.00766593 4.13194e-06
-7.3 0.00765651 4.24486e-06
-7.2 0.00764729 4.30198e-06
-7.1 0.00763738 4.317e-06
-7 0.00762695 4.2816e-06
-6.9 0.00761552 4.23917e-06
-6.8 0.00760524 4.18464e-06
-6.7 0.00759289 4.14066e-06
-6.6 0.00758154 4.10953e-06
-6.5 0.0075691 4.01497e-06
-6.4 0.0075539 4.06526e-06
-6.3 0.0075308 4.11186e-06
-6.2 0.00750564 4.16008e-06
-6.1 0.00748109 4.16427e-06
-6 0.00745721 4.14649e-06
-5.9 0.00743337 4.0828e-06
-5.8 0.00740928 4.1298e-06
-5.7 0.00738492 4.15584e-06
-5.6 0.00735927 4.21534e-06
-5.5 0.00733375 4.20674e-06
-5.4 0.00730988 4.20403e-06
-5.3 0.00728617 4.19123e-06
-5.2 0.00725959 4.15449e-06
-5.1 0.00723511 4.22787e-06
-5 0.00721182 4.17199e-06
-4.9 0.00718737 4.15297e-06
-4.8 0.00716171 4.11393e-06
-4.7 0.00713555 4.12728e-06
-4.6 0.00711089 4.17211e-06
-4.5 0.00708579 4.13586e-06
-4.4 0.00705835 4.10879e-06
-4.3 0.00703184 4.01783e-06
-4.2 0.00700653 4.09963e-06
-4.1 0.00698101 4.12428e-06
-4 0.00695429 4.1413e-06
-3.9 0.00692696 4.18785e-06
-3.8 0.0069003 4.18694e-06
-3.7 0.00687433 4.13918e-06
-3.6 0.00684724 4.02995e-06
-3.5 0.00681996 4.01368e-06
-3.4 0.00679214 3.97674e-06
-3.3 0.00676526 3.91783e-06
-3.2 0.00673785 3.89803e-06
-3.1 0.00670949 3.89756e-06
-3 0.006681 3.8292e-06
-2.9 0.00665323 3.80168e-06
-2.8 0.00662575 3.81978e-06
-2.7 0.00659841 3.76784e-06
-2.6 0.00656912 3.75912e-06
-2.5 0.0065399 3.74285e-06
-2.4 0.00651173 3.65896e-06
-2.3 0.00648405 3.61507e-06
-2.2 0.00645566 3.67178e-06
-2.1 0.00642549 3.5548e-06
-2 0.00639535 3.529e-06
-1.9 0.0063648 3.50787e-06
-1.8 0.00633545 3.45547e-06
-1.7 0.00630476 3.42315e-06
-1.6 0.00627381 3.45919e-06
-1.5 0.00624245 3.4738e-06
-1.4 0.00621166 3.54578e-06
-1.3 0.00618205 3.5202e-06
-1.2 0.00615248 3.55172e-06
-1.1 0.00612013 3.53192e-06
-1 0.00608752 3.59522e-06
-0.9 0.0060551 3.57147e-06
-0.8 0.00602398 3.55366e-06
-0.7 0.00599307 3.48384e-06
-0.6 0.0059605 3.44026e-06
-0.5 0.00592624 3.39652e-06
-0.4 0.0058928 3.37958e-06
-0.3 0.00585968 3.37891e-06
-0.2 0.0058272 3.4613e-06
-0.1 0.00579501 3.42982e-06
0 0.00576056 3.38999e-06
0.1 0.00572535 3.37887e-06
0.2 0.00569053 3.33399e-06
0.3 0.00565614 3.29862e-06
0.4 0.00562193 3.24469e-06
0.5 0.00558664 3.20591e-06
0.6 0.00555039 3.21843e-06
0.7 0.00551384 3.2293e-06
0.8 0.0054785 3.24607e-06
0.9 0.0054436 3.23107e-06
1 0.00540727 3.23816e-06
1.1 0.00536888 3.30369e-06
1.2 0.00533049 3.22913e-06
1.3 0.00529268 3.14948e-06
1.4 0.00525563 3.1746e-06
1.5 0.00521893 3.14856e-06
1.6 0.00518186 3.17421e-06
1.7 0.00514287 3.24121e-06
1.8 0.00510206 3.25991e-06
1.9 0.00506209 3.22329e-06
2 0.00502227 3.17677e-06
2.1 0.00498372 3.15347e-06
2.2 0.0049442 3.11803e-06
2.3 0.00490172 3.22114e-06
2.4 0.00485753 3.22283e-06
2.5 0.00481385 3.17734e-06
2.6 0.00477122 3.13227e-06
2.7 0.00472985 3.07362e-06
2.8 0.00468847 3.07334e-06
2.9 0.00464418 3.03167e-06
3 0.00459839 2.98339e-06
3.1 0.00455153 2.91384e-06
3.2 0.00450456 2.91215e-06
3.3 0.00445882 2.92255e-06
3.4 0.00441398 2.89989e-06
3.5 0.00436793 2.81006e-06
3.6 0.00431866 2.78068e-06
3.7 0.00426673 2.75425e-06
3.8 0.00421642 2.68135e-06
3.9 0.00416744 2.69266e-06
4 0.00411981 2.67836e-06
4.1 0.00407163 2.70531e-06
4.2 0.00402036 2.69202e-06
4.3 0.00396629 2.67295e-06
4.4 0.00390997 2.60284e-06
4.5 0.00385372 2.54792e-06
4.6 0.00379852 2.4737e-06
4.7 0.00374391 2.47501e-06
4.8 0.00368835 2.55464e-06
4.9 0.00362933 2.54592e-06
5 0.00356658 2.52604e-06
5.1 0.00350221 2.47483e-06
5.2 0.00343722 2.40016e-06
5.3 0.00337275 2.39076e-06
5.4 0.00330811 2.45689e-06
5.5 0.00324232 2.42445e-06
5.6 0.00317297 2.38357e-06
5.7 0.00310214 2.31164e-06
5.8 0.00299926 2.2746e-06
5.9 0.00291209 2.31873e-06
6 0.00282438 2.28415e-06
6.1 0.00273256 2.17321e-06
6.2 0.00263261 2.23716e-06
6.3 0.00252439 2.23215e-06
6.4 0.00241586 2.24811e-06
6.5 0.00230115 2.20611e-06
6.6 0.00218041 2.17952e-06
6.7 0.0020544 2.16109e-06
6.8 0.0019191 2.08078e-06
6.9 0.00176594 2.0155e-06
7 0.0015931 1.88591e-06
7.1 0.00140578 1.74558e-06
7.2 0.00121095 1.61084e-06
7.3 0.00102078 1.40443e-06
7.4 0.000848259 1.23457e-06
7.5 0.000700611 1.18722e-06
7.6 0.000576172 1.12488e-06
7.7 0.00047188 1.00831e-06
7.8 0.000382045 9.49387e-07
7.9 0.000301717 8.57006e-07
8 0.00022884 7.24226e-07
8.1 0.000165017 5.97233e-07
8.2 0.000112392 5.32405e-07
8.3 7.23024e-05 4.05101e-07
8.4 4.34296e-05 3.25382e-07
8.5 2.52218e-05 2.65207e-07
8.6 1.43114e-05 1.91236e-07
8.7 8.5284e-06 1.5395e-07
8.8 5.58487e-06 1.12473e-07
8.9 4.35309e-06 1.05426e-07
9 3.74074e-06 1.09886e-07
9.1 3.45545e-06 1.01849e-07
9.2 3.27479e-06 9.55192e-08
9.3 3.24841e-06 9.99093e-08
9.4 3.32257e-06 1.06126e-07
9.5 3.29092e-06 1.02318e-07
9.6 3.24981e-06 1.01729e-07
9.7 3.26807e-06 9.16453e-08
9.8 3.15039e-06 8.55151e-08
9.9 3.05152e-06 9.21696e-08
10 3.06371e-06 8.82322e-08
10.1 2.96907e-06 8.57053e-08
10.2 2.96019e-06 8.6401e-08
10.3 3.02944e-06 9.02725e-08
10.4 2.98336e-06 9.05055e-08
10.5 2.96657e-06 8.93685e-08
10.6 2.93104e-06 9.37355e-08
10.7 2.93571e-06 9.37706e-08
10.8 2.86526e-06 8.76084e-08
10.9 2.82844e-06 9.07465e-08
11 2.79709e-06 8.6861e-08
11.1 2.71178e-06 8.05978e-08
11.2 2.69206e-06 7.28376e-08
11.3 2.72484e-06 9.24464e-08
11.4 2.69147e-06 7.99454e-08
11.5 2.7125e-06 8.66995e-08
11.6 2.67731e-06 8.61105e-08
11.7 2.69412e-06 8.44949e-08
11.8 2.6252e-06 8.06245e-08
11.9 2.62393e-06 8.80702e-08
12 2.56811e-06 8.34686e-08
12.1 2.60276e-06 8.54051e-08
12.2 2.5206e-06 7.96144e-08
