-8.2 4.69587 0.00203035
-8.1 4.74463 0.0026485
-8 4.79662 0.0029114
-7.9 4.83856 0.00275087
-7.8 4.87903 0.00299374
-7.7 4.92589 0.00319575
-7.6 4.96424 0.00312089
-7.5 4.99833 0.00316994
-7.4 5.04344 0.00288102
-7.3 5.08148 0.00313292
-7.2 5.12826 0.00347218
-7.1 5.17285 0.0030818
-7 5.21793 0.00334197
-6.9 5.27025 0.00305161
-6.8 5.3253 0.00333181
-6.7 5.38555 0.00328341
-6.6 5.46495 0.0034603
-6.5 5.55849 0.00369433
-6.4 5.68396 0.00379748
-6.3 5.76235 0.00401233
-6.2 5.7854 0.0046204
-6.1 5.79401 0.00461325
-6 5.82701 0.00469717
-5.9 5.85699 0.00445864
-5.8 5.87199 0.00425782
-5.7 5.90354 0.00398129
-5.6 5.9307 0.0047906
-5.5 5.9369 0.00479579
-5.4 5.96356 0.00447714
-5.3 6.00581 0.00421772
-5.2 6.02269 0.00449926
-5.1 6.03549 0.00441246
-5 6.06765 0.00415575
-4.9 6.11723 0.00456258
-4.8 6.14792 0.00448668
-4.7 6.16194 0.00476868
-4.6 6.19149 0.00508593
-4.5 6.23503 0.00532742
-4.4 6.26421 0.00451674
-4.3 6.27235 0.00464395
-4.2 6.3031 0.0042033
-4.1 6.35118 0.00464917
-4 6.39006 0.00492307
-3.9 6.40466 0.00450283
-3.8 6.4266 0.00386659
-3.7 6.47414 0.00458946
-3.6 6.52022 0.00474072
-3.5 6.5435 0.00433924
-3.4 6.56764 0.00466975
-3.3 6.58804 0.00495971
-3.2 6.64547 0.00529686
-3.1 6.68539 0.00490855
-3 6.70113 0.00487098
-2.9 6.71941 0.00469072
-2.8 6.76799 0.00493745
-2.7 6.83173 0.00541145
-2.6 6.86921 0.00484858
-2.5 6.89387 0.00550232
-2.4 6.91486 0.00605656
-2.3 6.96836 0.00524635
-2.2 7.02705 0.00537364
-2.1 7.06612 0.00548151
-2 7.0935 0.00509717
-1.9 7.12798 0.00493676
-1.8 7.18222 0.00483803
-1.7 7.24087 0.00540814
-1.6 7.27947 0.00548755
-1.5 7.31089 0.00558585
-1.4 7.32895 0.00578608
-1.3 7.38777 0.00536211
-1.2 7.46356 0.00568846
-1.1 7.52599 0.00553152
-1 7.55685 0.00616703
-0.9 7.58223 0.0058562
-0.8 7.62367 0.00526192
-0.7 7.69271 0.00561505
-0.6 7.77125 0.00618962
-0.5 7.82262 0.00668646
-0.4 7.84983 0.00611055
-0.3 7.89341 0.00614056
-0.2 7.95228 0.00618212
-0.1 8.05858 0.00659796
0 8.12853 0.00599477
0.1 8.17063 0.0070593
0.2 8.2104 0.00641419
0.3 8.26564 0.00648961
0.4 8.35044 0.00680687
0.5 8.4173 0.00653512
0.6 8.47515 0.00706618
0.7 8.51325 0.00623533
0.8 8.56104 0.00596355
0.9 8.64421 0.00634949
1 8.75598 0.00618773
1.1 8.83617 0.00659506
1.2 8.89819 0.0065906
1.3 8.93795 0.00626166
1.4 8.99686 0.00602946
1.5 9.09558 0.00636606
1.6 9.21212 0.00621815
1.7 9.32252 0.00717239
1.8 9.3993 0.00678524
1.9 9.46226 0.00772107
2 9.53492 0.00709784
2.1 9.63823 0.00762074
2.2 9.79307 0.00809136
2.3 9.92781 0.0062945
2.4 10.0074 0.00733462
2.5 10.0602 0.00746751
2.6 10.1315 0.00849511
2.7 10.2378 0.00721839
2.8 10.4062 0.00763597
2.9 10.5675 0.00743186
3 10.7008 0.00824244
3.1 10.8096 0.00877442
3.2 10.9016 0.008596
3.3 11.0059 0.00722297
3.4 11.1911 0.00881304
3.5 11.3799 0.00830341
3.6 11.5708 0.00888448
3.7 11.6885 0.00940409
3.8 11.7937 0.00915319
3.9 11.9115 0.0090963
4 12.0971 0.00852458
4.1 12.3493 0.0084753
4.2 12.6281 0.00921452
4.3 12.862 0.0106942
4.4 13.0318 0.00897723
4.5 13.2105 0.0109942
4.6 13.4136 0.0108496
4.7 13.6762 0.0112639
4.8 14.0216 0.0109555
4.9 14.3934 0.0114341
5 14.6935 0.0117056
5.1 14.9913 0.0115264
5.2 15.2556 0.0127451
5.3 15.5641 0.0137493
5.4 15.984 0.0128291
5.5 16.5107 0.0121626
5.6 17.1919 0.0147988
5.7 17.9194 0.0164086
5.8 17.9102 0.015046
5.9 18.5489 0.014997
6 19.3335 0.0159746
6.1 20.3178 0.0167195
6.2 21.5484 0.0195305
6.3 22.8052 0.020843
6.4 23.9331 0.0233895
6.5 25.1706 0.0238723
6.6 26.5455 0.0277848
6.7 28.2734 0.0264007
6.8 30.556 0.0306694
6.9 33.3418 0.0361451
7 36.2616 0.0358032
7.1 39.2267 0.040636
7.2 41.835 0.0454595
7.3 43.7672 0.0552872
7.4 44.9076 0.0617707
7.5 45.6331 0.0686242
7.6 46.5936 0.07447
7.7 48.1421 0.0871099
7.8 50.8418 0.0894616
7.9 55.1588 0.103358
8 60.1673 0.129073
8.1 65.4668 0.173232
8.2 71.1521 0.222962
8.3 76.69 0.332524
8.4 81.3858 0.363148
8.5 82.426 0.59215
8.6 82.0745 0.7355
8.7 73.5694 0.879466
8.8 61.1662 1.22299
8.9 48.071 1.3231
9 39.5238 1.16206
9.1 35.1703 1.09551
9.2 32.5008 0.983068
9.3 31.5402 1.05488
9.4 32.1667 1.03719
9.5 32.3001 1.18074
9.6 32.3469 0.971321
9.7 32.3888 1.07913
9.8 31.7858 1.22848
9.9 31.2368 0.891548
10 31.8426 1.16885
10.1 31.9989 1.18953
10.2 31.2601 1.08409
10.3 32.2294 1.05887
10.4 31.6413 1.08303
10.5 29.3769 0.932024
10.6 29.767 1.07392
10.7 31.4825 1.05348
10.8 33.2054 1.28574
10.9 31.0581 1.15028
11 31.8932 1.1301
11.1 29.6719 1.03298
11.2 31.8523 1.13725
11.3 31.0296 1.17575
11.4 31.8248 1.27331
11.5 31.5409 1.37742
11.6 29.571 1.19995
11.7 30.9994 1.1232
11.8 31.0422 1.24918
11.9 31.6945 1.17887
12 31.4519 1.21452
12.1 32.4048 1.3701
12.2 33.2523 1.25326
