-8.2 4.51412
-8.1 4.52929
-8 4.55199
-7.9 4.57942
-7.8 4.60073
-7.7 4.63171
-7.6 4.65763
-7.5 4.68483
-7.4 4.72038
-7.3 4.74871
-7.2 4.78409
-7.1 4.82037
-7 4.85152
-6.9 4.88954
-6.8 4.93263
-6.7 4.98543
-6.6 5.04896
-6.5 5.13258
-6.4 5.30504
-6.3 5.32819
-6.2 5.36204
-6.1 5.33725
-6 5.40773
-5.9 5.49498
-5.8 5.53864
-5.7 5.43755
-5.6 5.45613
-5.5 5.54647
-5.4 5.4487
-5.3 5.5806
-5.2 5.67246
-5.1 5.43015
-5 5.51186
-4.9 5.53213
-4.8 5.49072
-4.7 5.59025
-4.6 5.59907
-4.5 5.72327
-4.4 5.74211
-4.3 5.8534
-4.2 5.86267
-4.1 5.95152
-4 5.98803
-3.9 5.87844
-3.8 5.98578
-3.7 6.01803
-3.6 6.00724
-3.5 6.04703
-3.4 6.13636
-3.3 6.13188
-3.2 6.19785
-3.1 6.11503
-3 6.08721
-2.9 6.08764
-2.8 6.28698
-2.7 6.26813
-2.6 6.2854
-2.5 6.23461
-2.4 6.30795
-2.3 6.45466
-2.2 6.46849
-2.1 6.61921
-2 6.61464
-1.9 6.70823
-1.8 6.73445
-1.7 6.78012
-1.6 6.88538
-1.5 6.79397
-1.4 6.47457
-1.3 6.58872
-1.2 6.78111
-1.1 6.87789
-1 6.79755
-0.9 6.93602
-0.8 7.01807
-0.7 6.98891
-0.6 7.24003
-0.5 7.32406
-0.4 7.31502
-0.3 7.61732
-0.2 7.5486
-0.1 7.39703
0 7.50031
0.1 7.74413
0.2 7.65847
0.3 7.53462
0.4 7.7129
0.5 7.81136
0.6 7.83709
0.7 8.00642
0.8 8.09399
0.9 8.00655
1 8.1452
1.1 8.52316
1.2 8.49122
1.3 8.35412
1.4 8.36406
1.5 8.40523
1.6 8.47778
1.7 8.90498
1.8 8.75657
1.9 8.83002
2 9.11944
2.1 9.03532
2.2 9.22474
2.3 9.13049
2.4 9.22492
2.5 9.55627
2.6 9.7716
2.7 9.60345
2.8 9.84652
2.9 10.1352
3 10.2112
3.1 10.2871
3.2 10.1834
3.3 10.2266
3.4 10.6481
3.5 10.8607
3.6 11.1394
3.7 11.1999
3.8 11.2449
3.9 11.1113
4 11.1343
4.1 11.9822
4.2 12.1804
4.3 12.219
4.4 12.6004
4.5 12.6197
4.6 13.4278
4.7 13.5033
4.8 13.2258
4.9 13.4448
5 13.7925
5.1 13.964
5.2 14.7518
5.3 15.3982
5.4 15.8431
5.5 16.7976
5.6 16.596
5.7 17.3287
5.8 17.2881
5.9 17.5616
6 18.3553
6.1 19.2773
6.2 20.4848
6.3 21.3656
6.4 23.0656
6.5 23.8515
6.6 25.3728
6.7 25.616
6.8 29.6392
6.9 33.7149
7 34.6284
7.1 40.4073
7.2 42.1107
7.3 40.3495
7.4 45.4066
7.5 42.9548
7.6 48.5622
7.7 48.585
7.8 49.6281
7.9 62.1985
8 60.9762
8.1 72.2537
8.2 64.9705
8.3 86.1921
8.4 87.9381
8.5 98.7348
8.6 156.95
8.7 702.383
8.8 0
8.9 0
9 0
9.1 0
9.2 0
9.3 0
9.4 0
9.5 0
9.6 0
9.7 0
9.8 0
9.9 0
10 0
10.1 0
10.2 0
10.3 0
10.4 0
10.5 0
10.6 0
10.7 0
10.8 0
10.9 0
11 0
11.1 0
11.2 0
11.3 0
11.4 0
11.5 0
11.6 0
11.7 0
11.8 0
11.9 0
12 0
12.1 0
12.2 0
