-8.2 120.6 2.14225
-8.1 125.752 2.22108
-8 123.741 2.53348
-7.9 122.94 2.16477
-7.8 123.74 2.10138
-7.7 129.426 2.8305
-7.6 122.307 2.24507
-7.5 125.684 2.09868
-7.4 126.486 2.18046
-7.3 122.727 1.80107
-7.2 127.223 2.07098
-7.1 123.932 1.75791
-7 126.735 2.33446
-6.9 122.73 1.90999
-6.8 124.456 2.01306
-6.7 125.298 1.98378
-6.6 123.513 1.98714
-6.5 124.998 2.29058
-6.4 125.031 2.0495
-6.3 124.815 1.95854
-6.2 132.43 2.14917
-6.1 124.507 1.79469
-6 128.358 2.28154
-5.9 128.519 2.02162
-5.8 127.666 1.93833
-5.7 126.432 1.97791
-5.6 127.872 1.84887
-5.5 126.417 1.9165
-5.4 127.693 2.13069
-5.3 127.126 1.95121
-5.2 130.33 2.08391
-5.1 128.517 2.00577
-5 126.112 2.20501
-4.9 124.415 2.01907
-4.8 127.763 2.0151
-4.7 128.521 2.04185
-4.6 123.559 1.89244
-4.5 129.289 2.13336
-4.4 129.051 2.08789
-4.3 128.407 1.89286
-4.2 131.634 2.24376
-4.1 127.456 2.01688
-4 125.922 2.05548
-3.9 130.131 2.09845
-3.8 128.875 1.89675
-3.7 126.38 1.83354
-3.6 128.796 2.14242
-3.5 130.907 1.84552
-3.4 127.471 1.94216
-3.3 129.222 2.015
-3.2 129.807 2.01413
-3.1 131.206 2.03059
-3 126.188 2.17359
-2.9 127.719 1.85255
-2.8 127.069 2.0308
-2.7 128.696 2.08121
-2.6 129.667 2.02819
-2.5 128.59 1.98275
-2.4 130.793 1.80257
-2.3 127.143 1.67923
-2.2 129.513 1.95207
-2.1 128.693 1.88144
-2 126.519 1.96067
-1.9 129.565 1.93053
-1.8 127.712 1.98958
-1.7 129.11 1.90501
-1.6 132.226 2.00039
-1.5 130.501 2.08013
-1.4 132.384 2.2437
-1.3 131.126 2.07114
-1.2 128.806 2.33389
-1.1 130.655 2.17286
-1 131.514 2.1346
-0.9 130.843 1.82839
-0.8 129.651 1.94595
-0.7 132.228 2.16116
-0.6 129.849 2.05245
-0.5 131.284 2.10334
-0.4 130.813 2.02628
-0.3 130.771 1.85283
-0.2 129.314 2.02019
-0.1 126.044 2.00024
0 132.53 1.89835
0.1 132.934 1.8948
0.2 135.855 1.7475
0.3 132.997 1.90125
0.4 131.179 2.33428
0.5 132.666 1.66434
0.6 133.714 1.84463
0.7 131.748 2.16168
0.8 133.835 2.05422
0.9 133.089 1.7771
1 131.105 2.03726
1.1 130.833 2.10709
1.2 132.669 1.89786
1.3 132.07 2.03638
1.4 133.301 2.05025
1.5 133.123 2.08317
1.6 133.888 1.92168
1.7 129.584 1.72227
1.8 133.192 1.68847
1.9 134.159 1.83404
2 133.066 2.00426
2.1 133.843 1.83262
2.2 135.895 1.86677
2.3 137.071 2.27741
2.4 133.897 1.90944
2.5 134.332 1.72032
2.6 132.945 2.14752
2.7 132.819 2.0042
2.8 135.131 2.1121
2.9 136.763 1.8051
3 133.745 1.6487
3.1 136.477 2.15903
3.2 138.019 2.0037
3.3 133.224 1.87992
3.4 135.241 1.77273
3.5 139.188 1.9658
3.6 134.469 1.91835
3.7 137.341 1.94843
3.8 136.122 2.0845
3.9 135.942 1.71189
4 138.264 2.04557
4.1 134.528 1.7548
4.2 137.553 1.77301
4.3 136.267 2.01936
4.4 135.97 1.89055
4.5 137.498 1.89601
4.6 136.133 1.81651
4.7 136.146 1.99098
4.8 135.325 1.8516
4.9 136.346 1.69261
5 137.714 1.73785
5.1 142.507 1.83519
5.2 137.461 2.07714
5.3 140.463 1.94453
5.4 137.175 1.67791
5.5 138.752 1.91403
5.6 142.753 1.8255
5.7 143.728 1.6465
5.8 141.377 1.74928
5.9 141.433 1.62593
6 143.274 1.8712
6.1 144.559 1.89401
6.2 142.849 1.62956
6.3 143.736 1.59389
6.4 144.678 1.67656
6.5 148.185 1.66549
6.6 145.239 1.42616
6.7 144.368 1.48376
6.8 150.289 1.59694
6.9 156.768 1.46234
7 161.57 1.71406
7.1 170.853 1.35407
7.2 179.378 1.47096
7.3 183.789 1.60785
7.4 190.857 1.78232
7.5 195.189 2.07138
7.6 197.214 2.19447
7.7 198.983 2.47029
7.8 198.826 2.2171
7.9 210.73 2.77486
8 231.98 3.3871
8.1 247.357 3.64147
8.2 286.924 5.6132
8.3 315.846 6.78331
8.4 393.032 10.4767
8.5 487.52 17.2111
8.6 684.867 33.4431
8.7 956.744 50.9827
8.8 1488.82 92.2732
8.9 2295.39 144.657
9 2435.51 168.363
9.1 2754.27 185.23
9.2 2672.87 173.74
9.3 2952.35 225.779
9.4 3133.76 228.69
9.5 3289.97 239.909
9.6 3150.63 232.1
9.7 2989.06 199.79
9.8 2914.28 200.161
9.9 3218.3 216.056
10 3068.95 215.361
10.1 3092.81 206.8
10.2 3184.36 193.839
10.3 3111.04 210.179
10.4 2880.12 215.008
10.5 3072.47 216.852
10.6 2968.56 245.583
10.7 2754.68 204.94
10.8 2921.12 205.153
10.9 3525.56 253.013
11 2703.97 223.955
11.1 3066.28 299.726
11.2 2913.32 215.159
11.3 2870.32 244.73
11.4 2686.2 193.13
11.5 2985.72 297.822
11.6 3111.68 225.8
11.7 2786.85 239.84
11.8 2950.39 268.203
11.9 2874.94 235.826
12 3028.18 254.487
12.1 2549.14 199.892
12.2 2966.63 266.78
