-8.2 34.1033
-8.1 29.2867
-8 30.6024
-7.9 15.1811
-7.8 30.8054
-7.7 66.2662
-7.6 15.692
-7.5 13.6167
-7.4 11.4316
-7.3 45.6689
-7.2 65.7558
-7.1 18.5383
-7 32.2049
-6.9 37.387
-6.8 30.4596
-6.7 9.64106
-6.6 29.3053
-6.5 40.1245
-6.4 101.242
-6.3 22.1046
-6.2 67.9356
-6.1 32.2001
-6 34.9493
-5.9 26.8411
-5.8 37.4142
-5.7 41.5193
-5.6 45.0602
-5.5 32.0762
-5.4 74.4019
-5.3 27.6984
-5.2 61.0902
-5.1 32.6796
-5 45.6173
-4.9 23.0756
-4.8 75.7338
-4.7 36.1782
-4.6 35.811
-4.5 72.4405
-4.4 24.6309
-4.3 36.1373
-4.2 33.5334
-4.1 22.211
-4 31.7336
-3.9 20.4903
-3.8 41.5533
-3.7 45.1114
-3.6 41.1126
-3.5 25.9519
-3.4 30.3528
-3.3 45.0543
-3.2 27.1263
-3.1 72.2821
-3 13.6267
-2.9 34.2474
-2.8 22.3183
-2.7 56.654
-2.6 86.5159
-2.5 48.967
-2.4 66.2159
-2.3 51.2785
-2.2 69.9984
-2.1 81.1663
-2 41.84
-1.9 66.3584
-1.8 16.3643
-1.7 74.1769
-1.6 45.2011
-1.5 94.9602
-1.4 32.5417
-1.3 28.6012
-1.2 29.5566
-1.1 22.6641
-1 15.9519
-0.9 39.7223
-0.8 39.2296
-0.7 19.9763
-0.6 33.8202
-0.5 54.0471
-0.4 31.1332
-0.3 41.199
-0.2 30.4418
-0.1 29.7535
0 35.2253
0.1 59.6907
0.2 27.2351
0.3 45.3934
0.4 44.5432
0.5 45.3162
0.6 24.5262
0.7 40.2214
0.8 36.2066
0.9 18.8054
1 53.0383
1.1 23.8403
1.2 25.8407
1.3 23.9692
1.4 69.7312
1.5 37.2045
1.6 27.5681
1.7 48.289
1.8 19.8894
1.9 66.7238
2 37.8066
2.1 46.8008
2.2 57.6736
2.3 68.0872
2.4 50.8465
2.5 33.4559
2.6 61.3047
2.7 41.8759
2.8 27.4588
2.9 60.9533
3 25.9368
3.1 28.0944
3.2 55.2361
3.3 38.5382
3.4 24.6341
3.5 42.2025
3.6 41.0781
3.7 28.8672
3.8 43.8619
3.9 36.2038
4 52.9229
4.1 62.554
4.2 115.704
4.3 39.5072
4.4 65.2178
4.5 39.4954
4.6 57.8081
4.7 39.6733
4.8 32.7233
4.9 49.0582
5 92.2616
5.1 29.4619
5.2 61.1735
5.3 65.3949
5.4 83.4923
5.5 51.8392
5.6 49.6538
5.7 43.9608
5.8 45.1781
5.9 47.7911
6 59.2135
6.1 68.2021
6.2 45.621
6.3 45.9966
6.4 56.0949
6.5 88.7365
6.6 57.3025
6.7 49.5976
6.8 53.8324
6.9 88.9999
7 62.046
7.1 88.1412
7.2 82.7736
7.3 103.811
7.4 89.3764
7.5 75.3403
7.6 101.012
7.7 79.0817
7.8 102.339
7.9 95.4488
8 93.3887
8.1 110.393
8.2 106.663
8.3 118.864
8.4 113.612
8.5 116.739
8.6 145.162
8.7 127.263
8.8 155.122
8.9 0
9 0
9.1 0
9.2 2910.98
9.3 0
9.4 324.102
9.5 0
9.6 4749.27
9.7 0
9.8 0
9.9 0
10 0
10.1 0
10.2 735.878
10.3 0
10.4 36.17
10.5 412.196
10.6 160.283
10.7 0
10.8 0
10.9 0
11 47.2262
11.1 218.558
11.2 7.7421
11.3 7.78425
11.4 46.9779
11.5 112.738
11.6 27.6866
11.7 43.9175
11.8 141.856
11.9 1198.26
12 18.0217
12.1 19.526
12.2 21.2652
