-8.2 0
-8.1 1.49556e-06
-8 0
-7.9 9.28615e-08
-7.8 1.74517e-07
-7.7 7.92683e-07
-7.6 4.85532e-06
-7.5 1.43493e-05
-7.4 1.11059e-05
-7.3 8.4409e-06
-7.2 0
-7.1 0
-7 0
-6.9 0
-6.8 0
-6.7 0
-6.6 0
-6.5 0
-6.4 0
-6.3 5.08217e-06
-6.2 3.24637e-06
-6.1 0
-6 1.53994e-06
-5.9 0
-5.8 0
-5.7 0
-5.6 1.38305e-06
-5.5 0
-5.4 0
-5.3 0
-5.2 0
-5.1 1.27308e-06
-5 5.55312e-06
-4.9 2.93155e-07
-4.8 5.11515e-07
-4.7 5.0369e-06
-4.6 0
-4.5 1.15697e-08
-4.4 0
-4.3 0
-4.2 0
-4.1 0
-4 0
-3.9 0
-3.8 4.54558e-07
-3.7 0
-3.6 0
-3.5 0
-3.4 0
-3.3 0
-3.2 0
-3.1 0
-3 0
-2.9 0
-2.8 0
-2.7 0
-2.6 0
-2.5 2.12782e-07
-2.4 0
-2.3 0
-2.2 0
-2.1 9.71133e-07
-2 4.88875e-06
-1.9 0
-1.8 0
-1.7 2.60537e-07
-1.6 0
-1.5 0
-1.4 0
-1.3 0
-1.2 0
-1.1 0
-1 0
-0.9 0
-0.8 0
-0.7 1.229e-06
-0.6 0
-0.5 0
-0.4 0
-0.3 0
-0.2 0
-0.1 0
0 0
0.1 0
0.2 0
0.3 2.38144e-06
0.4 3.65255e-06
0.5 0
0.6 1.02368e-06
0.7 4.01498e-06
0.8 1.54714e-07
0.9 0
1 1.17688e-06
1.1 2.51303e-06
1.2 2.51501e-06
1.3 2.70448e-06
1.4 2.79773e-06
1.5 0
1.6 0
1.7 0
1.8 0
1.9 0
2 0
2.1 2.86379e-06
2.2 3.11616e-06
2.3 1.53332e-06
2.4 0
2.5 0
2.6 0
2.7 1.68541e-07
2.8 0
2.9 4.94492e-08
3 0
3.1 0
3.2 0
3.3 0
3.4 0
3.5 0
3.6 4.89163e-07
3.7 0
3.8 0
3.9 0
4 5.98421e-06
4.1 0
4.2 0
4.3 0
4.4 0
4.5 0
4.6 0
4.7 0
4.8 0
4.9 0
5 0
5.1 0
5.2 0
5.3 0
5.4 1.11854e-06
5.5 1.78453e-06
5.6 0
5.7 0
5.8 0
5.9 5.1305e-08
6 0
6.1 0
6.2 0
6.3 0
6.4 0
6.5 1.73381e-06
6.6 0
6.7 0
6.8 0
6.9 0
7 0
7.1 3.05492e-07
7.2 0
7.3 0
7.4 0
7.5 0
7.6 0
7.7 0
7.8 0
7.9 0
8 0
8.1 0
8.2 0
8.3 0
8.4 0
8.5 0
8.6 0
8.7 0
8.8 0
8.9 0
9 0
9.1 0
9.2 0
9.3 0
9.4 0
9.5 0
9.6 0
9.7 0
9.8 0
9.9 0
10 0
10.1 0
10.2 0
10.3 0
10.4 0
10.5 0
10.6 0
10.7 0
10.8 0
10.9 0
11 0
11.1 0
11.2 0
11.3 0
11.4 0
11.5 0
11.6 0
11.7 0
11.8 0
11.9 0
12 0
12.1 0
12.2 0
