-8.2 0.0130647 5.495e-06
-8.1 0.0130918 5.61109e-06
-8 0.0131079 5.83968e-06
-7.9 0.013121 5.59647e-06
-7.8 0.0131325 5.65339e-06
-7.7 0.0131384 5.66451e-06
-7.6 0.0131414 5.68758e-06
-7.5 0.013144 5.54994e-06
-7.4 0.0131494 5.31529e-06
-7.3 0.0131495 5.28265e-06
-7.2 0.0131506 5.50128e-06
-7.1 0.013149 5.68219e-06
-7 0.0131468 5.61277e-06
-6.9 0.0131461 5.593e-06
-6.8 0.0131399 5.6572e-06
-6.7 0.0131354 5.58712e-06
-6.6 0.0131302 5.69601e-06
-6.5 0.013122 5.69583e-06
-6.4 0.0131136 5.56709e-06
-6.3 0.013099 5.71613e-06
-6.2 0.0130787 5.68622e-06
-6.1 0.0130526 5.76263e-06
-6 0.0130245 5.56684e-06
-5.9 0.0129954 5.97164e-06
-5.8 0.0129647 5.72528e-06
-5.7 0.0129346 5.53196e-06
-5.6 0.0129036 5.60102e-06
-5.5 0.0128689 5.62821e-06
-5.4 0.0128368 6.07232e-06
-5.3 0.0128053 5.81339e-06
-5.2 0.0127741 5.67179e-06
-5.1 0.0127408 5.77121e-06
-5 0.0127083 5.69882e-06
-4.9 0.0126777 5.77711e-06
-4.8 0.0126405 5.6538e-06
-4.7 0.012607 5.37889e-06
-4.6 0.012569 5.22287e-06
-4.5 0.0125318 5.38916e-06
-4.4 0.0124954 5.39765e-06
-4.3 0.0124575 5.35024e-06
-4.2 0.0124205 5.3846e-06
-4.1 0.0123825 5.27781e-06
-4 0.0123442 5.18787e-06
-3.9 0.012309 5.01868e-06
-3.8 0.0122665 5.08224e-06
-3.7 0.0122308 5.29513e-06
-3.6 0.0121916 5.28619e-06
-3.5 0.0121469 5.44421e-06
-3.4 0.0121112 5.58519e-06
-3.3 0.0120692 5.33235e-06
-3.2 0.0120294 5.34776e-06
-3.1 0.0119904 5.31262e-06
-3 0.0119478 5.0887e-06
-2.9 0.0119065 5.24828e-06
-2.8 0.0118638 5.37229e-06
-2.7 0.011825 5.3214e-06
-2.6 0.0117836 5.11046e-06
-2.5 0.0117381 5.17385e-06
-2.4 0.0116895 5.28622e-06
-2.3 0.0116434 5.02159e-06
-2.2 0.0116021 5.11279e-06
-2.1 0.0115563 4.95783e-06
-2 0.0115053 5.11271e-06
-1.9 0.011458 4.84222e-06
-1.8 0.0114114 4.74885e-06
-1.7 0.0113652 4.95409e-06
-1.6 0.0113172 5.04543e-06
-1.5 0.0112677 4.73145e-06
-1.4 0.0112148 4.82951e-06
-1.3 0.011169 4.69254e-06
-1.2 0.0111212 4.90823e-06
-1.1 0.0110721 4.97112e-06
-1 0.0110224 5.10488e-06
-0.9 0.0109676 5.20182e-06
-0.8 0.0109162 5.19819e-06
-0.7 0.010867 5.07039e-06
-0.6 0.0108187 5.43717e-06
-0.5 0.0107657 5.31505e-06
-0.4 0.0107083 5.17132e-06
-0.3 0.0106459 5.03966e-06
-0.2 0.0105962 5.04852e-06
-0.1 0.0105462 4.99784e-06
0 0.0104885 5.28126e-06
0.1 0.0104321 5.0724e-06
0.2 0.0103713 5.00975e-06
0.3 0.0103111 4.96901e-06
0.4 0.0102578 4.81973e-06
0.5 0.0102059 4.6093e-06
0.6 0.0101439 4.65647e-06
0.7 0.0100814 4.74976e-06
0.8 0.0100175 4.78174e-06
0.9 0.0099593 4.74168e-06
1 0.00990452 4.90019e-06
1.1 0.00984537 4.96888e-06
1.2 0.00978109 4.69429e-06
1.3 0.00971253 5.0748e-06
1.4 0.0096458 5.15801e-06
1.5 0.00958436 5.02856e-06
1.6 0.00952261 5.06443e-06
1.7 0.00946113 5.29283e-06
1.8 0.00939536 5.1496e-06
1.9 0.00932135 5.06715e-06
2 0.00924866 5.1302e-06
2.1 0.00918877 5.02831e-06
2.2 0.00912624 5.04888e-06
2.3 0.00905887 4.82618e-06
2.4 0.00898313 4.78086e-06
2.5 0.00890295 4.76447e-06
2.6 0.00882736 4.7927e-06
2.7 0.00875973 4.85884e-06
2.8 0.0086985 5.04278e-06
2.9 0.00862837 4.91425e-06
3 0.00855004 5.04868e-06
3.1 0.00846528 4.97995e-06
3.2 0.00837956 4.93742e-06
3.3 0.00830034 4.9244e-06
3.4 0.00822935 4.90425e-06
3.5 0.00815744 4.70086e-06
3.6 0.00807416 5.13512e-06
3.7 0.00798184 5.08018e-06
3.8 0.0078872 4.82747e-06
3.9 0.00780067 4.70843e-06
4 0.00771889 4.71201e-06
4.1 0.00764456 4.6655e-06
4.2 0.00756634 4.53311e-06
4.3 0.00747159 4.29498e-06
4.4 0.00736728 4.21831e-06
4.5 0.00726351 4.56744e-06
4.6 0.00716409 4.5594e-06
4.7 0.00707537 4.57802e-06
4.8 0.00698886 4.64193e-06
4.9 0.00689516 4.47799e-06
5 0.00678535 4.46516e-06
5.1 0.0066639 4.40253e-06
5.2 0.00653871 4.47209e-06
5.3 0.00642569 4.37798e-06
5.4 0.00632623 4.21604e-06
5.5 0.00622943 4.30888e-06
5.6 0.00612081 4.18089e-06
5.7 0.00599951 4.33778e-06
5.8 0.00581315 4.01765e-06
5.9 0.00565075 4.04471e-06
6 0.00549985 3.92301e-06
6.1 0.00536397 3.88589e-06
6.2 0.00522131 3.58601e-06
6.3 0.00505631 3.47101e-06
6.4 0.00486738 3.46971e-06
6.5 0.00466069 3.40551e-06
6.6 0.00445056 3.08566e-06
6.7 0.00424843 2.97231e-06
6.8 0.00405613 2.97859e-06
6.9 0.00384938 3.14686e-06
7 0.00359319 3.21118e-06
7.1 0.00327218 3.15749e-06
7.2 0.00289759 3.01773e-06
7.3 0.00250378 2.63492e-06
7.4 0.00214344 2.3464e-06
7.5 0.00185238 2.23471e-06
7.6 0.00163589 2.30811e-06
7.7 0.00147238 2.32833e-06
7.8 0.00133302 2.06406e-06
7.9 0.00119365 1.97137e-06
8 0.00105079 2.0337e-06
8.1 0.00091137 1.84238e-06
8.2 0.000791321 1.68241e-06
8.3 0.000701949 1.68087e-06
8.4 0.000642806 1.71511e-06
8.5 0.000607353 1.67882e-06
8.6 0.000587336 1.65384e-06
8.7 0.000573201 1.59434e-06
8.8 0.000566094 1.54564e-06
8.9 0.000557238 1.6117e-06
9 0.000550329 1.67748e-06
9.1 0.000542278 1.63286e-06
9.2 0.000534904 1.70238e-06
9.3 0.000527123 1.64752e-06
9.4 0.000518608 1.83246e-06
9.5 0.000512038 1.78421e-06
9.6 0.000504764 1.66012e-06
9.7 0.000497995 1.50567e-06
9.8 0.000490252 1.56785e-06
9.9 0.000483179 1.41732e-06
10 0.00047729 1.39602e-06
10.1 0.000469557 1.2937e-06
10.2 0.000462102 1.4059e-06
10.3 0.000456663 1.4412e-06
10.4 0.000448687 1.36566e-06
10.5 0.000444177 1.31403e-06
10.6 0.000437112 1.37647e-06
10.7 0.000430072 1.35501e-06
10.8 0.000422826 1.31111e-06
10.9 0.000416186 1.2235e-06
11 0.000410299 1.31945e-06
11.1 0.000403411 1.16755e-06
11.2 0.000395771 1.09353e-06
11.3 0.000388168 1.1662e-06
11.4 0.000381328 1.21816e-06
11.5 0.000376555 1.15414e-06
11.6 0.000368754 1.11616e-06
11.7 0.00036204 1.23219e-06
11.8 0.000355902 1.15108e-06
11.9 0.000348815 1.13595e-06
12 0.000341179 1.07282e-06
12.1 0.000333077 1.07384e-06
12.2 0.000325731 1.08187e-06
