-8.2 0.0783255 3.70044e-05
-8.1 0.07892 3.85468e-05
-8 0.0795407 4.01269e-05
-7.9 0.0800544 3.72653e-05
-7.8 0.0804705 3.67162e-05
-7.7 0.0810118 3.78631e-05
-7.6 0.0814708 4.30468e-05
-7.5 0.0817719 4.21176e-05
-7.4 0.0823229 4.23698e-05
-7.3 0.0827329 4.47629e-05
-7.2 0.0831722 4.36042e-05
-7.1 0.083673 4.42089e-05
-7 0.0840924 4.64542e-05
-6.9 0.0846451 4.76555e-05
-6.8 0.0852054 4.40884e-05
-6.7 0.0857626 4.45265e-05
-6.6 0.0864155 4.63184e-05
-6.5 0.0871199 4.85463e-05
-6.4 0.0880035 4.68587e-05
-6.3 0.0888178 5.19949e-05
-6.2 0.0893463 5.18444e-05
-6.1 0.0895812 5.2466e-05
-6 0.0895641 5.308e-05
-5.9 0.0896166 5.26584e-05
-5.8 0.0896724 5.59164e-05
-5.7 0.0896662 5.00119e-05
-5.6 0.0897549 5.4461e-05
-5.5 0.0896983 5.8926e-05
-5.4 0.0896668 5.55305e-05
-5.3 0.0896966 5.21604e-05
-5.2 0.0898274 4.91024e-05
-5.1 0.0897907 5.25341e-05
-5 0.0897879 5.26102e-05
-4.9 0.089876 5.08024e-05
-4.8 0.0899718 5.40762e-05
-4.7 0.0900062 5.3952e-05
-4.6 0.0899846 5.22903e-05
-4.5 0.0899992 5.29209e-05
-4.4 0.0901265 5.1899e-05
-4.3 0.0900254 5.13998e-05
-4.2 0.0899612 5.12524e-05
-4.1 0.0899856 5.49316e-05
-4 0.0901198 5.34082e-05
-3.9 0.0901392 5.13655e-05
-3.8 0.0900384 5.23913e-05
-3.7 0.0900407 5.57717e-05
-3.6 0.0901671 5.50093e-05
-3.5 0.0902504 5.40053e-05
-3.4 0.0901689 5.43922e-05
-3.3 0.0900695 5.21065e-05
-3.2 0.0901446 4.87765e-05
-3.1 0.0903158 5.03189e-05
-3 0.0903286 4.89944e-05
-2.9 0.0902118 5.02556e-05
-2.8 0.0901402 5.36241e-05
-2.7 0.0903681 5.66749e-05
-2.6 0.0905776 5.70798e-05
-2.5 0.0905339 6.11607e-05
-2.4 0.0903559 5.69898e-05
-2.3 0.0903459 5.50799e-05
-2.2 0.0905296 5.47873e-05
-2.1 0.0907262 5.33322e-05
-2 0.0906489 5.93279e-05
-1.9 0.0905492 5.87917e-05
-1.8 0.0905357 5.66288e-05
-1.7 0.090721 5.49631e-05
-1.6 0.0908847 5.33215e-05
-1.5 0.0908205 5.1602e-05
-1.4 0.0905862 5.09809e-05
-1.3 0.0905017 4.99673e-05
-1.2 0.0907713 5.51751e-05
-1.1 0.0910521 5.96293e-05
-1 0.0910898 6.03368e-05
-0.9 0.0908491 5.99227e-05
-0.8 0.0906437 5.69978e-05
-0.7 0.090777 5.40654e-05
-0.6 0.091142 5.34514e-05
-0.5 0.0913046 5.19556e-05
-0.4 0.0911474 5.25515e-05
-0.3 0.0908091 4.6949e-05
-0.2 0.0908004 4.94473e-05
-0.1 0.0911403 5.30552e-05
0 0.0914834 5.57763e-05
0.1 0.0915107 5.646e-05
0.2 0.0912154 5.43614e-05
0.3 0.0909724 5.2322e-05
0.4 0.0910345 4.91685e-05
0.5 0.0913866 4.47945e-05
0.6 0.0915786 4.91934e-05
0.7 0.0913485 5.69912e-05
0.8 0.0909945 5.33808e-05
0.9 0.0908968 5.16112e-05
1 0.0911775 5.17665e-05
1.1 0.0916165 5.37669e-05
1.2 0.0917005 5.82734e-05
1.3 0.091404 5.71495e-05
1.4 0.090945 5.71124e-05
1.5 0.0908899 5.89864e-05
1.6 0.0912898 6.08224e-05
1.7 0.0917612 6.44531e-05
1.8 0.0918939 5.99431e-05
1.9 0.0915173 5.83509e-05
2 0.0910361 5.9009e-05
2.1 0.0910843 5.84492e-05
2.2 0.0916181 6.49883e-05
2.3 0.092224 6.14131e-05
2.4 0.0923142 6.14448e-05
2.5 0.0918194 6.52848e-05
2.6 0.0911721 6.24788e-05
2.7 0.0909895 6.09766e-05
2.8 0.0915136 6.55946e-05
2.9 0.0922585 6.61175e-05
3 0.0926274 6.83336e-05
3.1 0.0922601 6.01995e-05
3.2 0.091508 6.2541e-05
3.3 0.0911134 5.81741e-05
3.4 0.0915691 6.43042e-05
3.5 0.0923211 5.93074e-05
3.6 0.0929253 6.33142e-05
3.7 0.0927744 6.95673e-05
3.8 0.0920378 6.21782e-05
3.9 0.0912633 6.67126e-05
4 0.0911545 6.27865e-05
4.1 0.0918653 6.46067e-05
4.2 0.0929249 6.56631e-05
4.3 0.0934679 6.70207e-05
4.4 0.0931154 6.32879e-05
4.5 0.092154 6.19081e-05
4.6 0.0913845 6.62384e-05
4.7 0.0915109 6.46765e-05
4.8 0.0924331 6.45831e-05
4.9 0.093653 6.97043e-05
5 0.0940254 7.2986e-05
5.1 0.093357 7.15781e-05
5.2 0.0921975 6.64594e-05
5.3 0.0913724 7.15455e-05
5.4 0.0915833 7.11763e-05
5.5 0.092863 7.73567e-05
5.6 0.0945042 7.55307e-05
5.7 0.0959745 8.57862e-05
5.8 0.0924935 7.79896e-05
5.9 0.0911207 7.66754e-05
6 0.0902233 7.82074e-05
6.1 0.0910117 8.31095e-05
6.2 0.0931603 7.8793e-05
6.3 0.0956761 8.8677e-05
6.4 0.0957387 8.53287e-05
6.5 0.0940117 7.84399e-05
6.6 0.0916024 7.44459e-05
6.7 0.0899115 6.98971e-05
6.8 0.0900654 7.57795e-05
6.9 0.0915218 7.57976e-05
7 0.0923551 8.22082e-05
7.1 0.0897906 8.33139e-05
7.2 0.0823636 9.9925e-05
7.3 0.0706454 9.25248e-05
7.4 0.0571324 7.74784e-05
7.5 0.0451102 6.19988e-05
7.6 0.0365568 5.86305e-05
7.7 0.0315073 5.25081e-05
7.8 0.0283627 5.56948e-05
7.9 0.0253186 5.3924e-05
8 0.021402 4.97224e-05
8.1 0.0163692 4.73052e-05
8.2 0.0111766 3.9111e-05
8.3 0.00667198 3.00697e-05
8.4 0.0035191 2.31371e-05
8.5 0.00163837 1.44026e-05
8.6 0.000712098 9.59622e-06
8.7 0.0003121 7.63538e-06
8.8 0.000173669 4.76423e-06
8.9 0.000128006 3.65703e-06
9 0.000112237 3.71899e-06
9.1 0.000113938 3.31596e-06
9.2 0.000118746 3.41409e-06
9.3 0.000121332 3.57129e-06
9.4 0.00011682 3.08306e-06
9.5 0.000113742 3.41344e-06
9.6 0.000115003 3.97852e-06
9.7 0.000113677 3.597e-06
9.8 0.000103651 3.65179e-06
9.9 0.000103627 3.56963e-06
10 0.000109771 3.36519e-06
10.1 0.000108632 3.67874e-06
10.2 0.000109578 3.6307e-06
10.3 0.000104716 3.0989e-06
10.4 0.000105715 3.66801e-06
10.5 0.000102012 3.5497e-06
10.6 9.89104e-05 3.16266e-06
10.7 0.000100095 3.21318e-06
10.8 0.000100777 3.24375e-06
10.9 9.86967e-05 3.33471e-06
11 9.4545e-05 3.39758e-06
11.1 9.35327e-05 3.42491e-06
11.2 9.35226e-05 3.52188e-06
11.3 9.68425e-05 3.19607e-06
11.4 9.6128e-05 3.16587e-06
11.5 9.77091e-05 3.60484e-06
11.6 9.25386e-05 3.20877e-06
11.7 9.55623e-05 3.20075e-06
11.8 9.42801e-05 3.18311e-06
11.9 9.08634e-05 2.79969e-06
12 9.29655e-05 3.13472e-06
12.1 8.60914e-05 2.98015e-06
12.2 8.46087e-05 2.95501e-06
