-8.2 4.89684e-08 1.43723e-09
-8.1 5.00372e-08 1.44729e-09
-8 4.95934e-08 1.6283e-09
-7.9 5.04277e-08 1.4846e-09
-7.8 5.08526e-08 1.30929e-09
-7.7 5.15769e-08 1.56984e-09
-7.6 5.23422e-08 1.96871e-09
-7.5 5.22512e-08 1.81137e-09
-7.4 5.20693e-08 1.78078e-09
-7.3 4.94464e-08 1.35106e-09
-7.2 5.00514e-08 1.26567e-09
-7.1 4.98673e-08 1.44373e-09
-7 5.50569e-08 2.07157e-09
-6.9 5.47311e-08 1.65209e-09
-6.8 5.25166e-08 1.5545e-09
-6.7 5.26994e-08 1.67592e-09
-6.6 5.10932e-08 1.36557e-09
-6.5 5.36176e-08 1.73636e-09
-6.4 5.24916e-08 1.38052e-09
-6.3 5.09062e-08 1.38565e-09
-6.2 5.42864e-08 1.3717e-09
-6.1 4.99174e-08 1.14743e-09
-6 5.31257e-08 1.42444e-09
-5.9 5.45939e-08 1.56733e-09
-5.8 5.09722e-08 1.23722e-09
-5.7 5.11439e-08 1.34798e-09
-5.6 5.26788e-08 1.52491e-09
-5.5 5.45387e-08 1.91958e-09
-5.4 5.17014e-08 1.35618e-09
-5.3 5.0846e-08 1.29185e-09
-5.2 5.26986e-08 1.52086e-09
-5.1 5.4145e-08 1.44488e-09
-5 5.31113e-08 1.52243e-09
-4.9 5.08763e-08 1.28596e-09
-4.8 5.12078e-08 1.46298e-09
-4.7 5.34483e-08 1.55914e-09
-4.6 5.00639e-08 1.31414e-09
-4.5 5.33647e-08 1.47032e-09
-4.4 5.31915e-08 1.5445e-09
-4.3 5.25104e-08 1.55782e-09
-4.2 5.39467e-08 1.77049e-09
-4.1 5.12686e-08 1.49979e-09
-4 5.08345e-08 1.29376e-09
-3.9 5.25397e-08 1.41868e-09
-3.8 5.14914e-08 1.26655e-09
-3.7 5.12374e-08 1.6232e-09
-3.6 5.37518e-08 1.59385e-09
-3.5 5.16105e-08 1.30923e-09
-3.4 4.9815e-08 1.30974e-09
-3.3 5.41666e-08 1.49462e-09
-3.2 5.0804e-08 1.29077e-09
-3.1 5.15301e-08 1.31934e-09
-3 4.887e-08 1.49285e-09
-2.9 5.11975e-08 1.41e-09
-2.8 5.31093e-08 1.75234e-09
-2.7 5.31171e-08 1.60329e-09
-2.6 5.24745e-08 1.39377e-09
-2.5 5.06659e-08 1.41899e-09
-2.4 5.46356e-08 1.42682e-09
-2.3 5.1237e-08 1.32699e-09
-2.2 5.07219e-08 1.15381e-09
-2.1 4.99804e-08 1.19867e-09
-2 4.9519e-08 1.30776e-09
-1.9 5.2423e-08 1.42601e-09
-1.8 5.19254e-08 1.39046e-09
-1.7 5.11219e-08 1.5598e-09
-1.6 5.26726e-08 1.34747e-09
-1.5 5.14289e-08 1.35048e-09
-1.4 5.31472e-08 1.53835e-09
-1.3 5.32249e-08 1.38046e-09
-1.2 5.11033e-08 1.48209e-09
-1.1 5.25519e-08 1.70274e-09
-1 5.05668e-08 1.48357e-09
-0.9 5.36619e-08 1.54408e-09
-0.8 5.1554e-08 1.31375e-09
-0.7 5.01388e-08 1.13904e-09
-0.6 5.03651e-08 1.22723e-09
-0.5 5.04792e-08 1.30704e-09
-0.4 5.0952e-08 1.33525e-09
-0.3 5.13816e-08 1.42308e-09
-0.2 5.06288e-08 1.3245e-09
-0.1 5.08023e-08 1.52082e-09
0 5.20276e-08 1.36655e-09
0.1 5.27584e-08 1.34115e-09
0.2 5.13385e-08 1.13754e-09
0.3 5.2167e-08 1.28182e-09
0.4 4.93575e-08 1.30932e-09
0.5 5.03867e-08 1.40464e-09
0.6 4.97767e-08 1.13051e-09
0.7 4.88484e-08 1.38179e-09
0.8 5.05406e-08 1.1898e-09
0.9 5.1087e-08 1.3237e-09
1 4.84279e-08 1.29209e-09
1.1 5.04429e-08 1.40266e-09
1.2 5.06541e-08 1.34396e-09
1.3 5.03913e-08 1.26719e-09
1.4 4.87416e-08 1.11406e-09
1.5 4.91622e-08 1.09767e-09
1.6 4.98982e-08 1.14225e-09
1.7 4.81472e-08 1.16265e-09
1.8 4.9609e-08 1.2273e-09
1.9 4.83641e-08 1.08308e-09
2 4.88714e-08 1.17064e-09
2.1 4.94379e-08 1.24117e-09
2.2 5.11102e-08 1.28957e-09
2.3 4.9238e-08 1.28807e-09
2.4 4.65372e-08 1.13605e-09
2.5 4.96466e-08 1.16848e-09
2.6 4.83519e-08 1.355e-09
2.7 4.90797e-08 1.15662e-09
2.8 4.62688e-08 1.05234e-09
2.9 4.95099e-08 1.19186e-09
3 4.76504e-08 1.11472e-09
3.1 4.99735e-08 1.41676e-09
3.2 4.76393e-08 1.07542e-09
3.3 4.72524e-08 1.4011e-09
3.4 4.66962e-08 1.13573e-09
3.5 4.90871e-08 1.3246e-09
3.6 4.76579e-08 1.40474e-09
3.7 4.67068e-08 1.11243e-09
3.8 4.57668e-08 1.06172e-09
3.9 4.7623e-08 1.06431e-09
4 4.92206e-08 1.53441e-09
4.1 4.59999e-08 9.72312e-10
4.2 4.5917e-08 1.01416e-09
4.3 4.41257e-08 1.22579e-09
4.4 4.43245e-08 1.13743e-09
4.5 4.41794e-08 1.0031e-09
4.6 4.35199e-08 8.81642e-10
4.7 4.55805e-08 1.27987e-09
4.8 4.4829e-08 1.13624e-09
4.9 4.35145e-08 9.49173e-10
5 4.37502e-08 1.04517e-09
5.1 4.44933e-08 9.77545e-10
5.2 4.25919e-08 1.0466e-09
5.3 4.23439e-08 1.04303e-09
5.4 4.14529e-08 1.27722e-09
5.5 4.10703e-08 9.48899e-10
5.6 4.03484e-08 9.5376e-10
5.7 4.06359e-08 9.37603e-10
5.8 3.99919e-08 7.91849e-10
5.9 4.11464e-08 8.80322e-10
6 4.02694e-08 8.42927e-10
6.1 4.01817e-08 9.04318e-10
6.2 3.80741e-08 1.01302e-09
6.3 3.53883e-08 1.08289e-09
6.4 3.37298e-08 9.79765e-10
6.5 3.20965e-08 7.06838e-10
6.6 2.96099e-08 7.34126e-10
6.7 2.65486e-08 6.67363e-10
6.8 2.62504e-08 7.27138e-10
6.9 2.35675e-08 5.88988e-10
7 2.03967e-08 7.13052e-10
7.1 1.80371e-08 4.63309e-10
7.2 1.63728e-08 5.33087e-10
7.3 1.35577e-08 5.70836e-10
7.4 1.16975e-08 5.15712e-10
7.5 1.05466e-08 4.145e-10
7.6 8.8946e-09 3.40168e-10
7.7 8.17135e-09 3.85854e-10
7.8 5.98825e-09 2.65065e-10
7.9 5.70909e-09 3.91455e-10
8 5.03427e-09 2.94278e-10
8.1 4.18504e-09 2.48076e-10
8.2 3.94791e-09 3.14516e-10
8.3 3.31997e-09 2.61323e-10
8.4 3.3675e-09 2.31857e-10
8.5 3.16951e-09 2.35718e-10
8.6 2.91839e-09 2.17006e-10
8.7 2.64227e-09 1.74929e-10
8.8 3.13211e-09 2.65634e-10
8.9 3.28197e-09 2.54699e-10
9 2.5844e-09 2.11405e-10
9.1 2.98122e-09 3.06102e-10
9.2 2.69977e-09 2.92991e-10
9.3 2.61077e-09 2.4529e-10
9.4 2.5534e-09 2.09537e-10
9.5 2.82359e-09 2.28688e-10
9.6 2.60879e-09 2.22912e-10
9.7 3.07778e-09 3.24822e-10
9.8 2.72227e-09 3.62359e-10
9.9 2.76543e-09 2.85755e-10
10 2.58519e-09 2.48485e-10
10.1 2.34121e-09 1.83042e-10
10.2 2.81095e-09 3.34055e-10
10.3 2.47469e-09 1.73017e-10
10.4 2.42991e-09 2.24976e-10
10.5 2.24911e-09 1.97901e-10
10.6 2.15965e-09 2.34159e-10
10.7 2.00885e-09 1.79561e-10
10.8 2.35135e-09 2.3079e-10
10.9 2.51072e-09 2.04404e-10
11 2.38266e-09 2.82656e-10
11.1 2.47079e-09 2.81856e-10
11.2 2.21483e-09 2.41379e-10
11.3 2.14824e-09 2.48735e-10
11.4 2.09767e-09 2.3688e-10
11.5 2.72315e-09 6.76475e-10
11.6 2.20458e-09 2.36965e-10
11.7 1.96115e-09 2.01768e-10
11.8 1.72962e-09 1.61263e-10
11.9 1.89922e-09 1.96508e-10
12 2.04413e-09 1.8993e-10
12.1 2.12414e-09 2.53723e-10
12.2 1.81269e-09 1.67993e-10
