-8.2 6.41246 0.000924084
-8.1 6.44035 0.0009661
-8 6.4849 0.000989922
-7.9 6.5318 0.0010118
-7.8 6.57322 0.001056
-7.7 6.62698 0.00110503
-7.6 6.67743 0.00118348
-7.5 6.73098 0.0012357
-7.4 6.79555 0.00129719
-7.3 6.85661 0.00140627
-7.2 6.92835 0.00151963
-7.1 7.00885 0.00176678
-7 7.09458 0.00192488
-6.9 7.20019 0.00231216
-6.8 7.32395 0.00280612
-6.7 7.48154 0.00377414
-6.6 7.71646 0.00531999
-6.5 8.11952 0.00968534
-6.4 8.79575 0.0135769
-6.3 9.72805 0.0202024
-6.2 10.4529 0.0249494
-6.1 10.8169 0.0273498
-6 10.8255 0.028067
-5.9 10.8379 0.0248224
-5.8 10.8953 0.0250764
-5.7 10.8972 0.0251455
-5.6 11.0172 0.0234118
-5.5 11.0224 0.0284064
-5.4 10.9675 0.0261611
-5.3 10.9976 0.0271648
-5.2 11.1025 0.0275376
-5.1 11.1211 0.0246499
-5 11.0148 0.0262251
-4.9 11.1154 0.0254753
-4.8 11.2666 0.0249451
-4.7 11.3444 0.0301778
-4.6 11.2936 0.0271925
-4.5 11.3491 0.0241352
-4.4 11.5301 0.025688
-4.3 11.6167 0.0261862
-4.2 11.4504 0.0239457
-4.1 11.4961 0.0248763
-4 11.7105 0.0251657
-3.9 11.8203 0.0256985
-3.8 11.6939 0.0292803
-3.7 11.5746 0.0264181
-3.6 11.7874 0.0255138
-3.5 12.0791 0.030684
-3.4 12.0172 0.0264244
-3.3 11.8612 0.0270829
-3.2 11.9186 0.0256974
-3.1 12.1833 0.0290364
-3 12.3294 0.0258982
-2.9 12.1499 0.0281699
-2.8 11.9682 0.0263961
-2.7 12.1607 0.0229576
-2.6 12.5629 0.0300058
-2.5 12.6926 0.02722
-2.4 12.4909 0.0274868
-2.3 12.3387 0.0256691
-2.2 12.5168 0.0277813
-2.1 12.9152 0.0328217
-2 13.0572 0.0314158
-1.9 12.8598 0.0280536
-1.8 12.7834 0.0267392
-1.7 13.0214 0.0274002
-1.6 13.4115 0.0253736
-1.5 13.5723 0.0325705
-1.4 13.3164 0.0267592
-1.3 13.0533 0.0282015
-1.2 13.2194 0.0280299
-1.1 13.7931 0.0344539
-1 14.1218 0.0306938
-0.9 13.9612 0.0308338
-0.8 13.5778 0.0311437
-0.7 13.5652 0.0270404
-0.6 14.0878 0.0300657
-0.5 14.5818 0.0316488
-0.4 14.6684 0.0315908
-0.3 14.2657 0.0304315
-0.2 13.9453 0.0250277
-0.1 14.2966 0.0276102
0 14.9877 0.0318827
0.1 15.396 0.0344277
0.2 15.2116 0.0327155
0.3 14.829 0.0290841
0.4 14.764 0.031087
0.5 15.3011 0.0286073
0.6 15.8724 0.0319756
0.7 15.9782 0.0353256
0.8 15.5725 0.0317785
0.9 15.1762 0.0316288
1 15.4368 0.029725
1.1 16.2074 0.033201
1.2 16.8296 0.0361499
1.3 16.8052 0.0356506
1.4 16.2875 0.0363961
1.5 15.8488 0.0300425
1.6 16.2304 0.0349483
1.7 17.0472 0.0378894
1.8 17.7468 0.0337766
1.9 17.6465 0.04141
2 17.0579 0.0327318
2.1 16.7196 0.0302835
2.2 17.2271 0.0362062
2.3 18.3075 0.0373121
2.4 19.0392 0.0376864
2.5 19.0146 0.0370432
2.6 18.3104 0.037408
2.7 17.6738 0.0311567
2.8 17.9883 0.0342743
2.9 19.1062 0.0354665
3 20.1797 0.039472
3.1 20.5815 0.0401553
3.2 19.9379 0.0376896
3.3 19.1125 0.0348378
3.4 19.1869 0.0353641
3.5 20.1407 0.0356787
3.6 21.5172 0.0381194
3.7 22.3215 0.0455271
3.8 22.1016 0.0417451
3.9 21.0897 0.0418996
4 20.4354 0.036516
4.1 20.9246 0.0325253
4.2 22.4108 0.0406434
4.3 24.0109 0.0393892
4.4 24.6725 0.0426225
4.5 24.1681 0.0411424
4.6 23.1354 0.0364934
4.7 22.7773 0.0362874
4.8 23.6424 0.0390888
4.9 25.5259 0.0448122
5 27.2531 0.0508609
5.1 27.8138 0.044293
5.2 27.2988 0.0418695
5.3 26.1878 0.0414152
5.4 25.8751 0.0434939
5.5 27.1168 0.041895
5.6 29.7204 0.0426415
5.7 33.0264 0.0471804
5.8 31.8659 0.0421042
5.9 31.7954 0.0489537
6 30.8317 0.0466889
6.1 31.1345 0.0419069
6.2 33.7764 0.0423822
6.3 37.7839 0.0419176
6.4 40.9573 0.0570613
6.5 42.5961 0.0519653
6.6 42.8031 0.0556594
6.7 42.6702 0.0496356
6.8 44.3424 0.0576726
6.9 48.833 0.0608544
7 56.0618 0.0664378
7.1 64.1753 0.0668458
7.2 71.6324 0.072372
7.3 76.8588 0.0696017
7.4 78.4551 0.0838772
7.5 75.8949 0.101538
7.6 71.0814 0.109496
7.7 68.8986 0.109829
7.8 72.0481 0.136876
7.9 79.3548 0.120648
8 89.226 0.135545
8.1 99.0049 0.198548
8.2 108.549 0.190477
8.3 117.525 0.278854
8.4 125.257 0.351707
8.5 132.836 0.586569
8.6 140.468 0.903827
8.7 150.677 1.92649
8.8 157.53 4.03982
8.9 107.589 11.011
9 32.908 9.57346
9.1 0 0
9.2 0 0
9.3 0 0
9.4 0 0
9.5 0 0
9.6 0 0
9.7 0 0
9.8 0 0
9.9 0 0
10 0 0
10.1 0 0
10.2 0 0
10.3 0 0
10.4 0 0
10.5 0 0
10.6 0 0
10.7 0 0
10.8 0 0
10.9 0 0
11 0 0
11.1 0 0
11.2 0 0
11.3 0 0
11.4 0 0
11.5 0 0
11.6 0 0
11.7 0 0
11.8 0 0
11.9 0 0
12 0 0
12.1 0 0
12.2 0 0
