-8.2 6.24317 0.000792411
-8.1 6.25718 0.000808191
-8 6.28824 0.000829434
-7.9 6.32216 0.000849361
-7.8 6.34589 0.000870331
-7.7 6.38345 0.000892164
-7.6 6.41413 0.000922057
-7.5 6.44476 0.000945252
-7.4 6.48619 0.000974532
-7.3 6.51865 0.00101595
-7.2 6.55871 0.00106521
-7.1 6.60183 0.0011195
-7 6.64217 0.00117006
-6.9 6.69313 0.00127682
-6.8 6.74287 0.00134494
-6.7 6.80125 0.00145902
-6.6 6.87094 0.00158521
-6.5 6.95183 0.00190476
-6.4 7.04332 0.00235837
-6.3 7.10208 0.00237416
-6.2 7.11862 0.002355
-6.1 7.13446 0.00245601
-6 7.16616 0.00228542
-5.9 7.18948 0.00235667
-5.8 7.20392 0.00248873
-5.7 7.23421 0.00247287
-5.6 7.2575 0.00273078
-5.5 7.26805 0.00248937
-5.4 7.29652 0.00250412
-5.3 7.33117 0.00249487
-5.2 7.35114 0.00250753
-5.1 7.37047 0.00259262
-5 7.40803 0.00263944
-4.9 7.44805 0.00259884
-4.8 7.47136 0.0024857
-4.7 7.48943 0.00272692
-4.6 7.52375 0.00294043
-4.5 7.5587 0.00284799
-4.4 7.58451 0.00276634
-4.3 7.60216 0.00282857
-4.2 7.63786 0.00271745
-4.1 7.67915 0.00271206
-4 7.7107 0.00301767
-3.9 7.7285 0.00260309
-3.8 7.7579 0.00243668
-3.7 7.8035 0.00263387
-3.6 7.84251 0.00269757
-3.5 7.86443 0.00248849
-3.4 7.89163 0.00272458
-3.3 7.92816 0.00283164
-3.2 7.97587 0.00290464
-3.1 8.00904 0.00281425
-3 8.03361 0.00296041
-2.9 8.0636 0.00308671
-2.8 8.11518 0.00295724
-2.7 8.16419 0.00263895
-2.6 8.19971 0.00294481
-2.5 8.22858 0.00287377
-2.4 8.26136 0.00283737
-2.3 8.3128 0.00297341
-2.2 8.36425 0.00337525
-2.1 8.40277 0.00315366
-2 8.43791 0.00312388
-1.9 8.48032 0.00300317
-1.8 8.53392 0.00302218
-1.7 8.58868 0.00317367
-1.6 8.62824 0.00307636
-1.5 8.66099 0.00288672
-1.4 8.69404 0.00301567
-1.3 8.75188 0.00303901
-1.2 8.81958 0.00337583
-1.1 8.87334 0.00336649
-1 8.90998 0.00361213
-0.9 8.9478 0.00323605
-0.8 9.00016 0.00322005
-0.7 9.0681 0.00350422
-0.6 9.13736 0.00354972
-0.5 9.1842 0.00337219
-0.4 9.22524 0.0033621
-0.3 9.27526 0.00367683
-0.2 9.34377 0.00361943
-0.1 9.42962 0.00338645
0 9.49494 0.00350155
0.1 9.54056 0.00381197
0.2 9.58609 0.00359805
0.3 9.64806 0.0038643
0.4 9.72801 0.00395245
0.5 9.80032 0.00399767
0.6 9.85651 0.0043951
0.7 9.9058 0.00375739
0.8 9.96705 0.00374966
0.9 10.0498 0.00372734
1 10.1476 0.00365918
1.1 10.2256 0.00387543
1.2 10.2877 0.00381588
1.3 10.3435 0.0036056
1.4 10.4137 0.00368772
1.5 10.5119 0.00384439
1.6 10.6245 0.00379232
1.7 10.7244 0.00423864
1.8 10.7994 0.00428307
1.9 10.8675 0.00460081
2 10.9585 0.00438529
2.1 11.0717 0.00487741
2.2 11.2077 0.00454811
2.3 11.3236 0.00397545
2.4 11.407 0.00450924
2.5 11.4741 0.00474562
2.6 11.5626 0.0047116
2.7 11.6876 0.00437752
2.8 11.84 0.00489906
2.9 11.9873 0.00491716
3 12.108 0.00487689
3.1 12.2136 0.00527246
3.2 12.3228 0.00529433
3.3 12.4516 0.00489997
3.4 12.6201 0.00538761
3.5 12.7983 0.00568709
3.6 12.967 0.00538367
3.7 13.0869 0.00568145
3.8 13.2075 0.00543226
3.9 13.3477 0.00577237
4 13.5419 0.00517864
4.1 13.7754 0.00537081
4.2 14.0145 0.00630015
4.3 14.2254 0.00658492
4.4 14.4045 0.00627978
4.5 14.5905 0.00675295
4.6 14.8014 0.00721273
4.7 15.0645 0.00681586
4.8 15.3764 0.00711207
4.9 15.6938 0.00717385
5 15.9764 0.00757806
5.1 16.2421 0.00763925
5.2 16.5127 0.00845203
5.3 16.8276 0.00864622
5.4 17.2267 0.00827973
5.5 17.6995 0.00784669
5.6 18.2475 0.0098594
5.7 18.8296 0.0108942
5.8 21.3714 0.0104827
5.9 22.3202 0.0116582
6 23.1191 0.0118979
6.1 24.0916 0.0131977
6.2 25.2349 0.0145868
6.3 23.4256 0.0135949
6.4 24.0151 0.015144
6.5 25.0274 0.015999
6.6 26.1667 0.0176573
6.7 27.536 0.0171315
6.8 29.2416 0.0198421
6.9 31.2372 0.0222193
7 33.2376 0.0230531
7.1 35.2094 0.0255154
7.2 36.8654 0.0285261
7.3 38.0764 0.0338798
7.4 38.8283 0.0373583
7.5 39.4028 0.0404416
7.6 40.1765 0.0440125
7.7 41.3978 0.0506003
7.8 43.3745 0.0511131
7.9 46.2127 0.0614676
8 49.4394 0.0789825
8.1 52.8718 0.0966017
8.2 56.4949 0.123376
8.3 60.3125 0.188667
8.4 63.9193 0.200783
8.5 66.9607 0.327636
8.6 71.1371 0.466524
8.7 74.6713 0.655374
8.8 78.5787 1.15532
8.9 85.8588 2.35523
9 92.7027 7.95215
9.1 60.0901 8.83241
9.2 8.87045 2.98825
9.3 4.33525 2.47019
9.4 0.00011912 8.32064e-05
9.5 0.00011912 8.32064e-05
9.6 5.72129e-05 5.68303e-05
9.7 5.72129e-05 5.68303e-05
9.8 5.72129e-05 5.68303e-05
9.9 5.72129e-05 5.68303e-05
10 5.72129e-05 5.68303e-05
10.1 5.72129e-05 5.68303e-05
10.2 5.72129e-05 5.68303e-05
10.3 5.72129e-05 5.68303e-05
10.4 5.72129e-05 5.68303e-05
10.5 5.72129e-05 5.68303e-05
10.6 5.72129e-05 5.68303e-05
10.7 5.72129e-05 5.68303e-05
10.8 5.72129e-05 5.68303e-05
10.9 5.72129e-05 5.68303e-05
11 5.72129e-05 5.68303e-05
11.1 5.72129e-05 5.68303e-05
11.2 5.72129e-05 5.68303e-05
11.3 5.72129e-05 5.68303e-05
11.4 5.72129e-05 5.68303e-05
11.5 5.72129e-05 5.68303e-05
11.6 5.72129e-05 5.68303e-05
11.7 5.72129e-05 5.68303e-05
11.8 5.72129e-05 5.68303e-05
11.9 5.72129e-05 5.68303e-05
12 5.72129e-05 5.68303e-05
12.1 5.72129e-05 5.68303e-05
12.2 5.72129e-05 5.68303e-05
