-8.2 0.0125843 5.18595e-06
-8.1 0.012558 5.16593e-06
-8 0.0125317 5.11971e-06
-7.9 0.0125059 5.06938e-06
-7.8 0.01248 5.07209e-06
-7.7 0.0124539 5.04493e-06
-7.6 0.0124276 5.00504e-06
-7.5 0.0124013 4.96887e-06
-7.4 0.0123752 5.01478e-06
-7.3 0.0123494 4.98413e-06
-7.2 0.0123238 5.02049e-06
-7.1 0.0122981 5.02674e-06
-7 0.0122718 5.05033e-06
-6.9 0.0122465 5.08033e-06
-6.8 0.0122208 5.09642e-06
-6.7 0.0121949 5.07513e-06
-6.6 0.0121694 5.08526e-06
-6.5 0.0121433 5.08026e-06
-6.4 0.012115 5.11359e-06
-6.3 0.0120818 5.18607e-06
-6.2 0.0120423 5.13568e-06
-6.1 0.0119985 5.10936e-06
-6 0.0119537 5.07882e-06
-5.9 0.011909 5.07937e-06
-5.8 0.011863 5.02321e-06
-5.7 0.011818 5.01474e-06
-5.6 0.0117725 5.04934e-06
-5.5 0.0117269 5.0406e-06
-5.4 0.0116819 5.06015e-06
-5.3 0.0116377 5.03557e-06
-5.2 0.0115932 5.13513e-06
-5.1 0.0115479 5.15681e-06
-5 0.0115033 5.20316e-06
-4.9 0.0114596 5.19604e-06
-4.8 0.0114153 5.15761e-06
-4.7 0.0113702 5.14593e-06
-4.6 0.0113247 5.09082e-06
-4.5 0.0112796 5.08216e-06
-4.4 0.0112347 5.12241e-06
-4.3 0.0111886 5.10011e-06
-4.2 0.0111431 5.09948e-06
-4.1 0.0110993 5.09458e-06
-4 0.0110545 5.03373e-06
-3.9 0.0110087 5.01462e-06
-3.8 0.0109623 4.98875e-06
-3.7 0.010918 4.97687e-06
-3.6 0.0108741 4.91322e-06
-3.5 0.010828 4.85662e-06
-3.4 0.01078 4.85274e-06
-3.3 0.0107344 4.79516e-06
-3.2 0.0106898 4.81965e-06
-3.1 0.0106454 4.79488e-06
-3 0.0105983 4.76005e-06
-2.9 0.0105516 4.80172e-06
-2.8 0.010507 4.75516e-06
-2.7 0.0104634 4.72893e-06
-2.6 0.0104181 4.74013e-06
-2.5 0.0103702 4.64264e-06
-2.4 0.0103221 4.54798e-06
-2.3 0.0102757 4.60396e-06
-2.2 0.010231 4.59281e-06
-2.1 0.010184 4.56183e-06
-2 0.0101352 4.48978e-06
-1.9 0.0100864 4.44466e-06
-1.8 0.01004 4.44562e-06
-1.7 0.00999382 4.43331e-06
-1.6 0.00994587 4.36782e-06
-1.5 0.00989541 4.29876e-06
-1.4 0.00984491 4.29708e-06
-1.3 0.00979733 4.2539e-06
-1.2 0.00975121 4.31751e-06
-1.1 0.00970318 4.26617e-06
-1 0.0096516 4.28619e-06
-0.9 0.00959882 4.27939e-06
-0.8 0.00954868 4.21562e-06
-0.7 0.00950211 4.19771e-06
-0.6 0.00945413 4.15374e-06
-0.5 0.00940188 4.12834e-06
-0.4 0.00934722 4.14467e-06
-0.3 0.0092926 4.14673e-06
-0.2 0.00924395 4.10891e-06
-0.1 0.00919613 4.11225e-06
0 0.00914446 4.14204e-06
0.1 0.00908912 4.19394e-06
0.2 0.009031 4.18313e-06
0.3 0.00897578 4.1913e-06
0.4 0.00892512 4.10568e-06
0.5 0.00887413 4.13621e-06
0.6 0.0088185 4.22086e-06
0.7 0.00875946 4.16371e-06
0.8 0.00870178 4.17844e-06
0.9 0.0086485 4.26415e-06
1 0.00859759 4.31365e-06
1.1 0.00854367 4.26271e-06
1.2 0.00848421 4.22657e-06
1.3 0.00842112 4.22539e-06
1.4 0.00836064 4.2209e-06
1.5 0.00830566 4.24113e-06
1.6 0.00825291 4.24846e-06
1.7 0.00819665 4.26737e-06
1.8 0.00813321 4.27771e-06
1.9 0.00806657 4.26152e-06
2 0.00800374 4.32152e-06
2.1 0.00794707 4.30749e-06
2.2 0.00789233 4.27792e-06
2.3 0.00783193 4.18954e-06
2.4 0.00776318 4.1533e-06
2.5 0.0076903 4.14843e-06
2.6 0.00762139 4.12053e-06
2.7 0.0075602 4.08153e-06
2.8 0.00750392 4.03488e-06
2.9 0.00744302 4.06514e-06
3 0.0073729 4.02855e-06
3.1 0.00729536 3.99701e-06
3.2 0.00721805 4.05168e-06
3.3 0.00714878 4.0327e-06
3.4 0.00708703 4.08278e-06
3.5 0.00702366 4.10684e-06
3.6 0.00695161 4.08139e-06
3.7 0.00686891 4.06928e-06
3.8 0.00678269 4.04285e-06
3.9 0.00670201 4.04046e-06
4 0.0066318 4.02496e-06
4.1 0.00656677 4.05178e-06
4.2 0.00649596 4.06488e-06
4.3 0.0064116 4.02871e-06
4.4 0.00631634 3.93822e-06
4.5 0.00621984 3.9646e-06
4.6 0.00613173 3.98733e-06
4.7 0.00605392 3.94058e-06
4.8 0.00597857 3.90884e-06
4.9 0.0058943 3.93458e-06
5 0.00579377 3.92666e-06
5.1 0.00568185 3.87381e-06
5.2 0.00557054 3.79929e-06
5.3 0.00546949 3.76719e-06
5.4 0.00537968 3.73729e-06
5.5 0.00529269 3.70186e-06
5.6 0.00519526 3.63778e-06
5.7 0.00508584 3.662e-06
5.8 0.00491372 3.44761e-06
5.9 0.00476223 3.41124e-06
6 0.00462291 3.36816e-06
6.1 0.00449774 3.22565e-06
6.2 0.00436726 3.07191e-06
6.3 0.00421331 2.92353e-06
6.4 0.00403824 2.76516e-06
6.5 0.00384316 2.63628e-06
6.6 0.00364571 2.51616e-06
6.7 0.00345872 2.47523e-06
6.8 0.00328037 2.38539e-06
6.9 0.00308607 2.39193e-06
7 0.00284462 2.35764e-06
7.1 0.00253722 2.37667e-06
7.2 0.00217426 2.32955e-06
7.3 0.00179395 1.99853e-06
7.4 0.00144597 1.6869e-06
7.5 0.00116655 1.46097e-06
7.6 0.000961818 1.37872e-06
7.7 0.000810202 1.30443e-06
7.8 0.000680313 1.23584e-06
7.9 0.000551183 1.14691e-06
8 0.000417694 9.47482e-07
8.1 0.000288144 7.86449e-07
8.2 0.000178311 6.2517e-07
8.3 9.73111e-05 4.65061e-07
8.4 4.68788e-05 3.10213e-07
8.5 1.96061e-05 1.80515e-07
8.6 7.19255e-06 1.13655e-07
8.7 2.18076e-06 7.12028e-08
8.8 5.56367e-07 3.35989e-08
8.9 1.15328e-07 1.54266e-08
9 1.13346e-08 3.82115e-09
9.1 0 0
9.2 0 0
9.3 0 0
9.4 0 0
9.5 0 0
9.6 0 0
9.7 0 0
9.8 0 0
9.9 0 0
10 0 0
10.1 0 0
10.2 0 0
10.3 0 0
10.4 0 0
10.5 0 0
10.6 0 0
10.7 0 0
10.8 0 0
10.9 0 0
11 0 0
11.1 0 0
11.2 0 0
11.3 0 0
11.4 0 0
11.5 0 0
11.6 0 0
11.7 0 0
11.8 0 0
11.9 0 0
12 0 0
12.1 0 0
12.2 0 0
