1.09967 6.69119e-09
3.099 5.64281e-09
5.09833 7.40449e-09
7.09767 7.97906e-09
9.097 8.38284e-09
11.0963 8.0292e-09
13.0957 9.96795e-09
15.095 9.98911e-09
17.0943 1.00259e-08
19.0937 1.20693e-08
21.093 1.29825e-08
23.0923 1.31171e-08
25.0917 1.49532e-08
27.091 1.54043e-08
29.0903 1.80728e-08
31.0897 1.81888e-08
33.089 2.16827e-08
35.0883 2.17999e-08
37.0877 2.59106e-08
39.087 2.48334e-08
41.0863 3.10636e-08
43.0857 3.16047e-08
45.085 3.35063e-08
47.0843 3.93108e-08
49.0837 4.28737e-08
51.083 4.54141e-08
53.0823 4.91727e-08
55.0817 5.45225e-08
57.081 5.99052e-08
59.0803 6.58128e-08
61.0797 7.13487e-08
63.079 7.80036e-08
65.0783 8.46103e-08
67.0777 9.22292e-08
69.077 1.00543e-07
71.0763 1.0838e-07
73.0757 1.21677e-07
75.075 1.30258e-07
77.0743 1.4407e-07
79.0737 1.54515e-07
81.073 1.69389e-07
83.0723 1.86184e-07
85.0717 2.02381e-07
87.071 2.26197e-07
89.0703 2.39461e-07
91.0697 2.66677e-07
93.069 2.87133e-07
95.0683 3.21089e-07
97.0677 3.46966e-07
99.067 3.85301e-07
101.066 4.1765e-07
103.066 4.55596e-07
105.065 5.02563e-07
107.064 5.41851e-07
109.064 6.01503e-07
111.063 6.55828e-07
113.062 7.14612e-07
115.062 7.78189e-07
117.061 8.59125e-07
119.06 9.37195e-07
121.06 1.02953e-06
123.059 1.12484e-06
125.058 1.25069e-06
127.058 1.36778e-06
129.057 1.50107e-06
131.056 1.63459e-06
133.056 1.80123e-06
135.055 1.97091e-06
137.054 2.15804e-06
139.054 2.37581e-06
141.053 2.56957e-06
143.052 2.8025e-06
145.052 3.13841e-06
147.051 3.40482e-06
149.05 3.75245e-06
151.05 4.11066e-06
153.049 4.49038e-06
155.048 4.85108e-06
157.048 5.35212e-06
159.047 5.84201e-06
161.046 6.37482e-06
163.046 6.88787e-06
165.045 7.68879e-06
167.044 8.29916e-06
169.044 9.19575e-06
171.043 1.00005e-05
173.042 1.10263e-05
175.042 1.18266e-05
177.041 1.28363e-05
179.04 1.39501e-05
181.04 1.53684e-05
183.039 1.68055e-05
185.038 1.88313e-05
187.038 2.14092e-05
189.037 2.36237e-05
191.036 2.65454e-05
193.036 3.05432e-05
195.035 3.46377e-05
197.034 3.99992e-05
199.034 4.49169e-05
201.033 4.81594e-05
203.032 5.17481e-05
205.032 5.31831e-05
207.031 5.54537e-05
209.03 5.50433e-05
211.03 6.00676e-05
213.029 7.05647e-05
215.028 8.85785e-05
217.028 0.000102135
219.027 9.54523e-05
221.026 9.47442e-05
223.026 0.000114734
225.025 0.000128551
227.024 0.000115091
229.024 0.000109279
231.023 0.000122626
233.022 0.000112912
235.022 0.000119399
237.021 0.000121728
239.02 3.97139e-05
241.02 1.38285e-06
243.019 0
245.018 0
247.018 0
249.017 0
251.016 0
253.016 0
255.015 0
257.014 0
259.014 0
261.013 0
263.012 0
265.012 0
267.011 0
269.01 0
271.01 0
273.009 0
275.008 0
277.008 0
279.007 0
281.006 0
283.006 0
285.005 0
287.004 0
289.004 0
291.003 0
293.002 0
295.002 0
297.001 0
299 0
