1.09967 1.34624e-10
3.099 2.59972e-10
5.09833 2.51814e-10
7.09767 3.68967e-10
9.097 1.19992e-10
11.0963 0
13.0957 3.35702e-10
15.095 1.1177e-10
17.0943 1.09487e-10
19.0937 1.05795e-10
21.093 1.02661e-10
23.0923 2.98046e-10
25.0917 1.94716e-10
27.091 1.89264e-10
29.0903 5.5773e-10
31.0897 9.14008e-11
33.089 2.67104e-10
35.0883 1.76251e-10
37.0877 1.71672e-10
39.087 2.50736e-10
41.0863 2.4732e-10
43.0857 4.85485e-10
45.085 2.40295e-10
47.0843 3.1456e-10
49.0837 1.55486e-10
51.083 3.81992e-10
53.0823 5.28864e-10
55.0817 3.00204e-10
57.081 3.71495e-10
59.0803 2.94175e-10
61.0797 6.58246e-10
63.079 2.91285e-10
65.0783 3.62579e-10
67.0777 5.77699e-10
69.077 5.76949e-10
71.0763 4.3382e-10
73.0757 8.01386e-10
75.075 4.39562e-10
77.0743 4.41521e-10
79.0737 9.61128e-10
81.073 5.2251e-10
83.0723 9.0808e-10
85.0717 6.13652e-10
87.071 1.08852e-09
89.0703 7.12718e-10
91.0697 1.12763e-09
93.069 1.07107e-09
95.0683 9.24078e-10
97.0677 1.28845e-09
99.067 1.41e-09
101.066 1.44806e-09
103.066 1.5808e-09
105.065 1.52682e-09
107.064 1.869e-09
109.064 1.72657e-09
111.063 1.88572e-09
113.062 1.83835e-09
115.062 1.89564e-09
117.061 2.42236e-09
119.06 2.62922e-09
121.06 2.47336e-09
123.059 3.06972e-09
125.058 2.91587e-09
127.058 3.15172e-09
129.057 3.26079e-09
131.056 3.22904e-09
133.056 3.49633e-09
135.055 3.47247e-09
137.054 3.60069e-09
139.054 3.55041e-09
141.053 3.50473e-09
143.052 3.2691e-09
145.052 3.76205e-09
147.051 2.73848e-09
149.05 2.84454e-09
151.05 3.17656e-09
153.049 2.41423e-09
155.048 2.51566e-09
157.048 1.89712e-09
159.047 1.72686e-09
161.046 2.05434e-09
163.046 2.13566e-09
165.045 2.78105e-09
167.044 2.60533e-09
169.044 2.70395e-09
171.043 2.49105e-09
173.042 1.99079e-09
175.042 1.82496e-09
177.041 2.0027e-09
179.04 2.193e-09
181.04 2.89204e-09
183.039 2.64927e-09
185.038 3.48074e-09
187.038 3.19428e-09
189.037 3.5067e-09
191.036 3.84009e-09
193.036 2.47135e-09
195.035 0
197.034 0
199.034 0
201.033 0
203.032 0
205.032 0
207.031 0
209.03 0
211.03 0
213.029 0
215.028 0
217.028 0
219.027 0
221.026 0
223.026 0
225.025 0
227.024 0
229.024 0
231.023 0
233.022 0
235.022 0
237.021 0
239.02 0
241.02 0
243.019 0
245.018 0
247.018 0
249.017 0
251.016 0
253.016 0
255.015 0
257.014 0
259.014 0
261.013 0
263.012 0
265.012 0
267.011 0
269.01 0
271.01 0
273.009 0
275.008 0
277.008 0
279.007 0
281.006 0
283.006 0
285.005 0
287.004 0
289.004 0
291.003 0
293.002 0
295.002 0
297.001 0
299 0
