1.09967 0
3.099 0
5.09833 9.2403e-11
7.09767 0
9.097 0
11.0963 0
13.0957 9.05021e-11
15.095 0
17.0943 0
19.0937 9.02295e-11
21.093 0
23.0923 9.10666e-11
25.0917 0
27.091 0
29.0903 9.27246e-11
31.0897 0
33.089 9.49648e-11
35.0883 9.75784e-11
37.0877 0
39.087 1.00193e-10
41.0863 0
43.0857 1.03247e-10
45.085 1.06944e-10
47.0843 1.10192e-10
49.0837 0
51.083 1.14557e-10
53.0823 1.17729e-10
55.0817 1.21468e-10
57.081 1.25756e-10
59.0803 1.29889e-10
61.0797 1.33718e-10
63.079 1.38068e-10
65.0783 2.8735e-10
67.0777 1.50538e-10
69.077 1.53679e-10
71.0763 3.20626e-10
73.0757 1.66718e-10
75.075 3.45186e-10
77.0743 1.77938e-10
79.0737 3.67579e-10
81.073 3.81891e-10
83.0723 3.97348e-10
85.0717 4.11386e-10
87.071 4.25443e-10
89.0703 4.39433e-10
91.0697 4.52337e-10
93.069 7.03509e-10
95.0683 7.30357e-10
97.0677 7.58493e-10
99.067 7.8718e-10
101.066 8.13277e-10
103.066 1.12548e-09
105.065 8.76815e-10
107.064 9.00071e-10
109.064 1.24075e-09
111.063 1.6192e-09
113.062 1.68464e-09
115.062 1.39294e-09
117.061 1.7978e-09
119.06 1.86429e-09
121.06 1.93488e-09
123.059 2.4098e-09
125.058 2.51284e-09
127.058 3.05698e-09
129.057 2.72523e-09
131.056 3.29055e-09
133.056 3.90839e-09
135.055 4.58831e-09
137.054 3.72261e-09
139.054 4.97067e-09
141.053 5.17074e-09
143.052 5.37121e-09
145.052 6.21538e-09
147.051 6.57889e-09
149.05 7.18289e-09
151.05 6.24799e-09
153.049 4.34721e-09
155.048 4.75516e-09
157.048 6.26805e-09
159.047 6.9158e-09
161.046 6.37678e-09
163.046 6.98303e-09
165.045 7.65039e-09
167.044 8.37384e-09
169.044 1.10825e-08
171.043 6.1686e-09
173.042 0
175.042 0
177.041 0
179.04 0
181.04 0
183.039 0
185.038 0
187.038 0
189.037 0
191.036 0
193.036 0
195.035 0
197.034 0
199.034 0
201.033 0
203.032 0
205.032 0
207.031 0
209.03 0
211.03 0
213.029 0
215.028 0
217.028 0
219.027 0
221.026 0
223.026 0
225.025 0
227.024 0
229.024 0
231.023 0
233.022 0
235.022 0
237.021 0
239.02 0
241.02 0
243.019 0
245.018 0
247.018 0
249.017 0
251.016 0
253.016 0
255.015 0
257.014 0
259.014 0
261.013 0
263.012 0
265.012 0
267.011 0
269.01 0
271.01 0
273.009 0
275.008 0
277.008 0
279.007 0
281.006 0
283.006 0
285.005 0
287.004 0
289.004 0
291.003 0
293.002 0
295.002 0
297.001 0
299 0
