1 8.33737e-10 5.71823e-10
3 7.79757e-13 3.43617e-14
5 1.43986e-12 5.89178e-14
7 1.95292e-12 8.98312e-14
9 2.24546e-12 9.50942e-14
11 5.06257e-08 2.415e-09
13 0.000260463 2.79277e-07
15 0.000367086 3.48488e-07
17 0.000331576 3.12794e-07
19 0.000226881 2.0579e-07
21 0.0001993 2.12919e-07
23 0.00012751 1.51765e-07
25 0.000105459 1.33546e-07
27 8.82797e-05 1.08946e-07
29 7.54907e-05 9.47317e-08
31 5.59024e-05 7.54586e-08
33 4.45734e-05 6.05997e-08
35 3.68639e-05 4.93421e-08
37 3.14e-05 4.19584e-08
39 2.27635e-05 3.08785e-08
41 1.93717e-05 2.69514e-08
43 1.71543e-05 2.31808e-08
45 1.5417e-05 1.99101e-08
47 1.40355e-05 1.89056e-08
49 1.28965e-05 1.73249e-08
51 1.19298e-05 1.57715e-08
53 1.01108e-05 1.40887e-08
55 8.46189e-06 1.14904e-08
57 7.75739e-06 1.09956e-08
59 6.82473e-06 9.65019e-09
61 6.22653e-06 8.83475e-09
63 5.65802e-06 8.0825e-09
65 5.06409e-06 7.18382e-09
67 4.64616e-06 6.49077e-09
69 4.29457e-06 5.94844e-09
71 3.85592e-06 5.28368e-09
73 3.52257e-06 4.86188e-09
75 3.26923e-06 4.48325e-09
77 3.0465e-06 4.24758e-09
79 2.82807e-06 3.96698e-09
81 2.5136e-06 3.6468e-09
83 2.3476e-06 3.42919e-09
85 2.19686e-06 3.22195e-09
87 2.06362e-06 2.9525e-09
89 1.94609e-06 2.69712e-09
91 1.83139e-06 2.65753e-09
93 1.60691e-06 2.24531e-09
95 1.51219e-06 2.13585e-09
97 1.42499e-06 1.97528e-09
99 1.3471e-06 1.91418e-09
101 1.27681e-06 1.84004e-09
103 1.21355e-06 1.75995e-09
105 1.15591e-06 1.6433e-09
107 1.10305e-06 1.52137e-09
109 1.02061e-06 1.52095e-09
111 8.88956e-07 1.24181e-09
113 8.53629e-07 1.17008e-09
115 8.11853e-07 1.14878e-09
117 7.74187e-07 1.10719e-09
119 7.39324e-07 1.08768e-09
121 7.07286e-07 9.85869e-10
123 6.78073e-07 9.85643e-10
125 6.50963e-07 9.52212e-10
127 6.25911e-07 8.69578e-10
129 6.02629e-07 8.61141e-10
131 5.80798e-07 8.64358e-10
133 5.6068e-07 8.01702e-10
135 5.41539e-07 7.74827e-10
137 4.75074e-07 6.85851e-10
139 4.3706e-07 6.14164e-10
141 4.2939e-07 6.08966e-10
143 4.1349e-07 5.88099e-10
145 3.99165e-07 5.87526e-10
147 3.84957e-07 5.41778e-10
149 3.72344e-07 5.24349e-10
151 3.60154e-07 5.36302e-10
153 3.4874e-07 5.03871e-10
155 3.36921e-07 4.75352e-10
157 3.05048e-07 4.41828e-10
159 2.85985e-07 4.17908e-10
161 2.75047e-07 4.02408e-10
163 2.678e-07 3.84124e-10
165 2.58689e-07 3.77273e-10
167 2.49858e-07 3.60392e-10
169 2.41722e-07 3.6315e-10
171 2.34314e-07 3.27151e-10
173 2.27089e-07 3.36785e-10
175 2.20219e-07 3.08104e-10
177 2.13937e-07 3.13034e-10
179 2.07832e-07 2.92602e-10
181 2.02059e-07 2.8422e-10
183 1.95998e-07 2.84451e-10
185 1.76971e-07 2.41008e-10
187 1.67482e-07 2.39743e-10
189 1.59356e-07 2.25052e-10
191 1.54181e-07 2.13073e-10
193 1.52243e-07 2.00822e-10
195 1.47796e-07 1.96443e-10
197 1.43524e-07 2.02792e-10
199 1.39684e-07 1.99399e-10
201 1.35929e-07 1.82173e-10
203 1.32469e-07 1.8047e-10
205 1.29023e-07 1.69564e-10
207 1.25808e-07 1.73722e-10
209 1.22691e-07 1.69075e-10
211 1.19941e-07 1.7278e-10
213 1.17031e-07 1.63125e-10
215 1.14305e-07 1.58527e-10
217 1.11771e-07 1.63216e-10
219 1.09389e-07 1.51451e-10
221 1.0694e-07 1.5902e-10
223 1.0467e-07 1.56279e-10
225 1.02556e-07 1.47808e-10
227 9.31902e-08 1.35901e-10
229 8.59865e-08 1.42005e-10
231 8.23239e-08 1.43292e-10
233 7.88745e-08 1.34141e-10
235 7.55586e-08 1.22862e-10
237 7.29873e-08 1.26174e-10
239 7.21016e-08 1.19164e-10
241 7.21077e-08 1.19289e-10
243 7.04568e-08 1.17065e-10
245 6.88715e-08 1.18149e-10
247 6.74536e-08 1.15874e-10
249 6.59161e-08 1.05188e-10
251 6.462e-08 1.15395e-10
253 6.33504e-08 1.06547e-10
255 6.20129e-08 1.1843e-10
257 6.09902e-08 1.07361e-10
259 5.95293e-08 1.07047e-10
261 5.86847e-08 1.06812e-10
263 5.73416e-08 1.02339e-10
265 5.64651e-08 1.01874e-10
267 5.53275e-08 9.94874e-11
269 5.44994e-08 9.53169e-11
271 5.34527e-08 9.63013e-11
273 5.25251e-08 8.88663e-11
275 5.16917e-08 9.30296e-11
277 5.0761e-08 9.04862e-11
279 4.9964e-08 8.74985e-11
281 4.91385e-08 9.06022e-11
283 4.82841e-08 9.3915e-11
285 4.76349e-08 8.57482e-11
287 4.6849e-08 9.36643e-11
289 4.61929e-08 8.22068e-11
291 4.52916e-08 8.89569e-11
293 4.47696e-08 7.96373e-11
295 4.40824e-08 8.56057e-11
297 4.34321e-08 8.10516e-11
299 4.28141e-08 8.09091e-11
301 4.02802e-08 8.15179e-11
303 3.66173e-08 6.82697e-11
305 3.51006e-08 7.19379e-11
307 3.36685e-08 6.46683e-11
309 3.23855e-08 6.5123e-11
311 3.11645e-08 7.0881e-11
313 3.22791e-08 6.96862e-11
315 3.18148e-08 6.93771e-11
317 3.12625e-08 6.04602e-11
319 3.08214e-08 6.7578e-11
321 3.02927e-08 6.81321e-11
323 2.97194e-08 6.04922e-11
325 2.86096e-08 6.8454e-11
327 2.79474e-08 6.29858e-11
329 2.73997e-08 5.95132e-11
331 2.6736e-08 5.79246e-11
333 2.62724e-08 5.63009e-11
335 2.57973e-08 6.19875e-11
337 2.53804e-08 6.05362e-11
339 2.50285e-08 5.46824e-11
341 2.46133e-08 6.15267e-11
343 2.41468e-08 5.50109e-11
345 2.37361e-08 5.64744e-11
347 2.34401e-08 5.58173e-11
349 2.30186e-08 5.84783e-11
351 2.22958e-08 5.2964e-11
353 2.16762e-08 4.90139e-11
355 2.13506e-08 5.73677e-11
357 2.08395e-08 5.06298e-11
359 2.05088e-08 5.25004e-11
361 2.00838e-08 5.02542e-11
363 1.98424e-08 4.95698e-11
365 1.93226e-08 5.02333e-11
367 1.91976e-08 5.06168e-11
369 1.88598e-08 4.79627e-11
371 1.86641e-08 4.38862e-11
373 1.82181e-08 5.16866e-11
375 1.80049e-08 5.10138e-11
377 1.77197e-08 4.71149e-11
379 1.75973e-08 4.22577e-11
381 1.72358e-08 4.77181e-11
383 1.67278e-08 4.46912e-11
385 1.62612e-08 4.13761e-11
387 1.60403e-08 4.54578e-11
389 1.57914e-08 4.47549e-11
391 1.54157e-08 4.23868e-11
393 1.51113e-08 4.4757e-11
395 1.49534e-08 4.47485e-11
397 1.48069e-08 4.58278e-11
399 1.46135e-08 4.02791e-11
401 1.43281e-08 3.61116e-11
403 1.41096e-08 4.46792e-11
405 1.39954e-08 4.16176e-11
407 1.38175e-08 3.85373e-11
409 1.36812e-08 4.04102e-11
411 1.34506e-08 4.06631e-11
413 1.31911e-08 4.06618e-11
415 1.30644e-08 3.82024e-11
417 1.29012e-08 3.5931e-11
419 1.28007e-08 4.06744e-11
421 1.26219e-08 3.71672e-11
423 1.23565e-08 3.97352e-11
425 1.18528e-08 3.69971e-11
427 1.16767e-08 3.64107e-11
429 1.15172e-08 3.61374e-11
431 1.13401e-08 3.64035e-11
433 1.11667e-08 3.51054e-11
435 1.09928e-08 3.72456e-11
437 1.07938e-08 2.99587e-11
439 1.06012e-08 3.11529e-11
441 1.04746e-08 3.259e-11
443 1.04021e-08 3.26482e-11
445 1.01934e-08 3.10695e-11
447 1.0096e-08 3.07897e-11
449 1.00238e-08 3.10597e-11
451 9.86464e-09 3.16546e-11
453 9.71105e-09 3.32317e-11
455 9.68449e-09 3.28183e-11
457 9.58252e-09 2.95794e-11
459 9.46118e-09 3.07627e-11
461 9.36886e-09 2.99357e-11
463 9.20833e-09 2.77282e-11
465 9.10105e-09 3.14866e-11
467 8.96591e-09 3.46347e-11
469 8.9504e-09 3.3033e-11
471 8.82171e-09 2.81833e-11
473 8.79086e-09 2.89512e-11
475 8.64147e-09 3.25454e-11
477 8.05717e-09 2.64342e-11
479 7.83193e-09 2.68535e-11
481 7.66994e-09 2.7766e-11
483 7.62419e-09 2.9025e-11
485 7.4494e-09 2.82254e-11
487 7.35834e-09 2.55049e-11
489 7.32553e-09 2.59578e-11
491 7.13546e-09 2.65441e-11
493 7.0585e-09 2.33147e-11
495 6.91698e-09 2.6713e-11
497 6.85768e-09 2.82633e-11
499 6.73089e-09 2.61634e-11
501 6.67266e-09 2.38006e-11
503 6.52155e-09 2.77954e-11
505 6.55544e-09 2.6693e-11
507 6.4162e-09 2.56658e-11
509 6.32577e-09 2.22455e-11
511 6.31512e-09 2.31838e-11
513 6.27043e-09 2.53953e-11
515 6.22916e-09 2.50778e-11
517 6.13573e-09 2.74091e-11
519 6.07348e-09 2.42419e-11
521 6.03008e-09 2.44059e-11
523 5.97525e-09 2.26666e-11
525 5.91889e-09 2.34758e-11
527 5.84099e-09 2.232e-11
529 5.79532e-09 2.17291e-11
531 5.74263e-09 2.4425e-11
533 5.638e-09 2.33933e-11
535 5.63596e-09 2.22297e-11
537 5.57665e-09 2.35667e-11
539 5.50905e-09 2.1152e-11
541 5.486e-09 2.21911e-11
543 5.44811e-09 2.30927e-11
545 5.37932e-09 1.93283e-11
547 5.33882e-09 2.34712e-11
549 5.29857e-09 1.98733e-11
551 5.14183e-09 2.05229e-11
553 4.78744e-09 2.14488e-11
555 4.71719e-09 1.98713e-11
557 4.65175e-09 1.99982e-11
559 4.63146e-09 2.05222e-11
561 4.58568e-09 2.0542e-11
563 4.53827e-09 2.16261e-11
565 4.48351e-09 1.90092e-11
567 4.41269e-09 1.87115e-11
569 4.41571e-09 1.84795e-11
571 4.32945e-09 1.99716e-11
573 4.26814e-09 1.81672e-11
575 4.25171e-09 1.85672e-11
577 4.17064e-09 1.89014e-11
579 4.16684e-09 1.83216e-11
581 4.10141e-09 2.0068e-11
583 4.07602e-09 1.84409e-11
585 4.02051e-09 2.01082e-11
587 4.00213e-09 1.92507e-11
589 3.95619e-09 1.89952e-11
591 3.90871e-09 1.92158e-11
593 3.86683e-09 1.69945e-11
595 3.8527e-09 1.46516e-11
597 3.82147e-09 1.68773e-11
599 3.78845e-09 1.91392e-11
601 3.74067e-09 1.86606e-11
603 3.70438e-09 1.67445e-11
605 3.72575e-09 1.83866e-11
607 3.70384e-09 1.86633e-11
609 3.68807e-09 1.70168e-11
611 3.65292e-09 1.85096e-11
613 3.64401e-09 1.86676e-11
615 3.61237e-09 1.95755e-11
617 3.5618e-09 1.70413e-11
619 3.56043e-09 1.7589e-11
621 3.52296e-09 1.87233e-11
623 3.52712e-09 1.91914e-11
625 3.49393e-09 1.73946e-11
627 3.46043e-09 1.89547e-11
629 2.99256e-09 1.43351e-11
631 2.87206e-09 1.48478e-11
633 2.88592e-09 1.40233e-11
635 2.89694e-09 1.41989e-11
637 2.8475e-09 1.56923e-11
639 2.85427e-09 1.62179e-11
641 2.85877e-09 1.57063e-11
643 2.85261e-09 1.50959e-11
645 2.85503e-09 1.50124e-11
647 2.84991e-09 1.51115e-11
649 2.80627e-09 1.38884e-11
651 2.79835e-09 1.32879e-11
653 2.81595e-09 1.61759e-11
655 2.78854e-09 1.58675e-11
657 2.79752e-09 1.53389e-11
659 2.75242e-09 1.43639e-11
661 2.77157e-09 1.39942e-11
663 2.76667e-09 1.51731e-11
665 2.74277e-09 1.43975e-11
667 2.73308e-09 1.3995e-11
669 2.67151e-09 1.3735e-11
671 2.5199e-09 1.35362e-11
673 2.47524e-09 1.41154e-11
675 2.48144e-09 1.59701e-11
677 2.46989e-09 1.33081e-11
679 2.43592e-09 1.1515e-11
681 2.42304e-09 1.34891e-11
683 2.41696e-09 1.24843e-11
685 2.35657e-09 1.29446e-11
687 2.34881e-09 1.26133e-11
689 2.33164e-09 1.45665e-11
691 2.31955e-09 1.43864e-11
693 2.30743e-09 1.1424e-11
695 2.27202e-09 1.21998e-11
697 2.23966e-09 1.45898e-11
699 2.23762e-09 1.32271e-11
701 2.22531e-09 1.27284e-11
703 2.18926e-09 1.1474e-11
705 2.17587e-09 1.25593e-11
707 2.16768e-09 1.26819e-11
709 2.13711e-09 1.13695e-11
711 2.08766e-09 1.23226e-11
713 2.07663e-09 1.36458e-11
715 2.06592e-09 9.80862e-12
717 2.04411e-09 1.26365e-11
719 2.04204e-09 1.03989e-11
721 2.03019e-09 1.14395e-11
723 2.01311e-09 1.1941e-11
725 1.98895e-09 1.12656e-11
727 1.93369e-09 1.06279e-11
729 1.92468e-09 1.13247e-11
731 1.91545e-09 1.17369e-11
733 1.92879e-09 1.23085e-11
735 1.899e-09 1.22934e-11
737 1.90631e-09 1.02092e-11
739 1.86989e-09 1.03735e-11
741 1.88164e-09 1.11073e-11
743 1.84863e-09 9.43235e-12
745 1.82335e-09 1.15292e-11
747 1.80528e-09 1.06867e-11
749 1.81012e-09 9.8545e-12
751 1.78348e-09 1.14169e-11
753 1.78321e-09 1.10461e-11
755 1.75206e-09 1.09621e-11
757 1.72437e-09 1.1056e-11
759 1.72982e-09 1.0741e-11
761 1.71063e-09 9.58154e-12
763 1.73081e-09 1.17352e-11
765 1.70717e-09 9.59971e-12
767 1.68095e-09 1.07921e-11
769 1.67069e-09 9.72894e-12
771 1.69146e-09 1.06028e-11
773 1.63128e-09 1.04639e-11
775 1.64046e-09 1.2257e-11
777 1.61857e-09 1.0503e-11
779 1.60045e-09 1.00272e-11
781 1.63023e-09 9.77602e-12
783 1.62086e-09 1.0832e-11
785 1.61116e-09 1.03184e-11
787 1.59299e-09 9.35468e-12
789 1.58721e-09 1.04503e-11
791 1.58355e-09 1.0295e-11
793 1.52362e-09 9.98628e-12
795 1.53456e-09 1.08274e-11
797 1.50508e-09 9.61383e-12
799 1.50529e-09 1.00979e-11
801 1.50938e-09 1.01887e-11
803 1.49933e-09 9.92088e-12
805 1.48317e-09 9.15843e-12
807 1.47901e-09 1.01514e-11
809 1.46297e-09 8.98443e-12
811 1.4646e-09 9.61497e-12
813 1.45876e-09 1.05029e-11
815 1.45134e-09 1.02886e-11
817 1.46058e-09 8.3465e-12
819 1.42353e-09 8.98055e-12
821 1.44262e-09 9.929e-12
823 1.41763e-09 7.65641e-12
825 1.41752e-09 9.68757e-12
827 1.39932e-09 8.73328e-12
829 1.37902e-09 8.94785e-12
831 1.38141e-09 9.89706e-12
833 1.39261e-09 8.15321e-12
835 1.39213e-09 9.48103e-12
837 1.38369e-09 9.19232e-12
839 1.39397e-09 7.42651e-12
841 1.38254e-09 9.11975e-12
843 1.38021e-09 8.79167e-12
845 1.35122e-09 8.93057e-12
847 1.3566e-09 8.30435e-12
849 1.36855e-09 8.21894e-12
851 1.33406e-09 8.55801e-12
853 1.3172e-09 7.69813e-12
855 1.33688e-09 9.00142e-12
857 1.31062e-09 8.73153e-12
859 1.32545e-09 7.92017e-12
861 1.34028e-09 8.67439e-12
863 1.33772e-09 7.78884e-12
865 1.31859e-09 8.32462e-12
867 1.34614e-09 9.2487e-12
869 1.32973e-09 7.45589e-12
871 1.32711e-09 8.66194e-12
873 1.3274e-09 8.41308e-12
875 1.31979e-09 7.47661e-12
877 1.33129e-09 9.19602e-12
879 1.31335e-09 8.22465e-12
881 1.29601e-09 8.638e-12
883 1.30654e-09 8.53199e-12
885 1.34917e-09 8.59374e-12
887 1.34819e-09 8.50444e-12
889 1.34849e-09 7.84437e-12
891 1.36483e-09 8.28559e-12
893 1.34415e-09 7.96856e-12
895 1.34774e-09 9.24076e-12
897 1.35686e-09 8.42686e-12
899 1.34678e-09 7.79042e-12
901 1.34633e-09 8.26185e-12
903 1.33113e-09 7.72263e-12
905 1.31885e-09 9.17979e-12
907 1.33596e-09 1.00284e-11
909 1.31754e-09 8.45087e-12
911 1.31537e-09 8.48865e-12
913 1.30238e-09 8.69698e-12
915 1.30642e-09 8.49888e-12
917 1.30225e-09 8.74271e-12
919 1.30122e-09 7.48964e-12
921 1.30854e-09 7.53268e-12
923 1.2805e-09 8.06052e-12
925 1.27991e-09 8.50107e-12
927 1.29246e-09 7.91444e-12
929 1.26766e-09 8.09387e-12
931 1.29259e-09 9.01388e-12
933 1.27032e-09 8.04567e-12
935 1.2833e-09 8.70635e-12
937 1.2738e-09 7.69688e-12
939 1.26042e-09 7.79706e-12
941 1.27389e-09 8.27223e-12
943 1.26206e-09 7.22589e-12
945 1.26571e-09 8.48802e-12
947 1.25715e-09 7.8834e-12
949 1.23808e-09 7.22463e-12
951 1.26653e-09 6.95686e-12
953 1.26756e-09 8.56083e-12
955 1.25308e-09 6.81852e-12
957 1.25489e-09 8.02999e-12
959 1.25859e-09 7.74653e-12
961 1.26447e-09 8.22831e-12
963 1.26104e-09 8.21043e-12
965 1.23883e-09 7.91818e-12
967 1.25389e-09 8.84195e-12
969 1.24269e-09 8.51809e-12
971 1.24054e-09 7.10106e-12
973 1.22166e-09 7.79648e-12
975 1.22074e-09 8.59088e-12
977 1.24229e-09 7.03089e-12
979 1.23302e-09 7.02724e-12
981 1.32349e-09 6.856e-12
983 1.33217e-09 6.99097e-12
985 1.31092e-09 8.26474e-12
987 1.32442e-09 7.99035e-12
989 1.31368e-09 7.6064e-12
991 1.32112e-09 7.96582e-12
993 1.32316e-09 8.40488e-12
995 1.34628e-09 7.77187e-12
997 1.32189e-09 8.39157e-12
999 1.33173e-09 7.35399e-12
1001 1.34189e-09 8.17311e-12
1003 1.32322e-09 8.20319e-12
1005 1.3453e-09 7.57674e-12
1007 1.34703e-09 7.33865e-12
1009 1.34093e-09 8.53523e-12
1011 1.34597e-09 7.83222e-12
1013 1.35315e-09 8.19786e-12
1015 1.37513e-09 6.81232e-12
1017 1.37485e-09 6.95832e-12
1019 1.37933e-09 7.96505e-12
1021 1.36777e-09 7.23405e-12
1023 1.40002e-09 7.86432e-12
1025 1.38248e-09 8.4857e-12
1027 1.37346e-09 8.08879e-12
1029 1.38055e-09 8.86697e-12
1031 1.3772e-09 7.36542e-12
1033 1.38648e-09 7.9043e-12
1035 1.40007e-09 8.20727e-12
1037 1.39414e-09 7.95702e-12
1039 1.41118e-09 8.4985e-12
1041 1.39758e-09 8.53006e-12
1043 1.42013e-09 8.58353e-12
1045 1.41045e-09 9.0792e-12
1047 1.40894e-09 7.11136e-12
1049 1.42692e-09 8.76199e-12
1051 1.44192e-09 7.42686e-12
1053 1.45139e-09 8.31681e-12
1055 1.45171e-09 8.46914e-12
1057 1.47537e-09 8.754e-12
1059 1.46202e-09 7.39259e-12
1061 1.47941e-09 8.43477e-12
1063 1.5073e-09 7.83324e-12
1065 1.53627e-09 8.35769e-12
1067 1.55909e-09 9.1144e-12
1069 1.57073e-09 8.66468e-12
1071 1.60103e-09 7.85076e-12
1073 1.61173e-09 7.72099e-12
1075 1.63197e-09 8.30966e-12
1077 1.63095e-09 8.45316e-12
1079 1.65926e-09 9.81238e-12
1081 1.67356e-09 8.55124e-12
1083 1.67963e-09 8.03407e-12
1085 1.71933e-09 9.28454e-12
1087 1.73748e-09 8.84027e-12
1089 1.78348e-09 7.99814e-12
1091 2.03061e-09 1.01999e-11
1093 2.33299e-09 9.96312e-12
1095 2.51642e-09 1.16896e-11
1097 2.69241e-09 1.14863e-11
1099 2.81215e-09 1.04203e-11
1101 2.9436e-09 1.12854e-11
1103 3.12362e-09 1.39977e-11
1105 3.66939e-09 1.45462e-11
1107 4.54199e-09 1.44201e-11
1109 6.39302e-09 1.72294e-11
1111 1.10996e-08 2.46273e-11
1113 0 0
1115 0 0
1117 0 0
1119 0 0
1121 0 0
1123 0 0
1125 0 0
1127 0 0
1129 0 0
1131 0 0
1133 0 0
1135 0 0
1137 0 0
1139 0 0
1141 0 0
1143 0 0
1145 0 0
1147 0 0
1149 0 0
1151 0 0
1153 0 0
1155 0 0
1157 0 0
1159 0 0
1161 0 0
1163 0 0
1165 0 0
1167 0 0
1169 0 0
1171 0 0
1173 0 0
1175 0 0
1177 0 0
1179 0 0
1181 0 0
1183 0 0
1185 0 0
1187 0 0
1189 0 0
1191 0 0
1193 0 0
1195 0 0
1197 0 0
1199 0 0
1201 0 0
1203 0 0
1205 0 0
1207 0 0
1209 0 0
1211 0 0
1213 0 0
1215 0 0
1217 0 0
1219 0 0
1221 0 0
1223 0 0
1225 0 0
1227 0 0
1229 0 0
1231 0 0
1233 0 0
1235 0 0
1237 0 0
1239 0 0
1241 0 0
1243 0 0
1245 0 0
1247 0 0
1249 0 0
1251 0 0
1253 0 0
1255 0 0
1257 0 0
1259 0 0
1261 0 0
1263 0 0
1265 0 0
1267 0 0
1269 0 0
1271 0 0
1273 0 0
1275 0 0
1277 0 0
1279 0 0
1281 0 0
1283 0 0
1285 0 0
1287 0 0
1289 0 0
1291 0 0
1293 0 0
1295 0 0
1297 0 0
1299 0 0
1301 0 0
1303 0 0
1305 0 0
1307 0 0
1309 0 0
1311 0 0
1313 0 0
1315 0 0
1317 0 0
1319 0 0
1321 0 0
1323 0 0
1325 0 0
1327 0 0
1329 0 0
1331 0 0
1333 0 0
1335 0 0
1337 0 0
1339 0 0
1341 0 0
1343 0 0
1345 0 0
1347 0 0
1349 0 0
1351 0 0
1353 0 0
1355 0 0
1357 0 0
1359 0 0
1361 0 0
1363 0 0
1365 0 0
1367 0 0
1369 0 0
1371 0 0
1373 0 0
1375 0 0
1377 0 0
1379 0 0
1381 0 0
1383 0 0
1385 0 0
1387 0 0
1389 0 0
1391 0 0
1393 0 0
1395 0 0
1397 0 0
1399 0 0
1401 0 0
1403 0 0
1405 0 0
1407 0 0
1409 0 0
1411 0 0
1413 0 0
1415 0 0
1417 0 0
1419 0 0
1421 0 0
1423 0 0
1425 0 0
1427 0 0
1429 0 0
1431 0 0
1433 0 0
1435 0 0
1437 0 0
1439 0 0
1441 0 0
1443 0 0
1445 0 0
1447 0 0
1449 0 0
1451 0 0
1453 0 0
1455 0 0
1457 0 0
1459 0 0
1461 0 0
1463 0 0
1465 0 0
1467 0 0
1469 0 0
1471 0 0
1473 0 0
1475 0 0
1477 0 0
1479 0 0
1481 0 0
1483 0 0
1485 0 0
1487 0 0
1489 0 0
1491 0 0
1493 0 0
1495 0 0
1497 0 0
1499 0 0
1501 0 0
1503 0 0
1505 0 0
1507 0 0
1509 0 0
1511 0 0
1513 0 0
1515 0 0
1517 0 0
1519 0 0
1521 0 0
1523 0 0
1525 0 0
1527 0 0
1529 0 0
1531 0 0
1533 0 0
1535 0 0
1537 0 0
1539 0 0
1541 0 0
1543 0 0
1545 0 0
1547 0 0
1549 0 0
1551 0 0
1553 0 0
1555 0 0
1557 0 0
1559 0 0
1561 0 0
1563 0 0
1565 0 0
1567 0 0
1569 0 0
1571 0 0
1573 0 0
1575 0 0
1577 0 0
1579 0 0
1581 0 0
1583 0 0
1585 0 0
1587 0 0
1589 0 0
1591 0 0
1593 0 0
1595 0 0
1597 0 0
1599 0 0
1601 0 0
1603 0 0
1605 0 0
1607 0 0
1609 0 0
1611 0 0
1613 0 0
1615 0 0
1617 0 0
1619 0 0
1621 0 0
1623 0 0
1625 0 0
1627 0 0
1629 0 0
1631 0 0
1633 0 0
1635 0 0
1637 0 0
1639 0 0
1641 0 0
1643 0 0
1645 0 0
1647 0 0
1649 0 0
1651 0 0
1653 0 0
1655 0 0
1657 0 0
1659 0 0
1661 0 0
1663 0 0
1665 0 0
1667 0 0
1669 0 0
1671 0 0
1673 0 0
1675 0 0
1677 0 0
1679 0 0
1681 0 0
1683 0 0
1685 0 0
1687 0 0
1689 0 0
1691 0 0
1693 0 0
1695 0 0
1697 0 0
1699 0 0
1701 0 0
1703 0 0
1705 0 0
1707 0 0
1709 0 0
1711 0 0
1713 0 0
1715 0 0
1717 0 0
1719 0 0
1721 0 0
1723 0 0
1725 0 0
1727 0 0
1729 0 0
1731 0 0
1733 0 0
1735 0 0
1737 0 0
1739 0 0
1741 0 0
1743 0 0
1745 0 0
1747 0 0
1749 0 0
1751 0 0
1753 0 0
1755 0 0
1757 0 0
1759 0 0
1761 0 0
1763 0 0
1765 0 0
1767 0 0
1769 0 0
1771 0 0
1773 0 0
1775 0 0
1777 0 0
1779 0 0
1781 0 0
1783 0 0
1785 0 0
1787 0 0
1789 0 0
1791 0 0
1793 0 0
1795 0 0
1797 0 0
1799 0 0
1801 0 0
1803 0 0
1805 0 0
1807 0 0
1809 0 0
1811 0 0
1813 0 0
1815 0 0
1817 0 0
1819 0 0
1821 0 0
1823 0 0
1825 0 0
1827 0 0
1829 0 0
1831 0 0
1833 0 0
1835 0 0
1837 0 0
1839 0 0
1841 0 0
1843 0 0
1845 0 0
1847 0 0
1849 0 0
1851 0 0
1853 0 0
1855 0 0
1857 0 0
1859 0 0
1861 0 0
1863 0 0
1865 0 0
1867 0 0
1869 0 0
1871 0 0
1873 0 0
1875 0 0
1877 0 0
1879 0 0
1881 0 0
1883 0 0
1885 0 0
1887 0 0
1889 0 0
1891 0 0
1893 0 0
1895 0 0
1897 0 0
1899 0 0
1901 0 0
1903 0 0
1905 0 0
1907 0 0
1909 0 0
1911 0 0
1913 0 0
1915 0 0
1917 0 0
1919 0 0
1921 0 0
1923 0 0
1925 0 0
1927 0 0
1929 0 0
1931 0 0
1933 0 0
1935 0 0
1937 0 0
1939 0 0
1941 0 0
1943 0 0
1945 0 0
1947 0 0
1949 0 0
1951 0 0
1953 0 0
1955 0 0
1957 0 0
1959 0 0
1961 0 0
1963 0 0
1965 0 0
1967 0 0
1969 0 0
1971 0 0
1973 0 0
1975 0 0
1977 0 0
1979 0 0
1981 0 0
1983 0 0
1985 0 0
1987 0 0
1989 0 0
1991 0 0
1993 0 0
1995 0 0
1997 0 0
1999 0 0
