-10.2 0.057325 2.91598e-05
-10.1 0.0577975 3.11448e-05
-10 0.0583321 3.11928e-05
-9.9 0.0586842 3.19819e-05
-9.8 0.0590814 3.13404e-05
-9.7 0.0593893 3.28811e-05
-9.6 0.0597613 3.63385e-05
-9.5 0.0600777 3.67114e-05
-9.4 0.0604049 3.80475e-05
-9.3 0.0607312 3.91636e-05
-9.2 0.0610335 3.64014e-05
-9.1 0.0613782 3.64094e-05
-9 0.0616833 3.60324e-05
-8.9 0.0620131 3.70459e-05
-8.8 0.0622962 3.26363e-05
-8.7 0.0626478 3.75846e-05
-8.6 0.06298 3.81117e-05
-8.5 0.0632636 3.71931e-05
-8.4 0.0635701 3.89946e-05
-8.3 0.0639278 4.11676e-05
-8.2 0.0642337 4.05864e-05
-8.1 0.0646023 3.58932e-05
-8 0.0649409 3.79045e-05
-7.9 0.0652909 4.04155e-05
-7.8 0.0656451 4.21418e-05
-7.7 0.0660401 3.86847e-05
-7.6 0.0664029 4.08627e-05
-7.5 0.0667459 4.0012e-05
-7.4 0.0671478 4.44943e-05
-7.3 0.0675763 4.52025e-05
-7.2 0.0680047 4.26672e-05
-7.1 0.068406 4.13792e-05
-7 0.0688318 4.75131e-05
-6.9 0.069279 4.70339e-05
-6.8 0.0697451 4.04854e-05
-6.7 0.0702128 4.17122e-05
-6.6 0.0707243 4.54441e-05
-6.5 0.071229 4.52133e-05
-6.4 0.0717689 4.55624e-05
-6.3 0.0723231 4.58618e-05
-6.2 0.0729188 4.8701e-05
-6.1 0.0735494 4.82063e-05
-6 0.0741858 4.63493e-05
-5.9 0.0748564 5.01489e-05
-5.8 0.0755442 4.94659e-05
-5.7 0.0762815 4.84246e-05
-5.6 0.0771 4.89492e-05
-5.5 0.0779596 4.83406e-05
-5.4 0.0789098 5.14278e-05
-5.3 0.0799011 5.35099e-05
-5.2 0.0810161 5.52271e-05
-5.1 0.0822633 5.61525e-05
-5 0.0837031 5.53159e-05
-4.9 0.0853683 6.03468e-05
-4.8 0.0874071 5.9904e-05
-4.7 0.0895718 5.87418e-05
-4.6 0.0913544 6.46205e-05
-4.5 0.092264 6.68131e-05
-4.4 0.0925715 6.49932e-05
-4.3 0.0927348 6.61464e-05
-4.2 0.092736 6.74402e-05
-4.1 0.0925684 6.31986e-05
-4 0.0925932 6.4682e-05
-3.9 0.0927349 6.27134e-05
-3.8 0.0928807 6.30231e-05
-3.7 0.0930255 6.07943e-05
-3.6 0.0932134 6.50182e-05
-3.5 0.0931607 6.86315e-05
-3.4 0.0929456 5.96523e-05
-3.3 0.0928345 5.76939e-05
-3.2 0.092969 6.4568e-05
-3.1 0.0931524 6.88281e-05
-3 0.0931846 6.67316e-05
-2.9 0.0935352 6.62631e-05
-2.8 0.0936784 7.21086e-05
-2.7 0.0932005 6.97071e-05
-2.6 0.0921066 7.20758e-05
-2.5 0.0911522 7.05162e-05
-2.4 0.0901476 6.42724e-05
-2.3 0.0884385 6.84486e-05
-2.2 0.0861248 6.37087e-05
-2.1 0.0841358 6.11393e-05
-2 0.0828095 5.97563e-05
-1.9 0.0812465 6.38505e-05
-1.8 0.0791638 6.00186e-05
-1.7 0.0773052 6.35432e-05
-1.6 0.0761506 6.38293e-05
-1.5 0.0748104 5.8063e-05
-1.4 0.072763 5.87659e-05
-1.3 0.070518 5.76064e-05
-1.2 0.0689865 5.78013e-05
-1.1 0.0679727 6.1257e-05
-1 0.0664399 5.94995e-05
-0.9 0.0641535 6.38851e-05
-0.8 0.0619357 6.22752e-05
-0.7 0.0604768 6.47765e-05
-0.6 0.0594158 6.65934e-05
-0.5 0.0578727 6.29745e-05
-0.4 0.0559528 6.30247e-05
-0.3 0.0547495 6.49113e-05
-0.2 0.052092 5.19765e-05
-0.1 0.0514813 5.65639e-05
0 0.0492505 5.19675e-05
0.1 0.0468421 5.58937e-05
0.2 0.0454364 5.51814e-05
0.3 0.0444039 6.0749e-05
0.4 0.0426987 6.16608e-05
0.5 0.0403255 5.33914e-05
0.6 0.0380157 4.9328e-05
0.7 0.0365372 4.85874e-05
0.8 0.035531 5.33392e-05
0.9 0.0340244 4.76975e-05
1 0.0317501 4.70172e-05
1.1 0.02948 4.10949e-05
1.2 0.0278778 4.57151e-05
1.3 0.026905 4.83919e-05
1.4 0.0255828 4.97717e-05
1.5 0.0233628 4.62435e-05
1.6 0.0209242 5.0911e-05
1.7 0.0188449 4.21276e-05
1.8 0.0175456 3.79797e-05
1.9 0.0164647 3.97943e-05
2 0.0149761 3.68487e-05
2.1 0.0131359 3.64136e-05
2.2 0.0114489 3.62753e-05
2.3 0.0101914 3.0972e-05
2.4 0.00924022 2.89612e-05
2.5 0.00792531 2.78454e-05
2.6 0.00599661 2.95138e-05
2.7 0.00384737 2.33987e-05
2.8 0.00205649 1.98816e-05
2.9 0.000936933 1.14613e-05
3 0.000365115 6.56709e-06
3.1 0.000155632 4.293e-06
3.2 8.91727e-05 3.23852e-06
3.3 7.29417e-05 3.00991e-06
3.4 6.8242e-05 2.82111e-06
3.5 6.39743e-05 2.54173e-06
3.6 6.55917e-05 2.97215e-06
3.7 6.84421e-05 3.03378e-06
3.8 6.67152e-05 2.87456e-06
3.9 6.43799e-05 2.81811e-06
4 6.1887e-05 2.62765e-06
4.1 6.34846e-05 2.62261e-06
4.2 6.67406e-05 2.70668e-06
4.3 6.46057e-05 2.55119e-06
4.4 6.55699e-05 2.42794e-06
4.5 6.26725e-05 2.891e-06
4.6 5.94918e-05 2.56206e-06
4.7 6.04647e-05 2.58154e-06
4.8 6.33023e-05 2.67454e-06
4.9 5.86533e-05 2.76237e-06
5 5.77787e-05 2.76303e-06
5.1 5.92796e-05 2.80558e-06
5.2 6.43256e-05 2.68262e-06
5.3 5.72215e-05 2.82453e-06
5.4 5.61204e-05 2.54295e-06
5.5 5.6366e-05 2.64189e-06
5.6 5.30751e-05 2.29505e-06
5.7 5.45593e-05 2.86074e-06
5.8 5.36213e-05 2.69395e-06
5.9 5.30652e-05 2.52308e-06
6 5.47714e-05 2.49402e-06
6.1 5.6383e-05 2.29116e-06
6.2 5.37259e-05 2.81538e-06
6.3 4.97558e-05 2.64122e-06
6.4 5.32953e-05 2.43749e-06
6.5 5.00349e-05 2.24008e-06
6.6 5.07448e-05 2.49598e-06
6.7 5.11856e-05 2.17864e-06
6.8 4.83743e-05 2.39499e-06
6.9 4.63799e-05 2.19667e-06
7 4.58944e-05 2.33848e-06
7.1 4.66998e-05 2.5246e-06
7.2 4.49241e-05 2.4184e-06
7.3 4.65793e-05 2.45595e-06
7.4 4.52151e-05 2.3405e-06
7.5 4.45625e-05 2.19806e-06
7.6 4.16488e-05 2.14564e-06
7.7 4.1911e-05 2.37801e-06
7.8 4.14552e-05 2.34836e-06
7.9 4.44766e-05 2.37239e-06
8 4.2508e-05 2.37805e-06
8.1 4.12315e-05 2.27168e-06
8.2 3.98864e-05 2.08344e-06
8.3 4.10241e-05 2.18103e-06
8.4 4.34442e-05 2.13094e-06
8.5 4.09192e-05 1.88616e-06
8.6 4.30052e-05 2.44522e-06
8.7 3.92974e-05 2.3295e-06
8.8 3.94301e-05 2.19107e-06
8.9 3.91458e-05 2.34364e-06
9 3.90536e-05 2.31318e-06
9.1 3.75909e-05 1.94712e-06
9.2 3.69196e-05 2.10106e-06
9.3 4.07372e-05 1.91357e-06
9.4 3.50006e-05 2.0245e-06
9.5 3.8339e-05 2.51799e-06
9.6 3.91234e-05 2.65205e-06
9.7 3.60021e-05 2.2417e-06
9.8 3.75444e-05 2.01017e-06
9.9 3.65174e-05 2.03798e-06
10 3.6977e-05 1.92175e-06
10.1 4.00111e-05 2.1943e-06
10.2 3.84504e-05 2.0018e-06
