-10.2 6.95813 0.00228289
-10.1 7.01362 0.00279239
-10 7.0807 0.00258345
-9.9 7.126 0.00258357
-9.8 7.18332 0.00254718
-9.7 7.22285 0.00269773
-9.6 7.27532 0.00318889
-9.5 7.32551 0.00304011
-9.4 7.37191 0.00326479
-9.3 7.41606 0.00307887
-9.2 7.46149 0.00275082
-9.1 7.51589 0.00302057
-9 7.56098 0.00338242
-8.9 7.61157 0.00320056
-8.8 7.65587 0.00299303
-8.7 7.70958 0.00314108
-8.6 7.76047 0.00300472
-8.5 7.80459 0.00357707
-8.4 7.85726 0.00329131
-8.3 7.9078 0.00319458
-8.2 7.95873 0.00315113
-8.1 8.0163 0.00316948
-8 8.07144 0.00358194
-7.9 8.13432 0.00300962
-7.8 8.18675 0.00333951
-7.7 8.248 0.00343252
-7.6 8.30911 0.00359273
-7.5 8.3638 0.00319012
-7.4 8.43094 0.00313556
-7.3 8.5009 0.00402854
-7.2 8.56527 0.003444
-7.1 8.63217 0.0035448
-7 8.70511 0.00342577
-6.9 8.77625 0.00370534
-6.8 8.8549 0.00329998
-6.7 8.92938 0.00307687
-6.6 9.01627 0.00346521
-6.5 9.09295 0.00337492
-6.4 9.18185 0.00395948
-6.3 9.27046 0.00338805
-6.2 9.36745 0.00343572
-6.1 9.46655 0.00334842
-6 9.57422 0.00385744
-5.9 9.68073 0.00383799
-5.8 9.78638 0.00405058
-5.7 9.90952 0.00394973
-5.6 10.033 0.00395305
-5.5 10.1704 0.00373679
-5.4 10.3139 0.00407939
-5.3 10.4704 0.00390273
-5.2 10.6416 0.00409849
-5.1 10.8297 0.00382424
-5 11.0512 0.00388905
-4.9 11.2956 0.00454152
-4.8 11.6009 0.00489435
-4.7 11.9411 0.00452374
-4.6 12.259 0.00463517
-4.5 12.486 0.00478268
-4.4 12.6486 0.00512576
-4.3 12.8093 0.00574063
-4.2 12.9539 0.00630613
-4.1 13.0851 0.00575881
-4 13.2322 0.00561822
-3.9 13.4079 0.00623731
-3.8 13.5924 0.00548246
-3.7 13.7881 0.00557283
-3.6 14 0.0062337
-3.5 14.1918 0.00629968
-3.4 14.3656 0.00592263
-3.3 14.5614 0.00647442
-3.2 14.8048 0.0067784
-3.1 15.0685 0.00741188
-3 15.3335 0.00764701
-2.9 15.6654 0.0072077
-2.8 15.9961 0.00822752
-2.7 16.2749 0.00854215
-2.6 16.4658 0.0085904
-2.5 16.6995 0.00860217
-2.4 16.9547 0.00849742
-2.3 17.1082 0.00965761
-2.2 17.1579 0.00872042
-2.1 17.2512 0.00878211
-2 17.4571 0.00868205
-1.9 17.6496 0.00959548
-1.8 17.74 0.009634
-1.7 17.8623 0.0103854
-1.6 18.1352 0.0107857
-1.5 18.3868 0.00991553
-1.4 18.5225 0.0113846
-1.3 18.5781 0.0104965
-1.2 18.7818 0.0113012
-1.1 19.1244 0.011968
-1 19.4049 0.0126215
-0.9 19.4852 0.0122223
-0.8 19.5654 0.0114488
-0.7 19.8088 0.012822
-0.6 20.2063 0.0158217
-0.5 20.5137 0.0167082
-0.4 20.6968 0.0156445
-0.3 21.0691 0.0175662
-0.2 21.1031 0.0145573
-0.1 21.8882 0.0173981
0 22.1864 0.0160454
0.1 22.3524 0.0166358
0.2 22.9081 0.0169055
0.3 23.677 0.0198021
0.4 24.1849 0.0213434
0.5 24.38 0.020352
0.6 24.5037 0.0194499
0.7 25.0293 0.0183919
0.8 25.9281 0.0221542
0.9 26.7161 0.0267829
1 27.0575 0.0275347
1.1 27.2574 0.0241588
1.2 27.8623 0.0256779
1.3 29.1485 0.0249013
1.4 30.4608 0.0304761
1.5 31.133 0.0334543
1.6 31.3695 0.0387301
1.7 31.6427 0.0339856
1.8 32.8531 0.040046
1.9 34.7641 0.0413881
2 36.5376 0.050745
2.1 37.7727 0.0577615
2.2 39.1069 0.0637177
2.3 41.5393 0.0643526
2.4 46.1171 0.0720783
2.5 52.343 0.0961453
2.6 59.1387 0.122158
2.7 65.6394 0.198786
2.8 71.075 0.277404
2.9 74.9548 0.501951
3 70.6696 0.798876
3.1 62.2829 1.98196
3.2 53.055 2.28773
3.3 79.9459 28.3036
3.4 56.0303 5.52004
3.5 46.0192 1.72599
3.6 48.8542 2.11558
3.7 50.9062 2.69215
3.8 46.7998 2.11048
3.9 49.7912 1.89015
4 47.9576 1.84807
4.1 44.8076 1.5044
4.2 47.7882 1.95275
4.3 47.9773 1.8695
4.4 49.2364 2.28401
4.5 45.9843 2.05943
4.6 45.9621 1.90375
4.7 48.9655 2.51528
4.8 46.4799 1.75944
4.9 46.8998 1.99395
5 47.952 2.49374
5.1 45.8341 1.898
5.2 48.1583 2.11587
5.3 49.0392 3.60584
5.4 51.4966 5.25565
5.5 49.5844 2.84382
5.6 48.8582 2.31304
5.7 47.0494 2.11831
5.8 46.5774 2.37355
5.9 48.6172 4.12135
6 50.6542 2.2836
6.1 50.5177 2.43575
6.2 50.2264 3.43129
6.3 50.6384 3.99911
6.4 48.9456 2.86335
6.5 47.5481 2.40091
6.6 46.6739 1.9129
6.7 47.9865 1.93993
6.8 46.7466 1.99638
6.9 47.5103 2.95637
7 44.9422 2.78142
7.1 67.0282 18.5885
7.2 77.1964 34.1872
7.3 74.1653 27.727
7.4 45.67 2.18189
7.5 53.3112 3.23184
7.6 47.8657 2.51502
7.7 44.9795 2.42061
7.8 50.0072 2.65242
7.9 49.4186 2.58556
8 67.8484 20.092
8.1 42.326 1.93361
8.2 44.8174 2.49951
8.3 44.5614 2.2238
8.4 51.6035 2.8952
8.5 48.6878 2.25067
8.6 47.3322 2.2531
8.7 48.9957 4.47416
8.8 46.6088 3.20229
8.9 78.2812 31.7888
9 71.4123 23.3784
9.1 47.3837 3.11355
9.2 50.1601 3.6228
9.3 63.3305 18.7222
9.4 78.7133 38.1857
9.5 85.1819 32.5598
9.6 64.4919 18.7339
9.7 46.2832 2.65302
9.8 44.7925 2.32938
9.9 46.5216 2.5543
10 50.9218 6.52796
10.1 44.503 3.13969
10.2 55.5392 7.10776
