-10.2 0.000312352 1.15189e-05
-10.1 0.000303574 1.13558e-05
-10 0.000326023 1.02645e-05
-9.9 0.000306222 9.99706e-06
-9.8 0.00032651 1.18435e-05
-9.7 0.000307688 9.05979e-06
-9.6 0.000308721 1.07934e-05
-9.5 0.000327358 1.14943e-05
-9.4 0.00032911 1.03159e-05
-9.3 0.000317169 1.10427e-05
-9.2 0.000330577 1.04256e-05
-9.1 0.00034731 1.07237e-05
-9 0.000333319 1.24117e-05
-8.9 0.000328354 1.12373e-05
-8.8 0.000338287 1.1972e-05
-8.7 0.000345563 1.15766e-05
-8.6 0.00034149 1.01682e-05
-8.5 0.000336758 1.37359e-05
-8.4 0.00035349 1.26145e-05
-8.3 0.000314534 9.99922e-06
-8.2 0.000330881 1.08248e-05
-8.1 0.000326727 1.14973e-05
-8 0.000327383 1.1706e-05
-7.9 0.000377004 1.33917e-05
-7.8 0.000350009 1.13609e-05
-7.7 0.000351864 1.04479e-05
-7.6 0.000352606 1.17667e-05
-7.5 0.000350309 1.10605e-05
-7.4 0.000351239 1.13129e-05
-7.3 0.00037279 1.38976e-05
-7.2 0.000342487 1.26572e-05
-7.1 0.000355298 1.2265e-05
-7 0.000363966 1.23419e-05
-6.9 0.000352108 1.26541e-05
-6.8 0.000379776 1.12751e-05
-6.7 0.000346802 1.02108e-05
-6.6 0.000380067 1.18277e-05
-6.5 0.000351631 1.19577e-05
-6.4 0.000369513 1.12991e-05
-6.3 0.000372158 1.10414e-05
-6.2 0.00037264 1.15066e-05
-6.1 0.000383486 1.20121e-05
-6 0.00041807 1.26852e-05
-5.9 0.000413611 1.29472e-05
-5.8 0.000383494 1.13759e-05
-5.7 0.000425872 1.42067e-05
-5.6 0.000399413 1.23394e-05
-5.5 0.000410677 1.40486e-05
-5.4 0.000386735 1.20986e-05
-5.3 0.000410263 1.25227e-05
-5.2 0.000409569 1.30177e-05
-5.1 0.000401611 1.12505e-05
-5 0.000433604 1.25384e-05
-4.9 0.000404768 1.39131e-05
-4.8 0.000404306 1.26441e-05
-4.7 0.000419042 1.16869e-05
-4.6 0.000422726 1.34085e-05
-4.5 0.000418538 1.17523e-05
-4.4 0.000390477 1.33985e-05
-4.3 0.000413133 1.24586e-05
-4.2 0.000428206 1.21244e-05
-4.1 0.000430504 1.24403e-05
-4 0.000412747 1.36247e-05
-3.9 0.00040688 1.25892e-05
-3.8 0.000401943 1.2475e-05
-3.7 0.000413662 1.35589e-05
-3.6 0.000421907 1.45216e-05
-3.5 0.000404191 1.18336e-05
-3.4 0.000413867 1.18147e-05
-3.3 0.000393194 1.29134e-05
-3.2 0.000406638 1.19302e-05
-3.1 0.000400802 1.23837e-05
-3 0.000396383 1.19927e-05
-2.9 0.0004142 1.24844e-05
-2.8 0.000387024 1.33774e-05
-2.7 0.000399617 1.17428e-05
-2.6 0.000370976 1.12078e-05
-2.5 0.000383115 1.32405e-05
-2.4 0.000362825 1.26219e-05
-2.3 0.000345785 1.22629e-05
-2.2 0.000338628 1.13691e-05
-2.1 0.000340399 1.11566e-05
-2 0.000303965 1.00586e-05
-1.9 0.000324185 1.04206e-05
-1.8 0.00030055 1.10817e-05
-1.7 0.000311462 1.05778e-05
-1.6 0.00031033 1.0408e-05
-1.5 0.000280704 9.87339e-06
-1.4 0.000302562 1.17348e-05
-1.3 0.000282722 1.08836e-05
-1.2 0.000274012 1.14025e-05
-1.1 0.000254448 1.0714e-05
-1 0.000244765 8.84575e-06
-0.9 0.000228993 9.03216e-06
-0.8 0.000269159 1.012e-05
-0.7 0.000223629 9.67755e-06
-0.6 0.000233372 8.97622e-06
-0.5 0.00022101 1.01772e-05
-0.4 0.00021922 8.69715e-06
-0.3 0.000206454 1.09397e-05
-0.2 0.000185734 7.84401e-06
-0.1 0.000174072 8.01425e-06
0 0.000173811 8.68061e-06
0.1 0.000169465 6.75229e-06
0.2 0.000167831 7.09497e-06
0.3 0.000164809 7.8692e-06
0.4 0.000161818 8.13878e-06
0.5 0.000141152 7.81313e-06
0.6 0.000127853 7.07726e-06
0.7 0.000138219 8.37862e-06
0.8 0.000125692 6.67968e-06
0.9 0.000115897 7.3096e-06
1 0.000108759 6.39629e-06
1.1 9.7872e-05 5.30914e-06
1.2 9.88436e-05 5.89101e-06
1.3 0.000102214 5.71592e-06
1.4 7.28743e-05 4.83603e-06
1.5 7.30362e-05 4.86833e-06
1.6 7.337e-05 4.65379e-06
1.7 5.16759e-05 4.47723e-06
1.8 5.44828e-05 4.31826e-06
1.9 4.72055e-05 4.04662e-06
2 4.5e-05 4.217e-06
2.1 3.99988e-05 3.64484e-06
2.2 4.22098e-05 3.99691e-06
2.3 3.41691e-05 3.57427e-06
2.4 2.37479e-05 3.32524e-06
2.5 1.95092e-05 2.58503e-06
2.6 1.9e-05 2.31282e-06
2.7 1.46754e-05 2.70248e-06
2.8 2.15391e-05 3.15238e-06
2.9 1.59263e-05 2.09091e-06
3 1.23749e-05 1.97278e-06
3.1 1.47143e-05 2.29473e-06
3.2 1.32059e-05 2.54306e-06
3.3 1.63672e-05 2.53183e-06
3.4 1.52194e-05 2.50914e-06
3.5 1.03191e-05 1.85768e-06
3.6 1.2753e-05 2.38921e-06
3.7 1.64724e-05 2.51594e-06
3.8 1.19406e-05 1.92285e-06
3.9 1.57652e-05 2.26438e-06
4 1.82557e-05 2.92102e-06
4.1 1.25659e-05 1.81141e-06
4.2 1.35116e-05 2.41887e-06
4.3 1.33226e-05 2.08121e-06
4.4 1.17167e-05 2.21132e-06
4.5 1.26047e-05 2.27035e-06
4.6 1.16513e-05 1.93372e-06
4.7 1.58286e-05 2.71213e-06
4.8 1.1256e-05 1.81553e-06
4.9 9.8399e-06 1.70139e-06
5 1.32462e-05 2.42222e-06
5.1 1.18719e-05 2.25282e-06
5.2 1.09788e-05 2.07521e-06
5.3 1.08889e-05 2.17406e-06
5.4 1.10409e-05 1.94325e-06
5.5 1.1008e-05 2.2864e-06
5.6 1.32873e-05 2.06751e-06
5.7 1.18233e-05 2.17513e-06
5.8 1.15879e-05 2.11503e-06
5.9 1.04021e-05 2.30843e-06
6 1.34031e-05 2.38723e-06
6.1 1.34653e-05 2.4007e-06
6.2 1.20985e-05 2.36817e-06
6.3 1.16067e-05 1.91853e-06
6.4 1.07567e-05 2.07686e-06
6.5 9.28673e-06 1.93085e-06
6.6 1.16293e-05 2.26612e-06
6.7 1.38391e-05 2.27702e-06
6.8 1.11487e-05 2.20703e-06
6.9 9.36828e-06 1.9308e-06
7 5.726e-06 1.55976e-06
7.1 1.17601e-05 2.13027e-06
7.2 5.64001e-06 1.19416e-06
7.3 7.53479e-06 1.77082e-06
7.4 6.92447e-06 1.76502e-06
7.5 1.13236e-05 2.20417e-06
7.6 8.87242e-06 1.63832e-06
7.7 7.10566e-06 1.46693e-06
7.8 1.05832e-05 2.02177e-06
7.9 1.01449e-05 2.1118e-06
8 1.00054e-05 2.29115e-06
8.1 6.88906e-06 1.51418e-06
8.2 6.31196e-06 1.48968e-06
8.3 6.53717e-06 1.63684e-06
8.4 1.06064e-05 2.23391e-06
8.5 9.97564e-06 1.88537e-06
8.6 9.78477e-06 2.13694e-06
8.7 7.89282e-06 1.61537e-06
8.8 5.96934e-06 1.28148e-06
8.9 5.686e-06 1.31055e-06
9 6.60518e-06 1.4352e-06
9.1 8.85594e-06 1.74531e-06
9.2 1.01176e-05 2.09471e-06
9.3 5.94156e-06 1.28066e-06
9.4 4.14087e-06 1.05583e-06
9.5 6.01831e-06 1.53291e-06
9.6 7.87828e-06 1.8947e-06
9.7 9.89547e-06 1.90518e-06
9.8 6.83989e-06 1.55675e-06
9.9 8.07124e-06 1.92977e-06
10 8.28511e-06 1.68733e-06
10.1 3.84784e-06 8.94407e-07
10.2 5.80033e-06 1.23978e-06
