-10.2 0.0115493 0
-10.1 0.0115584 0
-10 0.0115542 0
-9.9 0.0115497 0
-9.8 0.0115328 0
-9.7 0.0115182 0
-9.6 0.0115202 0
-9.5 0.0114989 0
-9.4 0.01149 0
-9.3 0.0114805 0
-9.2 0.0114659 0
-9.1 0.0114493 0
-9 0.0114302 0
-8.9 0.0114202 0
-8.8 0.0114074 0
-8.7 0.0114025 0
-8.6 0.0113696 0
-8.5 0.0113591 0
-8.4 0.0113556 0
-8.3 0.0113208 0
-8.2 0.0113069 0
-8.1 0.0112753 0
-8 0.0112551 0
-7.9 0.0112401 0
-7.8 0.0112197 0
-7.7 0.0112091 0
-7.6 0.011199 0
-7.5 0.011184 0
-7.4 0.0111768 0
-7.3 0.0111579 0
-7.2 0.0111239 0
-7.1 0.0111116 0
-7 0.0110994 0
-6.9 0.0110812 0
-6.8 0.0110595 0
-6.7 0.011048 0
-6.6 0.011032 0
-6.5 0.0110134 0
-6.4 0.0109817 0
-6.3 0.0109592 0
-6.2 0.0109469 0
-6.1 0.0109197 0
-6 0.0108973 0
-5.9 0.0108765 0
-5.8 0.0108631 0
-5.7 0.0108445 0
-5.6 0.0108155 0
-5.5 0.0107847 0
-5.4 0.0107669 0
-5.3 0.0107377 0
-5.2 0.0107176 0
-5.1 0.010701 0
-5 0.0106739 0
-4.9 0.0106424 0
-4.8 0.0106151 0
-4.7 0.0105594 0
-4.6 0.0104864 0
-4.5 0.0104415 0
-4.4 0.0103873 0
-4.3 0.0103316 0
-4.2 0.0102737 0
-4.1 0.0102229 0
-4 0.0101716 0
-3.9 0.0101224 0
-3.8 0.01008 0
-3.7 0.0100247 0
-3.6 0.00997833 0
-3.5 0.0099298 0
-3.4 0.00987869 0
-3.3 0.00981668 0
-3.2 0.00977646 0
-3.1 0.00972771 0
-3 0.00967957 0
-2.9 0.0096328 0
-2.8 0.00956807 0
-2.7 0.00951293 0
-2.6 0.00945253 0
-2.5 0.00940647 0
-2.4 0.00934233 0
-2.3 0.00928359 0
-2.2 0.00922579 0
-2.1 0.00917163 0
-2 0.00910981 0
-1.9 0.00904918 0
-1.8 0.00898323 0
-1.7 0.00892846 0
-1.6 0.00886744 0
-1.5 0.00881127 0
-1.4 0.00875566 0
-1.3 0.00869234 0
-1.2 0.00863627 0
-1.1 0.00857552 0
-1 0.00852109 0
-0.9 0.00845448 0
-0.8 0.00838233 0
-0.7 0.00832236 0
-0.6 0.00825961 0
-0.5 0.00819359 0
-0.4 0.00813576 0
-0.3 0.00807613 0
-0.2 0.00800535 0
-0.1 0.00795078 0
8.88178e-16 0.00788635 0
0.1 0.00782176 0
0.2 0.00773929 0
0.3 0.00766364 0
0.4 0.00759094 0
0.5 0.00752283 0
0.6 0.0074548 0
0.7 0.00737431 0
0.8 0.0073065 0
0.9 0.00724886 0
1 0.00718321 0
1.1 0.00711049 0
1.2 0.00702078 0
1.3 0.00693631 0
1.4 0.0068521 0
1.5 0.00676685 0
1.6 0.00668933 0
1.7 0.00659702 0
1.8 0.00651412 0
1.9 0.00643343 0
2 0.00635763 0
2.1 0.00626 0
2.2 0.00617073 0
2.3 0.00607231 0
2.4 0.00597922 0
2.5 0.005897 0
2.6 0.00579832 0
2.7 0.00569678 0
2.8 0.0055859 0
2.9 0.00546398 0
3 0.00536359 0
3.1 0.00526415 0
3.2 0.00515764 0
3.3 0.00502795 0
3.4 0.00489962 0
3.5 0.00477557 0
3.6 0.00466732 0
3.7 0.00454931 0
3.8 0.00441342 0
3.9 0.00426353 0
4 0.00410383 0
4.1 0.00396501 0
4.2 0.00381843 0
4.3 0.00366743 0
4.4 0.00350406 0
4.5 0.00331088 0
4.6 0.00311078 0
4.7 0.00287205 0
4.8 0.00258437 0
4.9 0.00217104 0
5 0.00163131 0
5.1 0.0010547 0
5.2 0.000560951 0
5.3 0.000259596 0
5.4 0.000104473 0
5.5 3.27828e-05 0
5.6 9.41292e-06 0
5.7 3.19809e-06 0
5.8 7.56934e-07 0
5.9 9.22187e-07 0
6 7.45674e-07 0
6.1 7.34483e-07 0
6.2 1.13454e-06 0
6.3 1.15607e-06 0
6.4 1.12387e-06 0
6.5 7.03785e-07 0
6.6 4.06335e-07 0
6.7 1.00943e-06 0
6.8 8.01761e-07 0
6.9 1.14523e-06 0
7 5.29069e-07 0
7.1 3.39914e-07 0
7.2 3.24436e-07 0
7.3 2.86344e-07 0
7.4 3.26163e-07 0
7.5 3.32462e-07 0
7.6 2.78325e-07 0
7.7 3.22823e-06 0
7.8 1.86903e-06 0
7.9 1.50015e-06 0
8 1.4976e-06 0
8.1 8.99278e-07 0
8.2 4.86153e-07 0
8.3 3.05308e-07 0
8.4 8.99468e-07 0
8.5 4.98571e-07 0
8.6 3.74041e-08 0
8.7 2.35761e-08 0
8.8 1.5422e-08 0
8.9 2.17902e-07 0
9 6.78851e-07 0
9.1 1.22019e-06 0
9.2 8.31701e-07 0
9.3 8.09441e-07 0
9.4 9.239e-07 0
9.5 1.0228e-06 0
9.6 6.94579e-07 0
9.7 5.62513e-07 0
9.8 5.25838e-07 0
9.9 5.96822e-07 0
10 4.52022e-07 0
10.1 5.22164e-07 0
10.2 5.28463e-07 0
