-10.2 0.0619163 0
-10.1 0.0629811 0
-10 0.0633204 0
-9.9 0.0637246 0
-9.8 0.0640144 0
-9.7 0.0640753 0
-9.6 0.064646 0
-9.5 0.0646952 0
-9.4 0.0650142 0
-9.3 0.0654063 0
-9.2 0.0655397 0
-9.1 0.0660149 0
-9 0.0660478 0
-8.9 0.0664657 0
-8.8 0.0668182 0
-8.7 0.0676073 0
-8.6 0.0674066 0
-8.5 0.0675788 0
-8.4 0.0684577 0
-8.3 0.0680495 0
-8.2 0.0682783 0
-8.1 0.0684637 0
-8 0.0684204 0
-7.9 0.068806 0
-7.8 0.0688656 0
-7.7 0.0692125 0
-7.6 0.0697649 0
-7.5 0.0699452 0
-7.4 0.0705912 0
-7.3 0.0710704 0
-7.2 0.0707991 0
-7.1 0.0712108 0
-7 0.0717142 0
-6.9 0.0719116 0
-6.8 0.0720134 0
-6.7 0.0724269 0
-6.6 0.0729371 0
-6.5 0.0736021 0
-6.4 0.0737096 0
-6.3 0.074143 0
-6.2 0.0746398 0
-6.1 0.075005 0
-6 0.0752952 0
-5.9 0.0756956 0
-5.8 0.0762545 0
-5.7 0.0771947 0
-5.6 0.0775592 0
-5.5 0.0776217 0
-5.4 0.0786802 0
-5.3 0.078775 0
-5.2 0.0797235 0
-5.1 0.0811672 0
-5 0.0822087 0
-4.9 0.0832695 0
-4.8 0.0844108 0
-4.7 0.0847548 0
-4.6 0.0833948 0
-4.5 0.0837402 0
-4.4 0.0840736 0
-4.3 0.0841285 0
-4.2 0.0836375 0
-4.1 0.0837101 0
-4 0.0834406 0
-3.9 0.0834546 0
-3.8 0.0836996 0
-3.7 0.0838236 0
-3.6 0.0839682 0
-3.5 0.0840175 0
-3.4 0.0840862 0
-3.3 0.0834194 0
-3.2 0.0839277 0
-3.1 0.0839761 0
-3 0.0841954 0
-2.9 0.0845097 0
-2.8 0.0841766 0
-2.7 0.0844355 0
-2.6 0.0841467 0
-2.5 0.0842759 0
-2.4 0.0841065 0
-2.3 0.0841 0
-2.2 0.0840543 0
-2.1 0.084281 0
-2 0.083991 0
-1.9 0.0843022 0
-1.8 0.084019 0
-1.7 0.0843018 0
-1.6 0.0838457 0
-1.5 0.0838586 0
-1.4 0.0842234 0
-1.3 0.084247 0
-1.2 0.0842916 0
-1.1 0.0840481 0
-1 0.0847763 0
-0.9 0.0849548 0
-0.8 0.0844093 0
-0.7 0.0844912 0
-0.6 0.0845852 0
-0.5 0.0844679 0
-0.4 0.0848661 0
-0.3 0.0849872 0
-0.2 0.0848021 0
-0.1 0.0852528 0
8.88178e-16 0.0855199 0
0.1 0.0861217 0
0.2 0.0857135 0
0.3 0.0854241 0
0.4 0.0850548 0
0.5 0.0855802 0
0.6 0.0858062 0
0.7 0.0855274 0
0.8 0.0854133 0
0.9 0.0858237 0
1 0.086695 0
1.1 0.0874942 0
1.2 0.0870768 0
1.3 0.0871298 0
1.4 0.0869995 0
1.5 0.0865028 0
1.6 0.0874572 0
1.7 0.0870838 0
1.8 0.086926 0
1.9 0.0868722 0
2 0.0876948 0
2.1 0.0876283 0
2.2 0.0879984 0
2.3 0.0877807 0
2.4 0.087602 0
2.5 0.0880871 0
2.6 0.0886701 0
2.7 0.089236 0
2.8 0.0892979 0
2.9 0.088142 0
3 0.0881399 0
3.1 0.0887061 0
3.2 0.0895999 0
3.3 0.0896494 0
3.4 0.0888732 0
3.5 0.0877518 0
3.6 0.0885547 0
3.7 0.0897158 0
3.8 0.0904823 0
3.9 0.0901855 0
4 0.0888486 0
4.1 0.0887433 0
4.2 0.0893418 0
4.3 0.0905297 0
4.4 0.0925625 0
4.5 0.0926331 0
4.6 0.0937032 0
4.7 0.0940029 0
4.8 0.0958677 0
4.9 0.0939755 0
5 0.0826336 0
5.1 0.0618341 0
5.2 0.0368102 0
5.3 0.0189084 0
5.4 0.00840877 0
5.5 0.00277224 0
5.6 0.000752359 0
5.7 0.000247737 0
5.8 4.23248e-05 0
5.9 5.19872e-05 0
6 4.67139e-05 0
6.1 5.52711e-05 0
6.2 6.6222e-05 0
6.3 5.54476e-05 0
6.4 7.27526e-05 0
6.5 4.58417e-05 0
6.6 2.96021e-05 0
6.7 7.56642e-05 0
6.8 8.94168e-05 0
6.9 7.19115e-05 0
7 2.90099e-05 0
7.1 2.24743e-05 0
7.2 1.96826e-05 0
7.3 1.45824e-05 0
7.4 1.38191e-05 0
7.5 2.37793e-05 0
7.6 1.01863e-05 0
7.7 0.000108898 0
7.8 6.3188e-05 0
7.9 5.51612e-05 0
8 7.79787e-05 0
8.1 8.86221e-05 0
8.2 3.42114e-05 0
8.3 2.07294e-05 0
8.4 6.57791e-05 0
8.5 4.83709e-05 0
8.6 7.62904e-06 0
8.7 5.71748e-06 0
8.8 6.59334e-06 0
8.9 6.39212e-06 0
9 4.34107e-05 0
9.1 5.26804e-05 0
9.2 2.50717e-05 0
9.3 2.03442e-05 0
9.4 2.6056e-05 0
9.5 4.80659e-05 0
9.6 2.71956e-05 0
9.7 1.90089e-05 0
9.8 1.36167e-05 0
9.9 3.23436e-05 0
10 2.76604e-05 0
10.1 5.88578e-06 0
10.2 8.54237e-06 0
