-10.2 2.42952e-05 0
-10.1 2.16814e-05 0
-10 2.05775e-05 0
-9.9 5.3807e-06 0
-9.8 5.29213e-05 0
-9.7 6.55537e-06 0
-9.6 4.00023e-05 0
-9.5 2.82497e-05 0
-9.4 1.42219e-05 0
-9.3 4.35678e-05 0
-9.2 8.83016e-06 0
-9.1 7.26021e-05 0
-9 5.61115e-05 0
-8.9 9.403e-05 0
-8.8 4.84786e-05 0
-8.7 3.08101e-05 0
-8.6 9.00414e-05 0
-8.5 6.42468e-05 0
-8.4 4.78633e-05 0
-8.3 9.48506e-05 0
-8.2 5.31925e-05 0
-8.1 3.76726e-05 0
-8 1.94145e-05 0
-7.9 1.4707e-05 0
-7.8 5.14302e-05 0
-7.7 4.59174e-05 0
-7.6 8.46929e-05 0
-7.5 3.9911e-05 0
-7.4 8.39675e-06 0
-7.3 1.93486e-06 0
-7.2 2.50844e-05 0
-7.1 9.13425e-06 0
-7 0 0
-6.9 7.5308e-20 0
-6.8 8.47893e-06 0
-6.7 6.04825e-06 0
-6.6 3.74671e-05 0
-6.5 0 0
-6.4 3.84028e-05 0
-6.3 3.6973e-05 0
-6.2 9.67085e-05 0
-6.1 3.31628e-05 0
-6 5.83131e-05 0
-5.9 5.12175e-06 0
-5.8 7.36633e-05 0
-5.7 4.86684e-05 0
-5.6 3.34212e-06 0
-5.5 3.53959e-05 0
-5.4 8.77752e-05 0
-5.3 5.36282e-05 0
-5.2 0 0
-5.1 1.2349e-05 0
-5 2.17796e-05 0
-4.9 1.96617e-05 0
-4.8 5.05418e-05 0
-4.7 4.68245e-05 0
-4.6 9.82486e-05 0
-4.5 2.3724e-05 0
-4.4 7.93135e-05 0
-4.3 3.73925e-05 0
-4.2 2.64089e-05 0
-4.1 1.08777e-05 0
-4 6.34277e-06 0
-3.9 2.97087e-05 0
-3.8 0 0
-3.7 2.79396e-05 0
-3.6 3.09587e-05 0
-3.5 3.00378e-20 0
-3.4 6.7639e-06 0
-3.3 3.30552e-05 0
-3.2 2.21154e-05 0
-3.1 8.34913e-06 0
-3 6.64125e-06 0
-2.9 3.02782e-05 0
-2.8 1.70689e-05 0
-2.7 1.27833e-05 0
-2.6 3.01163e-05 0
-2.5 3.61927e-07 0
-2.4 7.5126e-05 0
-2.3 3.14175e-05 0
-2.2 3.22646e-05 0
-2.1 4.27751e-05 0
-2 2.67287e-05 0
-1.9 4.08349e-05 0
-1.8 3.40979e-06 0
-1.7 1.52173e-06 0
-1.6 8.20315e-05 0
-1.5 2.0657e-05 0
-1.4 3.63223e-05 0
-1.3 1.00117e-05 0
-1.2 2.34158e-05 0
-1.1 2.54725e-05 0
-1 1.09821e-05 0
-0.9 3.22723e-05 0
-0.8 3.89085e-05 0
-0.7 3.67874e-05 0
-0.6 2.11375e-05 0
-0.5 1.23035e-05 0
-0.4 2.45061e-05 0
-0.3 2.1684e-19 0
-0.2 0 0
-0.1 8.42149e-07 0
8.88178e-16 3.69769e-19 0
0.1 4.16323e-05 0
0.2 9.38041e-06 0
0.3 0 0
0.4 1.05592e-19 0
0.5 1.18886e-05 0
0.6 1.87043e-05 0
0.7 1.66018e-19 0
0.8 1.18752e-05 0
0.9 3.85399e-20 0
1 4.33921e-06 0
1.1 3.86873e-06 0
1.2 2.88411e-06 0
1.3 7.70873e-06 0
1.4 3.5312e-20 0
1.5 3.97578e-06 0
1.6 3.55754e-20 0
1.7 0 0
1.8 3.36112e-05 0
1.9 8.21694e-06 0
2 0 0
2.1 0 0
2.2 1.41183e-05 0
2.3 0 0
2.4 0 0
2.5 0 0
2.6 0 0
2.7 0 0
2.8 0 0
2.9 0 0
3 0 0
3.1 0 0
3.2 0 0
3.3 0 0
3.4 1.87989e-19 0
3.5 2.11657e-05 0
3.6 1.89735e-19 0
3.7 0 0
3.8 0 0
3.9 0 0
4 0 0
4.1 0 0
4.2 0 0
4.3 0 0
4.4 0 0
4.5 0 0
4.6 0 0
4.7 0 0
4.8 0 0
4.9 0 0
5 1.36314e-19 0
5.1 1.53476e-05 0
5.2 1.35525e-19 0
5.3 0 0
5.4 0 0
5.5 0 0
5.6 0 0
5.7 0 0
5.8 0 0
5.9 0 0
6 0 0
6.1 0 0
6.2 0 0
6.3 0 0
6.4 0 0
6.5 0 0
6.6 0 0
6.7 0 0
6.8 0 0
6.9 0 0
7 0 0
7.1 0 0
7.2 0 0
7.3 0 0
7.4 0 0
7.5 0 0
7.6 0 0
7.7 0 0
7.8 0 0
7.9 0 0
8 0 0
8.1 0 0
8.2 0 0
8.3 0 0
8.4 0 0
8.5 0 0
8.6 0 0
8.7 0 0
8.8 0 0
8.9 0 0
9 2.43456e-06 0
9.1 0 0
9.2 0 0
9.3 0 0
9.4 0 0
9.5 0 0
9.6 0 0
9.7 0 0
9.8 0 0
9.9 0 0
10 0 0
10.1 0 0
10.2 0 0
