-10.2 0.0133052 0
-10.1 0.013474 0
-10 0.0135292 0
-9.9 0.0135916 0
-9.8 0.0135946 0
-9.7 0.0136231 0
-9.6 0.0136746 0
-9.5 0.0136873 0
-9.4 0.013754 0
-9.3 0.0137207 0
-9.2 0.013741 0
-9.1 0.0137977 0
-9 0.0137945 0
-8.9 0.0137778 0
-8.8 0.0138064 0
-8.7 0.0138286 0
-8.6 0.0138095 0
-8.5 0.0138567 0
-8.4 0.0138744 0
-8.3 0.013857 0
-8.2 0.0138887 0
-8.1 0.0138314 0
-8 0.0138556 0
-7.9 0.0138445 0
-7.8 0.0138612 0
-7.7 0.013817 0
-7.6 0.0138103 0
-7.5 0.0138433 0
-7.4 0.0138264 0
-7.3 0.0138098 0
-7.2 0.0137729 0
-7.1 0.0137913 0
-7 0.0138132 0
-6.9 0.013797 0
-6.8 0.0138463 0
-6.7 0.0137765 0
-6.6 0.0137603 0
-6.5 0.0137992 0
-6.4 0.0137419 0
-6.3 0.0136815 0
-6.2 0.013684 0
-6.1 0.0136447 0
-6 0.0136 0
-5.9 0.0136208 0
-5.8 0.0136547 0
-5.7 0.013635 0
-5.6 0.0135691 0
-5.5 0.0136066 0
-5.4 0.0135394 0
-5.3 0.0134838 0
-5.2 0.0134706 0
-5.1 0.0134426 0
-5 0.0134737 0
-4.9 0.0134671 0
-4.8 0.0133958 0
-4.7 0.0133301 0
-4.6 0.0132787 0
-4.5 0.0132763 0
-4.4 0.0131632 0
-4.3 0.0130988 0
-4.2 0.0130333 0
-4.1 0.0130064 0
-4 0.012913 0
-3.9 0.0128275 0
-3.8 0.0128368 0
-3.7 0.0127828 0
-3.6 0.0127198 0
-3.5 0.0126138 0
-3.4 0.0125722 0
-3.3 0.0125268 0
-3.2 0.0124316 0
-3.1 0.0123828 0
-3 0.0123006 0
-2.9 0.0122997 0
-2.8 0.0122527 0
-2.7 0.0122076 0
-2.6 0.0121383 0
-2.5 0.0120947 0
-2.4 0.0119508 0
-2.3 0.0119538 0
-2.2 0.0119268 0
-2.1 0.0117888 0
-2 0.011755 0
-1.9 0.0116963 0
-1.8 0.0115938 0
-1.7 0.0115398 0
-1.6 0.0114032 0
-1.5 0.0113208 0
-1.4 0.0112415 0
-1.3 0.0111632 0
-1.2 0.0111015 0
-1.1 0.0110504 0
-1 0.0110065 0
-0.9 0.0109025 0
-0.8 0.0108151 0
-0.7 0.0107379 0
-0.6 0.0106786 0
-0.5 0.0106538 0
-0.4 0.0105443 0
-0.3 0.0104634 0
-0.2 0.010392 0
-0.1 0.0102916 0
8.88178e-16 0.0102006 0
0.1 0.0101086 0
0.2 0.0100329 0
0.3 0.00992553 0
0.4 0.00984744 0
0.5 0.00975434 0
0.6 0.00964958 0
0.7 0.00954563 0
0.8 0.00947778 0
0.9 0.00940524 0
1 0.00926809 0
1.1 0.00917911 0
1.2 0.00901498 0
1.3 0.0089566 0
1.4 0.00883547 0
1.5 0.00872237 0
1.6 0.00862701 0
1.7 0.00851475 0
1.8 0.00840499 0
1.9 0.00836471 0
2 0.00820577 0
2.1 0.00806337 0
2.2 0.00795226 0
2.3 0.00783329 0
2.4 0.00767521 0
2.5 0.0075451 0
2.6 0.00743601 0
2.7 0.00729947 0
2.8 0.00715712 0
2.9 0.00699053 0
3 0.00686511 0
3.1 0.00673285 0
3.2 0.00660478 0
3.3 0.00647311 0
3.4 0.00628339 0
3.5 0.00615064 0
3.6 0.00597635 0
3.7 0.00582915 0
3.8 0.00566148 0
3.9 0.00545175 0
4 0.00522655 0
4.1 0.00502383 0
4.2 0.00488224 0
4.3 0.00468795 0
4.4 0.00450041 0
4.5 0.00426737 0
4.6 0.00405926 0
4.7 0.003795 0
4.8 0.00348499 0
4.9 0.00304605 0
5 0.00247999 0
5.1 0.00189905 0
5.2 0.0013877 0
5.3 0.00106228 0
5.4 0.000891594 0
5.5 0.000789808 0
5.6 0.000747299 0
5.7 0.00075522 0
5.8 0.000734397 0
5.9 0.000710259 0
6 0.000697411 0
6.1 0.000692769 0
6.2 0.000683562 0
6.3 0.000657159 0
6.4 0.000648492 0
6.5 0.00064265 0
6.6 0.000626331 0
6.7 0.00057717 0
6.8 0.000582862 0
6.9 0.000578365 0
7 0.000569664 0
7.1 0.000563068 0
7.2 0.000522079 0
7.3 0.000542774 0
7.4 0.000509161 0
7.5 0.000478111 0
7.6 0.000511263 0
7.7 0.000477152 0
7.8 0.000443733 0
7.9 0.000435477 0
8 0.000447536 0
8.1 0.000427885 0
8.2 0.000437302 0
8.3 0.000426683 0
8.4 0.000413043 0
8.5 0.000387219 0
8.6 0.000380146 0
8.7 0.000392946 0
8.8 0.000385607 0
8.9 0.00037395 0
9 0.000369036 0
9.1 0.000345604 0
9.2 0.000321016 0
9.3 0.000322759 0
9.4 0.000322001 0
9.5 0.000315425 0
9.6 0.000294473 0
9.7 0.000289661 0
9.8 0.000281317 0
9.9 0.000267212 0
10 0.000268878 0
10.1 0.000257143 0
10.2 0.000236469 0
