-10.2 5.69484 0
-10.1 5.97623 0
-10 6.00433 0
-9.9 6.04813 0
-9.8 6.07929 0
-9.7 6.09907 0
-9.6 6.14179 0
-9.5 6.16012 0
-9.4 6.19878 0
-9.3 6.22621 0
-9.2 6.25054 0
-9.1 6.29774 0
-9 6.31028 0
-8.9 6.35051 0
-8.8 6.38946 0
-8.7 6.4566 0
-8.6 6.46292 0
-8.5 6.48565 0
-8.4 6.55996 0
-8.3 6.54775 0
-8.2 6.57825 0
-8.1 6.61068 0
-8 6.61363 0
-7.9 6.6607 0
-7.8 6.67442 0
-7.7 6.71846 0
-7.6 6.76595 0
-7.5 6.79309 0
-7.4 6.86128 0
-7.3 6.91588 0
-7.2 6.90373 0
-7.1 6.9541 0
-7 7.00776 0
-6.9 7.02989 0
-6.8 7.06219 0
-6.7 7.09992 0
-6.6 7.15172 0
-6.5 7.23235 0
-6.4 7.26345 0
-6.3 7.30661 0
-6.2 7.3625 0
-6.1 7.40882 0
-6 7.45637 0
-5.9 7.5037 0
-5.8 7.56776 0
-5.7 7.66134 0
-5.6 7.70947 0
-5.5 7.74317 0
-5.4 7.85482 0
-5.3 7.88025 0
-5.2 7.9849 0
-5.1 8.12431 0
-5 8.23866 0
-4.9 8.37112 0
-4.8 8.49311 0
-4.7 8.56838 0
-4.6 8.49746 0
-4.5 8.56047 0
-4.4 8.63938 0
-4.3 8.68627 0
-4.2 8.68958 0
-4.1 8.73332 0
-4 8.74349 0
-3.9 8.79027 0
-3.8 8.84773 0
-3.7 8.90878 0
-3.6 8.96334 0
-3.5 9.01092 0
-3.4 9.05466 0
-3.3 9.04994 0
-3.2 9.12824 0
-3.1 9.18646 0
-3 9.24687 0
-2.9 9.32632 0
-2.8 9.35516 0
-2.7 9.42597 0
-2.6 9.46128 0
-2.5 9.50947 0
-2.4 9.55475 0
-2.3 9.61928 0
-2.2 9.66929 0
-2.1 9.73377 0
-2 9.77055 0
-1.9 9.87166 0
-1.8 9.90111 0
-1.7 10.0057 0
-1.6 10.0114 0
-1.5 10.0801 0
-1.4 10.1726 0
-1.3 10.2483 0
-1.2 10.3142 0
-1.1 10.3601 0
-1 10.5143 0
-0.9 10.6109 0
-0.8 10.6187 0
-0.7 10.7098 0
-0.6 10.8101 0
-0.5 10.8741 0
-0.4 10.9979 0
-0.3 11.0808 0
-0.2 11.1493 0
-0.1 11.2975 0
8.88178e-16 11.4006 0
0.1 11.5703 0
0.2 11.6338 0
0.3 11.7225 0
0.4 11.7546 0
0.5 11.9417 0
0.6 12.0696 0
0.7 12.161 0
0.8 12.2558 0
0.9 12.3844 0
1 12.6238 0
1.1 12.8625 0
1.2 12.9638 0
1.3 13.1 0
1.4 13.2381 0
1.5 13.3242 0
1.6 13.631 0
1.7 13.7444 0
1.8 13.884 0
1.9 14.05 0
2 14.3021 0
2.1 14.5105 0
2.2 14.8101 0
2.3 14.964 0
2.4 15.1924 0
2.5 15.456 0
2.6 15.7948 0
2.7 16.1682 0
2.8 16.4884 0
2.9 16.6207 0
3 16.947 0
3.1 17.3062 0
3.2 17.8269 0
3.3 18.282 0
3.4 18.5933 0
3.5 18.8029 0
3.6 19.3808 0
3.7 20.1275 0
3.8 20.8679 0
3.9 21.4896 0
4 21.9672 0
4.1 22.6624 0
4.2 23.6178 0
4.3 24.9521 0
4.4 26.5957 0
4.5 28.1257 0
4.6 30.2363 0
4.7 32.8608 0
4.8 37.1803 0
4.9 43.4254 0
5 50.7694 0
5.1 58.7514 0
5.2 65.6831 0
5.3 72.9191 0
5.4 80.4876 0
5.5 84.6925 0
5.6 79.9631 0
5.7 77.4641 0
5.8 56.1018 0
5.9 56.3739 0
6 62.6466 0
6.1 75.2517 0
6.2 58.3689 0
6.3 47.9622 0
6.4 64.7341 0
6.5 65.136 0
6.6 72.8514 0
6.7 74.9577 0
6.8 111.526 0
6.9 62.7924 0
7 54.832 0
7.1 66.1175 0
7.2 60.667 0
7.3 50.9261 0
7.4 42.3686 0
7.5 71.5251 0
7.6 36.5985 0
7.7 33.7331 0
7.8 33.9645 0
7.9 36.7704 0
8 52.0691 0
8.1 98.548 0
8.2 70.3717 0
8.3 67.8966 0
8.4 73.131 0
8.5 97.0192 0
8.6 203.963 0
8.7 242.512 0
8.8 427.527 0
8.9 30.0254 0
9 64.1975 0
9.1 43.174 0
9.2 30.4027 0
9.3 25.5431 0
9.4 28.2022 0
9.5 46.9946 0
9.6 39.8031 0
9.7 33.7929 0
9.8 25.8953 0
9.9 55.0058 0
10 61.5665 0
10.1 11.894 0
10.2 16.1645 0
