-10.2 5.83274e-08 0
-10.1 6.88706e-08 0
-10 1.44154e-09 0
-9.9 1.11477e-08 0
-9.8 3.27351e-07 0
-9.7 1.27866e-07 0
-9.6 3.67949e-07 0
-9.5 7.57696e-08 0
-9.4 7.87824e-08 0
-9.3 3.40825e-07 0
-9.2 8.85611e-08 0
-9.1 1.97966e-07 0
-9 1.06559e-07 0
-8.9 3.34652e-08 0
-8.8 0 0
-8.7 1.33076e-07 0
-8.6 1.60644e-07 0
-8.5 3.41903e-07 0
-8.4 1.22083e-07 0
-8.3 1.73049e-07 0
-8.2 2.01605e-07 0
-8.1 1.95181e-07 0
-8 3.28065e-08 0
-7.9 5.34089e-07 0
-7.8 5.08636e-07 0
-7.7 4.19233e-07 0
-7.6 1.1276e-07 0
-7.5 4.42231e-08 0
-7.4 9.08434e-08 0
-7.3 2.9033e-07 0
-7.2 2.55512e-07 0
-7.1 6.281e-08 0
-7 2.25316e-08 0
-6.9 2.91982e-08 0
-6.8 2.0857e-07 0
-6.7 1.52666e-07 0
-6.6 3.82711e-08 0
-6.5 9.95619e-08 0
-6.4 1.05128e-07 0
-6.3 1.13487e-07 0
-6.2 1.32988e-07 0
-6.1 2.03878e-07 0
-6 5.58519e-08 0
-5.9 1.3277e-07 0
-5.8 2.2602e-07 0
-5.7 1.7908e-07 0
-5.6 1.22968e-08 0
-5.5 8.757e-08 0
-5.4 2.8094e-08 0
-5.3 3.22108e-07 0
-5.2 4.20635e-08 0
-5.1 4.09912e-07 0
-5 2.09474e-07 0
-4.9 3.69978e-07 0
-4.8 2.99816e-07 0
-4.7 2.00814e-07 0
-4.6 1.2807e-07 0
-4.5 5.44895e-08 0
-4.4 1.05216e-07 0
-4.3 1.48514e-07 0
-4.2 1.48247e-07 0
-4.1 8.70959e-08 0
-4 1.63549e-08 0
-3.9 6.15606e-08 0
-3.8 5.09039e-08 0
-3.7 3.06727e-07 0
-3.6 2.17e-07 0
-3.5 1.84149e-07 0
-3.4 5.5708e-08 0
-3.3 5.09326e-08 0
-3.2 2.91918e-07 0
-3.1 1.73909e-07 0
-3 1.35711e-07 0
-2.9 3.02698e-07 0
-2.8 3.19841e-07 0
-2.7 8.7195e-09 0
-2.6 6.54465e-08 0
-2.5 3.28502e-07 0
-2.4 3.63487e-08 0
-2.3 3.15327e-08 0
-2.2 1.10869e-07 0
-2.1 3.82425e-07 0
-2 1.30513e-07 0
-1.9 1.94409e-08 0
-1.8 7.44757e-08 0
-1.7 6.87922e-08 0
-1.6 1.19651e-07 0
-1.5 6.29945e-08 0
-1.4 5.86491e-08 0
-1.3 1.04538e-08 0
-1.2 8.42571e-09 0
-1.1 2.41336e-07 0
-1 1.74243e-07 0
-0.9 2.40405e-07 0
-0.8 1.59344e-07 0
-0.7 3.11094e-08 0
-0.6 1.56155e-07 0
-0.5 1.4247e-07 0
-0.4 9.01185e-08 0
-0.3 1.39917e-08 0
-0.2 3.09971e-08 0
-0.1 3.8671e-08 0
8.88178e-16 9.48573e-08 0
0.1 1.26363e-07 0
0.2 1.49712e-07 0
0.3 1.63238e-07 0
0.4 2.00644e-08 0
0.5 4.17931e-08 0
0.6 1.4574e-08 0
0.7 2.89515e-08 0
0.8 1.66653e-08 0
0.9 2.23738e-08 0
1 1.75176e-08 0
1.1 9.39571e-08 0
1.2 8.30939e-08 0
1.3 1.42401e-07 0
1.4 3.12083e-08 0
1.5 4.99213e-08 0
1.6 3.15739e-08 0
1.7 1.48644e-07 0
1.8 5.46186e-08 0
1.9 1.81159e-08 0
2 3.58093e-08 0
2.1 2.7104e-08 0
2.2 7.83616e-09 0
2.3 1.42553e-08 0
2.4 1.1551e-07 0
2.5 2.54605e-22 0
2.6 2.8666e-08 0
2.7 1.68435e-08 0
2.8 0 0
2.9 6.5151e-08 0
3 3.7763e-08 0
3.1 1.18401e-08 0
3.2 3.59056e-08 0
3.3 4.95165e-09 0
3.4 8.84029e-09 0
3.5 2.5898e-09 0
3.6 2.31611e-23 0
3.7 1.58687e-07 0
3.8 3.54097e-09 0
3.9 0 0
4 1.90772e-22 0
4.1 2.1479e-08 0
4.2 1.91906e-22 0
4.3 0 0
4.4 0 0
4.5 0 0
4.6 0 0
4.7 0 0
4.8 0 0
4.9 0 0
5 0 0
5.1 0 0
5.2 0 0
5.3 0 0
5.4 0 0
5.5 0 0
5.6 0 0
5.7 0 0
5.8 0 0
5.9 0 0
6 0 0
6.1 0 0
6.2 0 0
6.3 0 0
6.4 0 0
6.5 0 0
6.6 0 0
6.7 0 0
6.8 0 0
6.9 0 0
7 0 0
7.1 0 0
7.2 0 0
7.3 0 0
7.4 0 0
7.5 0 0
7.6 0 0
7.7 0 0
7.8 0 0
7.9 0 0
8 0 0
8.1 0 0
8.2 0 0
8.3 0 0
8.4 0 0
8.5 0 0
8.6 0 0
8.7 0 0
8.8 0 0
8.9 0 0
9 0 0
9.1 0 0
9.2 0 0
9.3 0 0
9.4 0 0
9.5 0 0
9.6 0 0
9.7 0 0
9.8 0 0
9.9 0 0
10 0 0
10.1 0 0
10.2 0 0
