-10.2 1.2077e-06 0
-10.1 9.45158e-07 0
-10 7.06438e-07 0
-9.9 4.55821e-07 0
-9.8 1.59978e-06 0
-9.7 8.35415e-07 0
-9.6 9.83551e-07 0
-9.5 8.73436e-07 0
-9.4 8.45161e-07 0
-9.3 1.03555e-06 0
-9.2 1.22843e-06 0
-9.1 1.49843e-06 0
-9 1.75625e-06 0
-8.9 1.03742e-06 0
-8.8 1.42561e-06 0
-8.7 1.18457e-06 0
-8.6 1.20165e-06 0
-8.5 6.27794e-07 0
-8.4 1.55299e-06 0
-8.3 1.35339e-06 0
-8.2 1.06207e-06 0
-8.1 1.3285e-06 0
-8 9.92863e-07 0
-7.9 9.61515e-07 0
-7.8 9.26746e-07 0
-7.7 1.14249e-06 0
-7.6 1.40847e-06 0
-7.5 1.06252e-06 0
-7.4 8.81219e-07 0
-7.3 1.3294e-06 0
-7.2 7.82537e-07 0
-7.1 6.55298e-07 0
-7 7.76227e-07 0
-6.9 7.89227e-07 0
-6.8 8.79575e-07 0
-6.7 7.95458e-07 0
-6.6 5.76251e-07 0
-6.5 8.41944e-07 0
-6.4 1.0542e-06 0
-6.3 1.56139e-06 0
-6.2 1.36433e-06 0
-6.1 1.45655e-06 0
-6 1.12367e-06 0
-5.9 1.16467e-06 0
-5.8 1.0024e-06 0
-5.7 8.31437e-07 0
-5.6 8.34974e-07 0
-5.5 7.72893e-07 0
-5.4 1.06085e-06 0
-5.3 1.22794e-06 0
-5.2 7.9384e-07 0
-5.1 9.86812e-07 0
-5 8.30659e-07 0
-4.9 9.09899e-07 0
-4.8 9.16796e-07 0
-4.7 9.77918e-07 0
-4.6 1.614e-06 0
-4.5 1.24345e-06 0
-4.4 9.35012e-07 0
-4.3 1.34007e-06 0
-4.2 8.01878e-07 0
-4.1 6.75072e-07 0
-4 1.15022e-06 0
-3.9 8.18404e-07 0
-3.8 6.86613e-07 0
-3.7 1.04902e-06 0
-3.6 2.02072e-06 0
-3.5 9.20965e-07 0
-3.4 1.12393e-06 0
-3.3 8.40907e-07 0
-3.2 9.10432e-07 0
-3.1 7.9195e-07 0
-3 1.32105e-06 0
-2.9 1.58439e-06 0
-2.8 1.17931e-06 0
-2.7 9.77848e-07 0
-2.6 7.97171e-07 0
-2.5 1.88774e-06 0
-2.4 9.19753e-07 0
-2.3 1.65199e-06 0
-2.2 1.57116e-06 0
-2.1 1.12709e-06 0
-2 7.17753e-07 0
-1.9 5.67628e-07 0
-1.8 1.34908e-06 0
-1.7 7.39773e-07 0
-1.6 6.29376e-07 0
-1.5 6.81546e-07 0
-1.4 9.55618e-07 0
-1.3 9.44797e-07 0
-1.2 1.02265e-06 0
-1.1 7.89571e-07 0
-1 7.9189e-07 0
-0.9 1.26733e-06 0
-0.8 8.13176e-07 0
-0.7 8.30068e-07 0
-0.6 6.75131e-07 0
-0.5 4.3598e-07 0
-0.4 6.70193e-07 0
-0.3 8.80799e-07 0
-0.2 6.51857e-07 0
-0.1 1.3652e-06 0
8.88178e-16 9.35144e-07 0
0.1 9.78259e-07 0
0.2 7.35582e-07 0
0.3 6.03632e-07 0
0.4 7.75369e-07 0
0.5 6.50385e-07 0
0.6 1.00911e-06 0
0.7 4.18957e-07 0
0.8 8.11999e-07 0
0.9 1.01551e-06 0
1 6.8226e-07 0
1.1 9.46575e-07 0
1.2 1.10863e-06 0
1.3 8.58969e-07 0
1.4 6.49846e-07 0
1.5 8.48174e-07 0
1.6 9.33895e-07 0
1.7 8.6075e-07 0
1.8 4.79466e-07 0
1.9 1.13888e-06 0
2 1.02575e-06 0
2.1 8.88434e-07 0
2.2 3.55819e-07 0
2.3 4.59673e-07 0
2.4 6.80409e-07 0
2.5 8.24404e-07 0
2.6 9.18667e-07 0
2.7 3.78783e-07 0
2.8 8.71548e-07 0
2.9 8.86968e-07 0
3 1.27629e-06 0
3.1 6.20283e-07 0
3.2 6.16481e-07 0
3.3 1.08308e-06 0
3.4 6.78232e-07 0
3.5 6.44065e-07 0
3.6 4.10497e-07 0
3.7 6.53138e-07 0
3.8 6.90256e-07 0
3.9 6.57082e-07 0
4 6.15204e-07 0
4.1 6.57873e-07 0
4.2 9.29828e-07 0
4.3 4.66364e-07 0
4.4 3.38432e-07 0
4.5 3.16869e-07 0
4.6 4.19637e-07 0
4.7 2.81069e-07 0
4.8 2.32564e-07 0
4.9 7.39476e-08 0
5 2.79907e-08 0
5.1 7.2214e-08 0
5.2 6.4851e-22 0
5.3 2.64684e-08 0
5.4 3.05882e-08 0
5.5 0 0
5.6 0 0
5.7 0 0
5.8 2.52228e-08 0
5.9 4.46678e-22 0
6 0 0
6.1 0 0
6.2 0 0
6.3 0 0
6.4 2.4641e-08 0
6.5 0 0
6.6 6.87285e-08 0
6.7 5.85019e-09 0
6.8 1.98507e-08 0
6.9 3.54033e-22 0
7 0 0
7.1 0 0
7.2 0 0
7.3 0 0
7.4 0 0
7.5 0 0
7.6 1.80299e-08 0
7.7 2.83193e-08 0
7.8 8.38513e-08 0
7.9 1.49554e-21 0
8 1.30815e-08 0
8.1 0 0
8.2 2.12656e-08 0
8.3 8.0906e-09 0
8.4 1.43929e-22 0
8.5 0 0
8.6 4.82051e-08 0
8.7 0 0
8.8 0 0
8.9 0 0
9 2.5376e-08 0
9.1 0 0
9.2 0 0
9.3 0 0
9.4 0 0
9.5 0 0
9.6 0 0
9.7 3.50173e-08 0
9.8 0 0
9.9 0 0
10 0 0
10.1 0 0
10.2 2.86766e-08 0
