1 0
3 0
5 0
7 4.81263e-08
9 0.000814645
11 0.000663338
13 0.000418268
15 0.000269678
17 0.000199167
19 0.000121437
21 9.70716e-05
23 7.3782e-05
25 5.30624e-05
27 3.89975e-05
29 2.94698e-05
31 2.37519e-05
33 2.01418e-05
35 1.69604e-05
37 1.45798e-05
39 1.25434e-05
41 1.09376e-05
43 9.48449e-06
45 8.3362e-06
47 7.35902e-06
49 6.51381e-06
51 5.80452e-06
53 5.13957e-06
55 4.58259e-06
57 4.09801e-06
59 3.6688e-06
61 3.30722e-06
63 2.95415e-06
65 2.67312e-06
67 2.41571e-06
69 2.21704e-06
71 2.02351e-06
73 1.83811e-06
75 1.6774e-06
77 1.54802e-06
79 1.41995e-06
81 1.30781e-06
83 1.20622e-06
85 1.12203e-06
87 1.03618e-06
89 9.67721e-07
91 8.92013e-07
93 8.31742e-07
95 7.9121e-07
97 7.31416e-07
99 6.78368e-07
101 6.40507e-07
103 6.02015e-07
105 5.59904e-07
107 5.26291e-07
109 4.95675e-07
111 4.66643e-07
113 4.42215e-07
115 4.17704e-07
117 4.00138e-07
119 3.83988e-07
121 3.62322e-07
123 3.39159e-07
125 3.23043e-07
127 3.065e-07
129 2.8951e-07
131 2.75653e-07
133 2.59697e-07
135 2.48009e-07
137 2.34682e-07
139 2.23562e-07
141 2.13942e-07
143 2.03188e-07
145 1.94593e-07
147 1.85243e-07
149 1.78964e-07
151 1.69958e-07
153 1.63491e-07
155 1.555e-07
157 1.53033e-07
159 1.471e-07
161 1.39714e-07
163 1.37114e-07
165 1.31206e-07
167 1.24977e-07
169 1.1864e-07
171 1.15513e-07
173 1.10684e-07
175 1.06167e-07
177 1.02367e-07
179 9.86359e-08
181 9.47055e-08
183 9.172e-08
185 8.78532e-08
187 8.52611e-08
189 8.25761e-08
191 7.91441e-08
193 7.80997e-08
195 7.68432e-08
197 7.33144e-08
199 7.11726e-08
201 6.91516e-08
203 6.63666e-08
205 6.34918e-08
207 6.28934e-08
209 5.98213e-08
211 5.82225e-08
213 5.61601e-08
215 5.50014e-08
217 5.2806e-08
219 5.20468e-08
221 4.95874e-08
223 4.83237e-08
225 4.76953e-08
227 4.41216e-08
229 4.50268e-08
231 4.26498e-08
233 4.16431e-08
235 4.06329e-08
237 3.85925e-08
239 3.87991e-08
241 3.58444e-08
243 3.72761e-08
245 3.36369e-08
247 3.54384e-08
249 3.20563e-08
251 3.32328e-08
253 3.10436e-08
255 3.01571e-08
257 3.12046e-08
259 2.88336e-08
261 2.97446e-08
263 2.74509e-08
265 2.81313e-08
267 2.63744e-08
269 2.6184e-08
271 2.52548e-08
273 2.49406e-08
275 2.4148e-08
277 2.39642e-08
279 2.31712e-08
281 2.29094e-08
283 2.19141e-08
285 2.17817e-08
287 2.10427e-08
289 2.08285e-08
291 1.99548e-08
293 2.00466e-08
295 1.89355e-08
297 1.86359e-08
299 1.87677e-08
301 1.83865e-08
303 1.70653e-08
305 1.78546e-08
307 1.70244e-08
309 1.61867e-08
311 1.60625e-08
313 1.62848e-08
315 1.54524e-08
317 1.46083e-08
319 1.52615e-08
321 1.49891e-08
323 1.39112e-08
325 1.35768e-08
327 1.42768e-08
329 1.36847e-08
331 1.30247e-08
333 1.26482e-08
335 1.3139e-08
337 1.28769e-08
339 1.19653e-08
341 1.1961e-08
343 1.14635e-08
345 1.19042e-08
347 1.08901e-08
349 1.12255e-08
351 1.08933e-08
353 1.04076e-08
355 1.06341e-08
357 1.00044e-08
359 9.80513e-09
361 1.02161e-08
363 9.97829e-09
365 9.74545e-09
367 9.38969e-09
369 9.30961e-09
371 9.38904e-09
373 9.03054e-09
375 8.5604e-09
377 8.8671e-09
379 8.32367e-09
381 8.96876e-09
383 7.87637e-09
385 7.74841e-09
387 8.00821e-09
389 7.95393e-09
391 7.91667e-09
393 7.23635e-09
395 7.28119e-09
397 7.24447e-09
399 6.88226e-09
401 7.32702e-09
403 6.92161e-09
405 6.82272e-09
407 6.43627e-09
409 7.01581e-09
411 6.50502e-09
413 6.73149e-09
415 6.81768e-09
417 5.95379e-09
419 6.51551e-09
421 6.04502e-09
423 5.94021e-09
425 6.0233e-09
427 5.98127e-09
429 5.74418e-09
431 5.22967e-09
433 5.66312e-09
435 5.42301e-09
437 5.27745e-09
439 5.4781e-09
441 5.06543e-09
443 5.26547e-09
445 4.67384e-09
447 4.87531e-09
449 5.12075e-09
451 4.35239e-09
453 4.5465e-09
455 4.88774e-09
457 4.49204e-09
459 4.61882e-09
461 4.19543e-09
463 4.43645e-09
465 4.39699e-09
467 4.45167e-09
469 4.29773e-09
471 4.35596e-09
473 4.28121e-09
475 4.34717e-09
477 4.24471e-09
479 3.99634e-09
481 3.88016e-09
483 3.85968e-09
485 3.87668e-09
487 3.76153e-09
489 3.81031e-09
491 3.53129e-09
493 3.77095e-09
495 3.59607e-09
497 3.50346e-09
499 3.44998e-09
501 3.13711e-09
503 3.51538e-09
505 3.22672e-09
507 3.25414e-09
509 3.03741e-09
511 3.22117e-09
513 3.03085e-09
515 3.09012e-09
517 3.07851e-09
519 3.02732e-09
521 2.62068e-09
523 2.91834e-09
525 2.68045e-09
527 2.88597e-09
529 2.7852e-09
531 2.50423e-09
533 2.5551e-09
535 2.6948e-09
537 2.69004e-09
539 2.5504e-09
541 2.41873e-09
543 2.45188e-09
545 2.57505e-09
547 2.66086e-09
549 2.49008e-09
551 2.60341e-09
553 2.45319e-09
555 2.3023e-09
557 2.45744e-09
559 2.33257e-09
561 2.49826e-09
563 2.38079e-09
565 2.00207e-09
567 2.26749e-09
569 2.11603e-09
571 2.15681e-09
573 2.17458e-09
575 2.19825e-09
577 2.04525e-09
579 1.89685e-09
581 1.99077e-09
583 1.88133e-09
585 1.84072e-09
587 2.12315e-09
589 2.03083e-09
591 1.86182e-09
593 1.69971e-09
595 1.91185e-09
597 1.65941e-09
599 2.0594e-09
601 2.04347e-09
603 1.92383e-09
605 1.91531e-09
607 1.80378e-09
609 1.65423e-09
611 1.67904e-09
613 1.86348e-09
615 1.77298e-09
617 1.81646e-09
619 1.67003e-09
621 1.49981e-09
623 1.5193e-09
625 1.63025e-09
627 1.5866e-09
629 1.68522e-09
631 1.52963e-09
633 1.59784e-09
635 1.64014e-09
637 1.32943e-09
639 1.36641e-09
641 1.31952e-09
643 1.27739e-09
645 1.52965e-09
647 1.53007e-09
649 1.31014e-09
651 1.47066e-09
653 1.05395e-09
655 1.31375e-09
657 1.2797e-09
659 1.43191e-09
661 1.42085e-09
663 1.63412e-09
665 1.35785e-09
667 1.49605e-09
669 1.39913e-09
671 1.31446e-09
673 1.20195e-09
675 1.23703e-09
677 1.19364e-09
679 1.27903e-09
681 1.4312e-09
683 1.26502e-09
685 1.23834e-09
687 1.07908e-09
689 1.16363e-09
691 1.18701e-09
693 1.13366e-09
695 1.15746e-09
697 1.08244e-09
699 1.31217e-09
701 1.01035e-09
703 1.23348e-09
705 1.08422e-09
707 1.00586e-09
709 1.00252e-09
711 9.93772e-10
713 9.3242e-10
715 9.34411e-10
717 9.3679e-10
719 1.02319e-09
721 1.03573e-09
723 9.59664e-10
725 9.04736e-10
727 9.18013e-10
729 9.10259e-10
731 8.30096e-10
733 1.0954e-09
735 9.79135e-10
737 1.10909e-09
739 1.28877e-09
741 1.42132e-09
743 1.31541e-09
745 1.11421e-09
747 1.35692e-09
749 1.18253e-09
751 1.18093e-09
753 1.11049e-09
755 1.03789e-09
757 1.31204e-09
759 1.0174e-09
761 1.09324e-09
763 1.01649e-09
765 1.08221e-09
767 1.09863e-09
769 1.05205e-09
771 1.00525e-09
773 1.07507e-09
775 9.41683e-10
777 9.82635e-10
779 9.84676e-10
781 8.81479e-10
783 9.69793e-10
785 9.38608e-10
787 9.21852e-10
789 1.09683e-09
791 1.47555e-09
793 1.39544e-09
795 1.36035e-09
797 1.09495e-09
799 1.0504e-09
801 8.2106e-10
803 7.21864e-10
805 5.74141e-10
807 4.4072e-10
809 3.12044e-10
811 2.51296e-10
813 3.31834e-10
815 0
817 0
819 0
821 0
823 0
825 0
827 0
829 0
831 0
833 0
835 0
837 0
839 0
841 0
843 0
845 0
847 0
849 0
851 0
853 0
855 0
857 0
859 0
861 0
863 0
865 0
867 0
869 0
871 0
873 0
875 0
877 0
879 0
881 0
883 0
885 0
887 0
889 0
891 0
893 0
895 0
897 0
899 0
901 0
903 0
905 0
907 0
909 0
911 0
913 0
915 0
917 0
919 0
921 0
923 0
925 0
927 0
929 0
931 0
933 0
935 0
937 0
939 0
941 0
943 0
945 0
947 0
949 0
951 0
953 0
955 0
957 0
959 0
961 0
963 0
965 0
967 0
969 0
971 0
973 0
975 0
977 0
979 0
981 0
983 0
985 0
987 0
989 0
991 0
993 0
995 0
997 0
999 0
1001 0
1003 0
1005 0
1007 0
1009 0
1011 0
1013 0
1015 0
1017 0
1019 0
1021 0
1023 0
1025 0
1027 0
1029 0
1031 0
1033 0
1035 0
1037 0
1039 0
1041 0
1043 0
1045 0
1047 0
1049 0
1051 0
1053 0
1055 0
1057 0
1059 0
1061 0
1063 0
1065 0
1067 0
1069 0
1071 0
1073 0
1075 0
1077 0
1079 0
1081 0
1083 0
1085 0
1087 0
1089 0
1091 0
1093 0
1095 0
1097 0
1099 0
1101 0
1103 0
1105 0
1107 0
1109 0
1111 0
1113 0
1115 0
1117 0
1119 0
1121 0
1123 0
1125 0
1127 0
1129 0
1131 0
1133 0
1135 0
1137 0
1139 0
1141 0
1143 0
1145 0
1147 0
1149 0
1151 0
1153 0
1155 0
1157 0
1159 0
1161 0
1163 0
1165 0
1167 0
1169 0
1171 0
1173 0
1175 0
1177 0
1179 0
1181 0
1183 0
1185 0
1187 0
1189 0
1191 0
1193 0
1195 0
1197 0
1199 0
1201 0
1203 0
1205 0
1207 0
1209 0
1211 0
1213 0
1215 0
1217 0
1219 0
1221 0
1223 0
1225 0
1227 0
1229 0
1231 0
1233 0
1235 0
1237 0
1239 0
1241 0
1243 0
1245 0
1247 0
1249 0
1251 0
1253 0
1255 0
1257 0
1259 0
1261 0
1263 0
1265 0
1267 0
1269 0
1271 0
1273 0
1275 0
1277 0
1279 0
1281 0
1283 0
1285 0
1287 0
1289 0
1291 0
1293 0
1295 0
1297 0
1299 0
1301 0
1303 0
1305 0
1307 0
1309 0
1311 0
1313 0
1315 0
1317 0
1319 0
1321 0
1323 0
1325 0
1327 0
1329 0
1331 0
1333 0
1335 0
1337 0
1339 0
1341 0
1343 0
1345 0
1347 0
1349 0
1351 0
1353 0
1355 0
1357 0
1359 0
1361 0
1363 0
1365 0
1367 0
1369 0
1371 0
1373 0
1375 0
1377 0
1379 0
1381 0
1383 0
1385 0
1387 0
1389 0
1391 0
1393 0
1395 0
1397 0
1399 0
1401 0
1403 0
1405 0
1407 0
1409 0
1411 0
1413 0
1415 0
1417 0
1419 0
1421 0
1423 0
1425 0
1427 0
1429 0
1431 0
1433 0
1435 0
1437 0
1439 0
1441 0
1443 0
1445 0
1447 0
1449 0
1451 0
1453 0
1455 0
1457 0
1459 0
1461 0
1463 0
1465 0
1467 0
1469 0
1471 0
1473 0
1475 0
1477 0
1479 0
1481 0
1483 0
1485 0
1487 0
1489 0
1491 0
1493 0
1495 0
1497 0
1499 0
1501 0
1503 0
1505 0
1507 0
1509 0
1511 0
1513 0
1515 0
1517 0
1519 0
1521 0
1523 0
1525 0
1527 0
1529 0
1531 0
1533 0
1535 0
1537 0
1539 0
1541 0
1543 0
1545 0
1547 0
1549 0
1551 0
1553 0
1555 0
1557 0
1559 0
1561 0
1563 0
1565 0
1567 0
1569 0
1571 0
1573 0
1575 0
1577 0
1579 0
1581 0
1583 0
1585 0
1587 0
1589 0
1591 0
1593 0
1595 0
1597 0
1599 0
1601 0
1603 0
1605 0
1607 0
1609 0
1611 0
1613 0
1615 0
1617 0
1619 0
1621 0
1623 0
1625 0
1627 0
1629 0
1631 0
1633 0
1635 0
1637 0
1639 0
1641 0
1643 0
1645 0
1647 0
1649 0
1651 0
1653 0
1655 0
1657 0
1659 0
1661 0
1663 0
1665 0
1667 0
1669 0
1671 0
1673 0
1675 0
1677 0
1679 0
1681 0
1683 0
1685 0
1687 0
1689 0
1691 0
1693 0
1695 0
1697 0
1699 0
1701 0
1703 0
1705 0
1707 0
1709 0
1711 0
1713 0
1715 0
1717 0
1719 0
1721 0
1723 0
1725 0
1727 0
1729 0
1731 0
1733 0
1735 0
1737 0
1739 0
1741 0
1743 0
1745 0
1747 0
1749 0
1751 0
1753 0
1755 0
1757 0
1759 0
1761 0
1763 0
1765 0
1767 0
1769 0
1771 0
1773 0
1775 0
1777 0
1779 0
1781 0
1783 0
1785 0
1787 0
1789 0
1791 0
1793 0
1795 0
1797 0
1799 0
1801 0
1803 0
1805 0
1807 0
1809 0
1811 0
1813 0
1815 0
1817 0
1819 0
1821 0
1823 0
1825 0
1827 0
1829 0
1831 0
1833 0
1835 0
1837 0
1839 0
1841 0
1843 0
1845 0
1847 0
1849 0
1851 0
1853 0
1855 0
1857 0
1859 0
1861 0
1863 0
1865 0
1867 0
1869 0
1871 0
1873 0
1875 0
1877 0
1879 0
1881 0
1883 0
1885 0
1887 0
1889 0
1891 0
1893 0
1895 0
1897 0
1899 0
1901 0
1903 0
1905 0
1907 0
1909 0
1911 0
1913 0
1915 0
1917 0
1919 0
1921 0
1923 0
1925 0
1927 0
1929 0
1931 0
1933 0
1935 0
1937 0
1939 0
1941 0
1943 0
1945 0
1947 0
1949 0
1951 0
1953 0
1955 0
1957 0
1959 0
1961 0
1963 0
1965 0
1967 0
1969 0
1971 0
1973 0
1975 0
1977 0
1979 0
1981 0
1983 0
1985 0
1987 0
1989 0
1991 0
1993 0
1995 0
1997 0
1999 0
