1 0
3 0
5 0
7 0
9 0
11 0
13 0
15 9.19853e-05
17 0.00055869
19 0.000444207
21 0.000336578
23 0.000269935
25 0.000195198
27 0.000168651
29 0.000123775
31 0.000117453
33 8.69301e-05
35 6.58819e-05
37 5.7532e-05
39 5.30464e-05
41 4.59761e-05
43 3.93046e-05
45 3.24872e-05
47 2.70248e-05
49 2.2503e-05
51 1.9211e-05
53 1.64604e-05
55 1.44812e-05
57 1.31119e-05
59 1.18366e-05
61 1.09149e-05
63 9.84427e-06
65 8.98922e-06
67 8.27461e-06
69 7.70003e-06
71 7.02861e-06
73 6.52862e-06
75 6.01707e-06
77 5.58901e-06
79 5.14749e-06
81 4.82318e-06
83 4.4758e-06
85 4.20389e-06
87 3.90045e-06
89 3.63629e-06
91 3.40568e-06
93 3.18638e-06
95 2.97724e-06
97 2.77851e-06
99 2.61315e-06
101 2.44223e-06
103 2.29637e-06
105 2.1626e-06
107 2.03724e-06
109 1.90815e-06
111 1.8189e-06
113 1.70128e-06
115 1.6017e-06
117 1.51405e-06
119 1.43099e-06
121 1.35815e-06
123 1.28764e-06
125 1.21063e-06
127 1.15876e-06
129 1.09554e-06
131 1.04094e-06
133 9.94974e-07
135 9.46922e-07
137 8.92336e-07
139 8.54744e-07
141 8.12287e-07
143 7.78479e-07
145 7.40057e-07
147 7.08932e-07
149 6.83738e-07
151 6.47073e-07
153 6.17909e-07
155 6.01905e-07
157 5.75118e-07
159 5.46436e-07
161 5.34462e-07
163 5.01071e-07
165 4.85873e-07
167 4.66972e-07
169 4.49002e-07
171 4.273e-07
173 4.12417e-07
175 4.04135e-07
177 3.80489e-07
179 3.68725e-07
181 3.57215e-07
183 3.45339e-07
185 3.30921e-07
187 3.18423e-07
189 3.10435e-07
191 2.99394e-07
193 2.87773e-07
195 2.7875e-07
197 2.70664e-07
199 2.60091e-07
201 2.5403e-07
203 2.46324e-07
205 2.34329e-07
207 2.28861e-07
209 2.24282e-07
211 2.15542e-07
213 2.09715e-07
215 2.01759e-07
217 1.97357e-07
219 1.89155e-07
221 1.8468e-07
223 1.80258e-07
225 1.72709e-07
227 1.69962e-07
229 1.6253e-07
231 1.61421e-07
233 1.54869e-07
235 1.48996e-07
237 1.48272e-07
239 1.42058e-07
241 1.39537e-07
243 1.33088e-07
245 1.31331e-07
247 1.2848e-07
249 1.23444e-07
251 1.22108e-07
253 1.16484e-07
255 1.15486e-07
257 1.11272e-07
259 1.10081e-07
261 1.06281e-07
263 1.05141e-07
265 1.01023e-07
267 1.00068e-07
269 9.58718e-08
271 9.35913e-08
273 9.10747e-08
275 8.99107e-08
277 8.7812e-08
279 8.63728e-08
281 8.30664e-08
283 8.11593e-08
285 7.94672e-08
287 7.84839e-08
289 7.53663e-08
291 7.39262e-08
293 7.17019e-08
295 7.15478e-08
297 6.93227e-08
299 6.70254e-08
301 6.53501e-08
303 6.55579e-08
305 6.38052e-08
307 6.16373e-08
309 6.02921e-08
311 6.04214e-08
313 5.75591e-08
315 5.62574e-08
317 5.65239e-08
319 5.41873e-08
321 5.45618e-08
323 5.21384e-08
325 5.05226e-08
327 5.17686e-08
329 4.77449e-08
331 4.94812e-08
333 4.60981e-08
335 4.69849e-08
337 4.59254e-08
339 4.37702e-08
341 4.46769e-08
343 4.22251e-08
345 4.23308e-08
347 4.15387e-08
349 4.04379e-08
351 3.95401e-08
353 3.83449e-08
355 3.85365e-08
357 3.76833e-08
359 3.6164e-08
361 3.68497e-08
363 3.50839e-08
365 3.49097e-08
367 3.50057e-08
369 3.30256e-08
371 3.28465e-08
373 3.27975e-08
375 3.15538e-08
377 3.22186e-08
379 2.98089e-08
381 3.04949e-08
383 3.01426e-08
385 2.76511e-08
387 2.99816e-08
389 2.82237e-08
391 2.70362e-08
393 2.80315e-08
395 2.60276e-08
397 2.64964e-08
399 2.66155e-08
401 2.39761e-08
403 2.56408e-08
405 2.53899e-08
407 2.31572e-08
409 2.44033e-08
411 2.33617e-08
413 2.22028e-08
415 2.3546e-08
417 2.26612e-08
419 2.07079e-08
421 2.1884e-08
423 2.23034e-08
425 2.01273e-08
427 2.04857e-08
429 2.07875e-08
431 1.98942e-08
433 1.92202e-08
435 1.97754e-08
437 1.89312e-08
439 1.84429e-08
441 1.90795e-08
443 1.76072e-08
445 1.81722e-08
447 1.72266e-08
449 1.75356e-08
451 1.69586e-08
453 1.73721e-08
455 1.62646e-08
457 1.68312e-08
459 1.60431e-08
461 1.59423e-08
463 1.5265e-08
465 1.58218e-08
467 1.52295e-08
469 1.50512e-08
471 1.4568e-08
473 1.4585e-08
475 1.48014e-08
477 1.37151e-08
479 1.40796e-08
481 1.39563e-08
483 1.37489e-08
485 1.34888e-08
487 1.27897e-08
489 1.33144e-08
491 1.33581e-08
493 1.29052e-08
495 1.17701e-08
497 1.17858e-08
499 1.32393e-08
501 1.20395e-08
503 1.15894e-08
505 1.12015e-08
507 1.17471e-08
509 1.19172e-08
511 1.13829e-08
513 1.10494e-08
515 1.04481e-08
517 1.0906e-08
519 1.16102e-08
521 1.04395e-08
523 1.04291e-08
525 9.70654e-09
527 1.0508e-08
529 1.01687e-08
531 1.03444e-08
533 9.35864e-09
535 9.62574e-09
537 9.84514e-09
539 9.16754e-09
541 1.0043e-08
543 8.9311e-09
545 9.37653e-09
547 9.16786e-09
549 9.32106e-09
551 9.09525e-09
553 9.24346e-09
555 8.69876e-09
557 9.04961e-09
559 9.11037e-09
561 9.00758e-09
563 8.99737e-09
565 9.01425e-09
567 8.75209e-09
569 8.6835e-09
571 9.15809e-09
573 8.96871e-09
575 8.1552e-09
577 8.20463e-09
579 8.27543e-09
581 7.70888e-09
583 8.56968e-09
585 7.81696e-09
587 7.52095e-09
589 7.47729e-09
591 7.9602e-09
593 7.70435e-09
595 7.71571e-09
597 7.2449e-09
599 7.13948e-09
601 7.56017e-09
603 7.09096e-09
605 7.31322e-09
607 7.38312e-09
609 6.88591e-09
611 7.19683e-09
613 6.62399e-09
615 6.99707e-09
617 6.68467e-09
619 7.05954e-09
621 6.81438e-09
623 6.40071e-09
625 6.63567e-09
627 6.74044e-09
629 6.32061e-09
631 6.42293e-09
633 6.40806e-09
635 6.58508e-09
637 5.87163e-09
639 6.33193e-09
641 6.24128e-09
643 6.05735e-09
645 6.36619e-09
647 6.29722e-09
649 5.96339e-09
651 5.75135e-09
653 6.08427e-09
655 6.08873e-09
657 5.85251e-09
659 5.76059e-09
661 5.80871e-09
663 6.07524e-09
665 5.59041e-09
667 5.79199e-09
669 5.76465e-09
671 5.35623e-09
673 5.79394e-09
675 5.65202e-09
677 5.60818e-09
679 5.68832e-09
681 5.45135e-09
683 5.47321e-09
685 5.58642e-09
687 5.31988e-09
689 5.50031e-09
691 5.27421e-09
693 5.6516e-09
695 5.38676e-09
697 5.62279e-09
699 5.29557e-09
701 5.54252e-09
703 5.83125e-09
705 5.46342e-09
707 6.12855e-09
709 5.60765e-09
711 5.84064e-09
713 5.6478e-09
715 6.01826e-09
717 5.82041e-09
719 6.15879e-09
721 6.49456e-09
723 6.45484e-09
725 6.61588e-09
727 6.70432e-09
729 7.18423e-09
731 7.41546e-09
733 8.17482e-09
735 8.42597e-09
737 9.31714e-09
739 1.02058e-08
741 1.28405e-08
743 1.58826e-08
745 3.07559e-08
747 0
749 0
751 0
753 0
755 0
757 0
759 0
761 0
763 0
765 0
767 0
769 0
771 0
773 0
775 0
777 0
779 0
781 0
783 0
785 0
787 0
789 0
791 0
793 0
795 0
797 0
799 0
801 0
803 0
805 0
807 0
809 0
811 0
813 0
815 0
817 0
819 0
821 0
823 0
825 0
827 0
829 0
831 0
833 0
835 0
837 0
839 0
841 0
843 0
845 0
847 0
849 0
851 0
853 0
855 0
857 0
859 0
861 0
863 0
865 0
867 0
869 0
871 0
873 0
875 0
877 0
879 0
881 0
883 0
885 0
887 0
889 0
891 0
893 0
895 0
897 0
899 0
901 0
903 0
905 0
907 0
909 0
911 0
913 0
915 0
917 0
919 0
921 0
923 0
925 0
927 0
929 0
931 0
933 0
935 0
937 0
939 0
941 0
943 0
945 0
947 0
949 0
951 0
953 0
955 0
957 0
959 0
961 0
963 0
965 0
967 0
969 0
971 0
973 0
975 0
977 0
979 0
981 0
983 0
985 0
987 0
989 0
991 0
993 0
995 0
997 0
999 0
1001 0
1003 0
1005 0
1007 0
1009 0
1011 0
1013 0
1015 0
1017 0
1019 0
1021 0
1023 0
1025 0
1027 0
1029 0
1031 0
1033 0
1035 0
1037 0
1039 0
1041 0
1043 0
1045 0
1047 0
1049 0
1051 0
1053 0
1055 0
1057 0
1059 0
1061 0
1063 0
1065 0
1067 0
1069 0
1071 0
1073 0
1075 0
1077 0
1079 0
1081 0
1083 0
1085 0
1087 0
1089 0
1091 0
1093 0
1095 0
1097 0
1099 0
1101 0
1103 0
1105 0
1107 0
1109 0
1111 0
1113 0
1115 0
1117 0
1119 0
1121 0
1123 0
1125 0
1127 0
1129 0
1131 0
1133 0
1135 0
1137 0
1139 0
1141 0
1143 0
1145 0
1147 0
1149 0
1151 0
1153 0
1155 0
1157 0
1159 0
1161 0
1163 0
1165 0
1167 0
1169 0
1171 0
1173 0
1175 0
1177 0
1179 0
1181 0
1183 0
1185 0
1187 0
1189 0
1191 0
1193 0
1195 0
1197 0
1199 0
1201 0
1203 0
1205 0
1207 0
1209 0
1211 0
1213 0
1215 0
1217 0
1219 0
1221 0
1223 0
1225 0
1227 0
1229 0
1231 0
1233 0
1235 0
1237 0
1239 0
1241 0
1243 0
1245 0
1247 0
1249 0
1251 0
1253 0
1255 0
1257 0
1259 0
1261 0
1263 0
1265 0
1267 0
1269 0
1271 0
1273 0
1275 0
1277 0
1279 0
1281 0
1283 0
1285 0
1287 0
1289 0
1291 0
1293 0
1295 0
1297 0
1299 0
1301 0
1303 0
1305 0
1307 0
1309 0
1311 0
1313 0
1315 0
1317 0
1319 0
1321 0
1323 0
1325 0
1327 0
1329 0
1331 0
1333 0
1335 0
1337 0
1339 0
1341 0
1343 0
1345 0
1347 0
1349 0
1351 0
1353 0
1355 0
1357 0
1359 0
1361 0
1363 0
1365 0
1367 0
1369 0
1371 0
1373 0
1375 0
1377 0
1379 0
1381 0
1383 0
1385 0
1387 0
1389 0
1391 0
1393 0
1395 0
1397 0
1399 0
1401 0
1403 0
1405 0
1407 0
1409 0
1411 0
1413 0
1415 0
1417 0
1419 0
1421 0
1423 0
1425 0
1427 0
1429 0
1431 0
1433 0
1435 0
1437 0
1439 0
1441 0
1443 0
1445 0
1447 0
1449 0
1451 0
1453 0
1455 0
1457 0
1459 0
1461 0
1463 0
1465 0
1467 0
1469 0
1471 0
1473 0
1475 0
1477 0
1479 0
1481 0
1483 0
1485 0
1487 0
1489 0
1491 0
1493 0
1495 0
1497 0
1499 0
1501 0
1503 0
1505 0
1507 0
1509 0
1511 0
1513 0
1515 0
1517 0
1519 0
1521 0
1523 0
1525 0
1527 0
1529 0
1531 0
1533 0
1535 0
1537 0
1539 0
1541 0
1543 0
1545 0
1547 0
1549 0
1551 0
1553 0
1555 0
1557 0
1559 0
1561 0
1563 0
1565 0
1567 0
1569 0
1571 0
1573 0
1575 0
1577 0
1579 0
1581 0
1583 0
1585 0
1587 0
1589 0
1591 0
1593 0
1595 0
1597 0
1599 0
1601 0
1603 0
1605 0
1607 0
1609 0
1611 0
1613 0
1615 0
1617 0
1619 0
1621 0
1623 0
1625 0
1627 0
1629 0
1631 0
1633 0
1635 0
1637 0
1639 0
1641 0
1643 0
1645 0
1647 0
1649 0
1651 0
1653 0
1655 0
1657 0
1659 0
1661 0
1663 0
1665 0
1667 0
1669 0
1671 0
1673 0
1675 0
1677 0
1679 0
1681 0
1683 0
1685 0
1687 0
1689 0
1691 0
1693 0
1695 0
1697 0
1699 0
1701 0
1703 0
1705 0
1707 0
1709 0
1711 0
1713 0
1715 0
1717 0
1719 0
1721 0
1723 0
1725 0
1727 0
1729 0
1731 0
1733 0
1735 0
1737 0
1739 0
1741 0
1743 0
1745 0
1747 0
1749 0
1751 0
1753 0
1755 0
1757 0
1759 0
1761 0
1763 0
1765 0
1767 0
1769 0
1771 0
1773 0
1775 0
1777 0
1779 0
1781 0
1783 0
1785 0
1787 0
1789 0
1791 0
1793 0
1795 0
1797 0
1799 0
1801 0
1803 0
1805 0
1807 0
1809 0
1811 0
1813 0
1815 0
1817 0
1819 0
1821 0
1823 0
1825 0
1827 0
1829 0
1831 0
1833 0
1835 0
1837 0
1839 0
1841 0
1843 0
1845 0
1847 0
1849 0
1851 0
1853 0
1855 0
1857 0
1859 0
1861 0
1863 0
1865 0
1867 0
1869 0
1871 0
1873 0
1875 0
1877 0
1879 0
1881 0
1883 0
1885 0
1887 0
1889 0
1891 0
1893 0
1895 0
1897 0
1899 0
1901 0
1903 0
1905 0
1907 0
1909 0
1911 0
1913 0
1915 0
1917 0
1919 0
1921 0
1923 0
1925 0
1927 0
1929 0
1931 0
1933 0
1935 0
1937 0
1939 0
1941 0
1943 0
1945 0
1947 0
1949 0
1951 0
1953 0
1955 0
1957 0
1959 0
1961 0
1963 0
1965 0
1967 0
1969 0
1971 0
1973 0
1975 0
1977 0
1979 0
1981 0
1983 0
1985 0
1987 0
1989 0
1991 0
1993 0
1995 0
1997 0
1999 0
