1 0
3 0
5 0
7 0
9 0.000129065
11 0.000806736
13 0.000548526
15 0.000369471
17 0.000261854
19 0.000191383
21 0.000133132
23 9.16305e-05
25 8.20452e-05
27 6.60203e-05
29 4.87684e-05
31 3.73769e-05
33 2.90798e-05
35 2.42656e-05
37 2.08316e-05
39 1.80776e-05
41 1.56152e-05
43 1.3701e-05
45 1.2034e-05
47 1.0639e-05
49 9.4219e-06
51 8.39609e-06
53 7.48281e-06
55 6.71179e-06
57 6.01722e-06
59 5.43805e-06
61 4.88163e-06
63 4.41195e-06
65 3.99788e-06
67 3.61645e-06
69 3.30364e-06
71 3.02293e-06
73 2.74527e-06
75 2.52905e-06
77 2.31086e-06
79 2.13603e-06
81 1.98025e-06
83 1.83656e-06
85 1.68994e-06
87 1.57925e-06
89 1.45939e-06
91 1.36036e-06
93 1.28122e-06
95 1.20014e-06
97 1.11587e-06
99 1.04774e-06
101 9.83285e-07
103 9.25448e-07
105 8.61968e-07
107 8.10378e-07
109 7.72394e-07
111 7.28856e-07
113 6.88436e-07
115 6.50258e-07
117 6.119e-07
119 5.75754e-07
121 5.44239e-07
123 5.18525e-07
125 4.92156e-07
127 4.65051e-07
129 4.42241e-07
131 4.21089e-07
133 3.98848e-07
135 3.83128e-07
137 3.69423e-07
139 3.55132e-07
141 3.37087e-07
143 3.24561e-07
145 3.06421e-07
147 2.94138e-07
149 2.80469e-07
151 2.68296e-07
153 2.56787e-07
155 2.47998e-07
157 2.36906e-07
159 2.29431e-07
161 2.19397e-07
163 2.11626e-07
165 2.02075e-07
167 1.94176e-07
169 1.85388e-07
171 1.8012e-07
173 1.72925e-07
175 1.65e-07
177 1.6206e-07
179 1.53262e-07
181 1.48961e-07
183 1.4315e-07
185 1.39825e-07
187 1.36134e-07
189 1.31261e-07
191 1.25727e-07
193 1.22474e-07
195 1.17269e-07
197 1.1401e-07
199 1.10676e-07
201 1.05879e-07
203 1.02404e-07
205 9.99687e-08
207 9.63156e-08
209 9.34552e-08
211 9.08342e-08
213 8.7495e-08
215 8.53735e-08
217 8.20533e-08
219 7.91365e-08
221 7.75852e-08
223 7.47338e-08
225 7.2971e-08
227 7.0809e-08
229 7.24523e-08
231 6.81632e-08
233 6.65587e-08
235 6.59566e-08
237 6.24849e-08
239 6.09777e-08
241 5.96867e-08
243 5.76294e-08
245 5.68229e-08
247 5.35318e-08
249 5.39753e-08
251 5.11245e-08
253 5.06417e-08
255 4.98809e-08
257 4.6568e-08
259 4.65823e-08
261 4.60048e-08
263 4.38678e-08
265 4.31225e-08
267 4.19953e-08
269 4.08148e-08
271 4.017e-08
273 3.84294e-08
275 3.78319e-08
277 3.63167e-08
279 3.67043e-08
281 3.5131e-08
283 3.43575e-08
285 3.39718e-08
287 3.29498e-08
289 3.1671e-08
291 3.16288e-08
293 3.08432e-08
295 2.97478e-08
297 2.87738e-08
299 2.88948e-08
301 2.87005e-08
303 2.78115e-08
305 2.63577e-08
307 2.66002e-08
309 2.68772e-08
311 2.46963e-08
313 2.54736e-08
315 2.46272e-08
317 2.30959e-08
319 2.35699e-08
321 2.29777e-08
323 2.18502e-08
325 2.291e-08
327 2.14842e-08
329 2.12344e-08
331 2.12374e-08
333 1.93341e-08
335 2.1065e-08
337 1.87969e-08
339 1.93185e-08
341 1.91625e-08
343 1.81e-08
345 1.80888e-08
347 1.78165e-08
349 1.79645e-08
351 1.65121e-08
353 1.68379e-08
355 1.71276e-08
357 1.64883e-08
359 1.5278e-08
361 1.56258e-08
363 1.58061e-08
365 1.52653e-08
367 1.36326e-08
369 1.4602e-08
371 1.50158e-08
373 1.37758e-08
375 1.32882e-08
377 1.30467e-08
379 1.42326e-08
381 1.26471e-08
383 1.26924e-08
385 1.26775e-08
387 1.25825e-08
389 1.26365e-08
391 1.15454e-08
393 1.18013e-08
395 1.14288e-08
397 1.1543e-08
399 1.14057e-08
401 1.0555e-08
403 1.10609e-08
405 1.03387e-08
407 1.08996e-08
409 1.04451e-08
411 9.82316e-09
413 9.80759e-09
415 9.65927e-09
417 9.52514e-09
419 9.79384e-09
421 9.52456e-09
423 8.81129e-09
425 9.33641e-09
427 8.89867e-09
429 8.79112e-09
431 9.02726e-09
433 8.72771e-09
435 8.05822e-09
437 8.49653e-09
439 8.31961e-09
441 7.92382e-09
443 7.98423e-09
445 8.32023e-09
447 7.44929e-09
449 7.36397e-09
451 7.72788e-09
453 7.39248e-09
455 6.81414e-09
457 7.21329e-09
459 7.45723e-09
461 6.50281e-09
463 6.95529e-09
465 6.87734e-09
467 6.59696e-09
469 6.28429e-09
471 6.26368e-09
473 6.5399e-09
475 6.38944e-09
477 6.06313e-09
479 5.94162e-09
481 5.81182e-09
483 5.39136e-09
485 5.85234e-09
487 5.24824e-09
489 5.70072e-09
491 5.73004e-09
493 5.32627e-09
495 5.34234e-09
497 5.22997e-09
499 4.67884e-09
501 5.35904e-09
503 4.84748e-09
505 5.01579e-09
507 4.87549e-09
509 5.10833e-09
511 4.60298e-09
513 5.03908e-09
515 4.31862e-09
517 4.52551e-09
519 4.35503e-09
521 4.59546e-09
523 4.43029e-09
525 4.34145e-09
527 4.52338e-09
529 4.16584e-09
531 4.18115e-09
533 4.39923e-09
535 4.02334e-09
537 3.86172e-09
539 3.62172e-09
541 4.42331e-09
543 3.82418e-09
545 3.68234e-09
547 3.8408e-09
549 3.81782e-09
551 3.82181e-09
553 3.53299e-09
555 3.48196e-09
557 3.57726e-09
559 3.53839e-09
561 3.10852e-09
563 3.51254e-09
565 3.21774e-09
567 3.19853e-09
569 3.35784e-09
571 3.14342e-09
573 3.13131e-09
575 3.23803e-09
577 3.0098e-09
579 3.18389e-09
581 3.13375e-09
583 2.99988e-09
585 2.99695e-09
587 2.79013e-09
589 2.71619e-09
591 2.58127e-09
593 2.63027e-09
595 3.05319e-09
597 2.79371e-09
599 2.6715e-09
601 2.67639e-09
603 2.96351e-09
605 2.47618e-09
607 2.64085e-09
609 2.59246e-09
611 2.80142e-09
613 2.50651e-09
615 2.5657e-09
617 2.14281e-09
619 2.27842e-09
621 2.38918e-09
623 2.35979e-09
625 2.53892e-09
627 2.59213e-09
629 1.97811e-09
631 2.39877e-09
633 2.22848e-09
635 2.31731e-09
637 2.21331e-09
639 2.36396e-09
641 1.94158e-09
643 2.5516e-09
645 2.23497e-09
647 2.00859e-09
649 1.87115e-09
651 1.97291e-09
653 1.93799e-09
655 1.97873e-09
657 2.00884e-09
659 2.17681e-09
661 2.26131e-09
663 1.76523e-09
665 1.88883e-09
667 1.64222e-09
669 2.09244e-09
671 2.15294e-09
673 1.69435e-09
675 1.91948e-09
677 2.2094e-09
679 1.8998e-09
681 1.99633e-09
683 1.85152e-09
685 1.56252e-09
687 1.78408e-09
689 1.49516e-09
691 1.59874e-09
693 1.82452e-09
695 1.84875e-09
697 1.76554e-09
699 1.71675e-09
701 1.64813e-09
703 1.57872e-09
705 1.48396e-09
707 1.8392e-09
709 1.53727e-09
711 1.60328e-09
713 1.6967e-09
715 1.53151e-09
717 1.70494e-09
719 1.68996e-09
721 1.49807e-09
723 1.40452e-09
725 1.66163e-09
727 1.38231e-09
729 1.40576e-09
731 1.35438e-09
733 1.38525e-09
735 1.33715e-09
737 1.34987e-09
739 1.37294e-09
741 1.41721e-09
743 1.45494e-09
745 1.31609e-09
747 1.4801e-09
749 1.37512e-09
751 1.22523e-09
753 1.39557e-09
755 1.37922e-09
757 1.38806e-09
759 1.305e-09
761 1.62962e-09
763 1.48147e-09
765 1.35382e-09
767 1.41569e-09
769 1.24833e-09
771 1.40047e-09
773 1.20341e-09
775 1.50337e-09
777 1.39704e-09
779 1.34848e-09
781 1.20341e-09
783 1.11696e-09
785 1.23467e-09
787 1.18153e-09
789 1.36911e-09
791 1.33419e-09
793 1.1603e-09
795 1.23221e-09
797 1.13508e-09
799 1.13259e-09
801 1.29891e-09
803 1.23332e-09
805 1.18665e-09
807 1.17728e-09
809 1.14295e-09
811 1.19543e-09
813 1.22375e-09
815 1.13532e-09
817 1.15071e-09
819 1.21502e-09
821 1.0229e-09
823 9.77377e-10
825 9.93572e-10
827 1.17977e-09
829 1.11043e-09
831 1.14355e-09
833 1.03821e-09
835 9.63085e-10
837 1.01559e-09
839 1.00803e-09
841 8.62531e-10
843 9.49558e-10
845 1.09459e-09
847 1.02714e-09
849 9.36627e-10
851 9.05906e-10
853 9.50603e-10
855 9.19304e-10
857 9.34563e-10
859 1.03188e-09
861 1.19212e-09
863 1.19493e-09
865 1.28512e-09
867 1.06246e-09
869 1.28985e-09
871 9.73999e-10
873 1.10575e-09
875 1.18823e-09
877 1.07732e-09
879 9.67474e-10
881 1.03901e-09
883 1.09921e-09
885 9.71516e-10
887 1.17188e-09
889 9.95193e-10
891 1.02711e-09
893 8.45662e-10
895 1.07806e-09
897 9.14245e-10
899 9.17706e-10
901 1.04861e-09
903 9.3535e-10
905 9.7238e-10
907 9.48742e-10
909 8.91339e-10
911 8.22983e-10
913 8.92384e-10
915 1.00487e-09
917 9.59431e-10
919 9.41373e-10
921 9.99045e-10
923 8.23453e-10
925 9.2447e-10
927 8.14207e-10
929 9.89793e-10
931 7.73127e-10
933 9.59605e-10
935 8.0226e-10
937 7.30841e-10
939 7.92457e-10
941 8.33871e-10
943 7.79254e-10
945 9.83672e-10
947 6.97055e-10
949 7.06068e-10
951 8.88407e-10
953 7.24113e-10
955 8.06775e-10
957 7.8888e-10
959 6.67759e-10
961 7.07944e-10
963 8.68103e-10
965 7.41891e-10
967 8.49194e-10
969 6.92294e-10
971 6.16239e-10
973 7.05575e-10
975 8.79469e-10
977 8.41489e-10
979 7.73395e-10
981 1.03163e-09
983 1.09138e-09
985 1.15955e-09
987 1.15121e-09
989 1.00234e-09
991 1.01024e-09
993 1.33004e-09
995 1.01536e-09
997 1.06292e-09
999 8.30662e-10
1001 1.23337e-09
1003 8.9227e-10
1005 9.50119e-10
1007 1.00784e-09
1009 9.41217e-10
1011 1.06307e-09
1013 8.33896e-10
1015 1.0243e-09
1017 8.79709e-10
1019 9.56704e-10
1021 9.3018e-10
1023 8.59973e-10
1025 8.63306e-10
1027 9.73294e-10
1029 8.45346e-10
1031 8.62819e-10
1033 8.75865e-10
1035 9.41908e-10
1037 8.43522e-10
1039 7.7468e-10
1041 8.40309e-10
1043 9.75229e-10
1045 7.79542e-10
1047 8.35562e-10
1049 8.19529e-10
1051 7.2295e-10
1053 8.92161e-10
1055 8.54814e-10
1057 1.24559e-09
1059 1.17219e-09
1061 1.18196e-09
1063 1.07794e-09
1065 1.05494e-09
1067 1.00103e-09
1069 9.30616e-10
1071 7.62648e-10
1073 6.8581e-10
1075 6.65346e-10
1077 4.46832e-10
1079 4.55363e-10
1081 3.99228e-10
1083 3.6758e-10
1085 3.68833e-10
1087 2.56726e-10
1089 3.19989e-10
1091 1.75311e-10
1093 0
1095 7.31133e-11
1097 7.28926e-11
1099 1.09161e-10
1101 9.07859e-11
1103 1.26969e-10
1105 3.62146e-11
1107 1.26487e-10
1109 3.61205e-11
1111 1.80145e-11
1113 8.97807e-11
1115 1.07527e-10
1117 8.94941e-11
1119 1.25047e-10
1121 5.35336e-11
1123 1.06907e-10
1125 1.06731e-10
1127 3.5529e-11
1129 5.30246e-11
1131 5.29765e-11
1133 8.81795e-11
1135 8.80717e-11
1137 7.03535e-11
1139 1.05455e-10
1141 8.76977e-11
1143 1.57628e-10
1145 3.498e-11
1147 5.22267e-11
1149 3.47625e-11
1151 8.68121e-11
1153 8.67371e-11
1155 8.66018e-11
1157 1.38359e-10
1159 8.63708e-11
1161 1.03483e-10
1163 8.61183e-11
1165 6.85795e-11
1167 6.84515e-11
1169 5.12898e-11
1171 6.82932e-11
1173 5.11953e-11
1175 1.02247e-10
1177 1.36111e-10
1179 8.49234e-11
1181 1.01635e-10
1183 6.74868e-11
1185 8.42871e-11
1187 6.73445e-11
1189 5.04659e-11
1191 5.04168e-11
1193 6.71347e-11
1195 8.38327e-11
1197 1.50666e-10
1199 1.16676e-10
1201 8.31204e-11
1203 4.98246e-11
1205 9.95452e-11
1207 8.28509e-11
1209 3.31071e-11
1211 6.61357e-11
1213 3.30135e-11
1215 8.24053e-11
1217 9.84395e-11
1219 1.47398e-10
1221 1.47252e-10
1223 5.63912e-11
1225 4.90034e-11
1227 8.16045e-11
1229 9.78538e-11
1231 3.25635e-11
1233 4.87384e-11
1235 6.46541e-11
1237 6.45533e-11
1239 1.45121e-10
1241 1.6111e-10
1243 9.65851e-11
1245 6.43405e-11
1247 3.21522e-11
1249 8.02558e-11
1251 8.00424e-11
1253 7.96081e-11
1255 7.95564e-11
1257 1.58892e-11
1259 9.52816e-11
1261 9.52161e-11
1263 1.74437e-10
1265 7.92487e-11
1267 6.33124e-11
1269 7.88889e-11
1271 6.28551e-11
1273 4.70226e-11
1275 1.41001e-10
1277 3.13091e-11
1279 6.25745e-11
1281 6.25332e-11
1283 4.68749e-11
1285 1.09208e-10
1287 1.24436e-10
1289 1.39665e-10
1291 6.18036e-11
1293 6.17864e-11
1295 7.71916e-11
1297 7.71307e-11
1299 9.25169e-11
1301 4.62283e-11
1303 4.6197e-11
1305 6.1403e-11
1307 6.12539e-11
1309 7.61846e-11
1311 1.52284e-10
1313 9.13193e-11
1315 1.06494e-10
1317 7.60054e-11
1319 3.03853e-11
1321 7.58533e-11
1323 1.06032e-10
1325 6.03392e-11
1327 3.00622e-11
1329 4.50393e-11
1331 1.2005e-10
1333 1.49984e-11
1335 7.49648e-11
1337 1.49884e-10
1339 8.98195e-11
1341 1.19571e-10
1343 7.44365e-11
1345 7.43061e-11
1347 5.92108e-11
1349 8.87808e-11
1351 8.87504e-11
1353 1.47858e-11
1355 4.43305e-11
1357 7.38836e-11
1359 7.37759e-11
1361 7.34518e-11
1363 7.32675e-11
1365 7.31284e-11
1367 1.02246e-10
1369 1.16701e-10
1371 7.29092e-11
1373 8.74641e-11
1375 8.74418e-11
1377 7.28318e-11
1379 5.81648e-11
1381 4.35143e-11
1383 2.88816e-11
1385 7.20575e-11
1387 7.192e-11
1389 7.1902e-11
1391 7.1878e-11
1393 5.74958e-11
1395 1.14949e-10
1397 2.86583e-11
1399 1.28905e-10
1401 9.99294e-11
1403 1.13903e-10
1405 5.68321e-11
1407 5.67263e-11
1409 4.2536e-11
1411 4.2523e-11
1413 1.41736e-11
1415 1.13315e-10
1417 7.07496e-11
1419 4.23278e-11
1421 5.62817e-11
1423 8.43188e-11
1425 8.41187e-11
1427 1.39837e-11
1429 1.25832e-10
1431 1.39792e-10
1433 9.78414e-11
1435 4.18844e-11
1437 6.97309e-11
1439 4.17603e-11
1441 1.38702e-11
1443 6.93123e-11
1445 9.6649e-11
1447 6.89481e-11
1449 4.13633e-11
1451 4.13567e-11
1453 8.27024e-11
1455 6.88798e-11
1457 2.75063e-11
1459 6.85869e-11
1461 1.36921e-10
1463 1.09356e-10
1465 9.54402e-11
1467 4.08267e-11
1469 1.35959e-11
1471 5.43789e-11
1473 5.43766e-11
1475 2.71835e-11
1477 1.2211e-10
1479 5.41338e-11
1481 6.75543e-11
1483 4.04327e-11
1485 6.72724e-11
1487 5.37199e-11
1489 5.36297e-11
1491 5.36242e-11
1493 1.20652e-10
1495 9.37939e-11
1497 8.02465e-11
1499 5.34919e-11
1501 2.66912e-11
1503 3.99282e-11
1505 6.63926e-11
1507 2.64772e-11
1509 3.968e-11
1511 9.25452e-11
1513 7.93263e-11
1515 6.61087e-11
1517 3.96466e-11
1519 5.27221e-11
1521 3.94902e-11
1523 9.19148e-11
1525 3.93415e-11
1527 9.15643e-11
1529 1.1762e-10
1531 6.52008e-11
1533 5.21637e-11
1535 5.21675e-11
1537 3.91274e-11
1539 6.50755e-11
1541 5.19648e-11
1543 2.59095e-11
1545 7.76442e-11
1547 6.45885e-11
1549 6.4472e-11
1551 6.44261e-11
1553 5.14582e-11
1555 2.57296e-11
1557 6.43123e-11
1559 1.28428e-10
1561 0
1563 6.39845e-11
1565 7.67179e-11
1567 8.93409e-11
1569 6.37551e-11
1571 6.36174e-11
1573 5.07942e-11
1575 2.53815e-11
1577 8.88445e-11
1579 1.26925e-11
1581 5.06396e-11
1583 3.79284e-11
1585 5.05273e-11
1587 7.55728e-11
1589 6.29191e-11
1591 5.02671e-11
1593 2.5111e-11
1595 7.51571e-11
1597 1.12675e-10
1599 8.76046e-11
1601 3.74984e-11
1603 3.74299e-11
1605 6.23746e-11
1607 7.4678e-11
1609 6.21637e-11
1611 8.69112e-11
1613 4.95575e-11
1615 2.47766e-11
1617 9.88568e-11
1619 2.4703e-11
1621 1.23523e-11
1623 6.16922e-11
1625 6.15818e-11
1627 6.14648e-11
1629 6.13845e-11
1631 3.67844e-11
1633 2.45e-11
1635 4.89053e-11
1637 8.54814e-11
1639 9.75759e-11
1641 7.31132e-11
1643 3.65363e-11
1645 2.43277e-11
1647 9.7181e-11
1649 3.64055e-11
1651 7.27175e-11
1653 7.26192e-11
1655 6.04302e-11
1657 3.61682e-11
1659 4.8226e-11
1661 3.61181e-11
1663 3.60777e-11
1665 3.60527e-11
1667 6.00075e-11
1669 4.79614e-11
1671 8.38192e-11
1673 2.39257e-11
1675 1.19529e-11
1677 8.34907e-11
1679 1.19313e-11
1681 1.30898e-10
1683 9.50767e-11
1685 4.74613e-11
1687 2.37184e-11
1689 3.55384e-11
1691 7.09892e-11
1693 1.06334e-10
1695 3.53926e-11
1697 4.7162e-11
1699 7.06395e-11
1701 3.53123e-11
1703 4.69872e-11
1705 3.51836e-11
1707 4.68649e-11
1709 3.51082e-11
1711 3.50623e-11
1713 9.33821e-11
1715 2.33181e-11
1717 2.32952e-11
1719 5.81888e-11
1721 3.48649e-11
1723 4.64489e-11
1725 4.63774e-11
1727 8.11104e-11
1729 1.0418e-10
1731 3.46716e-11
1733 4.61861e-11
1735 3.45558e-11
1737 5.75426e-11
1739 8.04979e-11
1741 5.74756e-11
1743 5.73933e-11
1745 2.29285e-11
1747 4.58155e-11
1749 4.57589e-11
1751 4.57404e-11
1753 5.70703e-11
1755 3.41332e-11
1757 6.82921e-11
1759 6.81322e-11
1761 3.40655e-11
1763 3.40362e-11
1765 2.26651e-11
1767 6.79213e-11
1769 1.13141e-11
1771 4.52105e-11
1773 3.38602e-11
1775 3.3832e-11
1777 9.00572e-11
1779 7.87066e-11
1781 5.61132e-11
1783 4.4835e-11
1785 2.23915e-11
1787 5.5935e-11
1789 5.59169e-11
1791 4.46469e-11
1793 6.697e-11
1795 4.46301e-11
1797 1.11396e-11
1799 4.45512e-11
1801 3.33213e-11
1803 4.4406e-11
1805 9.96326e-11
1807 3.31731e-11
1809 7.7337e-11
1811 2.20825e-11
1813 4.41335e-11
1815 1.10137e-11
1817 2.20238e-11
1819 3.30311e-11
1821 5.50072e-11
1823 3.29583e-11
1825 3.29093e-11
1827 5.46725e-11
1829 5.45978e-11
1831 6.54589e-11
1833 5.45187e-11
1835 3.26953e-11
1837 5.4451e-11
1839 5.43976e-11
1841 3.26096e-11
1843 5.43211e-11
1845 5.42559e-11
1847 4.3367e-11
1849 3.24813e-11
1851 2.15845e-11
1853 5.39062e-11
1855 1.07644e-11
1857 6.45824e-11
1859 7.52845e-11
1861 5.74398e-11
1863 7.51742e-11
1865 2.147e-11
1867 1.07195e-11
1869 5.35784e-11
1871 1.0707e-11
1873 2.1327e-11
1875 1.06552e-11
1877 4.26099e-11
1879 6.3784e-11
1881 5.31139e-11
1883 5.30803e-11
1885 7.4258e-11
1887 5.30261e-11
1889 0
1891 6.35421e-11
1893 6.34739e-11
1895 3.16969e-11
1897 6.32564e-11
1899 3.15781e-11
1901 4.20542e-11
1903 5.24686e-11
1905 4.19681e-11
1907 2.0969e-11
1909 2.09564e-11
1911 7.33116e-11
1913 3.14022e-11
1915 5.22735e-11
1917 9.40426e-11
1919 5.21679e-11
1921 6.24189e-11
1923 1.0383e-11
1925 3.11368e-11
1927 1.03715e-11
1929 1.03623e-11
1931 2.07009e-11
1933 2.0702e-11
1935 7.24071e-11
1937 8.2719e-11
1939 4.13119e-11
1941 4.12903e-11
1943 3.09005e-11
1945 4.11282e-11
1947 3.07616e-11
1949 8.19714e-11
1951 3.07171e-11
1953 7.16345e-11
1955 1.02306e-11
1957 3.06727e-11
1959 3.0661e-11
1961 3.06454e-11
1963 6.11883e-11
1965 4.07509e-11
1967 1.01675e-11
1969 2.03125e-11
1971 5.0725e-11
1973 8.09639e-11
1975 4.04499e-11
1977 5.05655e-11
1979 8.0856e-11
1981 4.041e-11
1983 1.00994e-11
1985 1.00999e-11
1987 3.02114e-11
1989 1.00716e-11
1991 0
1993 4.0136e-11
1995 5.01104e-11
1997 8.00397e-11
1999 4.99615e-11
