1 0
3 0
5 0
7 0
9 0.000802371
11 0.000674792
13 0.000429654
15 0.00027469
17 0.000202638
19 0.000127537
21 0.000101004
23 7.73695e-05
25 5.62711e-05
27 4.24202e-05
29 3.26227e-05
31 2.64808e-05
33 2.21717e-05
35 1.87797e-05
37 1.61317e-05
39 1.3896e-05
41 1.18723e-05
43 1.02574e-05
45 8.95607e-06
47 7.87729e-06
49 6.97438e-06
51 6.25211e-06
53 5.54251e-06
55 4.93737e-06
57 4.38868e-06
59 3.92417e-06
61 3.51533e-06
63 3.17529e-06
65 2.88289e-06
67 2.60878e-06
69 2.38951e-06
71 2.19408e-06
73 2.01047e-06
75 1.82823e-06
77 1.69544e-06
79 1.5584e-06
81 1.43675e-06
83 1.32229e-06
85 1.22863e-06
87 1.12841e-06
89 1.05829e-06
91 9.83092e-07
93 9.17709e-07
95 8.6997e-07
97 8.07787e-07
99 7.52352e-07
101 7.0454e-07
103 6.65691e-07
105 6.21344e-07
107 5.87103e-07
109 5.47222e-07
111 5.1474e-07
113 4.90522e-07
115 4.63481e-07
117 4.42756e-07
119 4.23258e-07
121 3.98586e-07
123 3.78734e-07
125 3.57088e-07
127 3.3942e-07
129 3.21771e-07
131 3.05669e-07
133 2.89317e-07
135 2.74889e-07
137 2.61027e-07
139 2.49185e-07
141 2.36416e-07
143 2.26958e-07
145 2.16914e-07
147 2.0716e-07
149 1.98085e-07
151 1.8846e-07
153 1.81797e-07
155 1.74376e-07
157 1.6995e-07
159 1.6287e-07
161 1.56027e-07
163 1.50425e-07
165 1.4284e-07
167 1.37497e-07
169 1.3089e-07
171 1.28919e-07
173 1.2463e-07
175 1.21051e-07
177 1.15429e-07
179 1.11772e-07
181 1.07852e-07
183 1.02673e-07
185 9.84332e-08
187 9.58434e-08
189 9.2983e-08
191 8.81818e-08
193 8.64942e-08
195 8.42547e-08
197 8.2236e-08
199 7.92355e-08
201 7.78377e-08
203 7.35056e-08
205 7.21564e-08
207 6.91239e-08
209 6.77768e-08
211 6.55093e-08
213 6.2907e-08
215 6.00519e-08
217 6.03719e-08
219 5.73509e-08
221 5.48894e-08
223 5.49873e-08
225 5.22409e-08
227 5.05226e-08
229 4.91366e-08
231 4.81496e-08
233 4.77839e-08
235 4.48349e-08
237 4.51771e-08
239 4.25311e-08
241 4.25726e-08
243 3.98102e-08
245 4.04058e-08
247 3.78239e-08
249 3.80766e-08
251 3.6114e-08
253 3.56605e-08
255 3.46942e-08
257 3.39943e-08
259 3.3721e-08
261 3.32653e-08
263 3.14557e-08
265 3.09079e-08
267 3.10589e-08
269 2.93706e-08
271 2.90138e-08
273 2.77971e-08
275 2.79552e-08
277 2.65438e-08
279 2.65356e-08
281 2.65267e-08
283 2.47661e-08
285 2.43288e-08
287 2.41585e-08
289 2.29657e-08
291 2.3019e-08
293 2.22151e-08
295 2.19686e-08
297 2.17953e-08
299 2.08404e-08
301 2.05712e-08
303 2.04335e-08
305 1.98811e-08
307 1.88208e-08
309 1.96426e-08
311 1.79982e-08
313 1.80869e-08
315 1.82301e-08
317 1.67573e-08
319 1.65908e-08
321 1.69068e-08
323 1.6885e-08
325 1.55435e-08
327 1.56359e-08
329 1.50381e-08
331 1.5717e-08
333 1.49536e-08
335 1.43421e-08
337 1.41895e-08
339 1.42736e-08
341 1.41208e-08
343 1.31855e-08
345 1.27008e-08
347 1.34792e-08
349 1.27595e-08
351 1.26508e-08
353 1.18179e-08
355 1.19638e-08
357 1.23952e-08
359 1.1156e-08
361 1.12498e-08
363 1.10268e-08
365 1.14239e-08
367 1.12711e-08
369 1.08905e-08
371 1.05238e-08
373 9.90996e-09
375 1.06762e-08
377 1.03778e-08
379 9.7514e-09
381 9.6501e-09
383 8.97531e-09
385 1.01493e-08
387 9.04604e-09
389 9.19347e-09
391 8.61993e-09
393 8.53627e-09
395 8.40489e-09
397 9.1049e-09
399 8.28432e-09
401 8.13546e-09
403 8.01243e-09
405 7.3776e-09
407 8.21625e-09
409 8.44667e-09
411 7.71103e-09
413 8.41998e-09
415 7.38993e-09
417 7.00697e-09
419 7.53655e-09
421 7.6895e-09
423 6.72884e-09
425 7.79739e-09
427 6.95865e-09
429 6.46325e-09
431 6.71331e-09
433 6.50014e-09
435 6.71779e-09
437 6.45017e-09
439 6.55836e-09
441 6.36894e-09
443 5.92626e-09
445 5.68158e-09
447 5.87506e-09
449 5.75998e-09
451 5.65137e-09
453 5.87174e-09
455 5.87373e-09
457 5.61155e-09
459 5.35223e-09
461 5.17073e-09
463 5.23202e-09
465 5.23448e-09
467 5.67986e-09
469 5.60517e-09
471 5.3113e-09
473 5.5746e-09
475 4.91715e-09
477 5.12942e-09
479 4.8321e-09
481 4.75878e-09
483 4.81333e-09
485 4.87804e-09
487 4.90144e-09
489 4.63713e-09
491 4.63873e-09
493 4.37225e-09
495 4.64417e-09
497 4.02691e-09
499 4.37805e-09
501 4.16842e-09
503 4.23595e-09
505 4.24767e-09
507 4.16262e-09
509 4.0322e-09
511 3.86218e-09
513 4.04243e-09
515 3.84048e-09
517 3.51467e-09
519 3.96422e-09
521 3.41257e-09
523 3.63315e-09
525 3.83539e-09
527 3.67873e-09
529 3.62628e-09
531 3.34571e-09
533 3.1766e-09
535 3.56106e-09
537 3.27854e-09
539 3.08681e-09
541 3.17847e-09
543 3.20686e-09
545 3.16297e-09
547 3.4321e-09
549 3.56247e-09
551 3.19341e-09
553 3.35833e-09
555 2.9404e-09
557 3.16696e-09
559 3.06303e-09
561 2.88137e-09
563 2.9356e-09
565 2.87893e-09
567 2.82477e-09
569 2.78437e-09
571 3.00725e-09
573 2.68112e-09
575 2.70794e-09
577 2.69336e-09
579 2.76831e-09
581 2.45796e-09
583 2.49534e-09
585 2.62072e-09
587 2.48027e-09
589 2.51169e-09
591 2.42617e-09
593 2.55335e-09
595 2.62702e-09
597 2.24353e-09
599 2.52822e-09
601 2.57084e-09
603 2.29649e-09
605 2.63229e-09
607 2.55115e-09
609 2.33466e-09
611 2.28746e-09
613 2.24152e-09
615 2.1318e-09
617 2.47002e-09
619 2.06162e-09
621 2.48444e-09
623 2.20743e-09
625 2.3122e-09
627 2.00678e-09
629 2.20894e-09
631 2.0284e-09
633 2.05276e-09
635 2.20833e-09
637 2.0876e-09
639 2.10698e-09
641 1.94641e-09
643 1.94392e-09
645 2.12973e-09
647 1.6997e-09
649 1.93217e-09
651 2.00525e-09
653 1.73901e-09
655 2.01653e-09
657 1.79677e-09
659 2.17962e-09
661 2.02425e-09
663 1.89647e-09
665 2.09683e-09
667 1.86217e-09
669 1.97729e-09
671 2.13575e-09
673 1.69919e-09
675 1.90266e-09
677 2.01557e-09
679 1.65953e-09
681 1.75105e-09
683 1.85459e-09
685 1.74776e-09
687 1.64719e-09
689 1.77961e-09
691 1.74684e-09
693 1.69799e-09
695 1.71799e-09
697 1.52811e-09
699 1.9199e-09
701 1.41561e-09
703 1.39303e-09
705 1.96488e-09
707 1.8704e-09
709 2.04746e-09
711 1.84052e-09
713 2.01421e-09
715 1.99745e-09
717 1.72637e-09
719 1.79623e-09
721 1.77404e-09
723 1.59976e-09
725 1.78184e-09
727 1.65906e-09
729 1.61345e-09
731 1.72014e-09
733 1.82597e-09
735 1.71242e-09
737 1.98971e-09
739 2.39017e-09
741 2.09597e-09
743 2.03957e-09
745 2.10553e-09
747 2.05073e-09
749 2.14956e-09
751 2.01132e-09
753 1.92407e-09
755 2.07688e-09
757 1.91881e-09
759 1.82665e-09
761 2.08957e-09
763 1.90913e-09
765 1.88194e-09
767 1.86348e-09
769 1.78388e-09
771 1.90681e-09
773 2.00374e-09
775 2.0703e-09
777 1.87228e-09
779 1.91106e-09
781 1.85783e-09
783 1.98357e-09
785 2.02444e-09
787 2.00538e-09
789 1.86193e-09
791 1.74916e-09
793 1.84583e-09
795 1.76107e-09
797 1.69715e-09
799 1.98524e-09
801 1.87649e-09
803 2.13157e-09
805 1.98356e-09
807 2.11251e-09
809 2.10375e-09
811 2.3749e-09
813 2.30039e-09
815 2.94297e-09
817 3.84276e-09
819 4.77845e-09
821 5.46919e-09
823 1.1408e-08
825 3.25968e-10
827 2.47795e-10
829 3.18938e-10
831 3.33249e-10
833 1.74655e-10
835 3.63702e-10
837 2.33959e-10
839 2.5951e-10
841 2.53774e-10
843 2.98637e-10
845 3.42607e-10
847 3.73648e-10
849 1.40846e-10
851 2.39063e-10
853 3.75224e-10
855 1.74675e-10
857 4.16508e-10
859 2.68908e-10
861 1.93595e-10
863 2.79015e-10
865 2.32096e-10
867 3.10213e-10
869 3.75392e-10
871 2.79872e-10
873 1.95842e-10
875 3.47456e-10
877 1.89868e-10
879 2.86631e-10
881 3.44072e-10
883 3.10893e-10
885 1.98021e-10
887 2.45701e-10
889 3.07667e-10
891 2.06053e-10
893 3.84052e-10
895 2.48111e-10
897 2.09883e-10
899 2.66162e-10
901 2.60754e-10
903 2.49909e-10
905 2.36032e-10
907 3.20308e-10
909 2.2089e-10
911 2.66641e-10
913 2.99457e-10
915 1.40117e-10
917 2.54734e-10
919 3.16183e-10
921 3.10889e-10
923 1.48092e-10
925 2.93935e-10
927 2.25866e-10
929 2.0692e-10
931 2.50336e-10
933 2.74765e-10
935 3.24634e-10
937 2.02704e-10
939 2.50114e-10
941 2.22448e-10
943 2.44637e-10
945 2.05382e-10
947 2.34739e-10
949 3.24358e-10
951 1.76567e-10
953 2.77727e-10
955 2.45943e-10
957 2.54379e-10
959 1.79588e-10
961 2.13556e-10
963 3.0195e-10
965 2.43904e-10
967 2.25053e-10
969 2.42377e-10
971 1.54011e-10
973 3.60762e-10
975 1.2712e-10
977 2.189e-10
979 3.09969e-10
981 2.08498e-10
983 1.91112e-10
985 2.86154e-10
987 1.77491e-10
989 3.19807e-10
991 1.81272e-10
993 1.63654e-10
995 1.88633e-10
997 2.859e-10
999 2.05142e-10
1001 1.9631e-10
1003 2.63382e-10
1005 2.51091e-10
1007 2.20935e-10
1009 1.10206e-10
1011 1.84144e-10
1013 3.49699e-10
1015 2.01961e-10
1017 1.47105e-10
1019 3.2574e-10
1021 1.97031e-10
1023 2.21532e-10
1025 1.54004e-10
1027 2.09883e-10
1029 2.11562e-10
1031 2.32117e-10
1033 2.41936e-10
1035 1.98503e-10
1037 2.39483e-10
1039 1.93346e-10
1041 2.02497e-10
1043 2.12803e-10
1045 1.43095e-10
1047 2.57188e-10
1049 2.25453e-10
1051 1.58903e-10
1053 2.43837e-10
1055 1.69794e-10
1057 2.05811e-10
1059 2.4699e-10
1061 1.53029e-10
1063 2.13262e-10
1065 2.00961e-10
1067 1.73146e-10
1069 2.19981e-10
1071 2.50852e-10
1073 1.74966e-10
1075 2.07033e-10
1077 2.34155e-10
1079 1.94321e-10
1081 2.13942e-10
1083 1.46186e-10
1085 2.16698e-10
1087 1.53033e-10
1089 2.15494e-10
1091 2.4271e-10
1093 1.72127e-10
1095 1.64156e-10
1097 1.99192e-10
1099 3.10924e-10
1101 1.43551e-10
1103 1.77937e-10
1105 1.35163e-10
1107 2.04067e-10
1109 1.69678e-10
1111 2.11986e-10
1113 2.31036e-10
1115 1.13923e-10
1117 2.25783e-10
1119 2.32461e-10
1121 1.90386e-10
1123 1.6636e-10
1125 2.50958e-10
1127 9.87961e-11
1129 1.51867e-10
1131 2.06477e-10
1133 2.22489e-10
1135 1.65661e-10
1137 1.61376e-10
1139 2.06301e-10
1141 2.08372e-10
1143 1.72361e-10
1145 1.87207e-10
1147 1.82968e-10
1149 1.50473e-10
1151 1.48229e-10
1153 1.33256e-10
1155 2.92179e-10
1157 9.98158e-11
1159 1.71565e-10
1161 1.99417e-10
1163 2.43107e-10
1165 1.24706e-10
1167 1.46287e-10
1169 1.59753e-10
1171 1.96934e-10
1173 2.11429e-10
1175 8.9415e-11
1177 2.37777e-10
1179 1.60005e-10
1181 1.41372e-10
1183 1.26433e-10
1185 2.19692e-10
1187 1.80432e-10
1189 1.50988e-10
1191 1.58131e-10
1193 1.86805e-10
1195 1.97256e-10
1197 1.18627e-10
1199 1.81973e-10
1201 1.42217e-10
1203 2.37699e-10
1205 1.09904e-10
1207 1.70163e-10
1209 1.27211e-10
1211 2.37252e-10
1213 1.41361e-10
1215 9.88635e-11
1217 2.04008e-10
1219 2.21156e-10
1221 1.67817e-10
1223 7.68894e-11
1225 1.88623e-10
1227 1.5373e-10
1229 1.67452e-10
1231 1.84341e-10
1233 1.71889e-10
1235 1.31729e-10
1237 1.34544e-10
1239 1.48234e-10
1241 1.73718e-10
1243 1.1364e-10
1245 1.97782e-10
1247 2.16494e-10
1249 1.5079e-10
1251 1.50594e-10
1253 1.29872e-10
1255 1.36078e-10
1257 1.86934e-10
1259 1.97118e-10
1261 1.66486e-10
1263 1.25466e-10
1265 8.12439e-11
1267 1.28356e-10
1269 1.68484e-10
1271 1.24627e-10
1273 2.04841e-10
1275 1.63568e-10
1277 1.57518e-10
1279 1.74245e-10
1281 1.40215e-10
1283 1.40098e-10
1285 1.56511e-10
1287 2.5246e-10
1289 1.12686e-10
1291 1.69241e-10
1293 8.9241e-11
1295 1.02466e-10
1297 4.95759e-11
1299 1.85396e-10
1301 1.80984e-10
1303 1.79353e-10
1305 1.58132e-10
1307 1.53626e-10
1309 1.94902e-10
1311 1.3091e-10
1313 1.44978e-10
1315 2.08536e-10
1317 1.95108e-10
1319 1.21633e-10
1321 1.16495e-10
1323 1.1823e-10
1325 1.09669e-10
1327 1.2874e-10
1329 1.19001e-10
1331 1.25431e-10
1333 1.69967e-10
1335 1.63506e-10
1337 1.72893e-10
1339 1.49741e-10
1341 1.24384e-10
1343 1.04944e-10
1345 1.93716e-10
1347 1.26927e-10
1349 1.90377e-10
1351 1.4904e-10
1353 8.23029e-11
1355 1.6456e-10
1357 9.76503e-11
1359 1.32677e-10
1361 1.28761e-10
1363 7.20876e-11
1365 1.09574e-10
1367 1.56551e-10
1369 8.75952e-11
1371 2.13898e-10
1373 1.24733e-10
1375 1.18281e-10
1377 1.8947e-10
1379 1.0552e-10
1381 1.73309e-10
1383 1.20507e-10
1385 1.68431e-10
1387 7.09931e-11
1389 1.26683e-10
1391 1.72633e-10
1393 1.15367e-10
1395 1.48904e-10
1397 8.97099e-11
1399 1.0146e-10
1401 1.71266e-10
1403 1.46455e-10
1405 1.39009e-10
1407 1.55155e-10
1409 1.61653e-10
1411 9.09095e-11
1413 2.09329e-10
1415 1.59364e-10
1417 1.05626e-10
1419 1.567e-10
1421 1.03899e-10
1423 9.01854e-11
1425 1.17087e-10
1427 1.99654e-10
1429 1.23094e-10
1431 1.11205e-10
1433 1.4628e-10
1435 6.87818e-11
1437 1.34515e-10
1439 1.78748e-10
1441 1.32241e-10
1443 1.49801e-10
1445 1.67979e-10
1447 1.52428e-10
1449 1.68593e-10
1451 1.00249e-10
1453 1.78333e-10
1455 1.52772e-10
1457 1.83882e-10
1459 1.17518e-10
1461 1.01449e-10
1463 1.75571e-10
1465 1.2999e-10
1467 1.21467e-10
1469 8.77398e-11
1471 1.17778e-10
1473 1.00292e-10
1475 1.23618e-10
1477 1.52837e-10
1479 1.25962e-10
1481 1.37159e-10
1483 1.53267e-10
1485 1.02292e-10
1487 1.65824e-10
1489 1.51064e-10
1491 1.88105e-10
1493 1.34877e-10
1495 2.2085e-10
1497 1.54586e-10
1499 9.72969e-11
1501 1.58092e-10
1503 1.50628e-10
1505 1.35648e-10
1507 1.14912e-10
1509 7.80162e-11
1511 1.17513e-10
1513 6.49845e-11
1515 8.49151e-11
1517 1.27234e-10
1519 9.32985e-11
1521 2.15225e-10
1523 1.33329e-10
1525 1.16688e-10
1527 1.31746e-10
1529 1.0894e-10
1531 1.41321e-10
1533 1.88656e-10
1535 1.4671e-10
1537 1.59225e-10
1539 2.16783e-10
1541 7.75856e-11
1543 7.34128e-11
1545 1.34238e-10
1547 1.53759e-10
1549 1.35327e-10
1551 9.51706e-11
1553 9.84951e-11
1555 8.52283e-11
1557 9.51799e-11
1559 7.86383e-11
1561 1.15017e-10
1563 1.42845e-10
1565 2.06791e-10
1567 1.85868e-10
1569 8.70871e-11
1571 1.08763e-10
1573 1.04744e-10
1575 1.225e-10
1577 1.73683e-10
1579 1.21933e-10
1581 1.38306e-10
1583 1.15007e-10
1585 1.96876e-10
1587 1.16008e-10
1589 7.40223e-11
1591 1.83314e-10
1593 8.73554e-11
1595 1.22153e-10
1597 7.26058e-11
1599 1.56712e-10
1601 1.30062e-10
1603 8.01616e-11
1605 7.89657e-11
1607 8.37463e-11
1609 1.18646e-10
1611 1.50023e-10
1613 9.2723e-11
1615 2.20332e-10
1617 1.13947e-10
1619 1.0092e-10
1621 1.52591e-10
1623 1.30533e-10
1625 1.77884e-10
1627 1.68219e-10
1629 5.23874e-11
1631 2.35166e-10
1633 1.43201e-10
1635 1.42948e-10
1637 6.14763e-11
1639 1.05927e-10
1641 1.4482e-10
1643 8.08307e-11
1645 1.2358e-10
1647 1.0766e-10
1649 7.91607e-11
1651 1.03788e-10
1653 1.36799e-10
1655 1.00932e-10
1657 1.09001e-10
1659 1.05482e-10
1661 1.4308e-10
1663 1.28774e-10
1665 1.59109e-10
1667 8.73907e-11
1669 9.48622e-11
1671 1.19967e-10
1673 1.17794e-10
1675 1.00911e-10
1677 1.27654e-10
1679 1.93277e-10
1681 1.19695e-10
1683 1.05696e-10
1685 1.17858e-10
1687 1.04036e-10
1689 1.30725e-10
1691 6.96345e-11
1693 1.13459e-10
1695 6.94992e-11
1697 1.29011e-10
1699 7.93422e-11
1701 9.71858e-11
1703 1.24183e-10
1705 1.82717e-10
1707 9.05846e-11
1709 7.88684e-11
1711 1.14115e-10
1713 9.99815e-11
1715 1.67513e-10
1717 1.32986e-10
1719 1.04777e-10
1721 1.07036e-10
1723 1.14215e-10
1725 9.18737e-11
1727 1.48493e-10
1729 1.31596e-10
1731 8.9341e-11
1733 1.69353e-10
1735 1.44248e-10
1737 6.6716e-11
1739 1.19685e-10
1741 1.52348e-10
1743 6.35603e-11
1745 9.08298e-11
1747 1.05406e-10
1749 1.02263e-10
1751 4.87377e-11
1753 1.08998e-10
1755 6.39367e-11
1757 9.37911e-11
1759 8.03548e-11
1761 1.82732e-10
1763 1.10016e-10
1765 6.47309e-11
1767 1.14814e-10
1769 1.0168e-10
1771 6.64641e-11
1773 1.06823e-10
1775 9.52741e-11
1777 1.11509e-10
1779 1.22785e-10
1781 9.24773e-11
1783 9.09401e-11
1785 1.07849e-10
1787 1.49302e-10
1789 9.34619e-11
1791 1.11877e-10
1793 1.39855e-10
1795 5.70539e-11
1797 1.39564e-10
1799 5.78588e-11
1801 1.18935e-10
1803 1.06935e-10
1805 9.03365e-11
1807 1.395e-10
1809 8.20853e-11
1811 7.86792e-11
1813 8.04476e-11
1815 8.3706e-11
1817 1.29611e-10
1819 1.07443e-10
1821 1.10607e-10
1823 1.42333e-10
1825 8.79563e-11
1827 8.40857e-11
1829 9.37021e-11
1831 9.69578e-11
1833 1.16386e-10
1835 1.13963e-10
1837 1.14224e-10
1839 1.32573e-10
1841 6.17016e-11
1843 1.38351e-10
1845 1.76612e-10
1847 9.06128e-11
1849 1.15192e-10
1851 1.74739e-10
1853 1.15662e-10
1855 8.52588e-11
1857 1.23363e-10
1859 1.01725e-10
1861 1.5708e-10
1863 1.00308e-10
1865 1.30907e-10
1867 9.61125e-11
1869 1.0151e-10
1871 7.35981e-11
1873 5.88327e-11
1875 8.92822e-11
1877 1.09146e-10
1879 1.10799e-10
1881 8.6726e-11
1883 1.4555e-10
1885 6.98609e-11
1887 1.54924e-10
1889 1.12271e-10
1891 6.90663e-11
1893 9.89251e-11
1895 7.93385e-11
1897 1.20029e-10
1899 1.23256e-10
1901 1.41025e-10
1903 1.22243e-10
1905 1.38314e-10
1907 8.76786e-11
1909 1.09149e-10
1911 8.75602e-11
1913 1.24108e-10
1915 1.39169e-10
1917 8.61531e-11
1919 9.06983e-11
1921 1.39244e-10
1923 5.67663e-11
1925 1.02582e-10
1927 7.36007e-11
1929 1.22664e-10
1931 1.03083e-10
1933 5.7174e-11
1935 4.90982e-11
1937 9.71321e-11
1939 1.1292e-10
1941 1.21654e-10
1943 1.18491e-10
1945 5.10378e-11
1947 1.63908e-10
1949 1.32543e-10
1951 1.17913e-10
1953 9.51896e-11
1955 1.05252e-10
1957 9.63609e-11
1959 9.98639e-11
1961 1.23028e-10
1963 1.01285e-10
1965 1.50345e-10
1967 9.25471e-11
1969 1.47021e-10
1971 5.45806e-11
1973 8.3454e-11
1975 8.33423e-11
1977 6.6802e-11
1979 1.09027e-10
1981 1.09889e-10
1983 1.54793e-10
1985 9.1609e-11
1987 7.50666e-11
1989 7.38201e-11
1991 1.33553e-10
1993 5.61834e-11
1995 8.5564e-11
1997 1.04529e-10
1999 9.68612e-11
