1 0
3 0
5 0
7 0
9 0.00012954
11 0.00080238
13 0.000550642
15 0.000364611
17 0.000257388
19 0.00018804
21 0.000130172
23 9.22641e-05
25 7.89606e-05
27 6.28489e-05
29 4.71044e-05
31 3.55808e-05
33 2.76569e-05
35 2.23609e-05
37 1.91135e-05
39 1.66213e-05
41 1.43221e-05
43 1.26189e-05
45 1.10871e-05
47 9.82602e-06
49 8.67562e-06
51 7.76632e-06
53 6.95164e-06
55 6.27208e-06
57 5.64651e-06
59 5.08286e-06
61 4.61127e-06
63 4.15214e-06
65 3.76156e-06
67 3.42073e-06
69 3.11634e-06
71 2.86386e-06
73 2.5993e-06
75 2.39671e-06
77 2.18197e-06
79 2.02491e-06
81 1.86312e-06
83 1.72148e-06
85 1.58974e-06
87 1.47718e-06
89 1.3669e-06
91 1.26879e-06
93 1.19066e-06
95 1.10735e-06
97 1.03504e-06
99 9.6499e-07
101 9.08577e-07
103 8.5458e-07
105 7.95667e-07
107 7.52202e-07
109 7.10931e-07
111 6.74247e-07
113 6.3431e-07
115 5.97564e-07
117 5.64054e-07
119 5.32542e-07
121 5.04306e-07
123 4.76783e-07
125 4.51711e-07
127 4.30287e-07
129 4.08278e-07
131 3.89098e-07
133 3.67965e-07
135 3.53069e-07
137 3.4037e-07
139 3.27116e-07
141 3.12408e-07
143 2.99271e-07
145 2.81671e-07
147 2.71577e-07
149 2.56231e-07
151 2.47328e-07
153 2.3828e-07
155 2.26598e-07
157 2.19709e-07
159 2.08065e-07
161 2.03283e-07
163 1.92226e-07
165 1.86297e-07
167 1.78734e-07
169 1.70257e-07
171 1.64278e-07
173 1.60976e-07
175 1.50993e-07
177 1.46401e-07
179 1.4263e-07
181 1.37372e-07
183 1.31025e-07
185 1.27764e-07
187 1.24725e-07
189 1.19582e-07
191 1.16451e-07
193 1.12768e-07
195 1.07797e-07
197 1.04321e-07
199 1.01076e-07
201 9.67027e-08
203 9.47274e-08
205 9.12058e-08
207 8.68734e-08
209 8.50067e-08
211 8.28e-08
213 8.0073e-08
215 7.79358e-08
217 7.45369e-08
219 7.26738e-08
221 7.16716e-08
223 6.88016e-08
225 6.64823e-08
227 6.60852e-08
229 6.45627e-08
231 6.36732e-08
233 6.11985e-08
235 5.91929e-08
237 5.74012e-08
239 5.71957e-08
241 5.40053e-08
243 5.22587e-08
245 5.20752e-08
247 4.9539e-08
249 4.87257e-08
251 4.80235e-08
253 4.62147e-08
255 4.48391e-08
257 4.38789e-08
259 4.25794e-08
261 4.17141e-08
263 4.04022e-08
265 3.92899e-08
267 3.87536e-08
269 3.65311e-08
271 3.72395e-08
273 3.54407e-08
275 3.51801e-08
277 3.38e-08
279 3.26031e-08
281 3.28938e-08
283 3.05405e-08
285 3.16934e-08
287 2.87095e-08
289 3.03415e-08
291 2.8376e-08
293 2.72654e-08
295 2.8442e-08
297 2.55595e-08
299 2.65556e-08
301 2.64457e-08
303 2.45037e-08
305 2.53084e-08
307 2.4282e-08
309 2.3274e-08
311 2.36979e-08
313 2.27914e-08
315 2.19703e-08
317 2.14229e-08
319 2.18951e-08
321 2.01345e-08
323 2.09009e-08
325 2.01319e-08
327 1.95535e-08
329 1.97655e-08
331 1.89847e-08
333 1.87101e-08
335 1.81333e-08
337 1.81292e-08
339 1.72909e-08
341 1.75427e-08
343 1.69107e-08
345 1.64559e-08
347 1.5575e-08
349 1.62727e-08
351 1.57149e-08
353 1.5239e-08
355 1.50341e-08
357 1.52406e-08
359 1.44736e-08
361 1.40051e-08
363 1.33872e-08
365 1.46411e-08
367 1.3438e-08
369 1.29755e-08
371 1.24538e-08
373 1.2968e-08
375 1.31144e-08
377 1.20919e-08
379 1.13585e-08
381 1.18769e-08
383 1.24505e-08
385 1.15756e-08
387 1.11907e-08
389 1.0333e-08
391 1.14821e-08
393 1.11915e-08
395 1.03631e-08
397 1.04099e-08
399 1.03265e-08
401 9.80599e-09
403 1.00181e-08
405 9.85716e-09
407 9.29449e-09
409 9.4572e-09
411 9.2986e-09
413 8.7417e-09
415 9.04625e-09
417 8.5411e-09
419 8.60678e-09
421 8.69656e-09
423 8.40692e-09
425 8.42439e-09
427 8.07948e-09
429 7.98472e-09
431 7.84194e-09
433 7.8831e-09
435 7.82725e-09
437 7.43928e-09
439 7.34748e-09
441 7.32729e-09
443 7.07964e-09
445 7.52817e-09
447 7.03301e-09
449 6.59563e-09
451 6.4541e-09
453 6.53079e-09
455 6.89336e-09
457 6.57802e-09
459 6.78212e-09
461 5.93391e-09
463 5.73908e-09
465 6.23314e-09
467 5.81452e-09
469 5.92213e-09
471 6.11103e-09
473 5.72803e-09
475 5.65716e-09
477 5.08284e-09
479 5.39273e-09
481 5.19138e-09
483 5.16316e-09
485 5.07744e-09
487 5.52569e-09
489 4.65688e-09
491 4.90448e-09
493 4.76513e-09
495 4.50893e-09
497 4.69336e-09
499 4.6516e-09
501 4.78238e-09
503 4.47613e-09
505 4.65012e-09
507 3.7364e-09
509 4.45512e-09
511 4.25665e-09
513 4.16834e-09
515 4.12733e-09
517 3.89099e-09
519 4.17065e-09
521 3.94299e-09
523 4.00922e-09
525 3.96306e-09
527 3.55576e-09
529 3.68319e-09
531 3.75977e-09
533 3.74375e-09
535 3.27889e-09
537 3.54812e-09
539 3.7118e-09
541 3.55837e-09
543 3.44225e-09
545 3.4962e-09
547 3.38244e-09
549 2.98661e-09
551 3.16605e-09
553 3.13787e-09
555 3.19411e-09
557 2.85457e-09
559 3.11255e-09
561 2.86132e-09
563 3.17039e-09
565 2.77901e-09
567 3.00772e-09
569 2.96102e-09
571 2.59182e-09
573 2.74066e-09
575 2.71358e-09
577 2.65102e-09
579 2.5124e-09
581 2.76352e-09
583 2.5139e-09
585 2.5386e-09
587 2.60536e-09
589 2.51365e-09
591 2.4381e-09
593 2.31856e-09
595 2.60589e-09
597 2.3951e-09
599 2.38907e-09
601 2.38816e-09
603 2.22937e-09
605 2.10697e-09
607 2.15949e-09
609 2.51959e-09
611 1.98768e-09
613 2.18497e-09
615 2.19575e-09
617 2.1168e-09
619 2.06826e-09
621 2.12441e-09
623 1.99011e-09
625 2.27309e-09
627 1.86739e-09
629 2.08901e-09
631 2.01926e-09
633 1.99125e-09
635 1.83584e-09
637 1.69555e-09
639 2.00186e-09
641 1.72339e-09
643 1.94511e-09
645 1.87631e-09
647 1.85394e-09
649 1.7251e-09
651 1.63582e-09
653 1.68542e-09
655 1.80969e-09
657 1.7803e-09
659 1.79027e-09
661 1.70242e-09
663 1.7049e-09
665 1.70713e-09
667 1.36484e-09
669 1.71175e-09
671 1.74453e-09
673 1.41176e-09
675 1.76562e-09
677 1.48447e-09
679 1.56816e-09
681 1.79833e-09
683 1.42769e-09
685 1.52568e-09
687 1.25954e-09
689 1.56718e-09
691 1.46817e-09
693 1.58027e-09
695 1.3602e-09
697 1.48952e-09
699 1.60325e-09
701 1.44741e-09
703 1.35879e-09
705 1.20609e-09
707 1.39347e-09
709 1.24068e-09
711 1.47622e-09
713 1.25551e-09
715 1.29439e-09
717 1.36024e-09
719 1.36982e-09
721 1.31022e-09
723 1.35565e-09
725 1.19381e-09
727 1.1281e-09
729 1.19933e-09
731 1.19648e-09
733 1.09867e-09
735 1.25945e-09
737 1.13989e-09
739 1.2331e-09
741 1.16329e-09
743 1.27229e-09
745 1.18174e-09
747 1.14536e-09
749 1.06205e-09
751 1.03882e-09
753 1.10936e-09
755 1.18667e-09
757 1.0509e-09
759 1.12701e-09
761 1.1961e-09
763 1.18654e-09
765 1.24877e-09
767 1.1215e-09
769 1.37885e-09
771 9.78855e-10
773 1.0674e-09
775 1.10989e-09
777 1.02325e-09
779 9.562e-10
781 9.60148e-10
783 1.17506e-09
785 1.10179e-09
787 1.07382e-09
789 1.1532e-09
791 1.081e-09
793 9.6456e-10
795 9.81272e-10
797 8.84234e-10
799 1.00172e-09
801 8.23932e-10
803 9.46191e-10
805 9.81439e-10
807 9.66367e-10
809 9.89076e-10
811 9.61589e-10
813 9.0981e-10
815 1.05473e-09
817 8.99467e-10
819 1.01365e-09
821 9.01174e-10
823 8.19997e-10
825 7.20683e-10
827 8.64516e-10
829 7.96332e-10
831 7.4646e-10
833 8.04102e-10
835 8.49868e-10
837 8.48527e-10
839 1.00157e-09
841 8.2664e-10
843 8.06842e-10
845 8.0471e-10
847 8.44611e-10
849 7.72305e-10
851 5.58973e-10
853 7.39792e-10
855 8.13925e-10
857 8.00632e-10
859 8.16391e-10
861 9.18764e-10
863 9.28412e-10
865 9.5476e-10
867 1.0446e-09
869 8.92644e-10
871 9.53448e-10
873 9.91238e-10
875 8.97486e-10
877 8.95176e-10
879 8.42005e-10
881 8.17398e-10
883 7.75727e-10
885 7.96361e-10
887 8.28643e-10
889 7.48033e-10
891 8.58389e-10
893 8.95646e-10
895 9.2162e-10
897 7.85807e-10
899 8.34585e-10
901 7.71273e-10
903 7.52966e-10
905 7.12622e-10
907 7.27544e-10
909 7.31522e-10
911 7.57245e-10
913 7.77437e-10
915 6.77597e-10
917 7.96093e-10
919 7.01664e-10
921 8.30276e-10
923 8.126e-10
925 6.05226e-10
927 8.14085e-10
929 7.15846e-10
931 6.92744e-10
933 6.85876e-10
935 6.46963e-10
937 6.72288e-10
939 6.28236e-10
941 6.26786e-10
943 6.30824e-10
945 5.55627e-10
947 6.49186e-10
949 5.5835e-10
951 6.20489e-10
953 6.6107e-10
955 6.91638e-10
957 6.53114e-10
959 6.41531e-10
961 5.26022e-10
963 6.08072e-10
965 5.96801e-10
967 5.12796e-10
969 6.1018e-10
971 5.41827e-10
973 6.38759e-10
975 7.25005e-10
977 6.56854e-10
979 6.24644e-10
981 7.00189e-10
983 9.12955e-10
985 1.01228e-09
987 9.58983e-10
989 9.41639e-10
991 8.63523e-10
993 8.36267e-10
995 9.34941e-10
997 8.97916e-10
999 7.60591e-10
1001 8.81157e-10
1003 8.17302e-10
1005 7.35878e-10
1007 7.09794e-10
1009 9.65719e-10
1011 7.86113e-10
1013 6.85989e-10
1015 7.83035e-10
1017 7.07849e-10
1019 7.99415e-10
1021 7.53915e-10
1023 7.52301e-10
1025 7.9969e-10
1027 6.7662e-10
1029 6.94635e-10
1031 7.6101e-10
1033 7.11303e-10
1035 7.14629e-10
1037 6.4593e-10
1039 7.07228e-10
1041 7.00995e-10
1043 6.08629e-10
1045 6.50585e-10
1047 7.06524e-10
1049 6.48011e-10
1051 6.80075e-10
1053 6.70985e-10
1055 7.59098e-10
1057 9.62826e-10
1059 1.06323e-09
1061 1.01227e-09
1063 9.46937e-10
1065 8.2713e-10
1067 7.82578e-10
1069 7.43885e-10
1071 5.81621e-10
1073 5.82725e-10
1075 4.88583e-10
1077 4.30144e-10
1079 3.34861e-10
1081 2.84794e-10
1083 2.16529e-10
1085 1.77783e-10
1087 1.9899e-10
1089 2.48377e-10
1091 2.62483e-11
1093 0
1095 0
1097 0
1099 0
1101 0
1103 0
1105 0
1107 0
1109 0
1111 0
1113 0
1115 0
1117 0
1119 0
1121 0
1123 0
1125 0
1127 0
1129 0
1131 0
1133 0
1135 0
1137 0
1139 0
1141 0
1143 0
1145 0
1147 0
1149 0
1151 0
1153 0
1155 0
1157 0
1159 0
1161 0
1163 0
1165 0
1167 0
1169 0
1171 0
1173 0
1175 0
1177 0
1179 0
1181 0
1183 0
1185 0
1187 0
1189 0
1191 0
1193 0
1195 0
1197 0
1199 0
1201 0
1203 0
1205 0
1207 0
1209 0
1211 0
1213 0
1215 0
1217 0
1219 0
1221 0
1223 0
1225 0
1227 0
1229 0
1231 0
1233 0
1235 0
1237 0
1239 0
1241 0
1243 0
1245 0
1247 0
1249 0
1251 0
1253 0
1255 0
1257 0
1259 0
1261 0
1263 0
1265 0
1267 0
1269 0
1271 0
1273 0
1275 0
1277 0
1279 0
1281 0
1283 0
1285 0
1287 0
1289 0
1291 0
1293 0
1295 0
1297 0
1299 0
1301 0
1303 0
1305 0
1307 0
1309 0
1311 0
1313 0
1315 0
1317 0
1319 0
1321 0
1323 0
1325 0
1327 0
1329 0
1331 0
1333 0
1335 0
1337 0
1339 0
1341 0
1343 0
1345 0
1347 0
1349 0
1351 0
1353 0
1355 0
1357 0
1359 0
1361 0
1363 0
1365 0
1367 0
1369 0
1371 0
1373 0
1375 0
1377 0
1379 0
1381 0
1383 0
1385 0
1387 0
1389 0
1391 0
1393 0
1395 0
1397 0
1399 0
1401 0
1403 0
1405 0
1407 0
1409 0
1411 0
1413 0
1415 0
1417 0
1419 0
1421 0
1423 0
1425 0
1427 0
1429 0
1431 0
1433 0
1435 0
1437 0
1439 0
1441 0
1443 0
1445 0
1447 0
1449 0
1451 0
1453 0
1455 0
1457 0
1459 0
1461 0
1463 0
1465 0
1467 0
1469 0
1471 0
1473 0
1475 0
1477 0
1479 0
1481 0
1483 0
1485 0
1487 0
1489 0
1491 0
1493 0
1495 0
1497 0
1499 0
1501 0
1503 0
1505 0
1507 0
1509 0
1511 0
1513 0
1515 0
1517 0
1519 0
1521 0
1523 0
1525 0
1527 0
1529 0
1531 0
1533 0
1535 0
1537 0
1539 0
1541 0
1543 0
1545 0
1547 0
1549 0
1551 0
1553 0
1555 0
1557 0
1559 0
1561 0
1563 0
1565 0
1567 0
1569 0
1571 0
1573 0
1575 0
1577 0
1579 0
1581 0
1583 0
1585 0
1587 0
1589 0
1591 0
1593 0
1595 0
1597 0
1599 0
1601 0
1603 0
1605 0
1607 0
1609 0
1611 0
1613 0
1615 0
1617 0
1619 0
1621 0
1623 0
1625 0
1627 0
1629 0
1631 0
1633 0
1635 0
1637 0
1639 0
1641 0
1643 0
1645 0
1647 0
1649 0
1651 0
1653 0
1655 0
1657 0
1659 0
1661 0
1663 0
1665 0
1667 0
1669 0
1671 0
1673 0
1675 0
1677 0
1679 0
1681 0
1683 0
1685 0
1687 0
1689 0
1691 0
1693 0
1695 0
1697 0
1699 0
1701 0
1703 0
1705 0
1707 0
1709 0
1711 0
1713 0
1715 0
1717 0
1719 0
1721 0
1723 0
1725 0
1727 0
1729 0
1731 0
1733 0
1735 0
1737 0
1739 0
1741 0
1743 0
1745 0
1747 0
1749 0
1751 0
1753 0
1755 0
1757 0
1759 0
1761 0
1763 0
1765 0
1767 0
1769 0
1771 0
1773 0
1775 0
1777 0
1779 0
1781 0
1783 0
1785 0
1787 0
1789 0
1791 0
1793 0
1795 0
1797 0
1799 0
1801 0
1803 0
1805 0
1807 0
1809 0
1811 0
1813 0
1815 0
1817 0
1819 0
1821 0
1823 0
1825 0
1827 0
1829 0
1831 0
1833 0
1835 0
1837 0
1839 0
1841 0
1843 0
1845 0
1847 0
1849 0
1851 0
1853 0
1855 0
1857 0
1859 0
1861 0
1863 0
1865 0
1867 0
1869 0
1871 0
1873 0
1875 0
1877 0
1879 0
1881 0
1883 0
1885 0
1887 0
1889 0
1891 0
1893 0
1895 0
1897 0
1899 0
1901 0
1903 0
1905 0
1907 0
1909 0
1911 0
1913 0
1915 0
1917 0
1919 0
1921 0
1923 0
1925 0
1927 0
1929 0
1931 0
1933 0
1935 0
1937 0
1939 0
1941 0
1943 0
1945 0
1947 0
1949 0
1951 0
1953 0
1955 0
1957 0
1959 0
1961 0
1963 0
1965 0
1967 0
1969 0
1971 0
1973 0
1975 0
1977 0
1979 0
1981 0
1983 0
1985 0
1987 0
1989 0
1991 0
1993 0
1995 0
1997 0
1999 0
