1 0
3 0
5 0
7 0
9 9.7008e-05
11 0.000421258
13 0.000283849
15 0.000194908
17 0.000129617
19 0.000101063
21 6.5885e-05
23 5.53459e-05
25 4.19417e-05
27 3.01576e-05
29 2.30409e-05
31 1.8957e-05
33 1.63376e-05
35 1.39637e-05
37 1.19645e-05
39 1.04158e-05
41 8.89333e-06
43 7.62399e-06
45 6.54888e-06
47 5.64447e-06
49 4.89365e-06
51 4.26583e-06
53 3.7591e-06
55 3.31332e-06
57 2.93888e-06
59 2.63129e-06
61 2.35107e-06
63 2.12134e-06
65 1.90787e-06
67 1.72416e-06
69 1.56569e-06
71 1.42899e-06
73 1.30348e-06
75 1.19464e-06
77 1.09339e-06
79 1.00016e-06
81 9.29108e-07
83 8.60025e-07
85 7.91665e-07
87 7.36461e-07
89 6.75623e-07
91 6.31756e-07
93 5.94307e-07
95 5.49662e-07
97 5.13469e-07
99 4.81272e-07
101 4.51073e-07
103 4.24538e-07
105 3.9609e-07
107 3.72844e-07
109 3.55423e-07
111 3.3656e-07
113 3.17074e-07
115 3.00372e-07
117 2.84266e-07
119 2.67287e-07
121 2.50978e-07
123 2.39361e-07
125 2.27283e-07
127 2.15137e-07
129 2.05389e-07
131 1.94357e-07
133 1.84945e-07
135 1.76916e-07
137 1.69838e-07
139 1.63826e-07
141 1.55981e-07
143 1.48266e-07
145 1.41052e-07
147 1.34859e-07
149 1.29137e-07
151 1.23346e-07
153 1.19061e-07
155 1.1392e-07
157 1.10345e-07
159 1.05463e-07
161 1.00795e-07
163 9.68852e-08
165 9.3217e-08
167 8.86923e-08
169 8.55167e-08
171 8.23676e-08
173 7.9002e-08
175 7.65076e-08
177 7.38853e-08
179 7.03143e-08
181 6.82952e-08
183 6.6922e-08
185 6.635e-08
187 6.51458e-08
189 6.17979e-08
191 5.98749e-08
193 5.77176e-08
195 5.54781e-08
197 5.37508e-08
199 5.2025e-08
201 4.94175e-08
203 4.84356e-08
205 4.65911e-08
207 4.44953e-08
209 4.38603e-08
211 4.18961e-08
213 4.02252e-08
215 3.93758e-08
217 3.743e-08
219 3.74369e-08
221 3.57523e-08
223 3.39953e-08
225 3.34905e-08
227 3.32243e-08
229 3.29453e-08
231 3.18044e-08
233 3.00472e-08
235 3.00706e-08
237 2.93107e-08
239 2.77355e-08
241 2.70207e-08
243 2.7164e-08
245 2.52607e-08
247 2.53041e-08
249 2.41598e-08
251 2.39249e-08
253 2.31347e-08
255 2.24848e-08
257 2.16982e-08
259 2.16348e-08
261 2.0514e-08
263 2.02309e-08
265 1.98444e-08
267 1.88773e-08
269 1.8995e-08
271 1.83151e-08
273 1.80908e-08
275 1.71859e-08
277 1.7021e-08
279 1.64901e-08
281 1.61915e-08
283 1.60901e-08
285 1.50938e-08
287 1.53779e-08
289 1.4782e-08
291 1.47138e-08
293 1.38883e-08
295 1.35721e-08
297 1.35673e-08
299 1.34577e-08
301 1.30199e-08
303 1.28319e-08
305 1.28104e-08
307 1.21814e-08
309 1.21937e-08
311 1.18179e-08
313 1.13304e-08
315 1.1599e-08
317 1.09753e-08
319 1.06831e-08
321 1.09028e-08
323 1.03248e-08
325 1.02265e-08
327 1.02845e-08
329 9.74035e-09
331 9.6885e-09
333 9.57846e-09
335 9.18412e-09
337 9.2297e-09
339 8.98664e-09
341 8.82502e-09
343 8.54249e-09
345 8.43544e-09
347 8.32185e-09
349 8.39716e-09
351 7.83861e-09
353 8.12627e-09
355 8.01637e-09
357 7.48156e-09
359 7.58602e-09
361 7.56808e-09
363 7.25988e-09
365 6.92138e-09
367 7.1713e-09
369 6.92415e-09
371 6.89586e-09
373 6.43021e-09
375 6.63498e-09
377 6.32566e-09
379 6.49587e-09
381 6.01542e-09
383 5.91671e-09
385 6.23068e-09
387 6.10916e-09
389 5.85247e-09
391 5.6154e-09
393 5.54516e-09
395 5.70653e-09
397 5.30244e-09
399 5.43913e-09
401 5.26174e-09
403 5.00373e-09
405 5.24938e-09
407 4.86048e-09
409 4.99716e-09
411 4.77592e-09
413 4.7836e-09
415 4.76287e-09
417 4.68191e-09
419 4.49082e-09
421 4.45792e-09
423 4.30592e-09
425 4.39582e-09
427 4.4485e-09
429 4.2751e-09
431 4.19987e-09
433 4.15829e-09
435 3.92051e-09
437 4.2541e-09
439 3.93972e-09
441 3.87308e-09
443 3.76231e-09
445 3.85744e-09
447 3.5871e-09
449 3.78859e-09
451 3.66273e-09
453 3.53811e-09
455 3.56308e-09
457 3.55956e-09
459 3.1572e-09
461 3.49176e-09
463 3.05935e-09
465 3.36531e-09
467 3.30989e-09
469 3.41694e-09
471 3.0799e-09
473 2.98595e-09
475 3.00544e-09
477 2.89291e-09
479 2.93524e-09
481 2.84305e-09
483 2.96953e-09
485 2.72312e-09
487 2.88879e-09
489 2.50457e-09
491 2.6727e-09
493 2.56356e-09
495 2.51914e-09
497 2.58106e-09
499 2.77564e-09
501 2.39629e-09
503 2.47634e-09
505 2.46858e-09
507 2.26701e-09
509 2.37625e-09
511 2.32208e-09
513 2.17855e-09
515 2.42388e-09
517 2.27263e-09
519 2.26098e-09
521 2.36737e-09
523 2.14092e-09
525 2.08351e-09
527 2.01154e-09
529 2.01321e-09
531 1.99513e-09
533 2.18606e-09
535 2.02843e-09
537 2.02436e-09
539 1.98665e-09
541 2.14879e-09
543 1.82791e-09
545 1.93329e-09
547 1.63234e-09
549 2.01625e-09
551 1.74151e-09
553 1.75811e-09
555 1.81978e-09
557 1.9039e-09
559 1.84107e-09
561 1.6489e-09
563 1.70397e-09
565 1.673e-09
567 1.64511e-09
569 1.67968e-09
571 1.45138e-09
573 1.70079e-09
575 1.67376e-09
577 1.6272e-09
579 1.45663e-09
581 1.72625e-09
583 1.42983e-09
585 1.66938e-09
587 1.44197e-09
589 1.47357e-09
591 1.41004e-09
593 1.43053e-09
595 1.30773e-09
597 1.3524e-09
599 1.49959e-09
601 1.38765e-09
603 1.48278e-09
605 1.25233e-09
607 1.33702e-09
609 1.44334e-09
611 1.36844e-09
613 1.33263e-09
615 1.26392e-09
617 1.32886e-09
619 1.12343e-09
621 1.26179e-09
623 1.18354e-09
625 1.25796e-09
627 1.25263e-09
629 1.17872e-09
631 1.10762e-09
633 1.25993e-09
635 1.20623e-09
637 1.17373e-09
639 1.25818e-09
641 1.12575e-09
643 1.12798e-09
645 1.09403e-09
647 1.0588e-09
649 1.15449e-09
651 9.70599e-10
653 9.87664e-10
655 1.03146e-09
657 1.06976e-09
659 1.02785e-09
661 9.40889e-10
663 1.0331e-09
665 1.02303e-09
667 1.02371e-09
669 1.04969e-09
671 1.03099e-09
673 1.01716e-09
675 1.03759e-09
677 9.28085e-10
679 9.82995e-10
681 9.5392e-10
683 1.01999e-09
685 9.85409e-10
687 7.68404e-10
689 9.07504e-10
691 9.97472e-10
693 7.82051e-10
695 8.44914e-10
697 9.37126e-10
699 8.58997e-10
701 8.73445e-10
703 9.09315e-10
705 9.03679e-10
707 8.27433e-10
709 8.96199e-10
711 9.56606e-10
713 7.67532e-10
715 7.68248e-10
717 8.70934e-10
719 7.61625e-10
721 7.80514e-10
723 8.47511e-10
725 7.17096e-10
727 7.7005e-10
729 7.47485e-10
731 7.52631e-10
733 8.16303e-10
735 7.17591e-10
737 7.11851e-10
739 7.09591e-10
741 7.52533e-10
743 6.87682e-10
745 7.89316e-10
747 7.06373e-10
749 6.86994e-10
751 8.58184e-10
753 7.81046e-10
755 7.23116e-10
757 7.50386e-10
759 7.21186e-10
761 7.02785e-10
763 6.91295e-10
765 7.26371e-10
767 8.15848e-10
769 6.27563e-10
771 7.12911e-10
773 7.19363e-10
775 6.77259e-10
777 6.472e-10
779 7.03505e-10
781 6.59447e-10
783 6.54376e-10
785 5.88355e-10
787 7.24133e-10
789 5.96074e-10
791 6.54724e-10
793 6.52821e-10
795 7.44624e-10
797 5.85993e-10
799 6.94448e-10
801 6.05973e-10
803 7.06987e-10
805 6.0879e-10
807 5.60696e-10
809 5.65036e-10
811 5.60591e-10
813 6.06096e-10
815 5.34261e-10
817 5.81426e-10
819 6.28951e-10
821 5.35575e-10
823 5.00721e-10
825 6.1204e-10
827 5.36223e-10
829 5.76517e-10
831 4.96237e-10
833 5.9374e-10
835 5.05495e-10
837 4.6284e-10
839 5.10227e-10
841 5.26728e-10
843 5.31359e-10
845 5.00045e-10
847 5.63463e-10
849 5.41634e-10
851 5.50096e-10
853 5.45928e-10
855 4.75052e-10
857 5.6071e-10
859 6.29239e-10
861 5.17345e-10
863 5.4513e-10
865 5.81835e-10
867 6.06225e-10
869 6.64837e-10
871 4.42175e-10
873 4.69578e-10
875 6.22509e-10
877 5.70258e-10
879 5.89332e-10
881 5.62011e-10
883 4.98308e-10
885 5.28083e-10
887 5.24199e-10
889 5.85288e-10
891 4.72701e-10
893 4.76921e-10
895 4.6178e-10
897 5.30542e-10
899 5.51894e-10
901 5.1841e-10
903 4.71135e-10
905 5.06543e-10
907 5.28332e-10
909 5.13572e-10
911 5.86461e-10
913 4.62171e-10
915 4.46738e-10
917 4.43924e-10
919 4.52386e-10
921 5.67047e-10
923 4.72431e-10
925 3.80385e-10
927 3.91834e-10
929 4.15854e-10
931 4.91665e-10
933 4.83057e-10
935 4.04236e-10
937 3.96949e-10
939 4.70432e-10
941 4.74467e-10
943 4.09025e-10
945 4.22812e-10
947 3.59033e-10
949 4.3735e-10
951 3.78492e-10
953 4.48568e-10
955 4.35443e-10
957 3.88684e-10
959 3.95592e-10
961 3.8248e-10
963 3.35852e-10
965 4.41952e-10
967 4.6961e-10
969 3.89567e-10
971 3.58105e-10
973 4.07062e-10
975 4.54772e-10
977 5.33863e-10
979 5.11675e-10
981 4.78798e-10
983 5.32541e-10
985 6.76909e-10
987 6.80152e-10
989 6.76468e-10
991 7.05895e-10
993 7.67849e-10
995 6.8755e-10
997 6.68447e-10
999 6.97919e-10
1001 5.94843e-10
1003 7.38623e-10
1005 5.95622e-10
1007 6.7386e-10
1009 5.65853e-10
1011 5.52137e-10
1013 5.90742e-10
1015 5.77209e-10
1017 5.90984e-10
1019 6.19283e-10
1021 6.10839e-10
1023 6.02104e-10
1025 5.76374e-10
1027 5.82955e-10
1029 6.98391e-10
1031 6.19101e-10
1033 5.11472e-10
1035 5.48997e-10
1037 5.70246e-10
1039 6.26307e-10
1041 5.36623e-10
1043 5.64013e-10
1045 5.48796e-10
1047 5.52622e-10
1049 5.05928e-10
1051 5.91003e-10
1053 5.78011e-10
1055 5.46013e-10
1057 5.6859e-10
1059 4.42376e-10
1061 6.56131e-10
1063 5.72522e-10
1065 4.75261e-10
1067 6.23092e-10
1069 6.61267e-10
1071 5.68809e-10
1073 6.75118e-10
1075 5.38633e-10
1077 5.6768e-10
1079 5.62133e-10
1081 5.70594e-10
1083 5.57922e-10
1085 6.56388e-10
1087 6.16244e-10
1089 6.19518e-10
1091 7.50903e-10
1093 9.47925e-10
1095 1.00775e-09
1097 1.19064e-09
1099 1.09933e-09
1101 1.11073e-09
1103 1.14492e-09
1105 1.63676e-09
1107 1.65403e-09
1109 3.11982e-09
1111 2.626e-09
1113 9.42953e-11
1115 5.60258e-11
1117 6.93617e-11
1119 5.36054e-11
1121 8.47576e-11
1123 7.57024e-11
1125 4.89161e-11
1127 4.66422e-11
1129 1.01904e-10
1131 9.49442e-11
1133 6.39369e-11
1135 5.94654e-11
1137 6.1561e-11
1139 6.58604e-11
1141 7.45551e-11
1143 6.34958e-11
1145 3.938e-11
1147 9.14538e-11
1149 1.30392e-10
1151 4.77507e-11
1153 5.85411e-11
1155 4.32972e-11
1157 7.78377e-11
1159 9.93336e-11
1161 4.52816e-11
1163 6.02502e-11
1165 7.49932e-11
1167 6.41807e-11
1169 1.17568e-10
1171 5.12333e-11
1173 3.19859e-11
1175 5.11055e-11
1177 1.08455e-10
1179 4.67519e-11
1181 5.92955e-11
1183 6.32955e-11
1185 5.68862e-11
1187 8.20769e-11
1189 1.00948e-10
1191 7.14249e-11
1193 2.30663e-11
1195 6.70444e-11
1197 1.06596e-10
1199 4.3709e-11
1201 3.11686e-11
1203 6.64244e-11
1205 4.14774e-11
1207 8.90824e-11
1209 9.31211e-11
1211 7.652e-11
1213 3.92268e-11
1215 5.55772e-11
1217 9.64299e-11
1219 3.89095e-11
1221 5.93223e-11
1223 5.10704e-11
1225 3.06204e-11
1227 5.71221e-11
1229 7.94798e-11
1231 6.20445e-11
1233 1.15569e-10
1235 5.25397e-11
1237 7.05948e-11
1239 4.03215e-11
1241 4.63262e-11
1243 7.44527e-11
1245 5.83039e-11
1247 4.01616e-11
1249 4.41101e-11
1251 7.59397e-11
1253 6.77049e-11
1255 8.15115e-11
1257 9.13986e-11
1259 6.74829e-11
1261 4.76018e-11
1263 3.96366e-11
1265 4.35754e-11
1267 7.12268e-11
1269 4.33582e-11
1271 4.71442e-11
1273 7.24931e-11
1275 5.28712e-11
1277 8.80575e-11
1279 8.21263e-11
1281 8.01209e-11
1283 2.92958e-11
1285 7.01632e-11
1287 3.6908e-11
1289 3.48608e-11
1291 9.07871e-11
1293 3.08841e-11
1295 3.08702e-11
1297 8.09877e-11
1299 7.32241e-11
1301 7.70273e-11
1303 6.53663e-11
1305 6.51722e-11
1307 4.39554e-11
1309 8.18906e-11
1311 3.04511e-11
1313 2.09283e-11
1315 8.74615e-11
1317 5.32106e-11
1319 2.27779e-11
1321 9.48135e-11
1323 6.42554e-11
1325 4.3357e-11
1327 6.77092e-11
1329 9.3835e-11
1331 2.81353e-11
1333 6.74935e-11
1335 7.12257e-11
1337 2.99757e-11
1339 3.92922e-11
1341 6.34651e-11
1343 4.09983e-11
1345 4.26776e-11
1347 6.47754e-11
1349 9.80365e-11
1351 2.03337e-11
1353 9.42554e-11
1355 6.46632e-11
1357 3.50945e-11
1359 5.16154e-11
1361 7.17472e-11
1363 3.48483e-11
1365 4.92971e-11
1367 4.37774e-11
1369 6.38132e-11
1371 4.19203e-11
1373 6.37688e-11
1375 5.4642e-11
1377 6.91898e-11
1379 3.08578e-11
1381 6.98201e-11
1383 5.59529e-11
1385 5.76769e-11
1387 3.5958e-11
1389 6.29142e-11
1391 5.03177e-11
1393 3.77328e-11
1395 4.66939e-11
1397 4.66683e-11
1399 7.69496e-11
1401 4.10572e-11
1403 6.05116e-11
1405 5.22205e-11
1407 5.31833e-11
1409 5.31709e-11
1411 5.13884e-11
1413 4.252e-11
1415 5.66664e-11
1417 5.65899e-11
1419 4.05435e-11
1421 4.92501e-11
1423 2.10456e-11
1425 5.77419e-11
1427 6.11763e-11
1429 6.99084e-11
1431 4.01908e-11
1433 4.89187e-11
1435 4.01606e-11
1437 5.75523e-11
1439 6.95439e-11
1441 1.90904e-11
1443 7.26937e-11
1445 6.21285e-11
1447 6.03335e-11
1449 3.44674e-11
1451 4.82483e-11
1453 2.41226e-11
1455 1.54929e-11
1457 8.59242e-11
1459 3.94404e-11
1461 7.53401e-11
1463 3.24299e-11
1465 4.77062e-11
1467 5.95006e-11
1469 3.56874e-11
1471 6.11774e-11
1473 3.39837e-11
1475 5.94415e-11
1477 4.5778e-11
1479 6.43433e-11
1481 4.05395e-11
1483 4.54798e-11
1485 3.19605e-11
1487 3.18731e-11
1489 4.86001e-11
1491 4.02182e-11
1493 4.52445e-11
1495 6.36753e-11
1497 4.0185e-11
1499 6.51112e-11
1501 3.83501e-11
1503 4.49257e-11
1505 5.80899e-11
1507 3.973e-11
1509 4.46567e-11
1511 6.44512e-11
1513 5.619e-11
1515 5.12307e-11
1517 3.96411e-11
1519 3.13301e-11
1521 1.974e-11
1523 4.27172e-11
1525 3.60528e-11
1527 7.03217e-11
1529 3.75127e-11
1531 3.9205e-11
1533 5.21639e-11
1535 7.49892e-11
1537 3.58503e-11
1539 4.39326e-11
1541 3.57239e-11
1543 5.99908e-11
1545 2.58909e-11
1547 8.72204e-11
1549 6.1282e-11
1551 3.21829e-11
1553 3.85963e-11
1555 3.21595e-11
1557 3.05498e-11
1559 2.88904e-11
1561 5.28819e-11
1563 4.9626e-11
1565 3.83416e-11
1567 2.5538e-11
1569 7.00649e-11
1571 5.29611e-11
1573 4.12556e-11
1575 4.12436e-11
1577 1.90381e-11
1579 5.8688e-11
1581 5.47721e-11
1583 3.63567e-11
1585 7.57672e-11
1587 4.67566e-11
1589 3.14649e-11
1591 4.39794e-11
1593 3.13799e-11
1595 2.505e-11
1597 5.16434e-11
1599 2.65962e-11
1601 5.00265e-11
1603 2.96662e-11
1605 4.36224e-11
1607 3.11047e-11
1609 5.90377e-11
1611 6.05122e-11
1613 1.23949e-11
1615 2.62856e-11
1617 6.4874e-11
1619 1.69839e-11
1621 4.93856e-11
1623 2.15885e-11
1625 8.00698e-11
1627 3.38105e-11
1629 4.7605e-11
1631 3.67907e-11
1633 2.44894e-11
1635 4.12818e-11
1637 2.44242e-11
1639 4.4206e-11
1641 5.78745e-11
1643 1.8266e-11
1645 2.43279e-11
1647 3.49408e-11
1649 5.30611e-11
1651 4.30268e-11
1653 4.70801e-11
1655 1.66302e-11
1657 6.63777e-11
1659 3.46551e-11
1661 2.40737e-11
1663 3.08811e-11
1665 3.45504e-11
1667 7.02558e-11
1669 3.59717e-11
1671 2.24412e-11
1673 7.62426e-11
1675 3.58242e-11
1677 4.61958e-11
1679 4.15532e-11
1681 3.2717e-11
1683 4.0091e-11
1685 5.04531e-11
1687 5.9329e-12
1689 3.99748e-11
1691 5.25767e-11
1693 4.57817e-11
1695 3.98254e-11
1697 2.35781e-11
1699 3.08982e-11
1701 4.99685e-11
1703 5.43215e-11
1705 3.47068e-11
1707 2.78134e-11
1709 3.51081e-11
1711 2.9215e-11
1713 4.52365e-11
1715 2.33266e-11
1717 3.3479e-11
1719 6.73817e-11
1721 4.64997e-11
1723 4.93684e-11
1725 3.33463e-11
1727 3.47362e-11
1729 3.61705e-11
1731 2.30768e-11
1733 5.54238e-11
1735 1.15139e-11
1737 5.18014e-11
1739 4.02343e-11
1741 2.15341e-11
1743 4.44703e-11
1745 4.89342e-11
1747 3.72391e-11
1749 3.43237e-11
1751 4.28734e-11
1753 2.09538e-11
1755 4.55534e-11
1757 1.70538e-11
1759 9.54207e-11
1761 1.55991e-11
1763 2.83342e-11
1765 1.70035e-11
1767 5.65923e-11
1769 2.82807e-11
1771 7.05327e-11
1773 2.25839e-11
1775 2.8198e-11
1777 5.34915e-11
1779 1.97836e-11
1781 3.78598e-11
1783 2.24168e-11
1785 3.6525e-11
1787 3.80192e-11
1789 3.35464e-11
1791 3.90922e-11
1793 3.20749e-11
1795 3.06643e-11
1797 1.11444e-11
1799 5.99448e-11
1801 4.7312e-11
1803 4.29508e-11
1805 4.98115e-11
1807 3.87026e-11
1809 2.20911e-11
1811 7.34388e-11
1813 2.13438e-11
1815 2.20487e-11
1817 3.71586e-11
1819 4.26066e-11
1821 3.16827e-11
1823 3.29216e-11
1825 6.34402e-11
1827 2.46077e-11
1829 1.09242e-11
1831 4.7745e-11
1833 3.13389e-11
1835 1.63425e-11
1837 2.44973e-11
1839 3.59685e-11
1841 2.71757e-11
1843 5.43135e-11
1845 2.03504e-11
1847 4.20026e-11
1849 1.48843e-11
1851 2.43558e-11
1853 5.67659e-11
1855 1.88419e-11
1857 6.7294e-11
1859 4.71175e-11
1861 5.38033e-11
1863 3.6321e-11
1865 4.99065e-11
1867 3.21805e-11
1869 3.23279e-11
1871 2.68412e-11
1873 3.07101e-11
1875 7.09884e-11
1877 4.95124e-11
1879 5.21492e-11
1881 4.79152e-11
1883 2.66589e-11
1885 3.07617e-11
1887 6.51646e-11
1889 3.17951e-11
1891 3.71486e-11
1893 2.90433e-11
1895 3.168e-11
1897 4.4851e-11
1899 5.4082e-11
1901 2.62573e-11
1903 2.89428e-11
1905 3.95597e-11
1907 2.09763e-11
1909 4.32196e-11
1911 2.8803e-11
1913 5.76026e-11
1915 6.27722e-11
1917 4.98063e-11
1919 5.46719e-11
1921 4.82876e-11
1923 3.50616e-11
1925 2.59551e-11
1927 5.18258e-12
1929 4.41093e-11
1931 4.78934e-11
1933 3.50305e-11
1935 3.85804e-11
1937 5.19159e-11
1939 2.84305e-11
1941 3.61554e-11
1943 6.8453e-11
1945 3.86193e-11
1947 4.10543e-11
1949 4.69563e-11
1951 1.54689e-11
1953 4.09332e-11
1955 4.60285e-11
1957 1.53948e-11
1959 3.08225e-11
1961 1.66311e-11
1963 2.30541e-11
1965 7.08756e-11
1967 2.41938e-11
1969 5.5869e-11
1971 3.80801e-11
1973 3.93082e-11
1975 6.09203e-11
1977 3.54291e-11
1979 3.7206e-11
1981 5.43286e-11
1983 2.64979e-11
1985 2.02031e-11
1987 2.01647e-11
1989 3.64883e-11
1991 6.03501e-11
1993 4.69762e-11
1995 3.89455e-11
1997 3.00722e-11
1999 5.102e-11
