-10.2 1.40042e-08
-10.1 5.92779e-08
-10 4.18751e-08
-9.9 5.14778e-08
-9.8 5.21376e-08
-9.7 4.78991e-08
-9.6 5.22376e-08
-9.5 4.93409e-08
-9.4 5.2935e-08
-9.3 4.85454e-08
-9.2 5.0783e-08
-9.1 4.56362e-08
-9 4.84226e-08
-8.9 4.85697e-08
-8.8 5.00074e-08
-8.7 4.96859e-08
-8.6 4.63233e-08
-8.5 5.15448e-08
-8.4 5.06119e-08
-8.3 5.03186e-08
-8.2 4.60959e-08
-8.1 4.69377e-08
-8 5.05003e-08
-7.9 4.55847e-08
-7.8 5.06018e-08
-7.7 4.79335e-08
-7.6 4.84302e-08
-7.5 4.54159e-08
-7.4 5.02403e-08
-7.3 4.90073e-08
-7.2 4.94167e-08
-7.1 4.61129e-08
-7 5.08223e-08
-6.9 4.82683e-08
-6.8 4.56016e-08
-6.7 5.33395e-08
-6.6 4.89993e-08
-6.5 4.73139e-08
-6.4 5.24501e-08
-6.3 4.88105e-08
-6.2 4.78785e-08
-6.1 4.43542e-08
-6 4.37574e-08
-5.9 4.56567e-08
-5.8 4.92178e-08
-5.7 4.19778e-08
-5.6 4.55036e-08
-5.5 4.8153e-08
-5.4 4.60641e-08
-5.3 4.52207e-08
-5.2 4.39784e-08
-5.1 4.45592e-08
-5 4.40708e-08
-4.9 4.3388e-08
-4.8 4.21054e-08
-4.7 4.18846e-08
-4.6 4.24577e-08
-4.5 4.50334e-08
-4.4 3.9052e-08
-4.3 4.0543e-08
-4.2 3.80306e-08
-4.1 3.89882e-08
-4 3.87246e-08
-3.9 4.05642e-08
-3.8 3.71335e-08
-3.7 3.64695e-08
-3.6 3.58927e-08
-3.5 3.46067e-08
-3.4 3.36771e-08
-3.3 3.51664e-08
-3.2 3.12345e-08
-3.1 3.2135e-08
-3 3.50324e-08
-2.9 3.31994e-08
-2.8 3.319e-08
-2.7 3.10318e-08
-2.6 2.80802e-08
-2.5 2.66237e-08
-2.4 2.80301e-08
-2.3 2.62532e-08
-2.2 2.38085e-08
-2.1 2.43449e-08
-2 2.4495e-08
-1.9 2.6629e-08
-1.8 2.23981e-08
-1.7 2.30046e-08
-1.6 2.06096e-08
-1.5 1.98724e-08
-1.4 1.89654e-08
-1.3 1.84445e-08
-1.2 1.69489e-08
-1.1 1.86877e-08
-1 1.46394e-08
-0.9 1.58256e-08
-0.8 1.43367e-08
-0.7 1.48022e-08
-0.6 1.47671e-08
-0.5 1.30554e-08
-0.4 1.29033e-08
-0.3 1.18887e-08
-0.2 1.1031e-08
-0.1 1.01918e-08
0 9.0423e-09
0.1 9.2733e-09
0.2 9.18908e-09
0.3 8.2366e-09
0.4 7.70569e-09
0.5 6.36703e-09
0.6 6.35546e-09
0.7 5.95129e-09
0.8 5.16681e-09
0.9 4.7856e-09
1 4.78134e-09
1.1 4.12109e-09
1.2 3.59457e-09
1.3 3.32512e-09
1.4 2.53638e-09
1.5 2.6927e-09
1.6 1.96133e-09
1.7 1.5284e-09
1.8 1.69503e-09
1.9 1.33398e-09
2 9.97103e-10
2.1 7.78244e-10
2.2 6.16423e-10
2.3 4.2349e-10
2.4 4.532e-10
2.5 3.62556e-10
2.6 1.92013e-10
2.7 1.01304e-10
2.8 1.72151e-11
2.9 2.11016e-11
3 4.00174e-12
3.1 0
3.2 0
3.3 0
3.4 0
3.5 0
3.6 0
3.7 0
3.8 0
3.9 0
4 0
4.1 0
4.2 0
4.3 0
4.4 0
4.5 0
4.6 0
4.7 0
4.8 0
4.9 0
5 0
5.1 0
5.2 0
5.3 0
5.4 0
5.5 0
5.6 0
5.7 0
5.8 0
5.9 0
6 0
6.1 0
6.2 0
6.3 0
6.4 0
6.5 0
6.6 0
6.7 0
6.8 0
6.9 0
7 0
7.1 0
7.2 0
7.3 0
7.4 0
7.5 0
7.6 0
7.7 0
7.8 0
7.9 0
8 0
8.1 0
8.2 0
8.3 0
8.4 0
8.5 0
8.6 0
8.7 0
8.8 0
8.9 0
9 0
9.1 0
9.2 0
9.3 0
9.4 0
9.5 0
9.6 0
9.7 0
9.8 0
9.9 0
10 0
10.1 0
10.2 0
