-10.2 6.69326
-10.1 6.73665
-10 6.7878
-9.9 6.84117
-9.8 6.89856
-9.7 6.94868
-9.6 6.9783
-9.5 7.02221
-9.4 7.10012
-9.3 7.15706
-9.2 7.18597
-9.1 7.24848
-9 7.29233
-8.9 7.35045
-8.8 7.38392
-8.7 7.42717
-8.6 7.46285
-8.5 7.52124
-8.4 7.59984
-8.3 7.62403
-8.2 7.66652
-8.1 7.71418
-8 7.77483
-7.9 7.84858
-7.8 7.91769
-7.7 7.98587
-7.6 8.05534
-7.5 8.08469
-7.4 8.16732
-7.3 8.24883
-7.2 8.30893
-7.1 8.37401
-7 8.41229
-6.9 8.47837
-6.8 8.55815
-6.7 8.63846
-6.6 8.78171
-6.5 8.86437
-6.4 8.92491
-6.3 9.02066
-6.2 9.10534
-6.1 9.21894
-6 9.33954
-5.9 9.46883
-5.8 9.57517
-5.7 9.73294
-5.6 9.84343
-5.5 10.0157
-5.4 10.2292
-5.3 10.4104
-5.2 10.6763
-5.1 10.9742
-5 11.3432
-4.9 11.7595
-4.8 12.1827
-4.7 12.4935
-4.6 12.4525
-4.5 12.3031
-4.4 12.2814
-4.3 12.3056
-4.2 12.4271
-4.1 12.5647
-4 12.6011
-3.9 12.5596
-3.8 12.7579
-3.7 12.765
-3.6 12.8998
-3.5 12.9062
-3.4 13.0306
-3.3 13.1228
-3.2 13.147
-3.1 13.1555
-3 13.296
-2.9 13.2951
-2.8 13.233
-2.7 13.3912
-2.6 13.6147
-2.5 13.6897
-2.4 13.7431
-2.3 13.7045
-2.2 13.7805
-2.1 13.7926
-2 13.771
-1.9 13.9144
-1.8 14.0355
-1.7 14.2408
-1.6 14.2487
-1.5 14.3669
-1.4 14.4956
-1.3 14.6753
-1.2 14.6892
-1.1 14.7012
-1 14.7858
-0.9 14.9449
-0.8 15.1034
-0.7 15.1529
-0.6 15.1806
-0.5 15.1751
-0.4 15.3205
-0.3 15.5878
-0.2 15.7125
-0.1 15.7766
0 15.9987
0.1 16.2403
0.2 16.4157
0.3 16.2467
0.4 16.3799
0.5 16.6776
0.6 17.0395
0.7 17.1005
0.8 17.1281
0.9 17.2915
1 17.4475
1.1 17.8638
1.2 18.2437
1.3 18.0855
1.4 18.0104
1.5 18.3076
1.6 18.8025
1.7 18.9875
1.8 19.1527
1.9 18.9828
2 19.0459
2.1 19.8575
2.2 20.2006
2.3 20.5313
2.4 20.5192
2.5 20.7463
2.6 20.9985
2.7 21.8409
2.8 21.9215
2.9 22.0298
3 22.1332
3.1 22.3866
3.2 23.1945
3.3 24.0869
3.4 24.531
3.5 24.0468
3.6 24.325
3.7 25.0298
3.8 26.1852
3.9 27.1032
4 27.6438
4.1 27.7284
4.2 27.8546
4.3 29.0368
4.4 30.7973
4.5 32.3727
4.6 34.0272
4.7 35.1373
4.8 36.1124
4.9 38.3709
5 42.1009
5.1 48.8824
5.2 55.143
5.3 61.7076
5.4 70.3432
5.5 76.3601
5.6 78.2942
5.7 75.2065
5.8 91.4433
5.9 119.573
6 0
6.1 0
6.2 0
6.3 0
6.4 0
6.5 0
6.6 0
6.7 0
6.8 0
6.9 0
7 0
7.1 0
7.2 0
7.3 0
7.4 0
7.5 0
7.6 0
7.7 0
7.8 0
7.9 0
8 0
8.1 0
8.2 0
8.3 0
8.4 0
8.5 0
8.6 0
8.7 0
8.8 0
8.9 0
9 0
9.1 0
9.2 0
9.3 0
9.4 0
9.5 0
9.6 0
9.7 0
9.8 0
9.9 0
10 0
10.1 0
10.2 0
