-10.2 6.67322
-10.1 6.69112
-10 6.72746
-9.9 6.75962
-9.8 6.79343
-9.7 6.82899
-9.6 6.86385
-9.5 6.90056
-9.4 6.93735
-9.3 6.97501
-9.2 7.01429
-9.1 7.0531
-9 7.094
-8.9 7.13695
-8.8 7.17867
-8.7 7.22091
-8.6 7.26454
-8.5 7.31153
-8.4 7.36062
-8.3 7.40639
-8.2 7.45791
-8.1 7.50603
-8 7.55821
-7.9 7.61219
-7.8 7.67017
-7.7 7.72613
-7.6 7.78497
-7.5 7.84615
-7.4 7.90148
-7.3 7.966
-7.2 8.03286
-7.1 8.10278
-7 8.17476
-6.9 8.24845
-6.8 8.327
-6.7 8.40768
-6.6 8.49067
-6.5 8.58481
-6.4 8.67747
-6.3 8.77152
-6.2 8.87215
-6.1 8.97773
-6 9.099
-5.9 9.23062
-5.8 9.35787
-5.7 9.5068
-5.6 9.66673
-5.5 9.84897
-5.4 10.0479
-5.3 10.2747
-5.2 10.5623
-5.1 10.9235
-5 11.3712
-4.9 11.9027
-4.8 12.1909
-4.7 12.2818
-4.6 12.0747
-4.5 12.0645
-4.4 12.0704
-4.3 12.1805
-4.2 12.3097
-4.1 12.3748
-4 12.3937
-3.9 12.4597
-3.8 12.6319
-3.7 12.6116
-3.6 12.6906
-3.5 12.7695
-3.4 12.7964
-3.3 12.8757
-3.2 12.9958
-3.1 12.9896
-3 13.0595
-2.9 13.0343
-2.8 13.1737
-2.7 13.2894
-2.6 13.3057
-2.5 13.3358
-2.4 13.3444
-2.3 13.4518
-2.2 13.4997
-2.1 13.5821
-2 13.7061
-1.9 13.8487
-1.8 13.9381
-1.7 14.041
-1.6 14.1293
-1.5 14.3167
-1.4 14.3667
-1.3 14.3658
-1.2 14.3593
-1.1 14.5572
-1 14.6519
-0.9 14.792
-0.8 14.8151
-0.7 14.8134
-0.6 15.0766
-0.5 15.229
-0.4 15.2845
-0.3 15.2944
-0.2 15.4477
-0.1 15.8107
0 16.0272
0.1 15.934
0.2 15.9296
0.3 16.3519
0.4 16.6006
0.5 16.8626
0.6 16.6827
0.7 16.6732
0.8 16.924
0.9 17.4049
1 17.7522
1.1 17.8313
1.2 17.5849
1.3 17.8189
1.4 18.4048
1.5 18.6684
1.6 18.5772
1.7 18.6518
1.8 18.7351
1.9 19.2709
2 19.9904
2.1 20.2262
2.2 19.8649
2.3 20.0387
2.4 20.5742
2.5 21.0053
2.6 21.382
2.7 21.3714
2.8 21.2987
2.9 21.5827
3 22.5706
3.1 23.8116
3.2 23.9941
3.3 23.6608
3.4 23.2912
3.5 23.4904
3.6 25.0732
3.7 26.3553
3.8 27.2656
3.9 27.367
4 27.2803
4.1 28.4551
4.2 29.916
4.3 32.0428
4.4 33.5473
4.5 34.2536
4.6 34.6911
4.7 37.518
4.8 41.4586
4.9 49.0246
5 55.9514
5.1 61.8705
5.2 65.514
5.3 77.265
5.4 78.2503
5.5 90.4143
5.6 54.4562
5.7 25.9578
5.8 29.3659
5.9 35.3147
6 48.2807
6.1 109.129
6.2 0
6.3 0
6.4 0
6.5 0
6.6 0
6.7 0
6.8 0
6.9 0
7 0
7.1 0
7.2 0
7.3 0
7.4 0
7.5 0
7.6 0
7.7 0
7.8 0
7.9 0
8 0
8.1 0
8.2 0
8.3 0
8.4 0
8.5 0
8.6 0
8.7 0
8.8 0
8.9 0
9 0
9.1 0
9.2 0
9.3 0
9.4 0
9.5 0
9.6 0
9.7 0
9.8 0
9.9 0
10 0
10.1 0
10.2 0
