-10.2 5.49144
-10.1 6.86019
-10 8.17919
-9.9 8.17749
-9.8 11.6714
-9.7 10.1993
-9.6 9.54142
-9.5 12.3755
-9.4 11.3786
-9.3 14.9852
-9.2 10.7221
-9.1 17.2983
-9 15.4869
-8.9 17.3952
-8.8 16.7605
-8.7 11.6409
-8.6 11.9297
-8.5 15.5691
-8.4 13.9214
-8.3 13.4732
-8.2 12.5145
-8.1 12.8956
-8 15.1488
-7.9 12.1433
-7.8 19.4089
-7.7 13.8151
-7.6 16.2908
-7.5 12.4055
-7.4 17.6684
-7.3 12.5698
-7.2 13.9996
-7.1 14.4469
-7 15.9077
-6.9 13.8888
-6.8 14.0663
-6.7 16.9515
-6.6 17.1863
-6.5 13.1718
-6.4 20.1638
-6.3 16.0469
-6.2 12.5911
-6.1 14.5034
-6 16.3254
-5.9 16.4664
-5.8 15.3943
-5.7 20.0691
-5.6 17.5048
-5.5 19.6771
-5.4 20.6888
-5.3 15.7359
-5.2 17.8967
-5.1 19.9356
-5 24.0154
-4.9 33.4848
-4.8 39.8453
-4.7 44.679
-4.6 38.6241
-4.5 37.7215
-4.4 36.0203
-4.3 39.5801
-4.2 38.7738
-4.1 43.6373
-4 39.2938
-3.9 39.1399
-3.8 43.8428
-3.7 41.1682
-3.6 37.9683
-3.5 40.5359
-3.4 42.1455
-3.3 37.1103
-3.2 43.4214
-3.1 43.9503
-3 42.8477
-2.9 41.3462
-2.8 43.7771
-2.7 46.4841
-2.6 46.2644
-2.5 40.7587
-2.4 40.747
-2.3 41.8411
-2.2 44.6272
-2.1 39.7487
-2 45.5355
-1.9 43.6892
-1.8 43.3682
-1.7 42.2972
-1.6 46.3004
-1.5 45.6013
-1.4 42.133
-1.3 43.9793
-1.2 43.6351
-1.1 45.0164
-1 47.389
-0.9 44.4452
-0.8 53.3242
-0.7 41.9239
-0.6 49.9973
-0.5 48.5582
-0.4 48.7307
-0.3 44.2123
-0.2 42.7041
-0.1 48.1495
0 51.3571
0.1 52.6589
0.2 44.407
0.3 52.8928
0.4 50.4251
0.5 54.2102
0.6 52.9765
0.7 51.0009
0.8 44.6699
0.9 50.8069
1 58.0347
1.1 60.429
1.2 54.1312
1.3 51.3037
1.4 59.3327
1.5 58.7575
1.6 58.5734
1.7 57.6592
1.8 54.9724
1.9 54.8782
2 60.8422
2.1 66.5757
2.2 62.3602
2.3 56.3496
2.4 61.9154
2.5 64.215
2.6 61.2505
2.7 63.699
2.8 61.1423
2.9 62.3091
3 56.6781
3.1 73.792
3.2 75.6003
3.3 74.5311
3.4 66.0282
3.5 57.6301
3.6 65.8897
3.7 73.261
3.8 81.8662
3.9 79.3939
4 81.2405
4.1 71.771
4.2 76.5008
4.3 84.8159
4.4 95.3469
4.5 104.399
4.6 84.3028
4.7 95.4285
4.8 98.3969
4.9 131.652
5 155.475
5.1 188.944
5.2 180.011
5.3 237.477
5.4 237.843
5.5 309.529
5.6 205.004
5.7 24.3315
5.8 28.2521
5.9 35.247
6 53.1312
6.1 285.08
6.2 0
6.3 0
6.4 0
6.5 0
6.6 0
6.7 0
6.8 0
6.9 0
7 0
7.1 0
7.2 0
7.3 0
7.4 0
7.5 0
7.6 0
7.7 0
7.8 0
7.9 0
8 0
8.1 0
8.2 0
8.3 0
8.4 0
8.5 0
8.6 0
8.7 0
8.8 0
8.9 0
9 0
9.1 0
9.2 0
9.3 0
9.4 0
9.5 0
9.6 0
9.7 0
9.8 0
9.9 0
10 0
10.1 0
10.2 0
