-10.2 7.42004
-10.1 7.88163
-10 7.98112
-9.9 8.60045
-9.8 8.53388
-9.7 8.63744
-9.6 8.71164
-9.5 8.52982
-9.4 9.33415
-9.3 9.45412
-9.2 9.59671
-9.1 9.82291
-9 9.88931
-8.9 10.1253
-8.8 9.5066
-8.7 10.0423
-8.6 9.89522
-8.5 9.89382
-8.4 10.3993
-8.3 10.3909
-8.2 10.3832
-8.1 10.3871
-8 10.5117
-7.9 10.6738
-7.8 10.8628
-7.7 10.9846
-7.6 11.7138
-7.5 10.8146
-7.4 11.4011
-7.3 11.4165
-7.2 11.4682
-7.1 12.0797
-7 11.6134
-6.9 11.1616
-6.8 11.4282
-6.7 12.0613
-6.6 12.2104
-6.5 12.3197
-6.4 12.282
-6.3 12.1816
-6.2 12.1688
-6.1 12.6903
-6 13.1162
-5.9 13.0457
-5.8 13.677
-5.7 13.6323
-5.6 13.6455
-5.5 14.5574
-5.4 14.9133
-5.3 15.0798
-5.2 16.3151
-5.1 18.2323
-5 20.8634
-4.9 24.6927
-4.8 28.9865
-4.7 30.9271
-4.6 28.556
-4.5 27.676
-4.4 26.7696
-4.3 26.7336
-4.2 28.0699
-4.1 28.9138
-4 27.1047
-3.9 28.4851
-3.8 28.0359
-3.7 29.1043
-3.6 28.4275
-3.5 29.3514
-3.4 29.748
-3.3 29.7122
-3.2 28.9285
-3.1 30.1387
-3 30.4889
-2.9 28.7801
-2.8 28.6952
-2.7 30.7827
-2.6 30.9602
-2.5 31.5792
-2.4 30.577
-2.3 30.7986
-2.2 30.5073
-2.1 29.3294
-2 30.1659
-1.9 30.3461
-1.8 32.2352
-1.7 31.4129
-1.6 31.3149
-1.5 32.4548
-1.4 33.2017
-1.3 32.7203
-1.2 32.044
-1.1 32.166
-1 33.1287
-0.9 34.0138
-0.8 33.7087
-0.7 33.5773
-0.6 32.7755
-0.5 33.3558
-0.4 34.2439
-0.3 34.5468
-0.2 36.8319
-0.1 38.4781
0 39.5535
0.1 40.8336
0.2 38.6828
0.3 34.4229
0.4 35.8682
0.5 38.5504
0.6 36.9969
0.7 36.6541
0.8 37.7536
0.9 37.0582
1 40.2835
1.1 41.4201
1.2 38.3953
1.3 37.8561
1.4 40.1021
1.5 41.3504
1.6 41.5258
1.7 42.1336
1.8 38.6956
1.9 40.2568
2 43.0003
2.1 44.6521
2.2 45.7277
2.3 44.1772
2.4 42.4598
2.5 45.0843
2.6 50.1027
2.7 46.7538
2.8 45.9302
2.9 43.9669
3 47.3643
3.1 49.2325
3.2 54.8277
3.3 51.7416
3.4 49.154
3.5 50.1683
3.6 53.5344
3.7 55.5575
3.8 58.7279
3.9 56.3226
4 53.2292
4.1 54.2056
4.2 60.794
4.3 63.4819
4.4 68.0029
4.5 73.8268
4.6 66.2817
4.7 70.7366
4.8 74.9088
4.9 85.8473
5 107.804
5.1 118.61
5.2 137.765
5.3 147.85
5.4 143.993
5.5 135.542
5.6 156.518
5.7 186.141
5.8 0
5.9 0
6 0
6.1 0
6.2 0
6.3 0
6.4 0
6.5 0
6.6 0
6.7 0
6.8 0
6.9 0
7 0
7.1 0
7.2 0
7.3 0
7.4 0
7.5 0
7.6 0
7.7 0
7.8 0
7.9 0
8 0
8.1 0
8.2 0
8.3 0
8.4 0
8.5 0
8.6 0
8.7 0
8.8 0
8.9 0
9 0
9.1 0
9.2 0
9.3 0
9.4 0
9.5 0
9.6 0
9.7 0
9.8 0
9.9 0
10 0
10.1 0
10.2 0
