-10.2 5.13068
-10.1 5.34157
-10 5.31876
-9.9 5.36773
-9.8 5.5436
-9.7 5.48458
-9.6 5.61846
-9.5 5.6715
-9.4 5.67548
-9.3 5.68831
-9.2 5.75696
-9.1 5.76328
-9 5.81961
-8.9 5.90689
-8.8 5.8936
-8.7 5.92386
-8.6 5.962
-8.5 6.10704
-8.4 6.05951
-8.3 6.13143
-8.2 6.25869
-8.1 6.28577
-8 6.36262
-7.9 6.3939
-7.8 6.41446
-7.7 6.38051
-7.6 6.48428
-7.5 6.52791
-7.4 6.60834
-7.3 6.72909
-7.2 6.76093
-7.1 6.76258
-7 6.85573
-6.9 7.00932
-6.8 6.99515
-6.7 7.08914
-6.6 7.1586
-6.5 7.24257
-6.4 7.31924
-6.3 7.41762
-6.2 7.49679
-6.1 7.5943
-6 7.72997
-5.9 7.79689
-5.8 7.98592
-5.7 8.03581
-5.6 8.18843
-5.5 8.25167
-5.4 8.37046
-5.3 8.50733
-5.2 8.72874
-5.1 8.9184
-5 9.17941
-4.9 9.39413
-4.8 9.66999
-4.7 10.0292
-4.6 10.5808
-4.5 10.8805
-4.4 11.0499
-4.3 11.2629
-4.2 11.3957
-4.1 11.5289
-4 11.6534
-3.9 11.9636
-3.8 12.1322
-3.7 12.2681
-3.6 12.5389
-3.5 12.7248
-3.4 12.9062
-3.3 13.0982
-3.2 13.2697
-3.1 13.6553
-3 13.9781
-2.9 14.3042
-2.8 14.686
-2.7 15.0268
-2.6 15.2123
-2.5 15.3119
-2.4 15.8165
-2.3 16.2315
-2.2 16.1945
-2.1 16.4258
-2 16.4466
-1.9 16.6875
-1.8 16.8093
-1.7 16.9086
-1.6 17.0817
-1.5 17.6516
-1.4 17.7994
-1.3 17.8283
-1.2 17.9869
-1.1 18.431
-1 18.6979
-0.9 18.8686
-0.8 18.6977
-0.7 18.9583
-0.6 19.5637
-0.5 20.3317
-0.4 20.3673
-0.3 20.5114
-0.2 20.796
-0.1 21.699
0 22.0266
0.1 21.8445
0.2 22.5888
0.3 23.6938
0.4 24.693
0.5 25.1285
0.6 24.5782
0.7 24.8136
0.8 25.7749
0.9 27.7014
1 28.4338
1.1 28.8114
1.2 29.009
1.3 30.2403
1.4 32.5964
1.5 34.3964
1.6 34.2354
1.7 33.0659
1.8 34.1898
1.9 36.8471
2 40.2675
2.1 42.2484
2.2 44.2557
2.3 46.736
2.4 50.2045
2.5 60.6702
2.6 73.8242
2.7 88.8141
2.8 97.8187
2.9 107.056
3 123.199
3.1 202.661
3.2 0
3.3 0
3.4 0
3.5 0
3.6 0
3.7 0
3.8 0
3.9 0
4 0
4.1 0
4.2 0
4.3 0
4.4 0
4.5 0
4.6 0
4.7 0
4.8 0
4.9 0
5 0
5.1 0
5.2 0
5.3 0
5.4 0
5.5 0
5.6 0
5.7 0
5.8 0
5.9 0
6 0
6.1 0
6.2 0
6.3 0
6.4 0
6.5 0
6.6 0
6.7 0
6.8 0
6.9 0
7 0
7.1 0
7.2 0
7.3 0
7.4 0
7.5 0
7.6 0
7.7 0
7.8 0
7.9 0
8 0
8.1 0
8.2 0
8.3 0
8.4 0
8.5 0
8.6 0
8.7 0
8.8 0
8.9 0
9 0
9.1 0
9.2 0
9.3 0
9.4 0
9.5 0
9.6 0
9.7 0
9.8 0
9.9 0
10 0
10.1 0
10.2 0
