-10.2 0.0551133
-10.1 0.0551675
-10 0.0553611
-9.9 0.0555123
-9.8 0.0557154
-9.7 0.055855
-9.6 0.0559742
-9.5 0.0561221
-9.4 0.0563378
-9.3 0.0565451
-9.2 0.056725
-9.1 0.056837
-9 0.0570526
-8.9 0.0572312
-8.8 0.0573734
-8.7 0.0575577
-8.6 0.0577942
-8.5 0.0580344
-8.4 0.0581965
-8.3 0.0585332
-8.2 0.0587185
-8.1 0.0590629
-8 0.0593164
-7.9 0.0595673
-7.8 0.0598896
-7.7 0.0601569
-7.6 0.0604922
-7.5 0.0607725
-7.4 0.0610864
-7.3 0.0615101
-7.2 0.0618619
-7.1 0.0622878
-7 0.0625818
-6.9 0.0630103
-6.8 0.0634696
-6.7 0.0638851
-6.6 0.064416
-6.5 0.0648849
-6.4 0.0653987
-6.3 0.0660916
-6.2 0.0666973
-6.1 0.0673121
-6 0.0679381
-5.9 0.0686722
-5.8 0.069488
-5.7 0.0703502
-5.6 0.0713809
-5.5 0.0725038
-5.4 0.0736954
-5.3 0.075152
-5.2 0.0769778
-5.1 0.0793798
-5 0.0825174
-4.9 0.0854004
-4.8 0.0868031
-4.7 0.0858571
-4.6 0.0831563
-4.5 0.0815627
-4.4 0.0810495
-4.3 0.0803528
-4.2 0.0805247
-4.1 0.079895
-4 0.0786694
-3.9 0.0778485
-3.8 0.0770198
-3.7 0.0761173
-3.6 0.0750258
-3.5 0.0745123
-3.4 0.0736553
-3.3 0.0723881
-3.2 0.0716808
-3.1 0.07089
-3 0.0698624
-2.9 0.0694519
-2.8 0.0689863
-2.7 0.0680934
-2.6 0.0675085
-2.5 0.0660499
-2.4 0.0651119
-2.3 0.0643694
-2.2 0.0634893
-2.1 0.0627287
-2 0.0622403
-1.9 0.0619427
-1.8 0.0613837
-1.7 0.0600112
-1.6 0.0589906
-1.5 0.0588208
-1.4 0.057742
-1.3 0.0571599
-1.2 0.0553379
-1.1 0.0545405
-1 0.0542858
-0.9 0.0533953
-0.8 0.0522975
-0.7 0.0513154
-0.6 0.0509184
-0.5 0.0507768
-0.4 0.0497169
-0.3 0.0484076
-0.2 0.0481161
-0.1 0.0481746
0 0.047635
0.1 0.0464727
0.2 0.0444205
0.3 0.0441082
0.4 0.0437397
0.5 0.0433038
0.6 0.0421803
0.7 0.0408936
0.8 0.040478
0.9 0.0403185
1 0.0392814
1.1 0.037639
1.2 0.036087
1.3 0.0353602
1.4 0.0351127
1.5 0.0353027
1.6 0.0345837
1.7 0.0332449
1.8 0.0320044
1.9 0.0324126
2 0.0321862
2.1 0.0305863
2.2 0.0289827
2.3 0.0280529
2.4 0.0272818
2.5 0.0272164
2.6 0.0263807
2.7 0.0251414
2.8 0.0235282
2.9 0.0227619
3 0.0226903
3.1 0.0227787
3.2 0.0217994
3.3 0.0201456
3.4 0.0191382
3.5 0.0181914
3.6 0.0180285
3.7 0.0175585
3.8 0.016646
3.9 0.0153696
4 0.0137964
4.1 0.0129348
4.2 0.012758
4.3 0.0123438
4.4 0.0112706
4.5 0.0100092
4.6 0.00889533
4.7 0.00849088
4.8 0.00846707
4.9 0.00731613
5 0.0060329
5.1 0.00429293
5.2 0.00252873
5.3 0.00110119
5.4 0.000388913
5.5 0.000102122
5.6 5.10211e-05
5.7 1.76729e-05
5.8 0
5.9 0
6 0
6.1 0
6.2 0
6.3 0
6.4 0
6.5 0
6.6 0
6.7 0
6.8 0
6.9 0
7 0
7.1 0
7.2 0
7.3 0
7.4 0
7.5 0
7.6 0
7.7 0
7.8 0
7.9 0
8 0
8.1 0
8.2 0
8.3 0
8.4 0
8.5 0
8.6 0
8.7 0
8.8 0
8.9 0
9 0
9.1 0
9.2 0
9.3 0
9.4 0
9.5 0
9.6 0
9.7 0
9.8 0
9.9 0
10 0
10.1 0
10.2 0
