-10.2 0.00837312
-10.1 0.00835599
-10 0.00833475
-9.9 0.00831637
-9.8 0.00830098
-9.7 0.0082842
-9.6 0.0082676
-9.5 0.00825155
-9.4 0.00823535
-9.3 0.0082178
-9.2 0.00820114
-9.1 0.00818274
-9 0.00816487
-8.9 0.00814561
-8.8 0.00812613
-8.7 0.00810132
-8.6 0.00808222
-8.5 0.00806412
-8.4 0.00804598
-8.3 0.00802904
-8.2 0.00800996
-8.1 0.00799311
-8 0.00797538
-7.9 0.00796038
-7.8 0.00794266
-7.7 0.00792096
-7.6 0.0078977
-7.5 0.00787723
-7.4 0.0078605
-7.3 0.00784491
-7.2 0.00782747
-7.1 0.007811
-7 0.00778944
-6.9 0.00777046
-6.8 0.0077527
-6.7 0.00773584
-6.6 0.0077185
-6.5 0.00770177
-6.4 0.00768036
-6.3 0.00766527
-6.2 0.00764868
-6.1 0.00763249
-6 0.00761507
-5.9 0.00759554
-5.8 0.00757032
-5.7 0.00754965
-5.6 0.00752911
-5.5 0.00751078
-5.4 0.00748682
-5.3 0.00746556
-5.2 0.00744599
-5.1 0.00742607
-5 0.00739187
-4.9 0.00734216
-4.8 0.00725003
-4.7 0.0071337
-4.6 0.00701352
-4.5 0.00691512
-4.4 0.00681207
-4.3 0.00671557
-4.2 0.00662204
-4.1 0.0065257
-4 0.00642275
-3.9 0.00632947
-3.8 0.0062367
-3.7 0.00614776
-3.6 0.00605966
-3.5 0.00597004
-3.4 0.00587018
-3.3 0.00577612
-3.2 0.00568437
-3.1 0.00559198
-3 0.00549727
-2.9 0.00539999
-2.8 0.00531031
-2.7 0.00522485
-2.6 0.00513004
-2.5 0.00504076
-2.4 0.00495341
-2.3 0.00486972
-2.2 0.00477324
-2.1 0.00467293
-2 0.00459188
-1.9 0.00451511
-1.8 0.00442806
-1.7 0.00434345
-1.6 0.00426062
-1.5 0.00417816
-1.4 0.00408771
-1.3 0.00399805
-1.2 0.00391844
-1.1 0.00384307
-1 0.00376382
-0.9 0.00368558
-0.8 0.00359819
-0.7 0.00352589
-0.6 0.00345908
-0.5 0.00338053
-0.4 0.00329414
-0.3 0.00321472
-0.2 0.00314152
-0.1 0.00306796
0 0.00297998
0.1 0.0028875
0.2 0.00280444
0.3 0.0027322
0.4 0.00266252
0.5 0.0025852
0.6 0.00250492
0.7 0.00243164
0.8 0.0023712
0.9 0.00230666
1 0.0022325
1.1 0.00215653
1.2 0.0020819
1.3 0.00201959
1.4 0.00195986
1.5 0.00189736
1.6 0.00182048
1.7 0.00175354
1.8 0.00170194
1.9 0.00165109
2 0.0015914
2.1 0.00152188
2.2 0.00144953
2.3 0.00139146
2.4 0.00134221
2.5 0.00129369
2.6 0.00123565
2.7 0.00117214
2.8 0.00110934
2.9 0.00106248
3 0.0010229
3.1 0.000971049
3.2 0.000910456
3.3 0.000848029
3.4 0.000791486
3.5 0.000746017
3.6 0.000703586
3.7 0.000655429
3.8 0.000598794
3.9 0.000544278
4 0.000498218
4.1 0.00046429
4.2 0.00042961
4.3 0.000389309
4.4 0.00034455
4.5 0.000298869
4.6 0.000257958
4.7 0.000229434
4.8 0.00019291
4.9 0.000155993
5 0.000111992
5.1 6.49878e-05
5.2 3.02628e-05
5.3 1.34902e-05
5.4 5.22465e-06
5.5 1.22884e-06
5.6 2.12793e-07
5.7 0
5.8 0
5.9 0
6 0
6.1 0
6.2 0
6.3 0
6.4 0
6.5 0
6.6 0
6.7 0
6.8 0
6.9 0
7 0
7.1 0
7.2 0
7.3 0
7.4 0
7.5 0
7.6 0
7.7 0
7.8 0
7.9 0
8 0
8.1 0
8.2 0
8.3 0
8.4 0
8.5 0
8.6 0
8.7 0
8.8 0
8.9 0
9 0
9.1 0
9.2 0
9.3 0
9.4 0
9.5 0
9.6 0
9.7 0
9.8 0
9.9 0
10 0
10.1 0
10.2 0
