-10.2 0.00832966
-10.1 0.00832345
-10 0.00832747
-9.9 0.00832248
-9.8 0.00831446
-9.7 0.00830871
-9.6 0.00830246
-9.5 0.00829739
-9.4 0.00829091
-9.3 0.0082837
-9.2 0.00827373
-9.1 0.00826443
-9 0.00825094
-8.9 0.00824193
-8.8 0.00822486
-8.7 0.00820934
-8.6 0.00819379
-8.5 0.00818836
-8.4 0.00817539
-8.3 0.0081639
-8.2 0.00814769
-8.1 0.00813457
-8 0.00812279
-7.9 0.00811257
-7.8 0.00810268
-7.7 0.00809096
-7.6 0.00807481
-7.5 0.00805952
-7.4 0.00804429
-7.3 0.00803067
-7.2 0.00800792
-7.1 0.00798712
-7 0.00795967
-6.9 0.0079509
-6.8 0.0079361
-6.7 0.00792761
-6.6 0.00790794
-6.5 0.0078838
-6.4 0.00786943
-6.3 0.00784702
-6.2 0.00782521
-6.1 0.00780872
-6 0.00778816
-5.9 0.00776963
-5.8 0.00775803
-5.7 0.00773721
-5.6 0.00772231
-5.5 0.0077121
-5.4 0.00768769
-5.3 0.00766666
-5.2 0.00763951
-5.1 0.00760854
-5 0.0075654
-4.9 0.00750347
-4.8 0.00741915
-4.7 0.00729953
-4.6 0.00717258
-4.5 0.00706384
-4.4 0.00696317
-4.3 0.00687299
-4.2 0.00677901
-4.1 0.00668303
-4 0.00658754
-3.9 0.00650043
-3.8 0.00639918
-3.7 0.00629971
-3.6 0.00619277
-3.5 0.00609016
-3.4 0.00598347
-3.3 0.00589
-3.2 0.0057974
-3.1 0.00570021
-3 0.00559517
-2.9 0.00549842
-2.8 0.00541262
-2.7 0.00532613
-2.6 0.0052297
-2.5 0.0051278
-2.4 0.00503267
-2.3 0.00494592
-2.2 0.00484497
-2.1 0.00476544
-2 0.00468537
-1.9 0.00460739
-1.8 0.00452733
-1.7 0.00443464
-1.6 0.00434887
-1.5 0.00427189
-1.4 0.00417544
-1.3 0.00408289
-1.2 0.00399709
-1.1 0.00392118
-1 0.00384972
-0.9 0.00376757
-0.8 0.00367536
-0.7 0.00359347
-0.6 0.00351635
-0.5 0.00343619
-0.4 0.00335703
-0.3 0.00327731
-0.2 0.0031992
-0.1 0.00311485
0 0.00302691
0.1 0.00293321
0.2 0.00284136
0.3 0.00276564
0.4 0.00269477
0.5 0.00261918
0.6 0.00254629
0.7 0.00247626
0.8 0.00240795
0.9 0.00234407
1 0.00227035
1.1 0.00218582
1.2 0.00210419
1.3 0.00203855
1.4 0.00197146
1.5 0.00190208
1.6 0.0018295
1.7 0.00175678
1.8 0.00169329
1.9 0.00163922
2 0.0015809
2.1 0.00151991
2.2 0.00144713
2.3 0.00138533
2.4 0.00132688
2.5 0.00127228
2.6 0.00120844
2.7 0.00114372
2.8 0.00108614
2.9 0.00103699
3 0.000985677
3.1 0.000929581
3.2 0.000871307
3.3 0.000812499
3.4 0.000760858
3.5 0.000715453
3.6 0.000673378
3.7 0.000622654
3.8 0.000571142
3.9 0.000522767
4 0.000481942
4.1 0.000448201
4.2 0.000413415
4.3 0.000370614
4.4 0.000327824
4.5 0.000284587
4.6 0.00024612
4.7 0.000213223
4.8 0.000180577
4.9 0.000144743
5 0.000102619
5.1 6.24743e-05
5.2 3.19087e-05
5.3 1.20036e-05
5.4 4.60637e-06
5.5 2.05702e-06
5.6 6.40928e-07
5.7 2.44585e-07
5.8 0
5.9 0
6 0
6.1 0
6.2 0
6.3 0
6.4 0
6.5 0
6.6 0
6.7 0
6.8 0
6.9 0
7 0
7.1 0
7.2 0
7.3 0
7.4 0
7.5 0
7.6 0
7.7 0
7.8 0
7.9 0
8 0
8.1 0
8.2 0
8.3 0
8.4 0
8.5 0
8.6 0
8.7 0
8.8 0
8.9 0
9 0
9.1 0
9.2 0
9.3 0
9.4 0
9.5 0
9.6 0
9.7 0
9.8 0
9.9 0
10 0
10.1 0
10.2 0
