-10.2 5.05506
-10.1 5.07258
-10 5.10583
-9.9 5.13444
-9.8 5.16582
-9.7 5.19385
-9.6 5.22804
-9.5 5.25887
-9.4 5.29063
-9.3 5.32428
-9.2 5.35726
-9.1 5.3938
-9 5.43024
-8.9 5.466
-8.8 5.50254
-8.7 5.54098
-8.6 5.57962
-8.5 5.61965
-8.4 5.66094
-8.3 5.70398
-8.2 5.74735
-8.1 5.79281
-8 5.83954
-7.9 5.88934
-7.8 5.93854
-7.7 5.98655
-7.6 6.03471
-7.5 6.09147
-7.4 6.14563
-7.3 6.20289
-7.2 6.26184
-7.1 6.32301
-7 6.38866
-6.9 6.44576
-6.8 6.51109
-6.7 6.57281
-6.6 6.6562
-6.5 6.72254
-6.4 6.79941
-6.3 6.88141
-6.2 6.96617
-6.1 7.05949
-6 7.14513
-5.9 7.2501
-5.8 7.35066
-5.7 7.45589
-5.6 7.57219
-5.5 7.70852
-5.4 7.8354
-5.3 7.99749
-5.2 8.17155
-5.1 8.34317
-5 8.54661
-4.9 8.81915
-4.8 9.13008
-4.7 9.53767
-4.6 9.97096
-4.5 10.2878
-4.4 10.5362
-4.3 10.7077
-4.2 10.8081
-4.1 10.9417
-4 11.1087
-3.9 11.349
-3.8 11.6084
-3.7 11.7151
-3.6 11.9814
-3.5 12.2486
-3.4 12.3987
-3.3 12.6376
-3.2 12.7894
-3.1 13.0899
-3 13.3596
-2.9 13.7541
-2.8 14.1465
-2.7 14.4588
-2.6 14.7403
-2.5 14.8721
-2.4 15.3153
-2.3 15.7343
-2.2 15.7301
-2.1 15.8469
-2 15.9096
-1.9 16.1862
-1.8 16.2366
-1.7 16.4843
-1.6 16.7004
-1.5 17.0089
-1.4 17.3874
-1.3 17.4249
-1.2 17.5514
-1.1 17.9549
-1 18.159
-0.9 18.3837
-0.8 18.2273
-0.7 18.536
-0.6 19.1125
-0.5 19.7092
-0.4 20.0041
-0.3 20.0177
-0.2 20.3458
-0.1 21.1973
0 21.6612
0.1 21.4723
0.2 22.0406
0.3 23.177
0.4 24.153
0.5 24.6503
0.6 24.1979
0.7 24.3401
0.8 25.4361
0.9 27.2539
1 27.946
1.1 28.3605
1.2 28.525
1.3 29.8892
1.4 32.3369
1.5 34.0752
1.6 33.8591
1.7 32.7696
1.8 33.5404
1.9 36.1502
2 39.6174
2.1 41.7775
2.2 43.9079
2.3 46.3944
2.4 49.7429
2.5 60.497
2.6 73.7258
2.7 88.5504
2.8 97.1335
2.9 107.056
3 123.199
3.1 202.661
3.2 0
3.3 0
3.4 0
3.5 0
3.6 0
3.7 0
3.8 0
3.9 0
4 0
4.1 0
4.2 0
4.3 0
4.4 0
4.5 0
4.6 0
4.7 0
4.8 0
4.9 0
5 0
5.1 0
5.2 0
5.3 0
5.4 0
5.5 0
5.6 0
5.7 0
5.8 0
5.9 0
6 0
6.1 0
6.2 0
6.3 0
6.4 0
6.5 0
6.6 0
6.7 0
6.8 0
6.9 0
7 0
7.1 0
7.2 0
7.3 0
7.4 0
7.5 0
7.6 0
7.7 0
7.8 0
7.9 0
8 0
8.1 0
8.2 0
8.3 0
8.4 0
8.5 0
8.6 0
8.7 0
8.8 0
8.9 0
9 0
9.1 0
9.2 0
9.3 0
9.4 0
9.5 0
9.6 0
9.7 0
9.8 0
9.9 0
10 0
10.1 0
10.2 0
