-10.2 3.70265e-13
-10.1 9.00434e-08
-10 3.93809e-07
-9.9 6.85452e-07
-9.8 7.72044e-07
-9.7 5.88495e-07
-9.6 5.52223e-07
-9.5 5.75827e-07
-9.4 8.44472e-07
-9.3 5.60685e-07
-9.2 9.87833e-07
-9.1 7.71885e-07
-9 1.28665e-06
-8.9 3.48569e-07
-8.8 2.65373e-07
-8.7 0
-8.6 5.2933e-08
-8.5 3.6445e-08
-8.4 5.08505e-07
-8.3 1.10939e-06
-8.2 1.02168e-07
-8.1 1.7375e-07
-8 1.95214e-07
-7.9 5.54573e-07
-7.8 4.49996e-07
-7.7 5.82076e-07
-7.6 5.48548e-07
-7.5 0
-7.4 5.73905e-07
-7.3 3.6466e-07
-7.2 2.01023e-07
-7.1 2.03999e-07
-7 2.40498e-07
-6.9 5.35884e-07
-6.8 1.11786e-06
-6.7 2.53547e-06
-6.6 9.9607e-07
-6.5 1.12924e-06
-6.4 5.17599e-07
-6.3 2.35233e-07
-6.2 3.6022e-07
-6.1 1.28071e-07
-6 1.39378e-07
-5.9 5.10744e-07
-5.8 4.56858e-07
-5.7 6.05801e-07
-5.6 7.74306e-07
-5.5 6.13548e-07
-5.4 3.58606e-07
-5.3 3.10866e-07
-5.2 9.59089e-07
-5.1 2.15755e-07
-5 2.05796e-07
-4.9 8.15379e-07
-4.8 1.22094e-07
-4.7 2.88801e-07
-4.6 5.98205e-07
-4.5 7.62404e-07
-4.4 1.37686e-07
-4.3 4.74347e-07
-4.2 7.86047e-07
-4.1 6.1336e-07
-4 4.09055e-07
-3.9 3.05151e-07
-3.8 1.00171e-07
-3.7 4.78127e-07
-3.6 5.489e-07
-3.5 4.53992e-07
-3.4 4.07619e-07
-3.3 3.72653e-08
-3.2 2.58263e-08
-3.1 3.64263e-07
-3 1.01942e-08
-2.9 1.19722e-07
-2.8 6.46973e-07
-2.7 4.76777e-07
-2.6 4.55901e-07
-2.5 1.66137e-07
-2.4 0
-2.3 2.77338e-09
-2.2 2.2066e-07
-2.1 0
-2 4.1861e-08
-1.9 1.30308e-08
-1.8 3.52824e-08
-1.7 8.51657e-08
-1.6 4.81382e-08
-1.5 2.10846e-07
-1.4 0
-1.3 1.11165e-07
-1.2 6.29137e-07
-1.1 0
-1 0
-0.9 0
-0.8 4.41483e-08
-0.7 9.87128e-09
-0.6 2.20028e-08
-0.5 1.76854e-07
-0.4 3.70376e-07
-0.3 0
-0.2 0
-0.1 3.87732e-07
0 5.52237e-09
0.1 2.35287e-07
0.2 1.22872e-07
0.3 2.87055e-07
0.4 1.06751e-07
0.5 3.27426e-08
0.6 0
0.7 0
0.8 0
0.9 0
1 2.77631e-08
1.1 0
1.2 9.72568e-08
1.3 9.57848e-08
1.4 2.50505e-07
1.5 3.77975e-07
1.6 1.79419e-07
1.7 1.41984e-07
1.8 5.74977e-08
1.9 0
2 0
2.1 0
2.2 0
2.3 0
2.4 0
2.5 0
2.6 0
2.7 0
2.8 0
2.9 0
3 0
3.1 0
3.2 0
3.3 0
3.4 8.80309e-08
3.5 0
3.6 0
3.7 0
3.8 2.6909e-08
3.9 4.08015e-08
4 0
4.1 0
4.2 0
4.3 0
4.4 0
4.5 0
4.6 0
4.7 0
4.8 0
4.9 0
5 0
5.1 0
5.2 0
5.3 0
5.4 0
5.5 0
5.6 0
5.7 0
5.8 0
5.9 0
6 0
6.1 0
6.2 0
6.3 0
6.4 0
6.5 0
6.6 0
6.7 0
6.8 0
6.9 0
7 0
7.1 0
7.2 0
7.3 0
7.4 0
7.5 0
7.6 0
7.7 0
7.8 0
7.9 0
8 0
8.1 0
8.2 0
8.3 0
8.4 0
8.5 0
8.6 0
8.7 0
8.8 0
8.9 0
9 0
9.1 0
9.2 0
9.3 0
9.4 0
9.5 0
9.6 0
9.7 0
9.8 0
9.9 0
10 0
10.1 0
10.2 0
