-10.2 6.86246
-10.1 6.88111
-10 6.9187
-9.9 6.95209
-9.8 6.98716
-9.7 7.02396
-9.6 7.06018
-9.5 7.09823
-9.4 7.13638
-9.3 7.17549
-9.2 7.21624
-9.1 7.25655
-9 7.29904
-8.9 7.34365
-8.8 7.38703
-8.7 7.43096
-8.6 7.4762
-8.5 7.525
-8.4 7.576
-8.3 7.62346
-8.2 7.67703
-8.1 7.72691
-8 7.78102
-7.9 7.83706
-7.8 7.89732
-7.7 7.95547
-7.6 8.01661
-7.5 8.08011
-7.4 8.13741
-7.3 8.20433
-7.2 8.2738
-7.1 8.34636
-7 8.42118
-6.9 8.49762
-6.8 8.5791
-6.7 8.66286
-6.6 8.74898
-6.5 8.84705
-6.4 8.9433
-6.3 9.04103
-6.2 9.14555
-6.1 9.25516
-6 9.38132
-5.9 9.51863
-5.8 9.65068
-5.7 9.80601
-5.6 9.97301
-5.5 10.1636
-5.4 10.3717
-5.3 10.6086
-5.2 10.9098
-5.1 11.2897
-5 11.7625
-4.9 12.3305
-4.8 12.6407
-4.7 12.7411
-4.6 12.5186
-4.5 12.5051
-4.4 12.5093
-4.3 12.6251
-4.2 12.7618
-4.1 12.8314
-4 12.8499
-3.9 12.9173
-3.8 13.1027
-3.7 13.0787
-3.6 13.1621
-3.5 13.2455
-3.4 13.2726
-3.3 13.3554
-3.2 13.4843
-3.1 13.4757
-3 13.5496
-2.9 13.5205
-2.8 13.6676
-2.7 13.7909
-2.6 13.8075
-2.5 13.8392
-2.4 13.8447
-2.3 13.9594
-2.2 14.0078
-2.1 14.0925
-2 14.2239
-1.9 14.375
-1.8 14.4693
-1.7 14.5759
-1.6 14.669
-1.5 14.8688
-1.4 14.9212
-1.3 14.9188
-1.2 14.9075
-1.1 15.118
-1 15.2168
-0.9 15.3663
-0.8 15.3899
-0.7 15.3823
-0.6 15.662
-0.5 15.8245
-0.4 15.8823
-0.3 15.8893
-0.2 18.0202
-0.1 18.4461
0 18.701
0.1 18.5905
0.2 18.5828
0.3 16.9996
0.4 17.2642
0.5 17.548
0.6 17.3513
0.7 17.3345
0.8 17.596
0.9 18.1091
1 18.4815
1.1 18.5664
1.2 18.296
1.3 18.5356
1.4 19.1638
1.5 19.4479
1.6 19.3458
1.7 19.4208
1.8 19.5002
1.9 20.064
2 20.8411
2.1 21.0963
2.2 20.7001
2.3 20.8766
2.4 21.4438
2.5 21.9066
2.6 22.3112
2.7 22.2959
2.8 22.2047
2.9 22.4943
3 23.5441
3.1 24.8838
3.2 25.083
3.3 24.7233
3.4 24.3117
3.5 24.5
3.6 26.1868
3.7 27.5643
3.8 28.5456
3.9 28.6491
4 28.531
4.1 29.7745
4.2 31.3266
4.3 33.6099
4.4 35.2307
4.5 35.9833
4.6 36.3959
4.7 39.4134
4.8 43.6092
4.9 51.7862
5 59.29
5.1 65.7804
5.2 69.6486
5.3 82.5979
5.4 83.6386
5.5 97.3116
5.6 58.0037
5.7 26.9852
5.8 30.5658
5.9 36.8501
6 50.6342
6.1 117.443
6.2 0
6.3 0
6.4 0
6.5 0
6.6 0
6.7 0
6.8 0
6.9 0
7 0
7.1 0
7.2 0
7.3 0
7.4 0
7.5 0
7.6 0
7.7 0
7.8 0
7.9 0
8 0
8.1 0
8.2 0
8.3 0
8.4 0
8.5 0
8.6 0
8.7 0
8.8 0
8.9 0
9 0
9.1 0
9.2 0
9.3 0
9.4 0
9.5 0
9.6 0
9.7 0
9.8 0
9.9 0
10 0
10.1 0
10.2 0
