1 8.07159e-10 5.64171e-10
3 5.67161e-13 3.0241e-14
5 9.18733e-13 4.97796e-14
7 2.12125e-08 2.77373e-09
9 0.00224883 9.15731e-07
11 0.00324747 1.09527e-06
13 0.000912657 4.92221e-07
15 0.000457987 4.33828e-07
17 0.000264718 2.759e-07
19 0.00017684 2.34687e-07
21 0.000120493 1.43913e-07
23 9.04503e-05 1.26749e-07
25 6.7832e-05 1.15598e-07
27 4.776e-05 7.68482e-08
29 3.90197e-05 6.28349e-08
31 3.03172e-05 5.04123e-08
33 2.60405e-05 4.45499e-08
35 2.30368e-05 3.53773e-08
37 2.05434e-05 3.0595e-08
39 1.52388e-05 2.37679e-08
41 1.30751e-05 2.08089e-08
43 1.15743e-05 1.79794e-08
45 1.03358e-05 1.61733e-08
47 9.30633e-06 1.44466e-08
49 8.45158e-06 1.35754e-08
51 7.72994e-06 1.26765e-08
53 6.47763e-06 1.07503e-08
55 5.36455e-06 9.29874e-09
57 4.87417e-06 8.57303e-09
59 4.2528e-06 7.24293e-09
61 3.85073e-06 6.5154e-09
63 3.47234e-06 5.95772e-09
65 3.08737e-06 5.43507e-09
67 2.82173e-06 4.74794e-09
69 2.59617e-06 4.39023e-09
71 2.3221e-06 3.77216e-09
73 2.11573e-06 3.42889e-09
75 1.95739e-06 3.11052e-09
77 1.81945e-06 2.83344e-09
79 1.68583e-06 2.59228e-09
81 1.49593e-06 2.37202e-09
83 1.3968e-06 2.19144e-09
85 1.30513e-06 2.1224e-09
87 1.22626e-06 1.9542e-09
89 1.1551e-06 1.80573e-09
91 1.08687e-06 1.79959e-09
93 9.53463e-07 1.53046e-09
95 8.98023e-07 1.46075e-09
97 8.45624e-07 1.44929e-09
99 7.9984e-07 1.29644e-09
101 7.58831e-07 1.27989e-09
103 7.2101e-07 1.19902e-09
105 6.87567e-07 1.11829e-09
107 6.56007e-07 1.13729e-09
109 6.08383e-07 1.00843e-09
111 5.29803e-07 8.33326e-10
113 5.0914e-07 8.36185e-10
115 4.84895e-07 8.39967e-10
117 4.62529e-07 7.54642e-10
119 4.42205e-07 7.47073e-10
121 4.23604e-07 7.04386e-10
123 4.06244e-07 6.78082e-10
125 3.90244e-07 6.55967e-10
127 3.75688e-07 6.44133e-10
129 3.61981e-07 5.81528e-10
131 3.49171e-07 5.78834e-10
133 3.37513e-07 5.75055e-10
135 3.26067e-07 5.54079e-10
137 2.86336e-07 4.82365e-10
139 2.63787e-07 4.51375e-10
141 2.59485e-07 4.34854e-10
143 2.49963e-07 4.24695e-10
145 2.41229e-07 4.04343e-10
147 2.33133e-07 3.80443e-10
149 2.25443e-07 3.87125e-10
151 2.18338e-07 3.66095e-10
153 2.11607e-07 3.64088e-10
155 2.04621e-07 3.31596e-10
157 1.85065e-07 3.29532e-10
159 1.73956e-07 2.88271e-10
161 1.67204e-07 2.91299e-10
163 1.63068e-07 2.89423e-10
165 1.57589e-07 2.67449e-10
167 1.52443e-07 2.70134e-10
169 1.4751e-07 2.712e-10
171 1.42979e-07 2.50625e-10
173 1.38803e-07 2.46527e-10
175 1.34511e-07 2.42051e-10
177 1.30925e-07 2.35102e-10
179 1.27364e-07 2.40901e-10
181 1.23742e-07 2.07133e-10
183 1.19984e-07 2.21146e-10
185 1.08582e-07 2.112e-10
187 1.02892e-07 1.7933e-10
189 9.79616e-08 1.76394e-10
191 9.48356e-08 1.74809e-10
193 9.36836e-08 1.69156e-10
195 9.09895e-08 1.61145e-10
197 8.84272e-08 1.55427e-10
199 8.62392e-08 1.601e-10
201 8.3858e-08 1.55704e-10
203 8.17385e-08 1.42722e-10
205 7.98443e-08 1.47863e-10
207 7.77659e-08 1.42144e-10
209 7.60536e-08 1.48025e-10
211 7.42118e-08 1.44012e-10
213 7.25281e-08 1.34068e-10
215 7.08907e-08 1.34222e-10
217 6.92777e-08 1.24621e-10
219 6.7927e-08 1.20315e-10
221 6.64398e-08 1.27589e-10
223 6.51277e-08 1.22049e-10
225 6.38384e-08 1.29044e-10
227 5.785e-08 1.1897e-10
229 5.37953e-08 1.03893e-10
231 5.14085e-08 1.1346e-10
233 4.92212e-08 1.1539e-10
235 4.73414e-08 1.04739e-10
237 4.56802e-08 1.03771e-10
239 4.51566e-08 9.61531e-11
241 4.53475e-08 9.38732e-11
243 4.4178e-08 1.13501e-10
245 4.32538e-08 9.44344e-11
247 4.24865e-08 1.1039e-10
249 4.15003e-08 1.01819e-10
251 4.07451e-08 9.65186e-11
253 4.0004e-08 9.75502e-11
255 3.9169e-08 9.91419e-11
257 3.84564e-08 9.3643e-11
259 3.77139e-08 9.2906e-11
261 3.70564e-08 8.88127e-11
263 3.64066e-08 9.20578e-11
265 3.57552e-08 9.19092e-11
267 3.51678e-08 9.18779e-11
269 3.45987e-08 8.78735e-11
271 3.40391e-08 8.91253e-11
273 3.34466e-08 8.13539e-11
275 3.29694e-08 8.70607e-11
277 3.24275e-08 8.9796e-11
279 3.18861e-08 8.12141e-11
281 3.149e-08 8.24898e-11
283 3.08673e-08 8.09674e-11
285 3.05239e-08 8.27679e-11
287 3.00708e-08 8.25169e-11
289 2.95229e-08 8.04521e-11
291 2.92227e-08 7.95348e-11
293 2.87356e-08 7.9123e-11
295 2.83952e-08 7.69155e-11
297 2.79662e-08 7.52835e-11
299 2.76308e-08 8.07864e-11
301 2.60418e-08 7.37344e-11
303 2.37787e-08 7.09081e-11
305 2.28199e-08 7.79355e-11
307 2.19369e-08 6.64742e-11
309 2.12302e-08 6.72783e-11
311 2.04118e-08 6.2789e-11
313 2.11316e-08 6.38522e-11
315 2.08911e-08 6.8315e-11
317 2.04664e-08 6.2472e-11
319 2.02374e-08 5.94141e-11
321 1.99997e-08 6.63019e-11
323 1.94959e-08 5.69675e-11
325 1.8868e-08 5.73983e-11
327 1.85202e-08 6.51351e-11
329 1.80613e-08 5.63952e-11
331 1.77844e-08 5.6639e-11
333 1.74963e-08 5.45339e-11
335 1.7064e-08 6.49971e-11
337 1.69919e-08 5.42433e-11
339 1.67112e-08 5.76603e-11
341 1.63948e-08 5.6702e-11
343 1.61895e-08 5.9168e-11
345 1.60199e-08 5.48761e-11
347 1.57023e-08 5.63268e-11
349 1.54567e-08 5.92199e-11
351 1.50417e-08 5.55298e-11
353 1.47798e-08 5.58175e-11
355 1.44474e-08 5.72987e-11
357 1.41922e-08 5.35091e-11
359 1.40224e-08 5.46992e-11
361 1.38212e-08 5.23764e-11
363 1.34907e-08 5.385e-11
365 1.33695e-08 4.89923e-11
367 1.31459e-08 5.60556e-11
369 1.29888e-08 4.78864e-11
371 1.2737e-08 5.59092e-11
373 1.25821e-08 4.81075e-11
375 1.24576e-08 5.14164e-11
377 1.23672e-08 4.75764e-11
379 1.20769e-08 5.36337e-11
381 1.19389e-08 5.00448e-11
383 1.17329e-08 4.55961e-11
385 1.14655e-08 4.77951e-11
387 1.11963e-08 5.04788e-11
389 1.1031e-08 4.7712e-11
391 1.08869e-08 5.02049e-11
393 1.07863e-08 4.97715e-11
395 1.06168e-08 5.14587e-11
397 1.04479e-08 4.09662e-11
399 1.03478e-08 4.66565e-11
401 1.02178e-08 5.06572e-11
403 1.0187e-08 5.00016e-11
405 1.00553e-08 5.20101e-11
407 9.85319e-09 4.16291e-11
409 9.82814e-09 4.38042e-11
411 9.72564e-09 4.91828e-11
413 9.62589e-09 4.40643e-11
415 9.5122e-09 4.5922e-11
417 9.3696e-09 4.56878e-11
419 9.29554e-09 4.53764e-11
421 9.24829e-09 3.96238e-11
423 9.11478e-09 4.80699e-11
425 8.84248e-09 4.45853e-11
427 8.6523e-09 4.3639e-11
429 8.55761e-09 4.19396e-11
431 8.47232e-09 4.58401e-11
433 8.32719e-09 3.96032e-11
435 8.21794e-09 3.73594e-11
437 8.05951e-09 4.21108e-11
439 7.85879e-09 3.94405e-11
441 7.84333e-09 3.83234e-11
443 7.70209e-09 4.27789e-11
445 7.65644e-09 3.83592e-11
447 7.55311e-09 3.7106e-11
449 7.53943e-09 3.97332e-11
451 7.45364e-09 3.91243e-11
453 7.36555e-09 3.44161e-11
455 7.36652e-09 3.55451e-11
457 7.21969e-09 3.88027e-11
459 7.19479e-09 3.75911e-11
461 7.09706e-09 4.30664e-11
463 7.09007e-09 4.06512e-11
465 6.97237e-09 3.84193e-11
467 6.93668e-09 3.70413e-11
469 6.89741e-09 3.36678e-11
471 6.77513e-09 3.53626e-11
473 6.76844e-09 3.63454e-11
475 6.70288e-09 3.62825e-11
477 6.3548e-09 3.37521e-11
479 6.23805e-09 3.64937e-11
481 6.12986e-09 3.29136e-11
483 6.05706e-09 3.47574e-11
485 5.99064e-09 3.14752e-11
487 5.86825e-09 3.12768e-11
489 5.84418e-09 3.36077e-11
491 5.77969e-09 3.81215e-11
493 5.71402e-09 3.19995e-11
495 5.68485e-09 3.54294e-11
497 5.64154e-09 3.31539e-11
499 5.52995e-09 3.19568e-11
501 5.51851e-09 2.94088e-11
503 5.41184e-09 3.58404e-11
505 5.40568e-09 3.01921e-11
507 5.28231e-09 3.3209e-11
509 5.32215e-09 3.30563e-11
511 5.32286e-09 3.71092e-11
513 5.28637e-09 2.96408e-11
515 5.26976e-09 3.40739e-11
517 5.18992e-09 3.30841e-11
519 5.19508e-09 2.98473e-11
521 5.11381e-09 3.26428e-11
523 5.11278e-09 3.14957e-11
525 5.05351e-09 3.25925e-11
527 5.04589e-09 2.99564e-11
529 5.01898e-09 3.46744e-11
531 4.97425e-09 3.08998e-11
533 4.94014e-09 3.35686e-11
535 4.93173e-09 2.73079e-11
537 4.90696e-09 3.33068e-11
539 4.84359e-09 2.78767e-11
541 4.77308e-09 3.51544e-11
543 4.71798e-09 2.65258e-11
545 4.63301e-09 2.96962e-11
547 4.56907e-09 2.52469e-11
549 4.55088e-09 3.42548e-11
551 4.45536e-09 2.50632e-11
553 4.1923e-09 2.968e-11
555 4.21693e-09 2.90064e-11
557 4.14013e-09 2.97699e-11
559 4.1525e-09 2.60166e-11
561 4.1029e-09 2.69737e-11
563 4.09412e-09 2.63051e-11
565 4.07052e-09 2.55116e-11
567 4.03776e-09 2.74557e-11
569 3.92739e-09 2.36807e-11
571 3.99952e-09 2.78434e-11
573 3.87343e-09 2.55349e-11
575 3.93309e-09 2.53658e-11
577 3.91457e-09 2.56878e-11
579 3.85148e-09 2.93533e-11
581 3.85613e-09 2.53698e-11
583 3.75843e-09 2.90949e-11
585 3.77365e-09 2.58312e-11
587 3.72593e-09 2.70157e-11
589 3.7751e-09 2.57857e-11
591 3.64781e-09 2.51388e-11
593 3.67884e-09 2.9026e-11
595 3.67851e-09 2.39232e-11
597 3.64736e-09 2.41398e-11
599 3.5975e-09 2.37773e-11
601 3.58336e-09 2.5994e-11
603 3.57666e-09 2.52996e-11
605 3.5728e-09 2.74462e-11
607 3.59995e-09 2.65834e-11
609 3.58397e-09 2.93904e-11
611 3.54602e-09 2.45683e-11
613 3.53848e-09 2.46458e-11
615 3.50487e-09 2.74597e-11
617 3.52318e-09 2.25763e-11
619 3.48185e-09 2.65373e-11
621 3.40033e-09 2.04497e-11
623 3.36362e-09 2.81414e-11
625 3.37905e-09 2.34111e-11
627 3.35144e-09 2.31467e-11
629 2.98386e-09 2.25625e-11
631 2.9487e-09 2.14201e-11
633 2.9211e-09 2.53489e-11
635 2.92684e-09 2.26432e-11
637 2.92149e-09 2.30626e-11
639 2.89245e-09 2.26632e-11
641 2.92558e-09 2.3218e-11
643 2.93287e-09 2.34477e-11
645 2.90679e-09 2.04448e-11
647 2.8957e-09 2.11299e-11
649 2.88736e-09 2.38479e-11
651 2.89719e-09 2.13568e-11
653 2.87214e-09 1.88966e-11
655 2.88314e-09 2.49372e-11
657 2.86216e-09 2.06314e-11
659 2.82503e-09 2.39755e-11
661 2.87004e-09 2.24351e-11
663 2.82896e-09 2.03239e-11
665 2.81441e-09 2.37135e-11
667 2.82118e-09 1.98055e-11
669 2.77481e-09 1.941e-11
671 2.70399e-09 2.56532e-11
673 2.65962e-09 2.14195e-11
675 2.63878e-09 2.0372e-11
677 2.67475e-09 2.35817e-11
679 2.60819e-09 2.10752e-11
681 2.62272e-09 2.15833e-11
683 2.61502e-09 2.54247e-11
685 2.59563e-09 2.04016e-11
687 2.58581e-09 2.1523e-11
689 2.56575e-09 2.33652e-11
691 2.56021e-09 1.99628e-11
693 2.49638e-09 2.09516e-11
695 2.52547e-09 2.6432e-11
697 2.49987e-09 2.04877e-11
699 2.46881e-09 1.82994e-11
701 2.47792e-09 2.4836e-11
703 2.47986e-09 1.97968e-11
705 2.47537e-09 1.96793e-11
707 2.42582e-09 2.14236e-11
709 2.43809e-09 2.11423e-11
711 2.41784e-09 2.18194e-11
713 2.38244e-09 2.11224e-11
715 2.37322e-09 2.28762e-11
717 2.39914e-09 2.18635e-11
719 2.38184e-09 2.12637e-11
721 2.347e-09 2.16995e-11
723 2.34111e-09 2.02628e-11
725 2.33912e-09 2.2077e-11
727 2.33743e-09 2.18201e-11
729 2.29584e-09 1.98381e-11
731 2.25041e-09 2.06578e-11
733 2.18217e-09 2.08425e-11
735 2.21266e-09 1.81234e-11
737 2.17736e-09 1.87859e-11
739 2.15719e-09 2.05962e-11
741 2.15477e-09 2.06772e-11
743 2.14013e-09 1.88064e-11
745 2.12002e-09 2.09586e-11
747 2.09051e-09 2.11261e-11
749 2.0756e-09 1.8037e-11
751 2.08586e-09 1.75375e-11
753 2.01962e-09 1.84005e-11
755 2.03155e-09 1.82169e-11
757 2.01889e-09 1.92422e-11
759 2.02192e-09 1.76231e-11
761 2.00417e-09 2.00218e-11
763 2.02124e-09 1.94546e-11
765 2.02301e-09 1.70921e-11
767 1.99477e-09 1.71605e-11
769 2.0055e-09 1.80928e-11
771 1.99219e-09 1.74716e-11
773 1.98876e-09 1.86554e-11
775 1.96186e-09 1.927e-11
777 1.95314e-09 1.89454e-11
779 1.93864e-09 1.77873e-11
781 1.95073e-09 1.60898e-11
783 1.91627e-09 1.8371e-11
785 1.9152e-09 2.00088e-11
787 1.91101e-09 1.73917e-11
789 1.9218e-09 1.62212e-11
791 1.88198e-09 1.65777e-11
793 1.89103e-09 1.94973e-11
795 1.86932e-09 1.83773e-11
797 1.8625e-09 1.93534e-11
799 1.86134e-09 1.73676e-11
801 1.84973e-09 1.79347e-11
803 1.84123e-09 1.80489e-11
805 1.84315e-09 1.7668e-11
807 1.83471e-09 1.82086e-11
809 1.82171e-09 1.68498e-11
811 1.83275e-09 1.98059e-11
813 1.82154e-09 1.66288e-11
815 1.7963e-09 1.68689e-11
817 1.81264e-09 1.85094e-11
819 1.79778e-09 1.80799e-11
821 1.79598e-09 1.47694e-11
823 1.8019e-09 1.60813e-11
825 1.77296e-09 1.82522e-11
827 1.76692e-09 1.72264e-11
829 1.76693e-09 1.75216e-11
831 1.75226e-09 1.69287e-11
833 1.75375e-09 1.77145e-11
835 1.74895e-09 1.74796e-11
837 1.75289e-09 1.69855e-11
839 1.74829e-09 1.56326e-11
841 1.72797e-09 1.76356e-11
843 1.74039e-09 1.75962e-11
845 1.72848e-09 1.68314e-11
847 1.7209e-09 1.83186e-11
849 1.71078e-09 1.66684e-11
851 1.69404e-09 1.73251e-11
853 1.7266e-09 1.67043e-11
855 1.7095e-09 1.62195e-11
857 1.71391e-09 1.49117e-11
859 1.70705e-09 1.87089e-11
861 1.70019e-09 1.66121e-11
863 1.71465e-09 1.59138e-11
865 1.70463e-09 1.74465e-11
867 1.71403e-09 1.66982e-11
869 1.69675e-09 1.82231e-11
871 1.71024e-09 1.6018e-11
873 1.68616e-09 1.68308e-11
875 1.69895e-09 1.51493e-11
877 1.6759e-09 1.40867e-11
879 1.66201e-09 1.59896e-11
881 1.69904e-09 1.6871e-11
883 1.68363e-09 1.72245e-11
885 1.69401e-09 1.36877e-11
887 1.71021e-09 1.64364e-11
889 1.70746e-09 1.51441e-11
891 1.71654e-09 1.65465e-11
893 1.69042e-09 1.78585e-11
895 1.6858e-09 1.59919e-11
897 1.68787e-09 1.38801e-11
899 1.67731e-09 1.59465e-11
901 1.61576e-09 1.61371e-11
903 1.61162e-09 1.60752e-11
905 1.58513e-09 1.59931e-11
907 1.55552e-09 1.56701e-11
909 1.56337e-09 1.42939e-11
911 1.56749e-09 1.37536e-11
913 1.57914e-09 1.53114e-11
915 1.53965e-09 1.43362e-11
917 1.53481e-09 1.54185e-11
919 1.55615e-09 1.50551e-11
921 1.51534e-09 1.64012e-11
923 1.51323e-09 1.5691e-11
925 1.52586e-09 1.6331e-11
927 1.52241e-09 1.49367e-11
929 1.48351e-09 1.4145e-11
931 1.48398e-09 1.45123e-11
933 1.50133e-09 1.41013e-11
935 1.48836e-09 1.25325e-11
937 1.48792e-09 1.47764e-11
939 1.47392e-09 1.48602e-11
941 1.47055e-09 1.55854e-11
943 1.46014e-09 1.28248e-11
945 1.46167e-09 1.42355e-11
947 1.44476e-09 1.44265e-11
949 1.46424e-09 1.46074e-11
951 1.47893e-09 1.33422e-11
953 1.47277e-09 1.33948e-11
955 1.45622e-09 1.19148e-11
957 1.45741e-09 1.3285e-11
959 1.46082e-09 1.46259e-11
961 1.45186e-09 1.33649e-11
963 1.45161e-09 1.43747e-11
965 1.45622e-09 1.33677e-11
967 1.45747e-09 1.43619e-11
969 1.44259e-09 1.26835e-11
971 1.46025e-09 1.2842e-11
973 1.43684e-09 1.41713e-11
975 1.42961e-09 1.3822e-11
977 1.45063e-09 1.41846e-11
979 1.45068e-09 1.38276e-11
981 1.48827e-09 1.34568e-11
983 1.50989e-09 1.33382e-11
985 1.47154e-09 1.3034e-11
987 1.49738e-09 1.58538e-11
989 1.47778e-09 1.3276e-11
991 1.49109e-09 1.41337e-11
993 1.51876e-09 1.35343e-11
995 1.47838e-09 1.10789e-11
997 1.50194e-09 1.33034e-11
999 1.48298e-09 1.31944e-11
1001 1.48104e-09 1.46145e-11
1003 1.47384e-09 1.24403e-11
1005 1.47909e-09 1.48305e-11
1007 1.51083e-09 1.277e-11
1009 1.49093e-09 1.21283e-11
1011 1.50405e-09 1.48205e-11
1013 1.49295e-09 1.31471e-11
1015 1.5021e-09 1.37041e-11
1017 1.50779e-09 1.23614e-11
1019 1.47762e-09 1.41357e-11
1021 1.53288e-09 1.3556e-11
1023 1.4921e-09 1.16665e-11
1025 1.49823e-09 1.24866e-11
1027 1.50571e-09 1.25609e-11
1029 1.50492e-09 1.19339e-11
1031 1.51798e-09 1.31546e-11
1033 1.50835e-09 1.44533e-11
1035 1.51754e-09 1.44741e-11
1037 1.51919e-09 1.31868e-11
1039 1.50193e-09 1.3398e-11
1041 1.53742e-09 1.29598e-11
1043 1.5091e-09 1.37325e-11
1045 1.53343e-09 1.52471e-11
1047 1.50269e-09 1.30212e-11
1049 1.5506e-09 1.44515e-11
1051 1.55146e-09 1.38462e-11
1053 1.53846e-09 1.28852e-11
1055 1.52799e-09 1.41175e-11
1057 1.53332e-09 1.20677e-11
1059 1.55639e-09 1.28224e-11
1061 1.57784e-09 1.34781e-11
1063 1.55439e-09 1.44427e-11
1065 1.59113e-09 1.43132e-11
1067 1.61122e-09 1.4471e-11
1069 1.58778e-09 1.26072e-11
1071 1.61999e-09 1.19211e-11
1073 1.61369e-09 1.4746e-11
1075 1.63722e-09 1.4415e-11
1077 1.6369e-09 1.27694e-11
1079 1.66735e-09 1.28426e-11
1081 1.66662e-09 1.62191e-11
1083 1.67641e-09 1.41106e-11
1085 1.61522e-09 1.24333e-11
1087 1.64794e-09 1.15884e-11
1089 1.66302e-09 1.18361e-11
1091 1.84354e-09 1.3516e-11
1093 2.01657e-09 1.33823e-11
1095 2.1396e-09 1.50227e-11
1097 2.26183e-09 1.48294e-11
1099 2.33923e-09 1.39811e-11
1101 2.40376e-09 1.41525e-11
1103 2.55345e-09 1.48211e-11
1105 2.89011e-09 1.5243e-11
1107 3.46142e-09 1.51212e-11
1109 4.60143e-09 1.80251e-11
1111 7.64137e-09 1.88568e-11
1113 5.37254e-10 1.07019e-11
1115 5.48747e-10 9.82439e-12
1117 5.3288e-10 9.58966e-12
1119 5.43799e-10 9.23244e-12
1121 5.3779e-10 1.07657e-11
1123 5.40833e-10 1.02745e-11
1125 5.38746e-10 9.86379e-12
1127 5.48172e-10 1.07442e-11
1129 5.41263e-10 1.13004e-11
1131 5.40491e-10 1.00006e-11
1133 5.31578e-10 9.56351e-12
1135 5.40913e-10 1.01574e-11
1137 5.54429e-10 1.07111e-11
1139 5.17411e-10 9.96518e-12
1141 5.27916e-10 9.72513e-12
1143 5.40119e-10 1.00183e-11
1145 5.50109e-10 1.05202e-11
1147 5.32631e-10 9.50276e-12
1149 5.2882e-10 1.02622e-11
1151 5.38473e-10 9.67664e-12
1153 5.35493e-10 9.3012e-12
1155 5.48449e-10 1.02035e-11
1157 5.25577e-10 1.03781e-11
1159 5.23506e-10 9.91712e-12
1161 5.37512e-10 1.00331e-11
1163 5.26933e-10 1.05523e-11
1165 5.25093e-10 9.20224e-12
1167 5.25152e-10 9.49462e-12
1169 5.33026e-10 8.96687e-12
1171 5.30068e-10 1.00507e-11
1173 5.20236e-10 8.51356e-12
1175 5.22045e-10 9.92861e-12
1177 5.21569e-10 1.07816e-11
1179 5.33671e-10 9.3873e-12
1181 5.22479e-10 1.06915e-11
1183 5.1893e-10 9.66483e-12
1185 5.2231e-10 8.77595e-12
1187 5.15776e-10 9.70234e-12
1189 5.22343e-10 9.81016e-12
1191 5.08407e-10 9.22334e-12
1193 5.16755e-10 1.04816e-11
1195 4.79182e-10 8.28147e-12
1197 4.79264e-10 1.03627e-11
1199 4.76415e-10 9.33487e-12
1201 4.67427e-10 9.30971e-12
1203 4.54162e-10 9.51423e-12
1205 4.55012e-10 9.00999e-12
1207 4.32566e-10 9.39469e-12
1209 4.41765e-10 8.1749e-12
1211 4.48775e-10 8.37537e-12
1213 4.30333e-10 8.97375e-12
1215 4.347e-10 9.44523e-12
1217 4.29951e-10 9.28969e-12
1219 4.36642e-10 9.80332e-12
1221 4.37208e-10 9.23642e-12
1223 4.20552e-10 8.58917e-12
1225 4.28042e-10 7.83836e-12
1227 4.04348e-10 7.95453e-12
1229 4.0951e-10 9.42183e-12
1231 4.07743e-10 7.77516e-12
1233 4.15685e-10 8.40907e-12
1235 4.08416e-10 8.34183e-12
1237 4.03775e-10 8.19655e-12
1239 4.22648e-10 8.29741e-12
1241 4.2928e-10 8.64338e-12
1243 4.28735e-10 9.70137e-12
1245 4.20984e-10 8.88918e-12
1247 4.22682e-10 7.8053e-12
1249 4.03017e-10 8.87215e-12
1251 3.99842e-10 8.69259e-12
1253 4.23658e-10 7.96581e-12
1255 4.16311e-10 8.80787e-12
1257 4.11325e-10 7.73333e-12
1259 4.04646e-10 8.1746e-12
1261 4.27319e-10 8.95019e-12
1263 4.12218e-10 9.27618e-12
1265 4.12636e-10 9.3776e-12
1267 4.10903e-10 7.90324e-12
1269 4.07236e-10 8.45891e-12
1271 4.01571e-10 7.74335e-12
1273 3.86868e-10 8.62305e-12
1275 4.02326e-10 8.09753e-12
1277 4.04339e-10 8.24361e-12
1279 4.10498e-10 8.02707e-12
1281 4.11437e-10 7.79271e-12
1283 3.96851e-10 7.58639e-12
1285 3.85995e-10 8.11985e-12
1287 4.03741e-10 8.59122e-12
1289 3.78404e-10 8.09372e-12
1291 3.84744e-10 7.63404e-12
1293 3.82912e-10 8.14952e-12
1295 3.71435e-10 7.97076e-12
1297 3.59305e-10 7.93877e-12
1299 3.8975e-10 7.78027e-12
1301 3.76395e-10 7.91676e-12
1303 3.94961e-10 8.69873e-12
1305 3.71726e-10 7.15399e-12
1307 3.67849e-10 7.85051e-12
1309 3.8474e-10 7.42435e-12
1311 3.7206e-10 8.25426e-12
1313 3.64919e-10 8.21855e-12
1315 3.67462e-10 7.53021e-12
1317 3.67926e-10 7.54991e-12
1319 3.61665e-10 8.83211e-12
1321 3.53652e-10 6.95135e-12
1323 3.61804e-10 7.92358e-12
1325 3.63182e-10 8.05319e-12
1327 3.7237e-10 7.62987e-12
1329 3.62351e-10 8.28341e-12
1331 3.52209e-10 7.4334e-12
1333 3.62508e-10 8.15471e-12
1335 3.62523e-10 7.43682e-12
1337 3.62765e-10 7.75767e-12
1339 3.51398e-10 7.83705e-12
1341 3.55233e-10 7.24244e-12
1343 3.49101e-10 7.65284e-12
1345 3.49692e-10 8.31509e-12
1347 3.47638e-10 7.23857e-12
1349 3.47541e-10 6.85388e-12
1351 3.60022e-10 7.58397e-12
1353 3.52977e-10 7.74015e-12
1355 3.60234e-10 6.85337e-12
1357 3.33958e-10 7.88753e-12
1359 3.50024e-10 7.72912e-12
1361 3.63548e-10 6.9979e-12
1363 3.52628e-10 8.03413e-12
1365 3.41535e-10 7.14861e-12
1367 3.28676e-10 6.75801e-12
1369 3.50018e-10 7.0507e-12
1371 3.43648e-10 8.19036e-12
1373 3.40692e-10 7.84421e-12
1375 3.21726e-10 7.5544e-12
1377 3.38503e-10 6.46714e-12
1379 3.3834e-10 6.71698e-12
1381 3.46004e-10 6.24016e-12
1383 3.37681e-10 7.16114e-12
1385 3.26213e-10 7.07415e-12
1387 3.36776e-10 7.88574e-12
1389 3.29693e-10 6.64323e-12
1391 3.239e-10 7.14381e-12
1393 3.24489e-10 7.07725e-12
1395 3.16877e-10 6.49919e-12
1397 3.308e-10 6.31963e-12
1399 3.18311e-10 7.59755e-12
1401 3.15656e-10 7.36255e-12
1403 3.11573e-10 6.48755e-12
1405 3.18827e-10 6.48017e-12
1407 3.1642e-10 6.68246e-12
1409 3.2638e-10 7.03635e-12
1411 3.18913e-10 7.14064e-12
1413 3.12379e-10 6.98941e-12
1415 3.0864e-10 7.33402e-12
1417 3.11095e-10 6.28566e-12
1419 3.20407e-10 7.28245e-12
1421 3.04446e-10 6.20037e-12
1423 3.00426e-10 7.66248e-12
1425 3.04966e-10 6.82479e-12
1427 3.11845e-10 6.71816e-12
1429 3.08169e-10 7.69839e-12
1431 3.04031e-10 6.70556e-12
1433 3.05123e-10 7.31932e-12
1435 3.07835e-10 6.68356e-12
1437 2.91872e-10 6.09089e-12
1439 2.97159e-10 6.01341e-12
1441 3.08665e-10 6.26046e-12
1443 2.90791e-10 6.14694e-12
1445 2.94675e-10 7.05685e-12
1447 3.0494e-10 6.22129e-12
1449 2.95968e-10 6.79179e-12
1451 2.98503e-10 6.21079e-12
1453 2.89763e-10 6.12404e-12
1455 2.95636e-10 7.03167e-12
1457 2.87919e-10 6.38411e-12
1459 2.95525e-10 7.19988e-12
1461 2.91562e-10 6.74002e-12
1463 2.97379e-10 7.15381e-12
1465 2.80834e-10 6.97663e-12
1467 3.07703e-10 7.79822e-12
1469 2.79762e-10 5.78346e-12
1471 2.7856e-10 5.6814e-12
1473 2.97629e-10 6.40199e-12
1475 2.94031e-10 6.28884e-12
1477 2.88723e-10 6.50455e-12
1479 2.89963e-10 5.76031e-12
1481 2.888e-10 6.50655e-12
1483 2.76556e-10 5.82829e-12
1485 2.87736e-10 6.53065e-12
1487 2.97108e-10 6.48004e-12
1489 2.74547e-10 6.37436e-12
1491 2.92841e-10 6.01966e-12
1493 2.79927e-10 5.92527e-12
1495 2.86661e-10 6.14304e-12
1497 2.69927e-10 6.79743e-12
1499 2.92429e-10 7.47166e-12
1501 2.82406e-10 6.12999e-12
1503 2.71999e-10 6.18356e-12
1505 2.80014e-10 6.00267e-12
1507 2.81213e-10 5.99094e-12
1509 2.76574e-10 6.47289e-12
1511 2.82052e-10 6.12456e-12
1513 2.75789e-10 5.7607e-12
1515 2.72511e-10 5.49971e-12
1517 2.65072e-10 6.07288e-12
1519 2.74465e-10 6.97921e-12
1521 2.74019e-10 6.44489e-12
1523 2.72609e-10 6.44553e-12
1525 2.72843e-10 5.7359e-12
1527 2.68854e-10 6.36711e-12
1529 2.69015e-10 6.00586e-12
1531 2.65334e-10 6.38414e-12
1533 2.63587e-10 6.44489e-12
1535 2.51882e-10 5.81353e-12
1537 2.63963e-10 5.99637e-12
1539 2.63339e-10 5.65378e-12
1541 2.57661e-10 5.56904e-12
1543 2.6779e-10 5.84561e-12
1545 2.5904e-10 6.03437e-12
1547 2.68955e-10 6.20021e-12
1549 2.62716e-10 5.69507e-12
1551 2.6626e-10 5.84569e-12
1553 2.51043e-10 5.18815e-12
1555 2.55484e-10 6.01218e-12
1557 2.60976e-10 5.97147e-12
1559 2.61419e-10 5.96169e-12
1561 2.52347e-10 5.91153e-12
1563 2.57522e-10 5.78154e-12
1565 2.53201e-10 5.39719e-12
1567 2.57306e-10 5.99438e-12
1569 2.55153e-10 6.85414e-12
1571 2.55103e-10 6.14702e-12
1573 2.48393e-10 6.4144e-12
1575 2.52028e-10 4.87174e-12
1577 2.35422e-10 5.05108e-12
1579 2.59997e-10 6.18823e-12
1581 2.50661e-10 6.1371e-12
1583 2.41597e-10 5.05054e-12
1585 2.59261e-10 5.85491e-12
1587 2.41842e-10 5.4364e-12
1589 2.45155e-10 6.22806e-12
1591 2.40751e-10 5.47581e-12
1593 2.54224e-10 5.90552e-12
1595 2.43462e-10 6.28634e-12
1597 2.45127e-10 6.25599e-12
1599 2.44436e-10 5.75183e-12
1601 2.46977e-10 5.84591e-12
1603 2.40163e-10 5.79522e-12
1605 2.4852e-10 6.12118e-12
1607 2.40639e-10 6.21702e-12
1609 2.36721e-10 5.42872e-12
1611 2.37778e-10 6.18877e-12
1613 2.42561e-10 5.63191e-12
1615 2.36893e-10 5.79888e-12
1617 2.36969e-10 5.62406e-12
1619 2.37702e-10 5.45903e-12
1621 2.36006e-10 5.35599e-12
1623 2.43527e-10 5.16791e-12
1625 2.35567e-10 5.85392e-12
1627 2.39975e-10 5.47792e-12
1629 2.28454e-10 5.50189e-12
1631 2.3823e-10 5.76576e-12
1633 2.47589e-10 5.80731e-12
1635 2.34684e-10 6.27949e-12
1637 2.41039e-10 5.2635e-12
1639 2.32733e-10 6.37224e-12
1641 2.32874e-10 6.02165e-12
1643 2.33036e-10 5.55079e-12
1645 2.36597e-10 5.42781e-12
1647 2.31935e-10 6.0954e-12
1649 2.35104e-10 6.19461e-12
1651 2.28725e-10 6.12744e-12
1653 2.29734e-10 5.50724e-12
1655 2.24742e-10 5.59347e-12
1657 2.27635e-10 5.80054e-12
1659 2.3207e-10 5.3952e-12
1661 2.32677e-10 5.09431e-12
1663 2.26344e-10 5.57049e-12
1665 2.38545e-10 5.66455e-12
1667 2.3543e-10 6.24998e-12
1669 2.28543e-10 5.40323e-12
1671 2.19598e-10 5.53288e-12
1673 2.26584e-10 5.22315e-12
1675 2.26303e-10 5.83142e-12
1677 2.3118e-10 5.56527e-12
1679 2.21419e-10 4.76572e-12
1681 2.22843e-10 6.49333e-12
1683 2.12829e-10 5.43935e-12
1685 2.18118e-10 5.11033e-12
1687 2.20515e-10 5.20009e-12
1689 2.11333e-10 5.56257e-12
1691 2.21562e-10 5.25063e-12
1693 2.14169e-10 5.22524e-12
1695 2.11099e-10 5.62041e-12
1697 2.21758e-10 5.56385e-12
1699 2.08405e-10 5.61913e-12
1701 2.06114e-10 5.11144e-12
1703 2.13113e-10 5.30108e-12
1705 2.15813e-10 5.62679e-12
1707 2.19652e-10 5.32256e-12
1709 2.05842e-10 4.54446e-12
1711 2.16107e-10 5.42058e-12
1713 2.15761e-10 5.54279e-12
1715 2.05241e-10 4.93387e-12
1717 2.09297e-10 4.37835e-12
1719 2.1257e-10 5.08366e-12
1721 2.10729e-10 4.95658e-12
1723 2.11474e-10 5.64238e-12
1725 2.10505e-10 4.66029e-12
1727 2.0814e-10 5.85833e-12
1729 2.07165e-10 5.79084e-12
1731 1.97502e-10 4.3329e-12
1733 2.09218e-10 4.26012e-12
1735 2.01203e-10 5.48869e-12
1737 2.10033e-10 5.23604e-12
1739 2.05704e-10 5.98614e-12
1741 1.95767e-10 5.39172e-12
1743 1.96081e-10 4.49328e-12
1745 2.0031e-10 5.01012e-12
1747 1.95428e-10 5.20037e-12
1749 2.00497e-10 5.59249e-12
1751 1.95995e-10 5.14663e-12
1753 1.95577e-10 4.93882e-12
1755 1.99932e-10 4.81012e-12
1757 2.039e-10 4.18181e-12
1759 2.05799e-10 5.48433e-12
1761 2.01233e-10 4.68135e-12
1763 1.91942e-10 5.41204e-12
1765 1.94488e-10 4.87587e-12
1767 2.03899e-10 5.2468e-12
1769 1.99265e-10 5.05368e-12
1771 1.94813e-10 4.2618e-12
1773 2.03521e-10 5.6689e-12
1775 2.029e-10 4.98442e-12
1777 1.93305e-10 4.99352e-12
1779 1.90735e-10 5.37078e-12
1781 1.95451e-10 5.24496e-12
1783 2.08216e-10 4.95703e-12
1785 1.97634e-10 4.84176e-12
1787 1.94507e-10 5.23598e-12
1789 1.98385e-10 5.54672e-12
1791 1.94894e-10 4.90704e-12
1793 1.94723e-10 5.81306e-12
1795 1.87465e-10 4.76514e-12
1797 1.91168e-10 5.71966e-12
1799 1.81211e-10 5.58221e-12
1801 1.96445e-10 5.19552e-12
1803 1.94843e-10 4.78836e-12
1805 1.85545e-10 4.87949e-12
1807 1.91668e-10 5.09278e-12
1809 1.86007e-10 4.82342e-12
1811 1.96635e-10 4.88555e-12
1813 1.88556e-10 4.76287e-12
1815 1.93137e-10 4.64186e-12
1817 1.91453e-10 4.38395e-12
1819 1.86006e-10 4.39921e-12
1821 1.87503e-10 4.66683e-12
1823 1.93331e-10 5.46913e-12
1825 1.83762e-10 4.8784e-12
1827 1.93736e-10 5.08647e-12
1829 1.79544e-10 4.60127e-12
1831 1.83301e-10 5.09036e-12
1833 1.91687e-10 5.01979e-12
1835 1.8017e-10 4.9075e-12
1837 1.8717e-10 4.8799e-12
1839 1.89996e-10 4.92572e-12
1841 1.83885e-10 4.47853e-12
1843 1.79549e-10 4.73999e-12
1845 1.81615e-10 5.30513e-12
1847 1.83593e-10 3.95662e-12
1849 1.75644e-10 4.50531e-12
1851 1.76837e-10 4.91405e-12
1853 1.82194e-10 5.1579e-12
1855 1.76972e-10 5.28811e-12
1857 1.78946e-10 4.07039e-12
1859 1.81738e-10 5.40156e-12
1861 1.82647e-10 4.42139e-12
1863 1.79294e-10 4.97608e-12
1865 1.78193e-10 5.13465e-12
1867 1.83133e-10 4.90243e-12
1869 1.7944e-10 4.59872e-12
1871 1.76179e-10 4.69461e-12
1873 1.79452e-10 4.03527e-12
1875 1.7655e-10 4.60071e-12
1877 1.82117e-10 4.76932e-12
1879 1.8127e-10 4.76257e-12
1881 1.73656e-10 4.42635e-12
1883 1.78681e-10 4.56053e-12
1885 1.8244e-10 4.64572e-12
1887 1.76664e-10 4.6366e-12
1889 1.73263e-10 4.89291e-12
1891 1.85854e-10 4.68538e-12
1893 1.84875e-10 4.92669e-12
1895 1.91264e-10 4.67837e-12
1897 1.83927e-10 4.80397e-12
1899 1.76442e-10 4.59638e-12
1901 1.75579e-10 4.7978e-12
1903 1.7441e-10 4.50548e-12
1905 1.75052e-10 4.71782e-12
1907 1.76397e-10 4.86797e-12
1909 1.84758e-10 4.92967e-12
1911 1.77063e-10 4.19117e-12
1913 1.75074e-10 5.4e-12
1915 1.73697e-10 4.59515e-12
1917 1.87263e-10 4.80132e-12
1919 1.88435e-10 4.92849e-12
1921 1.74579e-10 4.74887e-12
1923 1.83949e-10 5.38571e-12
1925 1.76212e-10 5.09147e-12
1927 1.81498e-10 5.21509e-12
1929 1.85199e-10 4.501e-12
1931 1.7554e-10 4.37963e-12
1933 1.80932e-10 4.74508e-12
1935 1.79303e-10 4.44323e-12
1937 1.79767e-10 5.81278e-12
1939 1.71699e-10 4.84644e-12
1941 1.82253e-10 5.40576e-12
1943 1.73271e-10 4.83744e-12
1945 1.76201e-10 5.15476e-12
1947 1.72062e-10 4.63707e-12
1949 1.74014e-10 5.20912e-12
1951 1.74421e-10 5.13324e-12
1953 1.77204e-10 5.69531e-12
1955 1.7811e-10 4.65511e-12
1957 1.70415e-10 4.43969e-12
1959 1.71487e-10 4.32198e-12
1961 1.65316e-10 4.08253e-12
1963 1.71063e-10 4.63063e-12
1965 1.75903e-10 5.15872e-12
1967 1.66983e-10 4.72845e-12
1969 1.70519e-10 4.82243e-12
1971 1.80193e-10 5.08072e-12
1973 1.69117e-10 4.08836e-12
1975 1.72717e-10 5.15025e-12
1977 1.65987e-10 4.61301e-12
1979 1.85122e-10 5.21033e-12
1981 1.70653e-10 4.52588e-12
1983 1.71622e-10 4.14308e-12
1985 1.70751e-10 4.67678e-12
1987 1.66852e-10 5.01048e-12
1989 1.71921e-10 4.82517e-12
1991 1.69095e-10 4.60523e-12
1993 1.67143e-10 4.45455e-12
1995 1.69643e-10 5.18707e-12
1997 1.70515e-10 4.28146e-12
1999 1.67814e-10 5.03754e-12
