1.09967 5.43708e-09 3.66506e-10
3.099 5.47476e-09 2.98869e-10
5.09833 4.85977e-09 3.24605e-10
7.09767 4.53824e-09 3.32663e-10
9.097 5.40775e-09 3.41344e-10
11.0963 5.6402e-09 2.8915e-10
13.0957 5.18077e-09 3.05592e-10
15.095 5.23533e-09 3.09053e-10
17.0943 5.85516e-09 2.97089e-10
19.0937 5.31622e-09 2.94071e-10
21.093 5.64855e-09 3.04892e-10
23.0923 6.41615e-09 3.1139e-10
25.0917 5.58807e-09 3.0846e-10
27.091 6.84564e-09 3.22961e-10
29.0903 5.89395e-09 3.1689e-10
31.0897 7.04771e-09 3.19469e-10
33.089 6.42101e-09 3.23413e-10
35.0883 7.55937e-09 3.27512e-10
37.0877 6.9071e-09 3.22953e-10
39.087 7.64998e-09 3.01297e-10
41.0863 7.91495e-09 3.3568e-10
43.0857 7.68327e-09 3.23027e-10
45.085 8.51451e-09 3.08194e-10
47.0843 8.98621e-09 3.5696e-10
49.0837 8.48273e-09 3.20926e-10
51.083 9.17352e-09 3.46641e-10
53.0823 9.64985e-09 3.38939e-10
55.0817 9.83697e-09 3.41038e-10
57.081 1.0109e-08 3.54146e-10
59.0803 1.04038e-08 3.51296e-10
61.0797 1.08464e-08 3.73723e-10
63.079 1.08812e-08 4.07779e-10
65.0783 1.15143e-08 4.13072e-10
67.0777 1.1576e-08 4.25232e-10
69.077 1.19865e-08 4.2808e-10
71.0763 1.22396e-08 4.48273e-10
73.0757 1.25068e-08 4.71428e-10
75.075 1.25666e-08 4.76465e-10
77.0743 1.31907e-08 4.77688e-10
79.0737 1.32047e-08 5.12544e-10
81.073 1.36938e-08 5.25957e-10
83.0723 1.40226e-08 5.19872e-10
85.0717 1.42441e-08 5.34501e-10
87.071 1.45937e-08 5.43324e-10
89.0703 1.46245e-08 5.59081e-10
91.0697 1.53231e-08 6.03811e-10
93.069 1.52821e-08 5.79468e-10
95.0683 1.56411e-08 6.14734e-10
97.0677 1.58791e-08 6.26938e-10
99.067 1.61225e-08 6.38942e-10
101.066 1.62683e-08 6.48123e-10
103.066 1.64202e-08 6.76732e-10
105.065 1.62541e-08 6.80417e-10
107.064 1.63481e-08 7.24986e-10
109.064 1.61366e-08 7.40355e-10
111.063 1.62979e-08 7.68846e-10
113.062 1.62857e-08 7.70888e-10
115.062 1.62769e-08 7.69696e-10
117.061 1.59998e-08 7.72121e-10
119.06 1.54309e-08 7.88344e-10
121.06 1.52142e-08 7.79573e-10
123.059 1.52006e-08 8.02838e-10
125.058 1.50591e-08 8.26826e-10
127.058 1.4708e-08 8.0799e-10
129.057 1.42656e-08 8.1896e-10
131.056 1.34543e-08 8.10021e-10
133.056 1.27629e-08 8.00387e-10
135.055 1.207e-08 8.00869e-10
137.054 1.15138e-08 8.1319e-10
139.054 1.11505e-08 8.08949e-10
141.053 1.03394e-08 8.09914e-10
143.052 9.26664e-09 8.13251e-10
145.052 8.4984e-09 7.89767e-10
147.051 7.61009e-09 7.15623e-10
149.05 6.86831e-09 6.81498e-10
151.05 6.33797e-09 6.54673e-10
153.049 5.32902e-09 5.65908e-10
155.048 4.95023e-09 5.61429e-10
157.048 4.49315e-09 5.70764e-10
159.047 4.5268e-09 6.02038e-10
161.046 3.93396e-09 5.93745e-10
163.046 3.02414e-09 5.31705e-10
165.045 2.53272e-09 5.09106e-10
167.044 2.25584e-09 4.89111e-10
169.044 1.56238e-09 3.8475e-10
171.043 1.3853e-09 3.7994e-10
173.042 1.02576e-09 3.04453e-10
175.042 7.38978e-10 2.86015e-10
177.041 6.83923e-10 2.49847e-10
179.04 5.99002e-10 2.71339e-10
181.04 5.13484e-10 2.25255e-10
183.039 5.28692e-10 2.60486e-10
185.038 3.10374e-10 2.14485e-10
187.038 1.45484e-10 1.4359e-10
189.037 8.8933e-11 8.77755e-11
191.036 0 0
193.036 0 0
195.035 0 0
197.034 0 0
199.034 0 0
201.033 0 0
203.032 0 0
205.032 0 0
207.031 0 0
209.03 0 0
211.03 0 0
213.029 0 0
215.028 0 0
217.028 0 0
219.027 0 0
221.026 0 0
223.026 0 0
225.025 0 0
227.024 0 0
229.024 0 0
231.023 0 0
233.022 0 0
235.022 0 0
237.021 0 0
239.02 0 0
241.02 0 0
243.019 0 0
245.018 0 0
247.018 0 0
249.017 0 0
251.016 0 0
253.016 0 0
255.015 0 0
257.014 0 0
259.014 0 0
261.013 0 0
263.012 0 0
265.012 0 0
267.011 0 0
269.01 0 0
271.01 0 0
273.009 0 0
275.008 0 0
277.008 0 0
279.007 0 0
281.006 0 0
283.006 0 0
285.005 0 0
287.004 0 0
289.004 0 0
291.003 0 0
293.002 0 0
295.002 0 0
297.001 0 0
299 0 0
