1 1.75883e-13 1.13444e-14
3 6.17159e-13 3.3651e-14
5 1.02055e-12 5.28464e-14
7 2.25635e-08 2.78509e-09
9 0.00225082 8.08174e-07
11 0.00324854 1.13961e-06
13 0.000912927 5.6158e-07
15 0.000459141 3.57942e-07
17 0.000264913 2.73174e-07
19 0.000176451 2.09291e-07
21 0.000120678 1.87216e-07
23 9.0624e-05 1.52634e-07
25 6.79038e-05 1.07841e-07
27 4.76616e-05 7.85772e-08
29 3.88742e-05 6.54092e-08
31 3.02668e-05 5.21271e-08
33 2.59862e-05 4.75218e-08
35 2.29477e-05 4.0531e-08
37 2.04757e-05 3.47902e-08
39 1.52095e-05 2.54044e-08
41 1.30723e-05 2.13576e-08
43 1.15632e-05 1.79683e-08
45 1.03297e-05 1.65641e-08
47 9.31432e-06 1.50667e-08
49 8.46231e-06 1.35257e-08
51 7.73509e-06 1.25694e-08
53 6.48653e-06 1.07836e-08
55 5.37702e-06 8.74738e-09
57 4.88817e-06 7.88364e-09
59 4.262e-06 7.08019e-09
61 3.85911e-06 6.15864e-09
63 3.48669e-06 5.82491e-09
65 3.10142e-06 4.88473e-09
67 2.83426e-06 4.8225e-09
69 2.60882e-06 4.4349e-09
71 2.33435e-06 3.86427e-09
73 2.12543e-06 3.49594e-09
75 1.96635e-06 3.0805e-09
77 1.82882e-06 3.04436e-09
79 1.69401e-06 2.64663e-09
81 1.50433e-06 2.34352e-09
83 1.40378e-06 2.20967e-09
85 1.31226e-06 2.08491e-09
87 1.23219e-06 1.88725e-09
89 1.16099e-06 1.84505e-09
91 1.09283e-06 1.75722e-09
93 9.58557e-07 1.56763e-09
95 9.02244e-07 1.45704e-09
97 8.50505e-07 1.37687e-09
99 8.04077e-07 1.32535e-09
101 7.62319e-07 1.21307e-09
103 7.2503e-07 1.20785e-09
105 6.90624e-07 1.10728e-09
107 6.59693e-07 1.07787e-09
109 6.1095e-07 9.96214e-10
111 5.32909e-07 8.35342e-10
113 5.11759e-07 8.45757e-10
115 4.87281e-07 7.83853e-10
117 4.64766e-07 7.32913e-10
119 4.44036e-07 7.24184e-10
121 4.25308e-07 7.20773e-10
123 4.07947e-07 6.75759e-10
125 3.91954e-07 6.17277e-10
127 3.77451e-07 6.36514e-10
129 3.63456e-07 5.95419e-10
131 3.50642e-07 5.79382e-10
133 3.3889e-07 5.60269e-10
135 3.27082e-07 5.20632e-10
137 2.87555e-07 4.78312e-10
139 2.64673e-07 4.51169e-10
141 2.60439e-07 4.4466e-10
143 2.50926e-07 4.31449e-10
145 2.42099e-07 4.18966e-10
147 2.33945e-07 4.04487e-10
149 2.26227e-07 3.82906e-10
151 2.19088e-07 3.57043e-10
153 2.12397e-07 3.73782e-10
155 2.05311e-07 3.43485e-10
157 1.85916e-07 3.18043e-10
159 1.74443e-07 2.94842e-10
161 1.6801e-07 2.87448e-10
163 1.63767e-07 2.87774e-10
165 1.58158e-07 2.74938e-10
167 1.52897e-07 2.53624e-10
169 1.48146e-07 2.54511e-10
171 1.43483e-07 2.55964e-10
173 1.3935e-07 2.38783e-10
175 1.35135e-07 2.30567e-10
177 1.31382e-07 2.23036e-10
179 1.27752e-07 2.28272e-10
181 1.24304e-07 2.0972e-10
183 1.20516e-07 2.03033e-10
185 1.09061e-07 1.94631e-10
187 1.03395e-07 1.74446e-10
189 9.83886e-08 1.64431e-10
191 9.51944e-08 1.6603e-10
193 9.40025e-08 1.58808e-10
195 9.1367e-08 1.54743e-10
197 8.88606e-08 1.5067e-10
199 8.64661e-08 1.51785e-10
201 8.42851e-08 1.43634e-10
203 8.20897e-08 1.41946e-10
205 8.00676e-08 1.40736e-10
207 7.80479e-08 1.45759e-10
209 7.63302e-08 1.40799e-10
211 7.44833e-08 1.28401e-10
213 7.26796e-08 1.31445e-10
215 7.11534e-08 1.30542e-10
217 6.96008e-08 1.36188e-10
219 6.80789e-08 1.2471e-10
221 6.67e-08 1.31988e-10
223 6.54352e-08 1.27155e-10
225 6.39546e-08 1.22038e-10
227 5.82435e-08 1.29407e-10
229 5.40076e-08 1.17981e-10
231 5.14072e-08 1.13405e-10
233 4.94319e-08 1.09283e-10
235 4.76075e-08 1.12054e-10
237 4.56481e-08 1.07348e-10
239 4.55363e-08 1.18438e-10
241 4.53113e-08 1.12718e-10
243 4.4313e-08 9.67935e-11
245 4.34698e-08 1.1809e-10
247 4.24289e-08 1.05667e-10
249 4.17699e-08 9.84e-11
251 4.06782e-08 1.17932e-10
253 4.00616e-08 8.77196e-11
255 3.92159e-08 1.06382e-10
257 3.8571e-08 9.1675e-11
259 3.77812e-08 1.05498e-10
261 3.72178e-08 9.60471e-11
263 3.64177e-08 9.75164e-11
265 3.58543e-08 9.37601e-11
267 3.52217e-08 9.57885e-11
269 3.45631e-08 8.35817e-11
271 3.40941e-08 9.2508e-11
273 3.3486e-08 8.47516e-11
275 3.3067e-08 9.40343e-11
277 3.2463e-08 8.69909e-11
279 3.19027e-08 9.21268e-11
281 3.15278e-08 8.68268e-11
283 3.08677e-08 8.67881e-11
285 3.05472e-08 8.34683e-11
287 3.00188e-08 8.20374e-11
289 2.96471e-08 8.69401e-11
291 2.923e-08 8.11206e-11
293 2.8765e-08 8.43867e-11
295 2.84496e-08 7.81876e-11
297 2.79828e-08 7.96801e-11
299 2.76172e-08 8.13039e-11
301 2.6035e-08 7.6291e-11
303 2.38731e-08 7.75772e-11
305 2.28462e-08 7.81307e-11
307 2.19418e-08 6.46338e-11
309 2.11676e-08 6.80982e-11
311 2.04414e-08 8.15328e-11
313 2.11471e-08 6.38141e-11
315 2.09452e-08 7.51945e-11
317 2.04325e-08 6.96783e-11
319 2.02248e-08 6.04038e-11
321 1.99497e-08 6.83182e-11
323 1.95333e-08 6.69346e-11
325 1.88994e-08 5.98929e-11
327 1.84471e-08 7.04975e-11
329 1.81185e-08 6.41748e-11
331 1.77957e-08 6.23006e-11
333 1.75081e-08 6.56094e-11
335 1.70661e-08 6.46522e-11
337 1.70129e-08 5.88577e-11
339 1.67548e-08 5.91366e-11
341 1.63764e-08 6.77587e-11
343 1.62317e-08 5.68078e-11
345 1.6038e-08 5.30471e-11
347 1.57558e-08 6.38005e-11
349 1.55652e-08 6.31709e-11
351 1.50097e-08 5.20615e-11
353 1.47916e-08 5.62151e-11
355 1.44893e-08 5.92845e-11
357 1.42909e-08 5.55344e-11
359 1.39938e-08 4.96233e-11
361 1.38335e-08 5.203e-11
363 1.3602e-08 5.9721e-11
365 1.33541e-08 4.96477e-11
367 1.32245e-08 4.89728e-11
369 1.30248e-08 5.01912e-11
371 1.27758e-08 5.13847e-11
373 1.26376e-08 5.63372e-11
375 1.25652e-08 5.06226e-11
377 1.22594e-08 4.95359e-11
379 1.22e-08 5.07737e-11
381 1.19604e-08 5.11922e-11
383 1.17568e-08 5.14768e-11
385 1.14775e-08 4.68213e-11
387 1.11773e-08 4.96257e-11
389 1.11012e-08 4.93717e-11
391 1.09381e-08 4.60411e-11
393 1.07901e-08 4.77885e-11
395 1.06596e-08 4.35975e-11
397 1.04598e-08 5.14879e-11
399 1.03405e-08 4.50638e-11
401 1.02419e-08 4.38038e-11
403 1.02176e-08 4.36129e-11
405 1.00714e-08 4.50299e-11
407 9.92843e-09 4.53883e-11
409 9.78213e-09 4.52649e-11
411 9.69928e-09 4.28803e-11
413 9.6496e-09 4.62909e-11
415 9.48806e-09 4.44856e-11
417 9.44221e-09 4.38027e-11
419 9.32143e-09 4.37512e-11
421 9.18863e-09 4.48466e-11
423 9.15998e-09 4.20319e-11
425 8.83799e-09 4.51448e-11
427 8.70174e-09 4.4194e-11
429 8.59821e-09 4.37922e-11
431 8.43158e-09 4.38809e-11
433 8.34217e-09 4.19077e-11
435 8.26068e-09 4.50716e-11
437 8.07246e-09 3.69323e-11
439 7.93214e-09 3.94941e-11
441 7.83919e-09 3.88884e-11
443 7.74826e-09 3.40655e-11
445 7.64628e-09 4.65705e-11
447 7.59352e-09 4.22581e-11
449 7.59507e-09 4.20678e-11
451 7.42507e-09 3.95773e-11
453 7.40672e-09 3.89886e-11
455 7.34592e-09 4.15246e-11
457 7.23933e-09 3.98511e-11
459 7.14492e-09 4.34619e-11
461 7.18114e-09 3.75482e-11
463 7.09772e-09 3.5878e-11
465 6.99814e-09 3.59505e-11
467 6.92202e-09 3.57513e-11
469 6.87657e-09 3.84524e-11
471 6.81598e-09 3.76865e-11
473 6.72751e-09 3.94124e-11
475 6.75249e-09 3.5974e-11
477 6.34648e-09 3.59889e-11
479 6.24168e-09 3.49414e-11
481 6.10258e-09 3.32128e-11
483 6.06102e-09 3.34733e-11
485 5.99293e-09 3.20162e-11
487 5.87675e-09 3.69552e-11
489 5.86592e-09 3.59712e-11
491 5.80929e-09 3.69371e-11
493 5.71594e-09 3.29131e-11
495 5.67536e-09 3.11259e-11
497 5.58843e-09 3.00761e-11
499 5.57044e-09 3.60897e-11
501 5.50729e-09 3.03983e-11
503 5.44764e-09 2.99909e-11
505 5.39074e-09 3.62252e-11
507 5.31248e-09 3.17758e-11
509 5.32451e-09 3.20557e-11
511 5.28798e-09 3.53687e-11
513 5.25128e-09 3.04728e-11
515 5.26809e-09 2.76947e-11
517 5.20219e-09 3.19206e-11
519 5.17104e-09 3.37113e-11
521 5.12598e-09 3.23925e-11
523 5.08479e-09 3.20563e-11
525 5.10185e-09 3.47373e-11
527 4.99596e-09 3.11022e-11
529 5.01873e-09 3.61436e-11
531 4.99292e-09 3.0747e-11
533 4.94181e-09 3.34649e-11
535 4.89694e-09 2.82184e-11
537 4.90044e-09 3.23547e-11
539 4.88862e-09 2.91514e-11
541 4.74364e-09 3.23539e-11
543 4.70082e-09 3.09763e-11
545 4.64692e-09 3.28201e-11
547 4.59223e-09 2.76075e-11
549 4.58142e-09 3.38152e-11
551 4.41106e-09 2.718e-11
553 4.22963e-09 2.72146e-11
555 4.17456e-09 2.64455e-11
557 4.19133e-09 2.64733e-11
559 4.12027e-09 2.80577e-11
561 4.14446e-09 2.73161e-11
563 4.078e-09 2.80257e-11
565 4.03808e-09 2.81606e-11
567 4.02118e-09 2.91023e-11
569 4.01695e-09 2.73845e-11
571 3.91818e-09 2.6988e-11
573 3.94225e-09 2.70616e-11
575 3.87424e-09 2.90177e-11
577 3.88444e-09 2.81162e-11
579 3.84396e-09 2.9466e-11
581 3.83131e-09 2.49928e-11
583 3.76678e-09 2.68996e-11
585 3.78024e-09 2.78623e-11
587 3.73899e-09 2.65291e-11
589 3.7191e-09 2.57925e-11
591 3.68012e-09 2.40653e-11
593 3.64681e-09 2.47477e-11
595 3.67671e-09 2.64004e-11
597 3.63055e-09 2.58373e-11
599 3.59336e-09 2.68706e-11
601 3.59102e-09 2.78277e-11
603 3.57107e-09 2.39831e-11
605 3.58687e-09 2.81246e-11
607 3.57121e-09 2.27734e-11
609 3.57189e-09 2.84235e-11
611 3.54531e-09 2.43722e-11
613 3.53067e-09 2.55466e-11
615 3.52279e-09 2.24716e-11
617 3.48527e-09 2.63167e-11
619 3.44283e-09 2.47535e-11
621 3.41677e-09 2.2269e-11
623 3.39154e-09 2.44839e-11
625 3.38566e-09 2.28362e-11
627 3.31373e-09 2.67862e-11
629 2.99623e-09 2.17063e-11
631 2.93802e-09 2.23094e-11
633 2.91821e-09 2.27572e-11
635 2.93926e-09 2.3506e-11
637 2.88743e-09 2.34684e-11
639 2.91473e-09 2.20477e-11
641 2.93287e-09 2.30987e-11
643 2.92151e-09 2.26994e-11
645 2.8984e-09 2.4474e-11
647 2.90313e-09 2.17622e-11
649 2.86762e-09 2.11882e-11
651 2.89674e-09 2.18801e-11
653 2.86146e-09 2.02127e-11
655 2.8731e-09 1.85059e-11
657 2.86194e-09 2.03585e-11
659 2.83086e-09 2.15428e-11
661 2.86874e-09 2.29491e-11
663 2.818e-09 2.12892e-11
665 2.81182e-09 2.10205e-11
667 2.81698e-09 2.40633e-11
669 2.7709e-09 2.07872e-11
671 2.66728e-09 1.90947e-11
673 2.69396e-09 2.01337e-11
675 2.62421e-09 2.37321e-11
677 2.64317e-09 2.21803e-11
679 2.66298e-09 1.81819e-11
681 2.58536e-09 2.06946e-11
683 2.62239e-09 2.31056e-11
685 2.60686e-09 1.98329e-11
687 2.55188e-09 1.88153e-11
689 2.56404e-09 2.38199e-11
691 2.55268e-09 1.86103e-11
693 2.51234e-09 2.05311e-11
695 2.53627e-09 2.27213e-11
697 2.51104e-09 1.98813e-11
699 2.48765e-09 1.74795e-11
701 2.48079e-09 2.37428e-11
703 2.44891e-09 1.9835e-11
705 2.43874e-09 2.05111e-11
707 2.4582e-09 2.20832e-11
709 2.41463e-09 2.09137e-11
711 2.37982e-09 1.95744e-11
713 2.39547e-09 2.08221e-11
715 2.40438e-09 2.02406e-11
717 2.35911e-09 1.7343e-11
719 2.36543e-09 1.75719e-11
721 2.36493e-09 2.20511e-11
723 2.31444e-09 1.83909e-11
725 2.33282e-09 1.95025e-11
727 2.33396e-09 1.7902e-11
729 2.28427e-09 1.63031e-11
731 2.24039e-09 2.0133e-11
733 2.23094e-09 2.03425e-11
735 2.20364e-09 1.87489e-11
737 2.13902e-09 2.04737e-11
739 2.17532e-09 2.06821e-11
741 2.15308e-09 1.84379e-11
743 2.11042e-09 1.74462e-11
745 2.09685e-09 1.67307e-11
747 2.1301e-09 2.08202e-11
749 2.06322e-09 1.71939e-11
751 2.05532e-09 1.71156e-11
753 2.03709e-09 1.82408e-11
755 2.06568e-09 1.79419e-11
757 2.01764e-09 1.75909e-11
759 1.98918e-09 1.80844e-11
761 2.03623e-09 1.95556e-11
763 2.01181e-09 1.62544e-11
765 2.01038e-09 1.66687e-11
767 1.99796e-09 1.65495e-11
769 1.99059e-09 1.93789e-11
771 1.97836e-09 1.67096e-11
773 1.99649e-09 1.47686e-11
775 1.96151e-09 1.74406e-11
777 1.94187e-09 1.76847e-11
779 1.93892e-09 1.70583e-11
781 1.93506e-09 1.57678e-11
783 1.92008e-09 1.69251e-11
785 1.92962e-09 1.67495e-11
787 1.91537e-09 1.71119e-11
789 1.89814e-09 1.62192e-11
791 1.88175e-09 1.65848e-11
793 1.86483e-09 1.64144e-11
795 1.8688e-09 1.80384e-11
797 1.85946e-09 1.50898e-11
799 1.86636e-09 1.70817e-11
801 1.83331e-09 1.67207e-11
803 1.85116e-09 1.93426e-11
805 1.834e-09 1.482e-11
807 1.82993e-09 1.52583e-11
809 1.81908e-09 1.5573e-11
811 1.82204e-09 1.68475e-11
813 1.79292e-09 1.66471e-11
815 1.81532e-09 1.45466e-11
817 1.79623e-09 1.47526e-11
819 1.78312e-09 1.92469e-11
821 1.80127e-09 1.64267e-11
823 1.78521e-09 1.74322e-11
825 1.76801e-09 1.4075e-11
827 1.74348e-09 1.77611e-11
829 1.76372e-09 1.43395e-11
831 1.78099e-09 1.57689e-11
833 1.73342e-09 1.4751e-11
835 1.73592e-09 1.63252e-11
837 1.74725e-09 1.70292e-11
839 1.74194e-09 1.59173e-11
841 1.72361e-09 1.59102e-11
843 1.71786e-09 1.47054e-11
845 1.71333e-09 1.88593e-11
847 1.70799e-09 1.57334e-11
849 1.71499e-09 1.66233e-11
851 1.70199e-09 1.63051e-11
853 1.68951e-09 1.51756e-11
855 1.68486e-09 1.79798e-11
857 1.72365e-09 1.62033e-11
859 1.67608e-09 1.42323e-11
861 1.70135e-09 1.48437e-11
863 1.69538e-09 1.57663e-11
865 1.69245e-09 1.68793e-11
867 1.71069e-09 1.49331e-11
869 1.66889e-09 1.73052e-11
871 1.6769e-09 1.44136e-11
873 1.6883e-09 1.63342e-11
875 1.67636e-09 1.68308e-11
877 1.67959e-09 1.72552e-11
879 1.67364e-09 1.49509e-11
881 1.65115e-09 1.74166e-11
883 1.68129e-09 1.56347e-11
885 1.69083e-09 1.66104e-11
887 1.6918e-09 1.43238e-11
889 1.69142e-09 1.6587e-11
891 1.71436e-09 1.74705e-11
893 1.67587e-09 1.55235e-11
895 1.70546e-09 1.73891e-11
897 1.67848e-09 1.45053e-11
899 1.67295e-09 1.51744e-11
901 1.59694e-09 1.45864e-11
903 1.6064e-09 1.62911e-11
905 1.60515e-09 1.65466e-11
907 1.57862e-09 1.45531e-11
909 1.5345e-09 1.50141e-11
911 1.54458e-09 1.6194e-11
913 1.57023e-09 1.24267e-11
915 1.55823e-09 1.59732e-11
917 1.55115e-09 1.55255e-11
919 1.54021e-09 1.50431e-11
921 1.50582e-09 1.40009e-11
923 1.50389e-09 1.46263e-11
925 1.52185e-09 1.45554e-11
927 1.48853e-09 1.49282e-11
929 1.49893e-09 1.47584e-11
931 1.49334e-09 1.44149e-11
933 1.4904e-09 1.42323e-11
935 1.49071e-09 1.29659e-11
937 1.48122e-09 1.31919e-11
939 1.4768e-09 1.50741e-11
941 1.47549e-09 1.55066e-11
943 1.45275e-09 1.33101e-11
945 1.47034e-09 1.42015e-11
947 1.43577e-09 1.44914e-11
949 1.46804e-09 1.29184e-11
951 1.47419e-09 1.41043e-11
953 1.47109e-09 1.55322e-11
955 1.46793e-09 1.47852e-11
957 1.472e-09 1.45464e-11
959 1.47749e-09 1.28635e-11
961 1.43059e-09 1.47953e-11
963 1.46356e-09 1.35444e-11
965 1.44335e-09 1.37147e-11
967 1.45468e-09 1.65873e-11
969 1.45975e-09 1.53685e-11
971 1.44353e-09 1.44374e-11
973 1.44737e-09 1.46343e-11
975 1.41201e-09 1.32626e-11
977 1.43185e-09 1.28576e-11
979 1.4368e-09 1.37914e-11
981 1.49875e-09 1.49393e-11
983 1.49951e-09 1.54199e-11
985 1.50888e-09 1.49296e-11
987 1.46812e-09 1.16576e-11
989 1.47184e-09 1.34743e-11
991 1.4796e-09 1.45887e-11
993 1.50769e-09 1.26198e-11
995 1.48959e-09 1.27711e-11
997 1.49963e-09 1.33613e-11
999 1.50115e-09 1.55007e-11
1001 1.49185e-09 1.30368e-11
1003 1.46126e-09 1.23677e-11
1005 1.47305e-09 1.4135e-11
1007 1.5115e-09 1.46467e-11
1009 1.51406e-09 1.32801e-11
1011 1.48212e-09 1.44661e-11
1013 1.50332e-09 1.36954e-11
1015 1.51131e-09 1.17478e-11
1017 1.49911e-09 1.2274e-11
1019 1.46624e-09 1.43719e-11
1021 1.5157e-09 1.39979e-11
1023 1.50237e-09 1.41753e-11
1025 1.49405e-09 1.34137e-11
1027 1.50488e-09 1.33492e-11
1029 1.52059e-09 1.30579e-11
1031 1.49866e-09 1.3383e-11
1033 1.47705e-09 1.27577e-11
1035 1.54287e-09 1.32258e-11
1037 1.51182e-09 1.2803e-11
1039 1.51148e-09 1.27559e-11
1041 1.50921e-09 1.20906e-11
1043 1.51889e-09 1.27844e-11
1045 1.50525e-09 1.24297e-11
1047 1.52583e-09 1.451e-11
1049 1.5156e-09 1.20846e-11
1051 1.52167e-09 1.28631e-11
1053 1.54589e-09 1.30162e-11
1055 1.53517e-09 1.18939e-11
1057 1.55291e-09 1.27138e-11
1059 1.55238e-09 1.33637e-11
1061 1.55304e-09 1.11283e-11
1063 1.54851e-09 1.31198e-11
1065 1.58775e-09 1.28615e-11
1067 1.58191e-09 1.16327e-11
1069 1.62255e-09 1.22716e-11
1071 1.60644e-09 1.39676e-11
1073 1.62348e-09 1.28562e-11
1075 1.6609e-09 1.2863e-11
1077 1.64314e-09 1.2533e-11
1079 1.65549e-09 1.48796e-11
1081 1.66485e-09 1.52565e-11
1083 1.66959e-09 1.21399e-11
1085 1.63637e-09 1.1877e-11
1087 1.64536e-09 1.15489e-11
1089 1.69379e-09 1.34578e-11
1091 1.8491e-09 1.25411e-11
1093 2.02572e-09 1.32772e-11
1095 2.12578e-09 1.42373e-11
1097 2.24069e-09 1.35852e-11
1099 2.32523e-09 1.44492e-11
1101 2.41932e-09 1.27338e-11
1103 2.55114e-09 1.41194e-11
1105 2.88148e-09 1.55682e-11
1107 3.47813e-09 1.47782e-11
1109 4.61986e-09 1.81872e-11
1111 7.65091e-09 1.99114e-11
1113 5.35038e-10 9.40668e-12
1115 5.21655e-10 1.10759e-11
1117 5.40598e-10 1.07375e-11
1119 5.38529e-10 1.07491e-11
1121 5.50325e-10 9.95617e-12
1123 5.56316e-10 9.00511e-12
1125 5.3382e-10 9.53209e-12
1127 5.33575e-10 1.16804e-11
1129 5.22966e-10 8.29104e-12
1131 5.35001e-10 1.0545e-11
1133 5.33112e-10 1.0736e-11
1135 5.32413e-10 1.0112e-11
1137 5.41683e-10 9.17658e-12
1139 5.40834e-10 1.00744e-11
1141 5.35439e-10 9.83605e-12
1143 5.3265e-10 1.08496e-11
1145 5.26914e-10 1.11748e-11
1147 5.28594e-10 9.39659e-12
1149 5.37018e-10 1.17267e-11
1151 5.1122e-10 9.79462e-12
1153 5.36118e-10 1.13082e-11
1155 5.31577e-10 1.0554e-11
1157 5.40836e-10 9.46533e-12
1159 5.32667e-10 9.98987e-12
1161 5.17962e-10 1.02173e-11
1163 5.18547e-10 9.12763e-12
1165 5.31749e-10 9.72985e-12
1167 5.08575e-10 1.0192e-11
1169 5.29993e-10 9.73223e-12
1171 5.20601e-10 1.01e-11
1173 5.19602e-10 9.14857e-12
1175 5.34873e-10 8.56841e-12
1177 5.12036e-10 9.44877e-12
1179 5.10302e-10 9.78151e-12
1181 5.24782e-10 9.15833e-12
1183 5.26905e-10 9.62241e-12
1185 5.09689e-10 9.98188e-12
1187 5.14209e-10 9.40493e-12
1189 5.07887e-10 9.69395e-12
1191 5.18272e-10 8.82436e-12
1193 5.12482e-10 1.00016e-11
1195 4.81363e-10 9.06172e-12
1197 4.69739e-10 9.54008e-12
1199 4.5458e-10 8.77161e-12
1201 4.69393e-10 9.11708e-12
1203 4.59391e-10 9.47262e-12
1205 4.50572e-10 1.04771e-11
1207 4.51876e-10 8.88013e-12
1209 4.43675e-10 8.89181e-12
1211 4.66624e-10 8.00987e-12
1213 4.32725e-10 8.36155e-12
1215 4.33696e-10 8.35711e-12
1217 4.27397e-10 8.76942e-12
1219 4.25117e-10 9.05961e-12
1221 4.24633e-10 8.35806e-12
1223 4.31258e-10 8.74207e-12
1225 4.0104e-10 8.68517e-12
1227 4.14042e-10 8.3612e-12
1229 4.04175e-10 8.36389e-12
1231 4.01266e-10 7.97326e-12
1233 4.17476e-10 8.39445e-12
1235 4.09815e-10 8.80705e-12
1237 4.01673e-10 7.48996e-12
1239 4.13044e-10 8.35962e-12
1241 4.1663e-10 9.02207e-12
1243 4.2899e-10 7.83176e-12
1245 4.25057e-10 9.73133e-12
1247 4.15387e-10 8.15147e-12
1249 4.09932e-10 9.03817e-12
1251 4.09534e-10 9.06792e-12
1253 4.0204e-10 7.99676e-12
1255 4.2214e-10 8.47118e-12
1257 4.20703e-10 8.26162e-12
1259 4.14677e-10 8.35703e-12
1261 3.93266e-10 7.44286e-12
1263 4.08127e-10 8.64715e-12
1265 4.21381e-10 9.02767e-12
1267 4.08465e-10 7.42253e-12
1269 4.10068e-10 8.20165e-12
1271 4.05148e-10 8.5842e-12
1273 3.90157e-10 8.34351e-12
1275 4.01432e-10 8.62964e-12
1277 4.11285e-10 7.72735e-12
1279 3.93689e-10 8.95754e-12
1281 4.0376e-10 7.54849e-12
1283 3.89923e-10 7.3563e-12
1285 3.80468e-10 7.83619e-12
1287 3.82472e-10 7.72783e-12
1289 3.866e-10 8.23562e-12
1291 3.87228e-10 7.14333e-12
1293 3.9073e-10 8.00781e-12
1295 3.80322e-10 7.6842e-12
1297 3.68295e-10 7.21832e-12
1299 3.7922e-10 8.30319e-12
1301 3.76808e-10 8.06936e-12
1303 3.66258e-10 8.22708e-12
1305 3.72559e-10 7.92163e-12
1307 3.77457e-10 6.78587e-12
1309 3.61815e-10 7.07245e-12
1311 3.59785e-10 7.69959e-12
1313 3.7775e-10 7.31399e-12
1315 3.6704e-10 7.56028e-12
1317 3.75698e-10 8.49364e-12
1319 3.68514e-10 8.49314e-12
1321 3.54066e-10 7.13035e-12
1323 3.52735e-10 7.87115e-12
1325 3.62233e-10 7.09182e-12
1327 3.51864e-10 7.96309e-12
1329 3.67923e-10 7.78818e-12
1331 3.60793e-10 7.59503e-12
1333 3.55075e-10 7.01784e-12
1335 3.54727e-10 7.86823e-12
1337 3.54042e-10 7.07436e-12
1339 3.4899e-10 6.7038e-12
1341 3.5634e-10 7.04939e-12
1343 3.64277e-10 8.5167e-12
1345 3.51753e-10 7.48353e-12
1347 3.55995e-10 7.96291e-12
1349 3.38789e-10 7.6893e-12
1351 3.41058e-10 7.69545e-12
1353 3.46006e-10 7.06396e-12
1355 3.54709e-10 7.63664e-12
1357 3.53379e-10 6.98783e-12
1359 3.46241e-10 6.34685e-12
1361 3.55289e-10 7.03827e-12
1363 3.47671e-10 7.26478e-12
1365 3.39033e-10 6.96773e-12
1367 3.54251e-10 8.44894e-12
1369 3.32463e-10 6.92847e-12
1371 3.60614e-10 7.59901e-12
1373 3.41792e-10 7.59804e-12
1375 3.39954e-10 7.4092e-12
1377 3.33764e-10 7.35857e-12
1379 3.32736e-10 6.9155e-12
1381 3.32621e-10 7.58561e-12
1383 3.40244e-10 7.6873e-12
1385 3.37256e-10 7.05006e-12
1387 3.25738e-10 7.71882e-12
1389 3.24005e-10 6.80882e-12
1391 3.28595e-10 6.64389e-12
1393 3.26875e-10 6.42514e-12
1395 3.19335e-10 7.35213e-12
1397 3.27405e-10 7.39473e-12
1399 3.17554e-10 6.95677e-12
1401 3.24018e-10 7.04173e-12
1403 3.18694e-10 7.32609e-12
1405 3.20894e-10 7.25467e-12
1407 3.07007e-10 5.87259e-12
1409 3.08512e-10 6.96598e-12
1411 3.12282e-10 7.02697e-12
1413 3.12784e-10 7.26404e-12
1415 3.07006e-10 6.56684e-12
1417 3.15741e-10 7.06087e-12
1419 3.16503e-10 6.49595e-12
1421 3.07025e-10 7.20553e-12
1423 3.03001e-10 6.67652e-12
1425 3.11037e-10 7.57992e-12
1427 3.01211e-10 5.94173e-12
1429 3.14955e-10 6.61374e-12
1431 2.87844e-10 6.18543e-12
1433 3.12569e-10 7.18024e-12
1435 3.07209e-10 7.44949e-12
1437 3.01102e-10 7.13696e-12
1439 2.91304e-10 6.54335e-12
1441 2.93929e-10 6.72268e-12
1443 2.93876e-10 6.71424e-12
1445 3.0037e-10 6.87132e-12
1447 3.02281e-10 6.70577e-12
1449 2.97753e-10 5.84394e-12
1451 3.01063e-10 7.35956e-12
1453 2.93769e-10 6.93059e-12
1455 2.97203e-10 7.86992e-12
1457 2.8599e-10 6.16321e-12
1459 2.98947e-10 5.88471e-12
1461 3.08457e-10 6.49617e-12
1463 2.90046e-10 6.48599e-12
1465 2.96695e-10 7.50329e-12
1467 2.93781e-10 5.9345e-12
1469 2.84769e-10 6.63634e-12
1471 2.78735e-10 6.48118e-12
1473 2.84697e-10 5.95365e-12
1475 2.9353e-10 6.70031e-12
1477 2.89488e-10 7.15002e-12
1479 2.86108e-10 6.51125e-12
1481 2.87058e-10 5.97186e-12
1483 2.90857e-10 6.16544e-12
1485 2.86751e-10 5.90312e-12
1487 2.71711e-10 6.17391e-12
1489 2.84866e-10 7.13516e-12
1491 2.75996e-10 7.3002e-12
1493 2.97873e-10 6.69631e-12
1495 2.81941e-10 6.75519e-12
1497 2.88562e-10 7.20969e-12
1499 2.7971e-10 6.66401e-12
1501 2.79263e-10 6.53778e-12
1503 2.60068e-10 6.30296e-12
1505 2.792e-10 6.55183e-12
1507 2.75427e-10 5.1557e-12
1509 2.75112e-10 6.9572e-12
1511 2.72006e-10 7.12157e-12
1513 2.81557e-10 6.28667e-12
1515 2.80753e-10 5.7169e-12
1517 2.72409e-10 6.76817e-12
1519 2.66907e-10 6.30445e-12
1521 2.71945e-10 6.59768e-12
1523 2.72863e-10 6.30212e-12
1525 2.6261e-10 6.51776e-12
1527 2.66436e-10 5.94477e-12
1529 2.73433e-10 6.5366e-12
1531 2.7319e-10 6.44572e-12
1533 2.7953e-10 5.98294e-12
1535 2.66929e-10 6.11596e-12
1537 2.62745e-10 6.07698e-12
1539 2.53877e-10 5.97121e-12
1541 2.69871e-10 5.51834e-12
1543 2.49326e-10 5.39218e-12
1545 2.61804e-10 6.74254e-12
1547 2.49105e-10 5.91182e-12
1549 2.66094e-10 6.47695e-12
1551 2.60033e-10 5.62435e-12
1553 2.56103e-10 6.51023e-12
1555 2.47834e-10 6.01069e-12
1557 2.61059e-10 5.87916e-12
1559 2.63365e-10 5.81914e-12
1561 2.48728e-10 6.1135e-12
1563 2.48095e-10 5.98329e-12
1565 2.49845e-10 5.85625e-12
1567 2.52963e-10 6.20785e-12
1569 2.53038e-10 5.15967e-12
1571 2.65943e-10 6.1318e-12
1573 2.4778e-10 5.42277e-12
1575 2.43565e-10 5.62449e-12
1577 2.4681e-10 6.04612e-12
1579 2.52613e-10 5.74692e-12
1581 2.41082e-10 6.42353e-12
1583 2.48452e-10 5.69097e-12
1585 2.42789e-10 5.73996e-12
1587 2.46457e-10 5.39339e-12
1589 2.4424e-10 5.56743e-12
1591 2.49741e-10 5.9381e-12
1593 2.3653e-10 5.73821e-12
1595 2.46427e-10 5.69811e-12
1597 2.56533e-10 5.46529e-12
1599 2.46739e-10 6.44817e-12
1601 2.46864e-10 5.54359e-12
1603 2.37842e-10 5.97514e-12
1605 2.40247e-10 5.33047e-12
1607 2.37378e-10 5.11221e-12
1609 2.42122e-10 5.57586e-12
1611 2.51328e-10 5.40682e-12
1613 2.41742e-10 5.78136e-12
1615 2.31116e-10 5.93784e-12
1617 2.45018e-10 5.83062e-12
1619 2.44521e-10 5.24521e-12
1621 2.30658e-10 6.00104e-12
1623 2.27709e-10 5.08301e-12
1625 2.39372e-10 6.13139e-12
1627 2.40572e-10 6.41649e-12
1629 2.36493e-10 5.25284e-12
1631 2.36656e-10 5.6053e-12
1633 2.37625e-10 6.1293e-12
1635 2.32663e-10 5.96354e-12
1637 2.30406e-10 4.77304e-12
1639 2.40451e-10 5.76145e-12
1641 2.36244e-10 5.17319e-12
1643 2.28299e-10 6.14696e-12
1645 2.3782e-10 5.52085e-12
1647 2.2994e-10 6.09289e-12
1649 2.33098e-10 5.56872e-12
1651 2.42779e-10 5.29572e-12
1653 2.33129e-10 4.83978e-12
1655 2.28188e-10 5.80752e-12
1657 2.37886e-10 5.91555e-12
1659 2.31948e-10 5.79731e-12
1661 2.32145e-10 6.0096e-12
1663 2.24661e-10 5.64034e-12
1665 2.19257e-10 5.54663e-12
1667 2.29517e-10 5.81432e-12
1669 2.29521e-10 6.08364e-12
1671 2.24215e-10 5.6875e-12
1673 2.22382e-10 5.76123e-12
1675 2.16206e-10 5.49512e-12
1677 2.1863e-10 5.07754e-12
1679 2.2534e-10 5.65168e-12
1681 2.26342e-10 5.86548e-12
1683 2.20392e-10 5.60598e-12
1685 2.20698e-10 5.61092e-12
1687 2.16027e-10 5.5251e-12
1689 2.1402e-10 5.43668e-12
1691 2.12217e-10 5.2802e-12
1693 2.20487e-10 5.45236e-12
1695 2.07278e-10 5.57528e-12
1697 2.1683e-10 4.63478e-12
1699 2.18815e-10 5.25524e-12
1701 2.21739e-10 5.53494e-12
1703 2.21648e-10 5.86321e-12
1705 2.10816e-10 5.34335e-12
1707 2.09536e-10 5.69534e-12
1709 2.02059e-10 4.68496e-12
1711 2.05639e-10 5.6455e-12
1713 2.11146e-10 5.32306e-12
1715 2.14781e-10 5.87479e-12
1717 2.09839e-10 5.23216e-12
1719 2.10444e-10 5.34845e-12
1721 2.07111e-10 5.35655e-12
1723 2.08935e-10 5.62091e-12
1725 2.0896e-10 5.68435e-12
1727 2.06962e-10 5.44275e-12
1729 2.04572e-10 4.94302e-12
1731 2.03253e-10 5.67036e-12
1733 2.11825e-10 5.20436e-12
1735 1.9637e-10 4.46929e-12
1737 2.18674e-10 5.20653e-12
1739 1.98173e-10 4.70161e-12
1741 1.98357e-10 5.178e-12
1743 2.08122e-10 4.90396e-12
1745 1.95073e-10 5.0926e-12
1747 2.05411e-10 4.89478e-12
1749 2.08108e-10 5.18233e-12
1751 1.98986e-10 5.19581e-12
1753 2.07194e-10 5.607e-12
1755 2.04001e-10 4.97664e-12
1757 1.86765e-10 4.592e-12
1759 1.88452e-10 4.86905e-12
1761 1.91569e-10 5.43162e-12
1763 1.99881e-10 4.92209e-12
1765 1.975e-10 4.58227e-12
1767 2.0238e-10 4.83292e-12
1769 1.9887e-10 5.49474e-12
1771 2.01746e-10 4.92683e-12
1773 1.94443e-10 4.68428e-12
1775 1.97499e-10 5.12338e-12
1777 1.9458e-10 5.06718e-12
1779 1.98692e-10 6.14448e-12
1781 2.00512e-10 4.97781e-12
1783 1.9183e-10 4.19421e-12
1785 2.01206e-10 5.36318e-12
1787 1.92807e-10 4.90363e-12
1789 2.00807e-10 5.41761e-12
1791 1.92834e-10 5.52063e-12
1793 1.91921e-10 5.71591e-12
1795 2.00181e-10 5.52075e-12
1797 1.9334e-10 5.31947e-12
1799 1.98689e-10 4.96271e-12
1801 1.97217e-10 5.43038e-12
1803 1.97976e-10 5.03572e-12
1805 1.93341e-10 5.38756e-12
1807 1.91453e-10 4.73033e-12
1809 1.81309e-10 4.98116e-12
1811 1.89987e-10 5.02379e-12
1813 1.94307e-10 4.26381e-12
1815 1.9232e-10 5.00011e-12
1817 1.9291e-10 5.48154e-12
1819 1.89498e-10 5.23993e-12
1821 1.88463e-10 4.65171e-12
1823 1.87689e-10 5.40881e-12
1825 1.92202e-10 4.87294e-12
1827 1.84115e-10 4.33659e-12
1829 1.882e-10 5.15998e-12
1831 1.87824e-10 5.04126e-12
1833 1.8032e-10 5.30883e-12
1835 1.89859e-10 4.9032e-12
1837 1.85846e-10 5.30419e-12
1839 1.84793e-10 5.52213e-12
1841 1.8496e-10 4.70873e-12
1843 1.87531e-10 4.47115e-12
1845 1.81408e-10 4.72935e-12
1847 1.75773e-10 4.46823e-12
1849 1.8689e-10 4.83309e-12
1851 1.88469e-10 4.02999e-12
1853 1.93922e-10 5.05795e-12
1855 1.84899e-10 5.41504e-12
1857 1.84166e-10 5.04886e-12
1859 1.79468e-10 5.46341e-12
1861 1.84955e-10 4.87121e-12
1863 1.7173e-10 4.53267e-12
1865 1.74922e-10 4.96498e-12
1867 1.75745e-10 4.60248e-12
1869 1.81367e-10 4.40188e-12
1871 1.8047e-10 5.20313e-12
1873 1.81929e-10 4.79328e-12
1875 1.77181e-10 4.78955e-12
1877 1.86577e-10 4.85471e-12
1879 1.78492e-10 4.88769e-12
1881 1.78344e-10 4.61093e-12
1883 1.76544e-10 4.6973e-12
1885 1.82029e-10 5.22683e-12
1887 1.78207e-10 4.30671e-12
1889 1.72452e-10 4.51286e-12
1891 1.80671e-10 4.31765e-12
1893 1.86814e-10 4.72463e-12
1895 1.8195e-10 4.82564e-12
1897 1.84403e-10 4.89783e-12
1899 1.71562e-10 4.64205e-12
1901 1.70054e-10 4.95303e-12
1903 1.78528e-10 4.88116e-12
1905 1.73099e-10 4.50957e-12
1907 1.86958e-10 5.11703e-12
1909 1.81999e-10 5.2331e-12
1911 1.80695e-10 4.35791e-12
1913 1.76502e-10 4.98085e-12
1915 1.78564e-10 4.5937e-12
1917 1.81237e-10 4.9743e-12
1919 1.77527e-10 5.24092e-12
1921 1.85625e-10 4.60701e-12
1923 1.72836e-10 5.37504e-12
1925 1.70592e-10 4.97297e-12
1927 1.71541e-10 4.1435e-12
1929 1.7408e-10 4.76415e-12
1931 1.81477e-10 4.45763e-12
1933 1.76394e-10 4.94959e-12
1935 1.72691e-10 5.32111e-12
1937 1.81782e-10 4.88415e-12
1939 1.79307e-10 5.56944e-12
1941 1.75695e-10 4.73251e-12
1943 1.70769e-10 5.00243e-12
1945 1.78866e-10 5.37311e-12
1947 1.72461e-10 5.21329e-12
1949 1.77076e-10 5.32508e-12
1951 1.75223e-10 4.44091e-12
1953 1.75335e-10 4.86365e-12
1955 1.737e-10 4.5464e-12
1957 1.81967e-10 4.34269e-12
1959 1.73466e-10 4.86882e-12
1961 1.65245e-10 4.14454e-12
1963 1.66899e-10 4.43422e-12
1965 1.70415e-10 4.92495e-12
1967 1.68626e-10 4.75082e-12
1969 1.72502e-10 4.22205e-12
1971 1.748e-10 4.46527e-12
1973 1.7464e-10 4.55965e-12
1975 1.7088e-10 4.8467e-12
1977 1.7068e-10 4.47758e-12
1979 1.76041e-10 4.58432e-12
1981 1.66342e-10 4.74791e-12
1983 1.67993e-10 4.97972e-12
1985 1.75299e-10 4.68679e-12
1987 1.60241e-10 4.13005e-12
1989 1.66957e-10 4.98055e-12
1991 1.67266e-10 5.19837e-12
1993 1.63152e-10 4.60921e-12
1995 1.75879e-10 4.70931e-12
1997 1.66605e-10 3.87859e-12
1999 1.73774e-10 4.33621e-12
