1 1.90229e-12 6.90151e-14
3 5.61244e-12 1.78339e-13
5 9.77806e-12 3.06727e-13
7 1.41634e-11 4.20419e-13
9 1.93458e-11 5.36368e-13
11 6.37686e-09 1.39395e-09
13 7.44375e-08 5.37633e-09
15 0.00175975 8.05593e-07
17 0.00303941 9.99823e-07
19 0.00096982 6.25334e-07
21 0.000554623 3.48354e-07
23 0.000352174 3.2589e-07
25 0.000247369 3.00911e-07
27 0.000164179 2.04261e-07
29 0.00013709 1.99434e-07
31 9.91505e-05 1.37993e-07
33 7.51723e-05 9.6892e-08
35 6.61575e-05 9.3374e-08
37 5.66123e-05 8.5563e-08
39 4.58193e-05 7.89653e-08
41 3.67455e-05 6.25022e-08
43 3.02294e-05 5.06789e-08
45 2.5809e-05 4.257e-08
47 2.26421e-05 3.82913e-08
49 2.01891e-05 3.42853e-08
51 1.81287e-05 3.14318e-08
53 1.63124e-05 2.66072e-08
55 1.47074e-05 2.30249e-08
57 1.32501e-05 1.99848e-08
59 1.19576e-05 1.8016e-08
61 1.07543e-05 1.72163e-08
63 9.66691e-06 1.57081e-08
65 8.71881e-06 1.39151e-08
67 7.8857e-06 1.23114e-08
69 7.14108e-06 1.13621e-08
71 6.49385e-06 9.94428e-09
73 5.91719e-06 9.41358e-09
75 5.4189e-06 8.75315e-09
77 4.96714e-06 8.17106e-09
79 4.5743e-06 7.53902e-09
81 4.22859e-06 7.04663e-09
83 3.90109e-06 6.5115e-09
85 3.60377e-06 6.36699e-09
87 3.33417e-06 5.88373e-09
89 3.09296e-06 5.45452e-09
91 2.87332e-06 4.90912e-09
93 2.67074e-06 4.4423e-09
95 2.48688e-06 4.26413e-09
97 2.31936e-06 4.05565e-09
99 2.16654e-06 3.76597e-09
101 2.02726e-06 3.64416e-09
103 1.89983e-06 3.22468e-09
105 1.78153e-06 3.06001e-09
107 1.67487e-06 2.8092e-09
109 1.575e-06 2.62989e-09
111 1.48413e-06 2.38415e-09
113 1.39858e-06 2.19044e-09
115 1.32104e-06 2.17857e-09
117 1.24762e-06 1.949e-09
119 1.17962e-06 1.8148e-09
121 1.11806e-06 1.76359e-09
123 1.05964e-06 1.72698e-09
125 1.00416e-06 1.58691e-09
127 9.54445e-07 1.48813e-09
129 9.06525e-07 1.53195e-09
131 8.61855e-07 1.42138e-09
133 8.20551e-07 1.26251e-09
135 7.82185e-07 1.28203e-09
137 7.45945e-07 1.19807e-09
139 7.11791e-07 1.16689e-09
141 6.79643e-07 1.09586e-09
143 6.4902e-07 1.10188e-09
145 6.1966e-07 1.02142e-09
147 5.93302e-07 9.8272e-10
149 5.67623e-07 9.5014e-10
151 5.43612e-07 9.19185e-10
153 5.20995e-07 8.67011e-10
155 4.99638e-07 8.57051e-10
157 4.79445e-07 7.98364e-10
159 4.6027e-07 7.57308e-10
161 4.41992e-07 7.89461e-10
163 4.25042e-07 7.24904e-10
165 4.09494e-07 7.05164e-10
167 3.93218e-07 6.49104e-10
169 3.78308e-07 6.20128e-10
171 3.64357e-07 6.64855e-10
173 3.50242e-07 5.64231e-10
175 3.37875e-07 5.75326e-10
177 3.25457e-07 5.49496e-10
179 3.13801e-07 5.36071e-10
181 3.02739e-07 5.2013e-10
183 2.92253e-07 5.18439e-10
185 2.82116e-07 5.00532e-10
187 2.72558e-07 4.55781e-10
189 2.63345e-07 4.69757e-10
191 2.54689e-07 4.40476e-10
193 2.4533e-07 4.25982e-10
195 2.37321e-07 3.96905e-10
197 2.30025e-07 4.075e-10
199 2.2272e-07 3.91857e-10
201 2.16161e-07 3.74385e-10
203 2.09434e-07 3.66418e-10
205 2.02727e-07 3.59007e-10
207 1.96616e-07 3.40548e-10
209 1.90778e-07 3.27675e-10
211 1.84621e-07 3.27654e-10
213 1.79245e-07 3.16492e-10
215 1.73583e-07 3.01587e-10
217 1.6865e-07 2.86086e-10
219 1.63835e-07 2.78204e-10
221 1.58801e-07 2.78525e-10
223 1.54378e-07 2.73183e-10
225 1.50041e-07 2.65762e-10
227 1.45616e-07 2.48388e-10
229 1.41803e-07 2.48423e-10
231 1.38022e-07 2.43448e-10
233 1.33752e-07 2.36865e-10
235 1.30336e-07 2.19597e-10
237 1.26941e-07 2.22339e-10
239 1.23253e-07 2.13028e-10
241 1.19913e-07 2.15592e-10
243 1.16951e-07 1.90814e-10
245 1.13834e-07 2.00499e-10
247 1.10715e-07 1.92775e-10
249 1.07909e-07 1.91451e-10
251 1.0518e-07 1.80194e-10
253 1.02562e-07 1.73551e-10
255 9.97718e-08 1.75584e-10
257 9.72888e-08 1.63964e-10
259 9.50418e-08 1.70672e-10
261 9.28238e-08 1.64604e-10
263 9.03511e-08 1.63084e-10
265 8.81336e-08 1.56783e-10
267 8.61385e-08 1.45346e-10
269 8.41612e-08 1.57855e-10
271 8.20761e-08 1.54537e-10
273 8.00261e-08 1.61821e-10
275 7.81219e-08 1.48757e-10
277 7.64698e-08 1.35738e-10
279 7.49449e-08 1.47114e-10
281 7.28261e-08 1.4394e-10
283 7.10677e-08 1.4859e-10
285 6.93959e-08 1.27705e-10
287 6.80791e-08 1.32441e-10
289 6.65302e-08 1.28958e-10
291 6.50132e-08 1.30624e-10
293 6.33989e-08 1.27765e-10
295 6.21836e-08 1.22836e-10
297 6.06228e-08 1.22914e-10
299 5.96062e-08 1.24535e-10
301 5.83972e-08 1.23355e-10
303 5.68707e-08 1.1433e-10
305 5.56445e-08 1.19996e-10
307 5.46151e-08 1.26312e-10
309 5.34494e-08 1.07862e-10
311 5.2375e-08 9.96009e-11
313 5.14597e-08 1.23675e-10
315 5.02774e-08 1.10351e-10
317 4.91575e-08 1.0921e-10
319 4.82361e-08 1.06671e-10
321 4.73006e-08 9.69142e-11
323 4.64131e-08 9.67962e-11
325 4.55854e-08 1.02631e-10
327 4.48445e-08 1.06105e-10
329 4.35776e-08 9.68041e-11
331 4.28631e-08 8.80142e-11
333 4.18822e-08 8.99052e-11
335 4.12727e-08 9.80956e-11
337 4.04391e-08 1.03034e-10
339 3.97097e-08 8.98308e-11
341 3.90791e-08 1.03938e-10
343 3.83211e-08 9.55801e-11
345 3.74106e-08 9.37532e-11
347 3.6545e-08 8.69457e-11
349 3.60217e-08 9.03471e-11
351 3.5348e-08 8.89212e-11
353 3.46859e-08 9.24859e-11
355 3.41375e-08 8.47713e-11
357 3.35373e-08 9.65357e-11
359 3.29909e-08 9.10704e-11
361 3.22182e-08 8.50369e-11
363 3.16558e-08 8.35853e-11
365 3.10796e-08 8.80665e-11
367 3.05537e-08 8.1344e-11
369 3.00709e-08 7.96382e-11
371 2.9565e-08 7.32957e-11
373 2.90679e-08 8.4189e-11
375 2.86635e-08 6.99738e-11
377 2.8207e-08 8.71532e-11
379 2.76644e-08 7.86189e-11
381 2.71128e-08 7.25933e-11
383 2.67814e-08 7.58581e-11
385 2.6249e-08 7.72759e-11
387 2.59447e-08 7.9878e-11
389 2.54738e-08 7.61772e-11
391 2.50405e-08 7.65497e-11
393 2.472e-08 7.62499e-11
395 2.42503e-08 7.12024e-11
397 2.39741e-08 7.82126e-11
399 2.35335e-08 7.16199e-11
401 2.31758e-08 6.90102e-11
403 2.28746e-08 7.5673e-11
405 2.25264e-08 7.66927e-11
407 2.21141e-08 6.14543e-11
409 2.1865e-08 8.03184e-11
411 2.15807e-08 7.45025e-11
413 2.11287e-08 6.58994e-11
415 2.08982e-08 6.60287e-11
417 2.05703e-08 6.71976e-11
419 2.03519e-08 5.94332e-11
421 2.00197e-08 7.01109e-11
423 1.97903e-08 6.55429e-11
425 1.94276e-08 5.66482e-11
427 1.92019e-08 6.15841e-11
429 1.89079e-08 6.57783e-11
431 1.86486e-08 5.86798e-11
433 1.84047e-08 6.28781e-11
435 1.82073e-08 6.46936e-11
437 1.78631e-08 6.14139e-11
439 1.76291e-08 6.48352e-11
441 1.73632e-08 6.6926e-11
443 1.71196e-08 5.81774e-11
445 1.69651e-08 5.30784e-11
447 1.6721e-08 5.92933e-11
449 1.64579e-08 5.47143e-11
451 1.62044e-08 5.85187e-11
453 1.60469e-08 5.83472e-11
455 1.58488e-08 6.1205e-11
457 1.55835e-08 6.03048e-11
459 1.54003e-08 5.17903e-11
461 1.5247e-08 5.90686e-11
463 1.50147e-08 5.35563e-11
465 1.47617e-08 5.91088e-11
467 1.46774e-08 5.18721e-11
469 1.4418e-08 5.28511e-11
471 1.42289e-08 5.53014e-11
473 1.40586e-08 5.60361e-11
475 1.39407e-08 4.91087e-11
477 1.37651e-08 4.88077e-11
479 1.35853e-08 5.74445e-11
481 1.33878e-08 5.45751e-11
483 1.32165e-08 4.97612e-11
485 1.31546e-08 4.89749e-11
487 1.29039e-08 5.34353e-11
489 1.27247e-08 4.64041e-11
491 1.26315e-08 5.11064e-11
493 1.25543e-08 5.27681e-11
495 1.23142e-08 4.67153e-11
497 1.22245e-08 5.3738e-11
499 1.20306e-08 4.60985e-11
501 1.19828e-08 4.96059e-11
503 1.17867e-08 3.89328e-11
505 1.16539e-08 4.77626e-11
507 1.14515e-08 4.95517e-11
509 1.14238e-08 4.43701e-11
511 1.13242e-08 4.69758e-11
513 1.11857e-08 4.65687e-11
515 1.10093e-08 4.17108e-11
517 1.09082e-08 4.69716e-11
519 1.08088e-08 4.73953e-11
521 1.0744e-08 5.07613e-11
523 1.05278e-08 4.56867e-11
525 1.04474e-08 4.37578e-11
527 1.03304e-08 4.45549e-11
529 1.02874e-08 5.06964e-11
531 1.01435e-08 4.69043e-11
533 1.00455e-08 4.24927e-11
535 9.88473e-09 3.98369e-11
537 9.87862e-09 4.41381e-11
539 9.76411e-09 4.29215e-11
541 9.69679e-09 4.68162e-11
543 9.48764e-09 4.72495e-11
545 9.52097e-09 4.10324e-11
547 9.32449e-09 3.88621e-11
549 9.34692e-09 4.51361e-11
551 9.22851e-09 4.66414e-11
553 9.14108e-09 4.38062e-11
555 9.00768e-09 3.92649e-11
557 8.97231e-09 4.41136e-11
559 8.91931e-09 3.8678e-11
561 8.80106e-09 4.10995e-11
563 8.7776e-09 4.51506e-11
565 8.57985e-09 4.42071e-11
567 8.55632e-09 3.99802e-11
569 8.49503e-09 4.04625e-11
571 8.42093e-09 3.77902e-11
573 8.39158e-09 4.15971e-11
575 8.30862e-09 4.04608e-11
577 8.15948e-09 3.86287e-11
579 8.1751e-09 3.77383e-11
581 8.11443e-09 4.2236e-11
583 7.99052e-09 3.66261e-11
585 7.98255e-09 4.09358e-11
587 7.90826e-09 4.18722e-11
589 7.80952e-09 3.60857e-11
591 7.76485e-09 3.62952e-11
593 7.75594e-09 3.6633e-11
595 7.59977e-09 3.86914e-11
597 7.58762e-09 3.79133e-11
599 7.57318e-09 3.73177e-11
601 7.45696e-09 3.69442e-11
603 7.42418e-09 3.89201e-11
605 7.34536e-09 3.45561e-11
607 7.27514e-09 3.79031e-11
609 7.20809e-09 3.37248e-11
611 7.16593e-09 3.81985e-11
613 7.01113e-09 3.36457e-11
615 7.01522e-09 3.47436e-11
617 6.93161e-09 3.62707e-11
619 6.88079e-09 3.44687e-11
621 6.88751e-09 3.74377e-11
623 6.78171e-09 3.32687e-11
625 6.81205e-09 3.67875e-11
627 6.72734e-09 3.70805e-11
629 6.76206e-09 3.38427e-11
631 6.65099e-09 3.09997e-11
633 6.6356e-09 3.72081e-11
635 6.55917e-09 3.56267e-11
637 6.52998e-09 3.41976e-11
639 6.56919e-09 3.64932e-11
641 6.50445e-09 3.20179e-11
643 6.51673e-09 3.51254e-11
645 6.43677e-09 2.84551e-11
647 6.38951e-09 3.27812e-11
649 6.39532e-09 3.36794e-11
651 6.34578e-09 3.13259e-11
653 6.33605e-09 3.4691e-11
655 6.29072e-09 3.26385e-11
657 6.26653e-09 3.56117e-11
659 6.20751e-09 3.39607e-11
661 6.23246e-09 3.39292e-11
663 6.09133e-09 3.4423e-11
665 6.06679e-09 3.32251e-11
667 6.08425e-09 3.60048e-11
669 6.16489e-09 3.06093e-11
671 6.06251e-09 3.46015e-11
673 6.06437e-09 2.99093e-11
675 6.05911e-09 3.34802e-11
677 6.05173e-09 3.27342e-11
679 6.01855e-09 3.11747e-11
681 5.92403e-09 3.13743e-11
683 6.01699e-09 2.78437e-11
685 6.00718e-09 3.07242e-11
687 5.9411e-09 3.23357e-11
689 6.01202e-09 3.1748e-11
691 5.85686e-09 3.17994e-11
693 5.94683e-09 3.19954e-11
695 5.89557e-09 2.84557e-11
697 5.94089e-09 3.53261e-11
699 6.15378e-09 3.06328e-11
701 6.08159e-09 3.26964e-11
703 6.15204e-09 3.16955e-11
705 6.15057e-09 2.9544e-11
707 6.16897e-09 3.01831e-11
709 6.19424e-09 2.7796e-11
711 6.22657e-09 3.02198e-11
713 6.27059e-09 2.93191e-11
715 6.30593e-09 2.83656e-11
717 6.30641e-09 2.98117e-11
719 6.36014e-09 2.97781e-11
721 6.41875e-09 2.82289e-11
723 6.4249e-09 2.79215e-11
725 6.88448e-09 2.71421e-11
727 7.31901e-09 3.04699e-11
729 7.51679e-09 3.28407e-11
731 7.74145e-09 2.79365e-11
733 8.05647e-09 3.07118e-11
735 8.35179e-09 3.48607e-11
737 1.02661e-08 3.23691e-11
739 1.22938e-08 3.65851e-11
741 1.43894e-08 4.01927e-11
743 2.79294e-08 5.79603e-11
745 8.27239e-09 3.32343e-11
747 9.42403e-10 2.37073e-11
749 9.03428e-10 2.04012e-11
751 9.27676e-10 2.10995e-11
753 9.25027e-10 2.10835e-11
755 9.19363e-10 2.23205e-11
757 9.40207e-10 2.12031e-11
759 9.06466e-10 2.17334e-11
761 9.09637e-10 2.27374e-11
763 9.42383e-10 2.25145e-11
765 8.99026e-10 2.06821e-11
767 9.11008e-10 2.24884e-11
769 9.36939e-10 2.25565e-11
771 8.98339e-10 1.98904e-11
773 9.23789e-10 2.26499e-11
775 9.23202e-10 2.00305e-11
777 9.09995e-10 2.11367e-11
779 9.32278e-10 2.23869e-11
781 9.12589e-10 1.92132e-11
783 9.11063e-10 2.31042e-11
785 9.48162e-10 2.24044e-11
787 9.15882e-10 1.95472e-11
789 9.08134e-10 2.40423e-11
791 9.28104e-10 1.95882e-11
793 9.24733e-10 2.03682e-11
795 9.15104e-10 2.42716e-11
797 9.13925e-10 1.98495e-11
799 9.05935e-10 2.06859e-11
801 9.18441e-10 2.19543e-11
803 9.39908e-10 1.82132e-11
805 8.95064e-10 1.99569e-11
807 9.11935e-10 2.18087e-11
809 9.42314e-10 1.89982e-11
811 8.95154e-10 1.91023e-11
813 9.37511e-10 2.15263e-11
815 9.18426e-10 1.64315e-11
817 8.85651e-10 1.90387e-11
819 9.45213e-10 2.09033e-11
821 9.1046e-10 1.75462e-11
823 8.94941e-10 2.01666e-11
825 9.30165e-10 2.07026e-11
827 9.17811e-10 1.69852e-11
829 8.91856e-10 2.01156e-11
831 9.2809e-10 1.97897e-11
833 9.14558e-10 1.58693e-11
835 8.78576e-10 1.98944e-11
837 9.34896e-10 1.95181e-11
839 9.04809e-10 1.82091e-11
841 8.99943e-10 1.76366e-11
843 9.19005e-10 1.88372e-11
845 9.06484e-10 1.81037e-11
847 8.90313e-10 1.67901e-11
849 9.35315e-10 1.91466e-11
851 8.99707e-10 1.60486e-11
853 8.82342e-10 1.77392e-11
855 9.31565e-10 1.87038e-11
857 8.98829e-10 1.78082e-11
859 8.71922e-10 1.69379e-11
861 9.36217e-10 1.86971e-11
863 9.0567e-10 1.80343e-11
865 8.73606e-10 1.69619e-11
867 9.15748e-10 1.94538e-11
869 9.21459e-10 1.72242e-11
871 8.68076e-10 1.70709e-11
873 9.10012e-10 1.97554e-11
875 9.11636e-10 1.69138e-11
877 8.63087e-10 1.65102e-11
879 8.98802e-10 2.19662e-11
881 9.09347e-10 1.68828e-11
883 8.85945e-10 1.67816e-11
885 8.83245e-10 1.99032e-11
887 9.09098e-10 1.6348e-11
889 8.83349e-10 1.80181e-11
891 8.7202e-10 1.6928e-11
893 8.91878e-10 1.69953e-11
895 8.82825e-10 1.77384e-11
897 8.73153e-10 1.92444e-11
899 8.82069e-10 1.91677e-11
901 8.84978e-10 1.7133e-11
903 8.6021e-10 1.71194e-11
905 8.71179e-10 1.80274e-11
907 8.84166e-10 1.57752e-11
909 8.72471e-10 1.74628e-11
911 8.54383e-10 1.79677e-11
913 8.91018e-10 1.61396e-11
915 8.77964e-10 1.82431e-11
917 8.54421e-10 1.71249e-11
919 8.82225e-10 1.64238e-11
921 8.77119e-10 1.51377e-11
923 8.61621e-10 1.92501e-11
925 8.59626e-10 1.72131e-11
927 8.83841e-10 1.45395e-11
929 8.47976e-10 1.93648e-11
931 8.5901e-10 1.69458e-11
933 8.76628e-10 1.54569e-11
935 8.42864e-10 1.71501e-11
937 8.56284e-10 1.77695e-11
939 8.59779e-10 1.5643e-11
941 8.69326e-10 1.49187e-11
943 8.42501e-10 1.6945e-11
945 8.66004e-10 1.77449e-11
947 8.51731e-10 1.66134e-11
949 8.58194e-10 1.60981e-11
951 8.3907e-10 1.64428e-11
953 8.55739e-10 1.5739e-11
955 8.59743e-10 1.67788e-11
957 8.20445e-10 1.59699e-11
959 8.64883e-10 1.62865e-11
961 8.44714e-10 1.67614e-11
963 8.44813e-10 1.6274e-11
965 8.28343e-10 1.73998e-11
967 8.60334e-10 1.53219e-11
969 8.27005e-10 1.50786e-11
971 8.38262e-10 1.76487e-11
973 8.44416e-10 1.58495e-11
975 8.40244e-10 1.54568e-11
977 8.33917e-10 1.28903e-11
979 8.30635e-10 1.6707e-11
981 8.40365e-10 1.63922e-11
983 8.32436e-10 1.6104e-11
985 8.14144e-10 1.46658e-11
987 8.38533e-10 1.83769e-11
989 8.22846e-10 1.44283e-11
991 8.23297e-10 1.40799e-11
993 8.21116e-10 1.55741e-11
995 8.31047e-10 1.7244e-11
997 8.27112e-10 1.50665e-11
999 8.20079e-10 1.35381e-11
1001 7.95979e-10 1.49845e-11
1003 8.16944e-10 1.68363e-11
1005 8.13752e-10 1.62582e-11
1007 8.21198e-10 1.43474e-11
1009 8.06457e-10 1.39751e-11
1011 8.15809e-10 1.76382e-11
1013 8.09708e-10 1.49135e-11
1015 8.05253e-10 1.52863e-11
1017 7.94882e-10 1.45501e-11
1019 8.14189e-10 1.77519e-11
1021 7.96529e-10 1.4748e-11
1023 8.10785e-10 1.54987e-11
1025 7.88048e-10 1.47084e-11
1027 8.15182e-10 1.88817e-11
1029 7.90857e-10 1.52395e-11
1031 7.98937e-10 1.50088e-11
1033 7.77301e-10 1.32935e-11
1035 8.04911e-10 1.87712e-11
1037 7.86985e-10 1.55567e-11
1039 7.89676e-10 1.48646e-11
1041 7.89453e-10 1.44146e-11
1043 8.07991e-10 1.77041e-11
1045 7.73625e-10 1.42055e-11
1047 7.88675e-10 1.51133e-11
1049 7.73501e-10 1.5672e-11
1051 7.99589e-10 1.64472e-11
1053 7.64618e-10 1.49114e-11
1055 8.02128e-10 1.59836e-11
1057 7.5684e-10 1.31711e-11
1059 7.93248e-10 1.47472e-11
1061 7.63083e-10 1.46062e-11
1063 7.74373e-10 1.55877e-11
1065 7.64486e-10 1.42593e-11
1067 7.81967e-10 1.4537e-11
1069 7.49868e-10 1.49253e-11
1071 7.59441e-10 1.44458e-11
1073 7.82346e-10 1.60573e-11
1075 7.55085e-10 1.43468e-11
1077 7.84237e-10 1.45785e-11
1079 7.35553e-10 1.43151e-11
1081 7.54538e-10 1.4957e-11
1083 7.78851e-10 1.50591e-11
1085 7.54832e-10 1.40155e-11
1087 7.55093e-10 1.5515e-11
1089 7.47661e-10 1.5466e-11
1091 7.4089e-10 1.44795e-11
1093 7.75461e-10 1.31608e-11
1095 7.67816e-10 1.38518e-11
1097 7.19827e-10 1.46139e-11
1099 7.41898e-10 1.4681e-11
1101 7.43341e-10 1.36412e-11
1103 7.5958e-10 1.40329e-11
1105 7.52612e-10 1.28445e-11
1107 7.22335e-10 1.32465e-11
1109 7.45308e-10 1.43419e-11
1111 7.4021e-10 1.39062e-11
1113 7.67829e-10 1.41377e-11
1115 7.26012e-10 1.49291e-11
1117 7.29913e-10 1.49948e-11
1119 7.16703e-10 1.27987e-11
1121 7.40756e-10 1.37092e-11
1123 7.38528e-10 1.36065e-11
1125 7.2162e-10 1.41994e-11
1127 7.3801e-10 1.40449e-11
1129 7.09919e-10 1.44217e-11
1131 7.33086e-10 1.49719e-11
1133 7.27131e-10 1.23143e-11
1135 7.20722e-10 1.31575e-11
1137 7.27479e-10 1.39437e-11
1139 7.12322e-10 1.41093e-11
1141 7.26254e-10 1.39384e-11
1143 7.24483e-10 1.19193e-11
1145 7.20056e-10 1.26472e-11
1147 7.15101e-10 1.46183e-11
1149 6.98994e-10 1.42131e-11
1151 7.11396e-10 1.32682e-11
1153 7.26248e-10 1.36319e-11
1155 7.08586e-10 1.20548e-11
1157 7.03313e-10 1.39942e-11
1159 6.94607e-10 1.5717e-11
1161 7.05448e-10 1.39982e-11
1163 7.05677e-10 1.411e-11
1165 7.00695e-10 1.1717e-11
1167 7.0417e-10 1.42731e-11
1169 6.96915e-10 1.4613e-11
1171 6.89918e-10 1.35492e-11
1173 6.9109e-10 1.34847e-11
1175 6.95745e-10 1.07984e-11
1177 7.09178e-10 1.39029e-11
1179 6.91745e-10 1.24848e-11
1181 6.84379e-10 1.55792e-11
1183 6.94138e-10 1.3198e-11
1185 6.7929e-10 1.35973e-11
1187 6.93729e-10 1.20969e-11
1189 7.03145e-10 1.37806e-11
1191 6.79541e-10 1.14915e-11
1193 6.70886e-10 1.39027e-11
1195 7.09948e-10 1.28764e-11
1197 6.72336e-10 1.36985e-11
1199 6.99165e-10 1.35079e-11
1201 6.80166e-10 1.2796e-11
1203 6.84828e-10 1.29245e-11
1205 6.80534e-10 1.4288e-11
1207 6.87995e-10 1.34159e-11
1209 6.61147e-10 1.33095e-11
1211 6.77923e-10 1.23749e-11
1213 6.73705e-10 1.20599e-11
1215 6.67833e-10 1.34243e-11
1217 6.62132e-10 1.3538e-11
1219 6.72552e-10 1.20337e-11
1221 6.62118e-10 1.24959e-11
1223 6.61219e-10 1.2364e-11
1225 6.73619e-10 1.21971e-11
1227 6.55416e-10 1.42307e-11
1229 6.66346e-10 1.20066e-11
1231 6.67918e-10 1.19949e-11
1233 6.49644e-10 1.43054e-11
1235 6.48862e-10 1.20889e-11
1237 6.61186e-10 1.33015e-11
1239 6.5394e-10 1.26618e-11
1241 6.64478e-10 1.34586e-11
1243 6.44513e-10 1.1959e-11
1245 6.54389e-10 1.36015e-11
1247 6.4826e-10 1.2384e-11
1249 6.44686e-10 1.18437e-11
1251 6.45417e-10 1.25762e-11
1253 6.40534e-10 1.28221e-11
1255 6.33899e-10 1.19163e-11
1257 6.44268e-10 1.15599e-11
1259 6.53244e-10 1.38066e-11
1261 6.24642e-10 1.37165e-11
1263 6.33129e-10 1.2306e-11
1265 6.39989e-10 1.40631e-11
1267 6.41788e-10 1.27447e-11
1269 6.30646e-10 1.17927e-11
1271 6.27589e-10 1.16135e-11
1273 6.24278e-10 1.18748e-11
1275 6.34127e-10 1.25857e-11
1277 6.30354e-10 1.2549e-11
1279 6.34642e-10 1.32411e-11
1281 6.24741e-10 1.09414e-11
1283 6.24526e-10 1.18784e-11
1285 6.31303e-10 1.14657e-11
1287 6.14182e-10 1.21191e-11
1289 6.3081e-10 1.21127e-11
1291 6.20857e-10 1.24157e-11
1293 6.26094e-10 1.26553e-11
1295 5.96907e-10 1.08045e-11
1297 6.15922e-10 1.17899e-11
1299 6.26901e-10 1.14272e-11
1301 6.10151e-10 1.14946e-11
1303 6.16787e-10 1.11483e-11
1305 6.03203e-10 1.22271e-11
1307 5.9766e-10 1.05862e-11
1309 6.0469e-10 1.16061e-11
1311 5.99956e-10 1.21064e-11
1313 5.99753e-10 1.06198e-11
1315 6.04639e-10 1.1407e-11
1317 6.10163e-10 1.06555e-11
1319 6.01371e-10 1.30478e-11
1321 5.74718e-10 1.09883e-11
1323 6.00909e-10 1.12867e-11
1325 5.87201e-10 1.18385e-11
1327 6.02557e-10 1.09079e-11
1329 5.87258e-10 1.15797e-11
1331 6.02426e-10 1.1733e-11
1333 6.03318e-10 1.24507e-11
1335 5.87027e-10 1.12792e-11
1337 5.78075e-10 1.12965e-11
1339 5.7853e-10 1.1551e-11
1341 5.88104e-10 1.07291e-11
1343 5.96212e-10 1.11686e-11
1345 5.78198e-10 1.14134e-11
1347 6.0122e-10 1.07629e-11
1349 5.78566e-10 1.07037e-11
1351 5.84387e-10 1.21627e-11
1353 5.6068e-10 1.01199e-11
1355 5.98695e-10 1.19929e-11
1357 5.96006e-10 1.09046e-11
1359 5.93581e-10 1.0838e-11
1361 5.85527e-10 1.21836e-11
1363 5.73807e-10 1.06962e-11
1365 5.84003e-10 1.0566e-11
1367 5.65858e-10 1.04151e-11
1369 5.76347e-10 1.1066e-11
1371 5.85544e-10 1.14165e-11
1373 5.60779e-10 1.17964e-11
1375 5.72371e-10 1.07198e-11
1377 5.67922e-10 1.06135e-11
1379 5.73164e-10 1.1868e-11
1381 5.70648e-10 9.61519e-12
1383 5.60925e-10 1.00983e-11
1385 5.69601e-10 1.19728e-11
1387 5.70243e-10 1.15649e-11
1389 5.71479e-10 1.11124e-11
1391 5.51582e-10 1.00527e-11
1393 5.59261e-10 1.05695e-11
1395 5.77994e-10 1.05576e-11
1397 5.59487e-10 1.09035e-11
1399 5.52339e-10 8.89906e-12
1401 5.55807e-10 9.70529e-12
1403 5.49327e-10 9.60307e-12
1405 5.71938e-10 1.08762e-11
1407 5.4326e-10 1.06239e-11
1409 5.58534e-10 1.21647e-11
1411 5.68328e-10 1.05427e-11
1413 5.49381e-10 1.04824e-11
1415 5.46256e-10 1.00816e-11
1417 5.5516e-10 9.77486e-12
1419 5.42849e-10 9.92742e-12
1421 5.5242e-10 1.14203e-11
1423 5.45346e-10 1.02531e-11
1425 5.39327e-10 1.02064e-11
1427 5.35404e-10 8.96899e-12
1429 5.52131e-10 1.13072e-11
1431 5.31476e-10 9.78556e-12
1433 5.4557e-10 9.81123e-12
1435 5.30026e-10 1.02082e-11
1437 5.28011e-10 1.06098e-11
1439 5.37577e-10 1.0699e-11
1441 5.31293e-10 8.91098e-12
1443 5.13632e-10 1.10023e-11
1445 5.39119e-10 1.17493e-11
1447 5.45387e-10 9.77982e-12
1449 5.22144e-10 8.80053e-12
1451 5.33088e-10 1.04948e-11
1453 5.22802e-10 1.05375e-11
1455 5.03976e-10 9.88933e-12
1457 5.34889e-10 9.4629e-12
1459 5.11147e-10 9.27318e-12
1461 5.25734e-10 1.08666e-11
1463 5.346e-10 1.23509e-11
1465 5.24546e-10 9.81324e-12
1467 5.20372e-10 9.5019e-12
1469 5.26938e-10 1.07015e-11
1471 5.04254e-10 9.60035e-12
1473 5.23098e-10 1.01022e-11
1475 5.12933e-10 9.11657e-12
1477 4.90298e-10 9.76696e-12
1479 5.04038e-10 9.25625e-12
1481 5.22549e-10 1.06156e-11
1483 5.28664e-10 1.00043e-11
1485 5.06067e-10 8.63595e-12
1487 5.15322e-10 1.019e-11
1489 4.94609e-10 8.94651e-12
1491 5.09264e-10 9.68995e-12
1493 5.21552e-10 1.10031e-11
1495 5.02074e-10 1.11758e-11
1497 4.98124e-10 8.9015e-12
1499 5.09839e-10 1.09624e-11
1501 5.13319e-10 1.14113e-11
1503 4.87077e-10 1.01994e-11
1505 4.94962e-10 9.03936e-12
1507 5.04234e-10 8.38459e-12
1509 4.92408e-10 9.248e-12
1511 4.95683e-10 9.97879e-12
1513 4.88801e-10 1.00207e-11
1515 4.97711e-10 9.73263e-12
1517 5.0337e-10 9.84218e-12
1519 4.91599e-10 9.13585e-12
1521 4.89194e-10 1.06513e-11
1523 4.87469e-10 9.25373e-12
1525 4.83844e-10 9.3539e-12
1527 4.87367e-10 9.91534e-12
1529 4.93433e-10 1.00408e-11
1531 4.83995e-10 1.05989e-11
1533 4.90094e-10 8.98118e-12
1535 4.83869e-10 9.28837e-12
1537 4.9282e-10 1.01627e-11
1539 4.81422e-10 9.33504e-12
1541 4.82213e-10 1.05836e-11
1543 4.8375e-10 8.9135e-12
1545 4.78036e-10 9.36669e-12
1547 4.70866e-10 9.49384e-12
1549 4.90653e-10 9.75749e-12
1551 4.88215e-10 9.03821e-12
1553 4.78205e-10 8.25892e-12
1555 4.81509e-10 9.23682e-12
1557 4.80119e-10 9.59086e-12
1559 4.77336e-10 9.61996e-12
1561 4.73921e-10 1.01541e-11
1563 4.68184e-10 9.32822e-12
1565 4.71143e-10 8.30976e-12
1567 4.70205e-10 1.05266e-11
1569 4.6423e-10 9.33145e-12
1571 4.67315e-10 8.1958e-12
1573 4.65447e-10 9.29131e-12
1575 4.7292e-10 9.42698e-12
1577 4.74573e-10 1.00475e-11
1579 4.71512e-10 1.00279e-11
1581 4.58603e-10 9.29275e-12
1583 4.57042e-10 8.41724e-12
1585 4.65799e-10 9.08245e-12
1587 4.65073e-10 8.23474e-12
1589 4.74606e-10 9.25441e-12
1591 4.50846e-10 9.6086e-12
1593 4.57273e-10 8.70902e-12
1595 4.63849e-10 8.78495e-12
1597 4.71875e-10 9.77543e-12
1599 4.59349e-10 8.44776e-12
1601 4.46686e-10 8.34042e-12
1603 4.62983e-10 9.24541e-12
1605 4.49805e-10 8.77599e-12
1607 4.65063e-10 8.99473e-12
1609 4.64582e-10 1.02488e-11
1611 4.55121e-10 9.52851e-12
1613 4.47077e-10 9.88566e-12
1615 4.38712e-10 9.50528e-12
1617 4.5329e-10 9.58066e-12
1619 4.65239e-10 1.01287e-11
1621 4.50202e-10 9.46505e-12
1623 4.41256e-10 8.81378e-12
1625 4.55265e-10 9.50937e-12
1627 4.39781e-10 9.74093e-12
1629 4.51298e-10 7.72325e-12
1631 4.4364e-10 8.37861e-12
1633 4.30352e-10 7.49195e-12
1635 4.46386e-10 8.91568e-12
1637 4.25133e-10 9.58276e-12
1639 4.49094e-10 9.28953e-12
1641 4.36193e-10 9.19498e-12
1643 4.3112e-10 8.49079e-12
1645 4.49859e-10 9.45673e-12
1647 4.37838e-10 9.28533e-12
1649 4.4387e-10 8.31597e-12
1651 4.3648e-10 8.46481e-12
1653 4.25494e-10 8.35711e-12
1655 4.45098e-10 8.42349e-12
1657 4.30805e-10 8.27342e-12
1659 4.35581e-10 9.58091e-12
1661 4.22789e-10 9.36087e-12
1663 4.40229e-10 7.84001e-12
1665 4.37042e-10 9.32341e-12
1667 4.38138e-10 8.87061e-12
1669 4.41272e-10 8.975e-12
1671 4.28706e-10 8.05964e-12
1673 4.36334e-10 8.80446e-12
1675 4.18212e-10 9.80586e-12
1677 4.13325e-10 8.87427e-12
1679 4.269e-10 9.19389e-12
1681 4.31833e-10 7.87159e-12
1683 4.20685e-10 9.19001e-12
1685 4.28305e-10 9.65598e-12
1687 4.15215e-10 9.21524e-12
1689 4.31284e-10 9.74367e-12
1691 4.32986e-10 9.43219e-12
1693 4.20351e-10 8.9728e-12
1695 4.30052e-10 9.09714e-12
1697 4.21832e-10 8.09969e-12
1699 4.07757e-10 8.09696e-12
1701 4.0889e-10 9.3189e-12
1703 4.15151e-10 7.94074e-12
1705 4.37137e-10 9.21154e-12
1707 4.045e-10 8.71811e-12
1709 4.11383e-10 8.94552e-12
1711 4.23709e-10 8.15704e-12
1713 4.27663e-10 9.80195e-12
1715 4.21347e-10 8.79838e-12
1717 4.26054e-10 8.57288e-12
1719 4.04778e-10 9.03749e-12
1721 4.18348e-10 7.48712e-12
1723 4.03056e-10 8.9423e-12
1725 3.96038e-10 8.12738e-12
1727 4.22096e-10 7.99824e-12
1729 4.08756e-10 7.23702e-12
1731 4.08664e-10 8.42481e-12
1733 4.16185e-10 9.25552e-12
1735 3.96404e-10 7.48212e-12
1737 4.22563e-10 9.61792e-12
1739 4.13099e-10 8.27431e-12
1741 4.08946e-10 8.63252e-12
1743 4.1532e-10 9.21017e-12
1745 3.98323e-10 9.43449e-12
1747 4.13353e-10 7.83267e-12
1749 3.8254e-10 9.24555e-12
1751 3.99756e-10 7.87202e-12
1753 3.9734e-10 8.08041e-12
1755 4.07461e-10 9.20648e-12
1757 4.11615e-10 8.43773e-12
1759 4.03441e-10 7.82146e-12
1761 3.98379e-10 8.32689e-12
1763 3.90781e-10 8.14612e-12
1765 4.12107e-10 9.17444e-12
1767 3.98744e-10 8.48082e-12
1769 3.93548e-10 8.70913e-12
1771 3.94936e-10 8.49512e-12
1773 3.98534e-10 7.77864e-12
1775 3.75853e-10 8.23834e-12
1777 3.7893e-10 7.49351e-12
1779 4.04561e-10 7.84674e-12
1781 3.91054e-10 8.4174e-12
1783 4.01575e-10 7.6071e-12
1785 3.92096e-10 8.08369e-12
1787 3.74737e-10 7.88724e-12
1789 4.01026e-10 8.84998e-12
1791 3.94418e-10 8.3176e-12
1793 3.89334e-10 7.61241e-12
1795 3.74174e-10 7.70731e-12
1797 4.00079e-10 9.86044e-12
1799 3.78191e-10 8.70877e-12
1801 3.89847e-10 8.01641e-12
1803 3.70358e-10 7.12324e-12
1805 3.92471e-10 8.87994e-12
1807 3.81377e-10 8.73298e-12
1809 3.83812e-10 7.80986e-12
1811 3.8905e-10 8.81469e-12
1813 3.81452e-10 7.36119e-12
1815 3.8864e-10 8.85419e-12
1817 3.79135e-10 7.88298e-12
1819 3.9132e-10 8.21391e-12
1821 3.79368e-10 8.17578e-12
1823 3.73883e-10 8.80123e-12
1825 3.8236e-10 7.70548e-12
1827 3.7655e-10 8.43047e-12
1829 3.77179e-10 8.97871e-12
1831 3.49949e-10 7.52253e-12
1833 3.74856e-10 8.68251e-12
1835 3.72136e-10 8.34586e-12
1837 3.78447e-10 8.13224e-12
1839 3.67172e-10 7.58493e-12
1841 3.61479e-10 8.87384e-12
1843 3.69775e-10 8.30164e-12
1845 3.74874e-10 7.64933e-12
1847 3.65529e-10 7.6368e-12
1849 3.71058e-10 7.36722e-12
1851 3.52631e-10 7.44126e-12
1853 3.70182e-10 7.11339e-12
1855 3.61445e-10 8.08855e-12
1857 3.59156e-10 8.33796e-12
1859 3.57106e-10 7.02584e-12
1861 3.57599e-10 7.55248e-12
1863 3.67459e-10 7.85841e-12
1865 3.65702e-10 7.37674e-12
1867 3.62426e-10 6.72728e-12
1869 3.64487e-10 8.25142e-12
1871 3.57328e-10 7.73063e-12
1873 3.71848e-10 7.27267e-12
1875 3.61406e-10 7.42617e-12
1877 3.60078e-10 6.95927e-12
1879 3.42482e-10 7.07022e-12
1881 3.46763e-10 7.39509e-12
1883 3.68095e-10 6.76792e-12
1885 3.4716e-10 8.53668e-12
1887 3.52224e-10 7.79919e-12
1889 3.49026e-10 7.27298e-12
1891 3.53206e-10 6.656e-12
1893 3.53403e-10 7.32538e-12
1895 3.66786e-10 7.23927e-12
1897 3.53283e-10 6.50516e-12
1899 3.52966e-10 7.51732e-12
1901 3.525e-10 8.18424e-12
1903 3.59973e-10 7.1792e-12
1905 3.61881e-10 7.81689e-12
1907 3.52762e-10 6.5658e-12
1909 3.51943e-10 7.92464e-12
1911 3.55402e-10 7.27255e-12
1913 3.58675e-10 8.14101e-12
1915 3.58179e-10 7.20421e-12
1917 3.42557e-10 8.17975e-12
1919 3.51739e-10 7.68794e-12
1921 3.52494e-10 8.21437e-12
1923 3.44809e-10 7.31112e-12
1925 3.44138e-10 7.03824e-12
1927 3.61181e-10 7.22107e-12
1929 3.4868e-10 7.89018e-12
1931 3.40637e-10 7.49894e-12
1933 3.53364e-10 8.14625e-12
1935 3.43737e-10 7.36465e-12
1937 3.52203e-10 6.74261e-12
1939 3.44511e-10 7.29551e-12
1941 3.46018e-10 7.47992e-12
1943 3.46084e-10 6.9055e-12
1945 3.47118e-10 7.30771e-12
1947 3.48008e-10 7.39631e-12
1949 3.37798e-10 7.96257e-12
1951 3.48481e-10 8.29935e-12
1953 3.44299e-10 7.96979e-12
1955 3.37006e-10 6.9045e-12
1957 3.39885e-10 7.43353e-12
1959 3.47715e-10 7.37863e-12
1961 3.47474e-10 7.21265e-12
1963 3.46583e-10 7.57835e-12
1965 3.46942e-10 7.69392e-12
1967 3.21355e-10 7.11498e-12
1969 3.35494e-10 6.45192e-12
1971 3.3645e-10 6.45347e-12
1973 3.46871e-10 7.3471e-12
1975 3.39979e-10 7.16128e-12
1977 3.30061e-10 6.96815e-12
1979 3.37346e-10 6.75135e-12
1981 3.36734e-10 7.29503e-12
1983 3.29579e-10 7.69803e-12
1985 3.36191e-10 7.77653e-12
1987 3.33609e-10 6.79334e-12
1989 3.18842e-10 6.79865e-12
1991 3.46905e-10 6.34389e-12
1993 3.2535e-10 7.19954e-12
1995 3.37399e-10 7.66765e-12
1997 3.25946e-10 6.49163e-12
1999 3.36373e-10 7.49239e-12
