1.09967 8.89492e-10
3.099 1.76379e-09
5.09833 7.00775e-10
7.09767 7.27297e-10
9.097 1.18332e-09
11.0963 1.74791e-09
13.0957 1.85608e-09
15.095 1.17484e-09
17.0943 1.85725e-09
19.0937 6.65524e-10
21.093 1.92852e-09
23.0923 1.41643e-09
25.0917 7.84815e-10
27.091 9.13975e-10
29.0903 8.10553e-10
31.0897 1.02482e-09
33.089 1.57235e-10
35.0883 1.37111e-09
37.0877 1.11119e-09
39.087 9.03641e-10
41.0863 8.52825e-10
43.0857 7.21749e-10
45.085 3.9672e-10
47.0843 5.27199e-10
49.0837 8.29057e-10
51.083 7.60726e-10
53.0823 8.33738e-10
55.0817 6.67654e-10
57.081 1.14434e-09
59.0803 7.6236e-10
61.0797 1.08219e-09
63.079 1.05858e-09
65.0783 7.0123e-10
67.0777 1.16447e-09
69.077 9.46174e-10
71.0763 4.17314e-10
73.0757 6.92576e-10
75.075 5.65227e-10
77.0743 1.19631e-09
79.0737 5.26488e-10
81.073 9.29591e-10
83.0723 8.33601e-10
85.0717 6.76094e-10
87.071 5.15329e-10
89.0703 8.0036e-10
91.0697 9.98976e-10
93.069 7.58371e-10
95.0683 6.0055e-10
97.0677 6.80905e-10
99.067 8.67641e-10
101.066 7.22605e-10
103.066 7.81736e-10
105.065 7.89789e-10
107.064 8.18834e-10
109.064 7.2866e-10
111.063 5.73918e-10
113.062 8.06974e-10
115.062 5.31472e-10
117.061 7.70233e-10
119.06 6.67117e-10
121.06 4.52112e-10
123.059 5.35146e-10
125.058 5.22693e-10
127.058 6.15416e-10
129.057 6.97599e-10
131.056 6.81261e-10
133.056 5.77244e-10
135.055 5.46969e-10
137.054 7.55015e-10
139.054 6.10935e-10
141.053 6.26803e-10
143.052 7.46192e-10
145.052 8.12436e-10
147.051 8.39696e-10
149.05 7.34939e-10
151.05 4.16655e-10
153.049 5.15766e-10
155.048 3.9108e-10
157.048 4.75446e-10
159.047 4.10767e-10
161.046 4.97763e-10
163.046 4.99424e-10
165.045 1.59202e-10
167.044 1.62528e-10
169.044 1.65818e-10
171.043 1.69067e-10
173.042 1.72338e-10
175.042 2.64513e-10
177.041 1.80406e-10
179.04 1.83716e-10
181.04 2.81508e-10
183.039 2.89055e-10
185.038 2.96377e-10
187.038 3.04007e-10
189.037 4.17022e-10
191.036 3.21222e-10
193.036 2.18188e-10
195.035 0
197.034 0
199.034 0
201.033 0
203.032 0
205.032 0
207.031 0
209.03 0
211.03 0
213.029 0
215.028 0
217.028 0
219.027 0
221.026 0
223.026 0
225.025 0
227.024 0
229.024 0
231.023 0
233.022 0
235.022 0
237.021 0
239.02 0
241.02 0
243.019 0
245.018 0
247.018 0
249.017 0
251.016 0
253.016 0
255.015 0
257.014 0
259.014 0
261.013 0
263.012 0
265.012 0
267.011 0
269.01 0
271.01 0
273.009 0
275.008 0
277.008 0
279.007 0
281.006 0
283.006 0
285.005 0
287.004 0
289.004 0
291.003 0
293.002 0
295.002 0
297.001 0
299 0
