1 2.01553e-12 6.89365e-14
3 5.6668e-12 1.50415e-13
5 9.94261e-12 2.96227e-13
7 1.4619e-11 4.50909e-13
9 2.02155e-11 5.63031e-13
11 7.33102e-09 1.63847e-09
13 7.48812e-08 4.50486e-09
15 0.00176166 7.31579e-07
17 0.00304049 1.04394e-06
19 0.000970032 5.87245e-07
21 0.000554719 4.35326e-07
23 0.000353049 3.17567e-07
25 0.000247644 2.89788e-07
27 0.000164438 1.94128e-07
29 0.000136776 1.71075e-07
31 9.90263e-05 1.31949e-07
33 7.52872e-05 1.2524e-07
35 6.62727e-05 1.14662e-07
37 5.67326e-05 1.01399e-07
39 4.59039e-05 7.66217e-08
41 3.67269e-05 5.89402e-08
43 3.01492e-05 5.16803e-08
45 2.5696e-05 4.44696e-08
47 2.25982e-05 3.98034e-08
49 2.01563e-05 3.52766e-08
51 1.80947e-05 3.31802e-08
53 1.62608e-05 2.98967e-08
55 1.46403e-05 2.65164e-08
57 1.32124e-05 2.2143e-08
59 1.19196e-05 2.07149e-08
61 1.07355e-05 1.81854e-08
63 9.66178e-06 1.59885e-08
65 8.71391e-06 1.40402e-08
67 7.87716e-06 1.22432e-08
69 7.14184e-06 1.13326e-08
71 6.494e-06 1.05283e-08
73 5.92049e-06 9.68803e-09
75 5.42284e-06 8.81826e-09
77 4.97302e-06 8.03698e-09
79 4.58106e-06 7.3832e-09
81 4.23379e-06 7.14937e-09
83 3.90695e-06 6.49189e-09
85 3.61086e-06 6.06858e-09
87 3.34262e-06 5.38428e-09
89 3.10165e-06 5.11701e-09
91 2.87913e-06 4.73568e-09
93 2.67723e-06 4.47329e-09
95 2.49403e-06 3.999e-09
97 2.3279e-06 3.87321e-09
99 2.17774e-06 3.5871e-09
101 2.03532e-06 3.49867e-09
103 1.90696e-06 3.12463e-09
105 1.79187e-06 3.00091e-09
107 1.68335e-06 2.90666e-09
109 1.5829e-06 2.63777e-09
111 1.49107e-06 2.48209e-09
113 1.40563e-06 2.27082e-09
115 1.32633e-06 2.17787e-09
117 1.25374e-06 1.95954e-09
119 1.18625e-06 2.01951e-09
121 1.12358e-06 1.78654e-09
123 1.06469e-06 1.69833e-09
125 1.01002e-06 1.55288e-09
127 9.58887e-07 1.4838e-09
129 9.11061e-07 1.46237e-09
131 8.66826e-07 1.37685e-09
133 8.24851e-07 1.30007e-09
135 7.86e-07 1.24749e-09
137 7.49481e-07 1.19478e-09
139 7.15514e-07 1.13102e-09
141 6.83581e-07 1.10047e-09
143 6.52105e-07 1.05316e-09
145 6.23815e-07 1.02358e-09
147 5.95661e-07 9.81948e-10
149 5.70633e-07 9.20253e-10
151 5.46388e-07 8.87887e-10
153 5.23751e-07 8.84768e-10
155 5.02105e-07 8.41267e-10
157 4.81496e-07 8.06792e-10
159 4.6251e-07 7.74416e-10
161 4.44832e-07 7.39328e-10
163 4.2746e-07 7.12204e-10
165 4.10592e-07 6.91316e-10
167 3.95935e-07 6.57153e-10
169 3.80004e-07 5.89259e-10
171 3.66043e-07 6.09692e-10
173 3.52388e-07 5.78797e-10
175 3.39186e-07 5.68172e-10
177 3.27145e-07 5.52587e-10
179 3.15187e-07 5.4941e-10
181 3.03969e-07 5.39818e-10
183 2.93432e-07 4.94773e-10
185 2.83419e-07 4.47345e-10
187 2.73917e-07 4.78297e-10
189 2.6438e-07 4.78012e-10
191 2.55823e-07 4.27032e-10
193 2.46059e-07 4.33496e-10
195 2.38596e-07 4.09808e-10
197 2.30753e-07 3.92278e-10
199 2.23941e-07 3.81384e-10
201 2.16694e-07 3.72575e-10
203 2.10116e-07 3.4007e-10
205 2.03489e-07 3.39533e-10
207 1.97512e-07 3.53454e-10
209 1.9145e-07 3.3456e-10
211 1.85237e-07 3.22849e-10
213 1.79845e-07 3.28335e-10
215 1.74396e-07 3.133e-10
217 1.69239e-07 2.89651e-10
219 1.64145e-07 2.86575e-10
221 1.59248e-07 2.81987e-10
223 1.55055e-07 2.62608e-10
225 1.50636e-07 2.72885e-10
227 1.46127e-07 2.49552e-10
229 1.42307e-07 2.55815e-10
231 1.38548e-07 2.54202e-10
233 1.34301e-07 2.27495e-10
235 1.30866e-07 2.33288e-10
237 1.27433e-07 2.09878e-10
239 1.23641e-07 2.20492e-10
241 1.20363e-07 2.06482e-10
243 1.17274e-07 1.99602e-10
245 1.14432e-07 1.94421e-10
247 1.11164e-07 1.87578e-10
249 1.08209e-07 1.85317e-10
251 1.05684e-07 1.8309e-10
253 1.02834e-07 1.59422e-10
255 1.00209e-07 1.79496e-10
257 9.75593e-08 1.61265e-10
259 9.54954e-08 1.64135e-10
261 9.31573e-08 1.64288e-10
263 9.06541e-08 1.63451e-10
265 8.85121e-08 1.51365e-10
267 8.6362e-08 1.45673e-10
269 8.4453e-08 1.4765e-10
271 8.23594e-08 1.49692e-10
273 8.03637e-08 1.46801e-10
275 7.85159e-08 1.33179e-10
277 7.67185e-08 1.48173e-10
279 7.5109e-08 1.30909e-10
281 7.31644e-08 1.37953e-10
283 7.14272e-08 1.29812e-10
285 6.97704e-08 1.31386e-10
287 6.83394e-08 1.17116e-10
289 6.66928e-08 1.27978e-10
291 6.53654e-08 1.16989e-10
293 6.37066e-08 1.21637e-10
295 6.23101e-08 1.22307e-10
297 6.10163e-08 1.19031e-10
299 5.97773e-08 1.14927e-10
301 5.85796e-08 1.27747e-10
303 5.71054e-08 1.05521e-10
305 5.59262e-08 1.1483e-10
307 5.47078e-08 1.11541e-10
309 5.36869e-08 1.08203e-10
311 5.26041e-08 1.13584e-10
313 5.16133e-08 1.09e-10
315 5.04418e-08 1.08956e-10
317 4.94128e-08 1.05366e-10
319 4.83569e-08 1.09279e-10
321 4.74452e-08 1.06342e-10
323 4.65975e-08 9.39873e-11
325 4.57725e-08 1.13729e-10
327 4.49274e-08 1.03992e-10
329 4.38812e-08 1.04067e-10
331 4.29128e-08 9.67803e-11
333 4.2119e-08 9.86525e-11
335 4.13545e-08 9.20084e-11
337 4.06303e-08 9.58045e-11
339 3.99296e-08 9.1688e-11
341 3.90801e-08 8.63201e-11
343 3.85591e-08 9.76869e-11
345 3.7363e-08 8.74902e-11
347 3.6864e-08 1.00369e-10
349 3.59898e-08 8.99351e-11
351 3.56035e-08 1.01824e-10
353 3.47898e-08 9.46416e-11
355 3.42645e-08 1.01169e-10
357 3.3634e-08 7.40837e-11
359 3.31297e-08 9.58068e-11
361 3.23557e-08 7.9719e-11
363 3.16429e-08 9.20026e-11
365 3.12414e-08 7.71593e-11
367 3.06838e-08 8.81102e-11
369 3.01469e-08 8.17754e-11
371 2.96549e-08 8.6457e-11
373 2.91405e-08 9.53948e-11
375 2.87777e-08 7.57725e-11
377 2.82342e-08 8.85396e-11
379 2.7761e-08 8.02135e-11
381 2.71857e-08 8.36569e-11
383 2.67671e-08 8.38386e-11
385 2.64304e-08 7.23759e-11
387 2.59309e-08 7.89246e-11
389 2.55661e-08 7.5875e-11
391 2.51449e-08 7.5088e-11
393 2.4692e-08 8.24841e-11
395 2.43002e-08 6.87874e-11
397 2.40142e-08 7.48472e-11
399 2.35685e-08 7.72467e-11
401 2.31752e-08 6.77434e-11
403 2.29028e-08 7.72738e-11
405 2.2494e-08 7.38761e-11
407 2.2226e-08 7.26025e-11
409 2.19225e-08 7.6878e-11
411 2.15529e-08 7.03918e-11
413 2.12219e-08 7.29473e-11
415 2.09548e-08 6.79134e-11
417 2.06176e-08 6.85941e-11
419 2.03243e-08 6.93709e-11
421 2.00861e-08 7.01919e-11
423 1.97891e-08 6.77713e-11
425 1.94501e-08 6.12371e-11
427 1.92213e-08 6.99347e-11
429 1.89247e-08 7.31858e-11
431 1.86938e-08 5.8481e-11
433 1.84309e-08 6.69014e-11
435 1.81422e-08 7.29871e-11
437 1.79022e-08 6.16766e-11
439 1.7605e-08 5.95531e-11
441 1.74271e-08 7.03835e-11
443 1.7066e-08 6.96732e-11
445 1.69577e-08 5.93672e-11
447 1.67307e-08 5.99515e-11
449 1.64673e-08 6.53208e-11
451 1.62146e-08 5.53939e-11
453 1.60489e-08 5.28677e-11
455 1.58221e-08 6.4715e-11
457 1.55664e-08 5.88653e-11
459 1.54644e-08 5.8969e-11
461 1.52684e-08 5.72591e-11
463 1.49849e-08 5.99516e-11
465 1.4813e-08 5.75307e-11
467 1.46593e-08 5.27681e-11
469 1.44851e-08 5.78065e-11
471 1.4224e-08 6.29381e-11
473 1.40638e-08 5.43645e-11
475 1.39293e-08 4.89745e-11
477 1.37742e-08 5.45124e-11
479 1.35581e-08 6.13739e-11
481 1.34653e-08 5.3228e-11
483 1.32302e-08 4.95917e-11
485 1.31128e-08 5.24434e-11
487 1.28996e-08 5.11762e-11
489 1.27817e-08 5.4775e-11
491 1.26039e-08 5.03557e-11
493 1.24941e-08 4.50649e-11
495 1.2353e-08 4.77482e-11
497 1.2168e-08 5.43811e-11
499 1.20954e-08 4.7419e-11
501 1.19732e-08 4.79591e-11
503 1.17582e-08 4.8164e-11
505 1.16819e-08 5.20458e-11
507 1.14726e-08 4.79652e-11
509 1.14369e-08 4.88061e-11
511 1.1344e-08 4.48023e-11
513 1.10925e-08 4.94536e-11
515 1.111e-08 4.68204e-11
517 1.08884e-08 4.75342e-11
519 1.08453e-08 4.90174e-11
521 1.07449e-08 4.59278e-11
523 1.04986e-08 4.6424e-11
525 1.04885e-08 4.77382e-11
527 1.03397e-08 4.50726e-11
529 1.03152e-08 4.15157e-11
531 1.01892e-08 4.82948e-11
533 1.0019e-08 4.17326e-11
535 9.94034e-09 4.66965e-11
537 9.84237e-09 4.09298e-11
539 9.84043e-09 4.72197e-11
541 9.67678e-09 3.90716e-11
543 9.6095e-09 4.28501e-11
545 9.4137e-09 4.47155e-11
547 9.44625e-09 4.61722e-11
549 9.31099e-09 4.29154e-11
551 9.27841e-09 4.46633e-11
553 9.14981e-09 4.16158e-11
555 9.11378e-09 4.2807e-11
557 8.96388e-09 4.4693e-11
559 8.91665e-09 4.31352e-11
561 8.88779e-09 4.00892e-11
563 8.74173e-09 4.1288e-11
565 8.69845e-09 3.96648e-11
567 8.60785e-09 4.39494e-11
569 8.49064e-09 3.74831e-11
571 8.44141e-09 3.71293e-11
573 8.41875e-09 4.12205e-11
575 8.29991e-09 3.56817e-11
577 8.26131e-09 4.38628e-11
579 8.17294e-09 3.75305e-11
581 8.07783e-09 3.71194e-11
583 8.03686e-09 4.31585e-11
585 8.05445e-09 4.0838e-11
587 7.91713e-09 3.77624e-11
589 7.8051e-09 3.84722e-11
591 7.80764e-09 3.69005e-11
593 7.69322e-09 3.86355e-11
595 7.6852e-09 3.88991e-11
597 7.60525e-09 4.34918e-11
599 7.56402e-09 3.57965e-11
601 7.51431e-09 3.79348e-11
603 7.40382e-09 3.64659e-11
605 7.40183e-09 3.76373e-11
607 7.23807e-09 3.97858e-11
609 7.26458e-09 3.82399e-11
611 7.15973e-09 3.60019e-11
613 7.07815e-09 2.88236e-11
615 6.96306e-09 3.43877e-11
617 6.97377e-09 3.59517e-11
619 6.96867e-09 3.93182e-11
621 6.75855e-09 3.57472e-11
623 6.87828e-09 3.91968e-11
625 6.78394e-09 3.14141e-11
627 6.77728e-09 3.10094e-11
629 6.74705e-09 3.22708e-11
631 6.67741e-09 3.59239e-11
633 6.67451e-09 3.65894e-11
635 6.56548e-09 4.0127e-11
637 6.56092e-09 3.55904e-11
639 6.54304e-09 3.42598e-11
641 6.5488e-09 3.26971e-11
643 6.47661e-09 3.45022e-11
645 6.47739e-09 3.20038e-11
647 6.42229e-09 3.32089e-11
649 6.41781e-09 3.96409e-11
651 6.35359e-09 3.49119e-11
653 6.30475e-09 3.54405e-11
655 6.30192e-09 3.50966e-11
657 6.26315e-09 3.45578e-11
659 6.26175e-09 3.50398e-11
661 6.21132e-09 3.11591e-11
663 6.12194e-09 3.69993e-11
665 6.1148e-09 3.7672e-11
667 6.08263e-09 3.12265e-11
669 6.11663e-09 3.27839e-11
671 6.11769e-09 3.26497e-11
673 6.07762e-09 3.32582e-11
675 6.07054e-09 3.24265e-11
677 6.06397e-09 3.30893e-11
679 6.04497e-09 3.61728e-11
681 6.03209e-09 3.45854e-11
683 5.98305e-09 3.57548e-11
685 6.01564e-09 3.1114e-11
687 5.96163e-09 3.1281e-11
689 5.95467e-09 3.13837e-11
691 5.96898e-09 3.03878e-11
693 5.92836e-09 3.15019e-11
695 5.92174e-09 3.09514e-11
697 5.97874e-09 2.60071e-11
699 6.08604e-09 3.52607e-11
701 6.1609e-09 3.27664e-11
703 6.11659e-09 2.96085e-11
705 6.16435e-09 2.81154e-11
707 6.19976e-09 3.08618e-11
709 6.19222e-09 3.35322e-11
711 6.25648e-09 3.02506e-11
713 6.25609e-09 3.07144e-11
715 6.31948e-09 2.91504e-11
717 6.33729e-09 2.95684e-11
719 6.3724e-09 2.92235e-11
721 6.42018e-09 3.05315e-11
723 6.46471e-09 2.89523e-11
725 6.88326e-09 3.28916e-11
727 7.30659e-09 2.71247e-11
729 7.54103e-09 3.26421e-11
731 7.75705e-09 3.21473e-11
733 8.02209e-09 2.89304e-11
735 8.37628e-09 3.28747e-11
737 1.02837e-08 3.05528e-11
739 1.23584e-08 3.88989e-11
741 1.44102e-08 3.68902e-11
743 2.80058e-08 5.76982e-11
745 8.32336e-09 3.08709e-11
747 9.21493e-10 2.09166e-11
749 8.98284e-10 2.07733e-11
751 9.01898e-10 2.10951e-11
753 9.19027e-10 2.11661e-11
755 8.81938e-10 2.22032e-11
757 9.34193e-10 2.25261e-11
759 8.86191e-10 2.00623e-11
761 9.04316e-10 2.20879e-11
763 9.25645e-10 2.19668e-11
765 8.82273e-10 2.11292e-11
767 9.2114e-10 2.0724e-11
769 9.10114e-10 1.99839e-11
771 9.05243e-10 2.165e-11
773 9.15317e-10 2.04609e-11
775 9.1038e-10 1.80769e-11
777 9.11769e-10 2.30297e-11
779 9.05675e-10 1.91869e-11
781 9.08216e-10 1.87602e-11
783 9.25052e-10 2.30233e-11
785 9.06385e-10 2.05698e-11
787 9.22421e-10 2.05772e-11
789 9.17392e-10 2.23753e-11
791 8.87277e-10 1.92435e-11
793 9.09549e-10 1.92192e-11
795 9.51251e-10 2.34046e-11
797 8.74009e-10 1.72037e-11
799 8.95555e-10 1.81522e-11
801 9.27013e-10 2.42371e-11
803 8.94911e-10 1.75973e-11
805 9.05252e-10 2.08544e-11
807 9.07647e-10 2.05236e-11
809 9.1455e-10 1.9731e-11
811 9.03571e-10 1.92722e-11
813 9.02867e-10 2.12068e-11
815 9.19909e-10 2.09662e-11
817 8.9079e-10 1.90157e-11
819 9.06377e-10 2.17515e-11
821 9.0613e-10 1.94947e-11
823 9.1151e-10 1.83997e-11
825 9.2525e-10 1.95842e-11
827 8.67658e-10 1.88757e-11
829 9.26976e-10 1.97567e-11
831 9.2477e-10 2.00575e-11
833 8.74877e-10 1.7381e-11
835 8.97607e-10 2.04012e-11
837 9.16138e-10 2.05753e-11
839 8.96188e-10 1.80544e-11
841 8.99593e-10 1.9905e-11
843 8.9177e-10 2.02572e-11
845 9.03969e-10 1.8569e-11
847 8.92165e-10 1.80285e-11
849 8.78025e-10 1.96209e-11
851 9.04713e-10 1.76854e-11
853 8.99112e-10 1.88413e-11
855 8.73041e-10 1.85207e-11
857 9.02909e-10 1.7601e-11
859 8.95378e-10 1.82241e-11
861 8.54061e-10 1.9872e-11
863 9.16625e-10 1.86264e-11
865 8.852e-10 1.77425e-11
867 8.58212e-10 1.93441e-11
869 9.18898e-10 1.81694e-11
871 8.65642e-10 1.846e-11
873 8.81436e-10 2.01676e-11
875 8.88441e-10 1.74662e-11
877 8.86153e-10 1.86663e-11
879 8.66514e-10 1.97332e-11
881 8.69522e-10 1.67937e-11
883 8.65101e-10 1.84343e-11
885 8.71472e-10 1.91354e-11
887 8.99781e-10 1.65935e-11
889 8.57665e-10 1.65927e-11
891 8.86366e-10 1.92775e-11
893 8.67498e-10 1.71026e-11
895 8.70169e-10 1.61757e-11
897 8.99668e-10 1.98846e-11
899 8.47497e-10 1.58142e-11
901 8.71465e-10 1.64093e-11
903 8.81955e-10 2.00208e-11
905 8.55218e-10 1.71987e-11
907 8.62478e-10 1.64539e-11
909 8.95184e-10 1.87731e-11
911 8.30639e-10 1.6939e-11
913 8.80706e-10 1.54924e-11
915 8.74392e-10 1.94948e-11
917 8.3755e-10 1.77622e-11
919 8.72898e-10 1.67836e-11
921 8.63721e-10 1.86116e-11
923 8.45007e-10 1.63709e-11
925 8.69574e-10 1.65639e-11
927 8.67775e-10 1.71038e-11
929 8.48129e-10 1.61035e-11
931 8.55002e-10 1.66363e-11
933 8.54965e-10 1.71596e-11
935 8.56931e-10 1.63673e-11
937 8.31827e-10 1.588e-11
939 8.7651e-10 1.70956e-11
941 8.45663e-10 1.59947e-11
943 8.4058e-10 1.58913e-11
945 8.51677e-10 1.73281e-11
947 8.41739e-10 1.50499e-11
949 8.42294e-10 1.58055e-11
951 8.41523e-10 1.71472e-11
953 8.49234e-10 1.60438e-11
955 8.42011e-10 1.51122e-11
957 8.47834e-10 1.71508e-11
959 8.30802e-10 1.73387e-11
961 8.44762e-10 1.56798e-11
963 8.37042e-10 1.59771e-11
965 8.21572e-10 1.45181e-11
967 8.5144e-10 1.65998e-11
969 8.20399e-10 1.39038e-11
971 8.21704e-10 1.50312e-11
973 8.55694e-10 1.66721e-11
975 8.20475e-10 1.58106e-11
977 8.12391e-10 1.57721e-11
979 8.29397e-10 1.41339e-11
981 8.34737e-10 1.69151e-11
983 8.14043e-10 1.50521e-11
985 8.05304e-10 1.51443e-11
987 8.22052e-10 1.5804e-11
989 8.48759e-10 1.60591e-11
991 7.97587e-10 1.3985e-11
993 7.98013e-10 1.53858e-11
995 8.25249e-10 1.66673e-11
997 8.25835e-10 1.56666e-11
999 7.99863e-10 1.48318e-11
1001 8.02125e-10 1.42686e-11
1003 8.21649e-10 1.81979e-11
1005 8.26975e-10 1.33954e-11
1007 7.94179e-10 1.61776e-11
1009 7.98203e-10 1.43537e-11
1011 8.2493e-10 1.75804e-11
1013 8.11039e-10 1.31972e-11
1015 7.77451e-10 1.55279e-11
1017 7.93062e-10 1.42196e-11
1019 8.27417e-10 1.67209e-11
1021 8.20187e-10 1.52418e-11
1023 7.56916e-10 1.34613e-11
1025 7.93216e-10 1.39932e-11
1027 8.27102e-10 1.59337e-11
1029 7.96686e-10 1.53303e-11
1031 7.70889e-10 1.36317e-11
1033 7.83029e-10 1.38039e-11
1035 8.0995e-10 1.59371e-11
1037 7.90196e-10 1.46398e-11
1039 7.82116e-10 1.43685e-11
1041 7.77928e-10 1.39314e-11
1043 7.92503e-10 1.54875e-11
1045 7.91136e-10 1.46441e-11
1047 7.84521e-10 1.60497e-11
1049 7.605e-10 1.38188e-11
1051 7.77562e-10 1.38495e-11
1053 7.90441e-10 1.55086e-11
1055 7.70969e-10 1.45153e-11
1057 7.80644e-10 1.41281e-11
1059 7.51734e-10 1.49251e-11
1061 7.69684e-10 1.56594e-11
1063 7.84711e-10 1.40616e-11
1065 7.56356e-10 1.50926e-11
1067 7.54493e-10 1.3526e-11
1069 7.73394e-10 1.4416e-11
1071 7.66614e-10 1.47239e-11
1073 7.75463e-10 1.53699e-11
1075 7.47914e-10 1.27717e-11
1077 7.38927e-10 1.39991e-11
1079 7.66005e-10 1.53502e-11
1081 7.69409e-10 1.44128e-11
1083 7.64968e-10 1.44405e-11
1085 7.33531e-10 1.24158e-11
1087 7.26448e-10 1.41542e-11
1089 7.70318e-10 1.583e-11
1091 7.5691e-10 1.43424e-11
1093 7.3731e-10 1.39655e-11
1095 7.30599e-10 1.54943e-11
1097 7.44386e-10 1.23538e-11
1099 7.73769e-10 1.5592e-11
1101 7.31965e-10 1.29868e-11
1103 7.45867e-10 1.31429e-11
1105 7.25686e-10 1.36356e-11
1107 7.4102e-10 1.55877e-11
1109 7.56584e-10 1.42408e-11
1111 7.4062e-10 1.22826e-11
1113 7.29932e-10 1.22671e-11
1115 7.30898e-10 1.11883e-11
1117 7.21778e-10 1.45821e-11
1119 7.3063e-10 1.537e-11
1121 7.34198e-10 1.35347e-11
1123 7.3622e-10 1.2749e-11
1125 7.10436e-10 1.12033e-11
1127 7.15959e-10 1.48399e-11
1129 7.28231e-10 1.42704e-11
1131 7.25827e-10 1.1796e-11
1133 7.26693e-10 1.1763e-11
1135 7.06609e-10 1.34879e-11
1137 7.19249e-10 1.4009e-11
1139 7.06918e-10 1.45663e-11
1141 7.27168e-10 1.32225e-11
1143 7.12474e-10 1.25448e-11
1145 7.04994e-10 1.26359e-11
1147 7.20895e-10 1.35944e-11
1149 6.95142e-10 1.28011e-11
1151 7.16741e-10 1.34223e-11
1153 7.05834e-10 1.05351e-11
1155 7.12777e-10 1.22657e-11
1157 6.92995e-10 1.41683e-11
1159 6.9081e-10 1.21395e-11
1161 7.12829e-10 1.2564e-11
1163 7.04413e-10 1.19677e-11
1165 6.90302e-10 1.21004e-11
1167 6.91791e-10 1.29092e-11
1169 6.91534e-10 1.2635e-11
1171 6.96457e-10 1.32084e-11
1173 6.92825e-10 1.24078e-11
1175 6.81377e-10 1.07214e-11
1177 6.93016e-10 1.2192e-11
1179 6.88766e-10 1.22702e-11
1181 6.70387e-10 1.28052e-11
1183 6.90979e-10 1.12477e-11
1185 6.94108e-10 1.13763e-11
1187 6.77541e-10 1.17442e-11
1189 6.84428e-10 1.1932e-11
1191 6.70735e-10 1.21371e-11
1193 6.79402e-10 1.32126e-11
1195 6.85018e-10 1.21545e-11
1197 6.76774e-10 1.13911e-11
1199 6.66845e-10 1.02774e-11
1201 6.66745e-10 1.26709e-11
1203 6.6309e-10 1.26802e-11
1205 6.69484e-10 1.23269e-11
1207 6.71707e-10 1.2705e-11
1209 6.63011e-10 1.35918e-11
1211 6.5403e-10 1.21249e-11
1213 6.61862e-10 1.17423e-11
1215 6.4132e-10 1.18065e-11
1217 6.66457e-10 1.25888e-11
1219 6.75644e-10 1.3174e-11
1221 6.59094e-10 1.19113e-11
1223 6.46899e-10 1.24983e-11
1225 6.56643e-10 1.05915e-11
1227 6.34426e-10 1.17651e-11
1229 6.5976e-10 1.277e-11
1231 6.69205e-10 1.29055e-11
1233 6.61544e-10 1.20833e-11
1235 6.32952e-10 1.2543e-11
1237 6.42752e-10 1.06869e-11
1239 6.37057e-10 1.23627e-11
1241 6.48438e-10 1.29261e-11
1243 6.60306e-10 1.3012e-11
1245 6.39548e-10 1.16624e-11
1247 6.37655e-10 1.23906e-11
1249 6.35418e-10 1.06327e-11
1251 6.24438e-10 1.29031e-11
1253 6.40377e-10 1.26438e-11
1255 6.3789e-10 1.15202e-11
1257 6.42417e-10 1.20684e-11
1259 6.13844e-10 1.17139e-11
1261 6.24534e-10 1.25982e-11
1263 6.19428e-10 1.14907e-11
1265 6.2908e-10 1.15726e-11
1267 6.2402e-10 1.29058e-11
1269 6.41805e-10 1.21624e-11
1271 6.08686e-10 1.19477e-11
1273 6.10854e-10 1.14275e-11
1275 6.26285e-10 1.15723e-11
1277 6.18133e-10 1.27344e-11
1279 6.22448e-10 1.19239e-11
1281 6.1781e-10 1.23363e-11
1283 6.33257e-10 1.20915e-11
1285 6.07351e-10 1.0559e-11
1287 6.10986e-10 1.21313e-11
1289 6.07623e-10 1.1647e-11
1291 6.17566e-10 1.12279e-11
1293 6.26024e-10 1.25679e-11
1295 6.14879e-10 1.26405e-11
1297 6.02491e-10 1.12084e-11
1299 5.98143e-10 1.07371e-11
1301 6.06478e-10 1.21034e-11
1303 5.94314e-10 1.04035e-11
1305 6.14277e-10 1.15574e-11
1307 5.95613e-10 1.31858e-11
1309 6.03732e-10 1.29159e-11
1311 6.02974e-10 1.12494e-11
1313 5.85902e-10 1.12551e-11
1315 5.86157e-10 1.0812e-11
1317 5.93548e-10 1.22869e-11
1319 5.98568e-10 1.13446e-11
1321 5.93838e-10 1.21168e-11
1323 5.90606e-10 1.20779e-11
1325 6.08607e-10 1.16812e-11
1327 5.88841e-10 1.09924e-11
1329 5.72604e-10 9.57744e-12
1331 5.83883e-10 1.17967e-11
1333 5.92235e-10 1.03142e-11
1335 5.83167e-10 1.3189e-11
1337 5.80382e-10 1.18006e-11
1339 6.009e-10 1.08991e-11
1341 5.77789e-10 1.08356e-11
1343 5.58763e-10 1.12416e-11
1345 5.81845e-10 1.25802e-11
1347 5.81303e-10 1.05594e-11
1349 5.86514e-10 1.24576e-11
1351 5.80187e-10 1.14336e-11
1353 5.71481e-10 1.05652e-11
1355 5.92444e-10 1.09977e-11
1357 5.80184e-10 1.06961e-11
1359 5.694e-10 1.05101e-11
1361 5.59827e-10 1.14256e-11
1363 5.87851e-10 1.05801e-11
1365 5.85637e-10 1.18094e-11
1367 5.65139e-10 1.13033e-11
1369 5.81324e-10 1.10848e-11
1371 5.63076e-10 1.04759e-11
1373 5.79402e-10 1.16761e-11
1375 5.49041e-10 1.04971e-11
1377 5.73536e-10 1.02934e-11
1379 5.63703e-10 1.04516e-11
1381 5.65097e-10 1.1438e-11
1383 5.65353e-10 1.03283e-11
1385 5.62495e-10 1.09654e-11
1387 5.71637e-10 1.05369e-11
1389 5.58484e-10 1.10968e-11
1391 5.36223e-10 1.06859e-11
1393 5.6156e-10 1.00358e-11
1395 5.56052e-10 1.04138e-11
1397 5.70087e-10 1.09342e-11
1399 5.41512e-10 1.09697e-11
1401 5.59002e-10 1.05011e-11
1403 5.6825e-10 1.17034e-11
1405 5.35727e-10 1.04166e-11
1407 5.48951e-10 1.0006e-11
1409 5.34401e-10 9.78519e-12
1411 5.40783e-10 1.08698e-11
1413 5.61143e-10 1.01842e-11
1415 5.48124e-10 1.07151e-11
1417 5.43056e-10 1.10495e-11
1419 5.56259e-10 1.04172e-11
1421 5.28374e-10 1.01529e-11
1423 5.46272e-10 9.91807e-12
1425 5.36583e-10 1.00034e-11
1427 5.15951e-10 1.08034e-11
1429 5.54592e-10 1.0317e-11
1431 5.39756e-10 1.0244e-11
1433 5.30415e-10 1.08843e-11
1435 5.31821e-10 1.05719e-11
1437 5.33844e-10 1.11567e-11
1439 5.41864e-10 9.29005e-12
1441 5.27207e-10 9.42328e-12
1443 5.083e-10 1.03685e-11
1445 5.28126e-10 1.01952e-11
1447 5.20882e-10 1.02161e-11
1449 5.33159e-10 9.26178e-12
1451 5.21484e-10 1.04419e-11
1453 5.23287e-10 1.1484e-11
1455 5.36513e-10 1.03898e-11
1457 5.19776e-10 8.6908e-12
1459 5.17802e-10 9.56408e-12
1461 5.15915e-10 1.05418e-11
1463 5.30594e-10 9.58365e-12
1465 5.07189e-10 1.06663e-11
1467 5.24038e-10 9.83993e-12
1469 5.09056e-10 9.80648e-12
1471 5.21372e-10 1.07559e-11
1473 5.00844e-10 1.01119e-11
1475 5.07624e-10 8.59477e-12
1477 5.01507e-10 9.75354e-12
1479 5.09054e-10 1.03075e-11
1481 5.07512e-10 9.50208e-12
1483 4.97836e-10 9.35567e-12
1485 5.06927e-10 8.55761e-12
1487 4.97415e-10 9.80444e-12
1489 5.17659e-10 1.01907e-11
1491 5.08905e-10 9.56902e-12
1493 5.08772e-10 7.79463e-12
1495 5.05128e-10 9.70386e-12
1497 4.82034e-10 9.59155e-12
1499 4.96465e-10 9.8467e-12
1501 4.89834e-10 9.95839e-12
1503 5.09514e-10 9.21868e-12
1505 4.9344e-10 9.56348e-12
1507 4.95652e-10 9.51926e-12
1509 4.85653e-10 9.7428e-12
1511 5.16498e-10 9.09435e-12
1513 4.81427e-10 8.59218e-12
1515 4.84586e-10 1.01442e-11
1517 4.90608e-10 9.03333e-12
1519 4.79529e-10 9.75192e-12
1521 4.83117e-10 9.92203e-12
1523 4.93883e-10 9.53873e-12
1525 4.92837e-10 9.15623e-12
1527 4.81997e-10 1.03005e-11
1529 4.87765e-10 9.19355e-12
1531 4.93075e-10 8.85625e-12
1533 4.84479e-10 9.44951e-12
1535 4.70577e-10 1.12737e-11
1537 4.85943e-10 8.61614e-12
1539 4.70997e-10 9.55093e-12
1541 4.71375e-10 9.19155e-12
1543 4.81923e-10 9.45606e-12
1545 4.88454e-10 9.51566e-12
1547 4.78422e-10 1.03061e-11
1549 4.87893e-10 8.83617e-12
1551 4.85682e-10 9.42995e-12
1553 4.69466e-10 8.78734e-12
1555 4.79087e-10 1.04679e-11
1557 4.58212e-10 8.01043e-12
1559 4.67214e-10 9.94542e-12
1561 4.6225e-10 9.41433e-12
1563 4.75428e-10 9.19259e-12
1565 4.68429e-10 9.744e-12
1567 4.80337e-10 9.07999e-12
1569 4.78479e-10 9.56055e-12
1571 4.71203e-10 9.9065e-12
1573 4.66921e-10 9.19585e-12
1575 4.65173e-10 9.74286e-12
1577 4.55054e-10 9.03436e-12
1579 4.60914e-10 9.42274e-12
1581 4.64326e-10 1.05599e-11
1583 4.65172e-10 9.23105e-12
1585 4.48746e-10 9.07602e-12
1587 4.63993e-10 9.33521e-12
1589 4.57635e-10 1.00916e-11
1591 4.67215e-10 9.63546e-12
1593 4.59802e-10 9.55299e-12
1595 4.59734e-10 9.14249e-12
1597 4.54905e-10 1.02942e-11
1599 4.50318e-10 8.44123e-12
1601 4.56777e-10 7.95828e-12
1603 4.57449e-10 1.05091e-11
1605 4.45461e-10 7.88204e-12
1607 4.51112e-10 9.0421e-12
1609 4.51762e-10 9.14271e-12
1611 4.54559e-10 9.74079e-12
1613 4.66382e-10 9.02055e-12
1615 4.51908e-10 8.6042e-12
1617 4.49927e-10 9.71643e-12
1619 4.35134e-10 1.03597e-11
1621 4.4869e-10 9.34095e-12
1623 4.47657e-10 9.38257e-12
1625 4.49982e-10 9.1891e-12
1627 4.29487e-10 9.0207e-12
1629 4.52113e-10 8.40854e-12
1631 4.5497e-10 9.25736e-12
1633 4.40468e-10 8.35435e-12
1635 4.41977e-10 8.34965e-12
1637 4.48742e-10 8.41912e-12
1639 4.38521e-10 8.75877e-12
1641 4.28193e-10 8.61615e-12
1643 4.33611e-10 8.9681e-12
1645 4.40005e-10 9.30088e-12
1647 4.4349e-10 9.05227e-12
1649 4.23943e-10 8.63262e-12
1651 4.35293e-10 9.53805e-12
1653 4.3838e-10 8.32309e-12
1655 4.24093e-10 9.16278e-12
1657 4.39483e-10 8.1964e-12
1659 4.46188e-10 8.44109e-12
1661 4.29321e-10 8.465e-12
1663 4.27165e-10 8.3583e-12
1665 4.31185e-10 9.06782e-12
1667 4.30586e-10 8.77014e-12
1669 4.42774e-10 9.05403e-12
1671 4.31903e-10 9.15942e-12
1673 4.20966e-10 8.66375e-12
1675 4.27777e-10 8.06543e-12
1677 4.21522e-10 8.87049e-12
1679 4.10164e-10 6.89589e-12
1681 4.4074e-10 8.79462e-12
1683 4.23501e-10 8.84202e-12
1685 4.26787e-10 8.13308e-12
1687 4.12928e-10 8.76999e-12
1689 4.20351e-10 8.75499e-12
1691 4.22735e-10 8.98102e-12
1693 4.34286e-10 7.72452e-12
1695 4.16235e-10 8.57499e-12
1697 4.15909e-10 8.44602e-12
1699 4.13884e-10 8.86453e-12
1701 4.12438e-10 9.33789e-12
1703 4.18929e-10 8.81026e-12
1705 4.27727e-10 9.45171e-12
1707 4.20322e-10 8.96161e-12
1709 4.2112e-10 7.73315e-12
1711 3.96761e-10 7.43725e-12
1713 4.12518e-10 8.13985e-12
1715 4.09912e-10 8.45739e-12
1717 4.28465e-10 8.1447e-12
1719 4.10584e-10 9.50365e-12
1721 4.1764e-10 8.84006e-12
1723 4.06015e-10 9.82014e-12
1725 4.06921e-10 9.67583e-12
1727 4.0173e-10 8.35728e-12
1729 4.09802e-10 8.17748e-12
1731 4.18499e-10 9.19765e-12
1733 4.13645e-10 8.36876e-12
1735 4.1048e-10 7.92436e-12
1737 3.92289e-10 7.87447e-12
1739 4.08946e-10 8.4309e-12
1741 4.08588e-10 8.90877e-12
1743 4.01894e-10 7.19546e-12
1745 4.09381e-10 8.35857e-12
1747 4.01453e-10 8.93373e-12
1749 3.96064e-10 8.88434e-12
1751 3.97179e-10 8.8178e-12
1753 3.94804e-10 7.74121e-12
1755 4.10596e-10 8.42873e-12
1757 4.04187e-10 9.52182e-12
1759 4.02619e-10 7.7335e-12
1761 3.95869e-10 8.55379e-12
1763 3.91644e-10 8.1106e-12
1765 3.90975e-10 7.44042e-12
1767 4.02261e-10 8.21562e-12
1769 4.00922e-10 8.47076e-12
1771 4.01368e-10 8.19817e-12
1773 4.02686e-10 8.14166e-12
1775 3.80088e-10 9.26883e-12
1777 3.85751e-10 8.49344e-12
1779 3.87477e-10 8.34853e-12
1781 3.91998e-10 8.71894e-12
1783 3.82608e-10 8.0065e-12
1785 3.88522e-10 8.56436e-12
1787 3.88881e-10 7.61052e-12
1789 3.84435e-10 8.67498e-12
1791 3.7724e-10 8.20609e-12
1793 3.96536e-10 8.36113e-12
1795 3.90686e-10 7.99249e-12
1797 3.93987e-10 8.73423e-12
1799 3.95612e-10 9.57009e-12
1801 3.83108e-10 8.74537e-12
1803 3.80845e-10 7.1723e-12
1805 3.66574e-10 8.13563e-12
1807 3.90793e-10 8.06165e-12
1809 3.79881e-10 7.73222e-12
1811 3.84061e-10 8.65325e-12
1813 3.83769e-10 7.55544e-12
1815 3.85015e-10 7.69004e-12
1817 3.77002e-10 7.89888e-12
1819 3.70579e-10 7.21286e-12
1821 3.78602e-10 8.67714e-12
1823 3.88999e-10 6.9694e-12
1825 3.7622e-10 7.68846e-12
1827 3.87995e-10 8.51444e-12
1829 3.76097e-10 7.69122e-12
1831 3.65546e-10 8.57313e-12
1833 3.57161e-10 8.19526e-12
1835 3.71582e-10 7.15408e-12
1837 3.587e-10 7.82698e-12
1839 3.72296e-10 8.78862e-12
1841 3.66591e-10 6.85074e-12
1843 3.66593e-10 7.58607e-12
1845 3.69517e-10 6.65429e-12
1847 3.65915e-10 7.67516e-12
1849 3.65424e-10 7.78553e-12
1851 3.64657e-10 8.57328e-12
1853 3.62482e-10 6.84828e-12
1855 3.62908e-10 7.64123e-12
1857 3.7211e-10 7.66727e-12
1859 3.62483e-10 7.62649e-12
1861 3.54006e-10 7.00632e-12
1863 3.45649e-10 7.45547e-12
1865 3.62254e-10 6.60054e-12
1867 3.45579e-10 7.8585e-12
1869 3.72552e-10 7.16919e-12
1871 3.52475e-10 7.46621e-12
1873 3.60042e-10 6.02805e-12
1875 3.65127e-10 6.98246e-12
1877 3.60515e-10 7.08671e-12
1879 3.53919e-10 7.46259e-12
1881 3.60973e-10 7.88274e-12
1883 3.63248e-10 7.43754e-12
1885 3.50146e-10 8.15545e-12
1887 3.61364e-10 8.14988e-12
1889 3.63638e-10 8.963e-12
1891 3.56982e-10 7.44156e-12
1893 3.45618e-10 6.58114e-12
1895 3.5111e-10 6.23063e-12
1897 3.61929e-10 7.66465e-12
1899 3.47948e-10 7.38309e-12
1901 3.54124e-10 7.70457e-12
1903 3.53234e-10 7.64337e-12
1905 3.59578e-10 7.61992e-12
1907 3.59575e-10 8.26113e-12
1909 3.45759e-10 7.33992e-12
1911 3.439e-10 7.62052e-12
1913 3.43168e-10 6.49176e-12
1915 3.54186e-10 6.80724e-12
1917 3.53929e-10 7.70306e-12
1919 3.60608e-10 8.62042e-12
1921 3.64802e-10 8.40908e-12
1923 3.42009e-10 7.50195e-12
1925 3.41054e-10 6.88218e-12
1927 3.42194e-10 6.96232e-12
1929 3.43638e-10 8.02326e-12
1931 3.46107e-10 7.83717e-12
1933 3.3919e-10 7.65749e-12
1935 3.4652e-10 6.57847e-12
1937 3.46238e-10 7.32369e-12
1939 3.39716e-10 7.53446e-12
1941 3.4454e-10 7.91762e-12
1943 3.32185e-10 7.38558e-12
1945 3.39856e-10 6.99686e-12
1947 3.53821e-10 7.37498e-12
1949 3.4109e-10 7.11618e-12
1951 3.43658e-10 8.04448e-12
1953 3.39032e-10 7.21179e-12
1955 3.34332e-10 6.55339e-12
1957 3.35284e-10 7.23554e-12
1959 3.37096e-10 6.90775e-12
1961 3.43509e-10 8.21848e-12
1963 3.31516e-10 8.44284e-12
1965 3.45714e-10 7.05071e-12
1967 3.42321e-10 7.70123e-12
1969 3.53979e-10 7.06414e-12
1971 3.36467e-10 6.758e-12
1973 3.23489e-10 7.52148e-12
1975 3.32587e-10 6.75622e-12
1977 3.28316e-10 7.17852e-12
1979 3.41407e-10 7.50571e-12
1981 3.43489e-10 7.05921e-12
1983 3.38063e-10 7.72911e-12
1985 3.37389e-10 6.98607e-12
1987 3.33829e-10 7.22241e-12
1989 3.239e-10 6.66021e-12
1991 3.23351e-10 6.47168e-12
1993 3.25546e-10 6.83259e-12
1995 3.27863e-10 7.54005e-12
1997 3.27589e-10 7.2637e-12
1999 3.29638e-10 6.58436e-12
