-10.2 4.68257 0.00470422
-10.1 4.73623 0.00487203
-10 4.78251 0.0056188
-9.9 4.82602 0.00509409
-9.8 4.85956 0.00545609
-9.7 4.90763 0.00575325
-9.6 4.94519 0.00509466
-9.5 4.9727 0.00514568
-9.4 5.00158 0.00531193
-9.3 5.03148 0.00476661
-9.2 5.07508 0.00526232
-9.1 5.09964 0.00536134
-9 5.13412 0.00518667
-8.9 5.16305 0.00577246
-8.8 5.19476 0.00584531
-8.7 5.2259 0.00505136
-8.6 5.25548 0.00538892
-8.5 5.29447 0.00568536
-8.4 5.31942 0.00553929
-8.3 5.33393 0.00513309
-8.2 5.36941 0.00501609
-8.1 5.41395 0.00546016
-8 5.43703 0.00599761
-7.9 5.47997 0.0053083
-7.8 5.50329 0.00544053
-7.7 5.54053 0.00608452
-7.6 5.57093 0.00457449
-7.5 5.6022 0.00551566
-7.4 5.64475 0.00674548
-7.3 5.68281 0.00540045
-7.2 5.71262 0.00531286
-7.1 5.75586 0.00569733
-7 5.79754 0.00591016
-6.9 5.82202 0.0059787
-6.8 5.87557 0.00557492
-6.7 5.9059 0.00527686
-6.6 5.94848 0.00575824
-6.5 5.98577 0.00530154
-6.4 6.0214 0.00621957
-6.3 6.07621 0.00625455
-6.2 6.13054 0.00627732
-6.1 6.16958 0.00626328
-6 6.21814 0.00619016
-5.9 6.26767 0.00575838
-5.8 6.33206 0.00623163
-5.7 6.37953 0.00583564
-5.6 6.44116 0.00617748
-5.5 6.50412 0.00553003
-5.4 6.58916 0.00573796
-5.3 6.6756 0.0053681
-5.2 6.75375 0.00634331
-5.1 6.84459 0.00603006
-5 6.99033 0.0062186
-4.9 7.13327 0.00630706
-4.8 7.29421 0.00668123
-4.7 7.40012 0.00730588
-4.6 7.42527 0.00719172
-4.5 7.46747 0.00645698
-4.4 7.51978 0.00735924
-4.3 7.5679 0.0061679
-4.2 7.58733 0.00725263
-4.1 7.61756 0.00646937
-4 7.67655 0.0071935
-3.9 7.73922 0.00729196
-3.8 7.75023 0.00718108
-3.7 7.7817 0.00762202
-3.6 7.84166 0.00744232
-3.5 7.91162 0.00736127
-3.4 7.93846 0.00781128
-3.3 7.96648 0.00802168
-3.2 8.01042 0.00755765
-3.1 8.08021 0.00722825
-3 8.12491 0.00745031
-2.9 8.13868 0.00709152
-2.8 8.19656 0.00732337
-2.7 8.2721 0.00742122
-2.6 8.32788 0.00666909
-2.5 8.35803 0.00760075
-2.4 8.39746 0.00869457
-2.3 8.47413 0.0079293
-2.2 8.55496 0.00781216
-2.1 8.589 0.00863681
-2 8.61427 0.00792393
-1.9 8.67726 0.00830936
-1.8 8.75994 0.00945147
-1.7 8.85688 0.00851433
-1.6 8.90299 0.00801312
-1.5 8.93526 0.00777998
-1.4 9.0205 0.00919912
-1.3 9.1204 0.00760253
-1.2 9.19207 0.00848256
-1.1 9.22262 0.00765365
-1 9.28915 0.00819551
-0.9 9.39765 0.00806777
-0.8 9.50404 0.00851782
-0.7 9.56295 0.00960625
-0.6 9.60865 0.00780978
-0.5 9.69599 0.00818198
-0.4 9.82549 0.00914264
-0.3 10.0134 0.00911722
-0.2 10.0413 0.00915066
-0.1 10.143 0.00915598
0 10.2917 0.00995642
0.1 10.4604 0.0085597
0.2 10.5963 0.0105163
0.3 10.5992 0.00893977
0.4 10.6893 0.0104621
0.5 10.8346 0.0113599
0.6 11.0358 0.00896478
0.7 11.1877 0.00933066
0.8 11.247 0.00966555
0.9 11.3268 0.00983447
1 11.4902 0.00936132
1.1 11.7318 0.0099133
1.2 11.9267 0.00908121
1.3 12.0325 0.0103638
1.4 12.132 0.0100127
1.5 12.329 0.00965905
1.6 12.5949 0.0109412
1.7 12.8467 0.0100548
1.8 13.0079 0.0124633
1.9 13.0907 0.0105263
2 13.265 0.0110214
2.1 13.5802 0.0128467
2.2 13.9635 0.0121442
2.3 14.208 0.0127793
2.4 14.3463 0.0131646
2.5 14.5179 0.0123474
2.6 14.8353 0.0124151
2.7 15.3344 0.0128764
2.8 15.7689 0.0128931
2.9 16.0055 0.014532
3 16.1719 0.0121302
3.1 16.4889 0.0141414
3.2 17.0441 0.0148545
3.3 17.753 0.0150187
3.4 18.2968 0.0163355
3.5 18.5906 0.0156908
3.6 18.9264 0.0144854
3.7 19.5414 0.0181815
3.8 20.5133 0.0183928
3.9 21.5494 0.0182368
4 22.2877 0.0189574
4.1 22.8273 0.0171709
4.2 23.4731 0.0186755
4.3 24.6648 0.0197435
4.4 26.5384 0.0201455
4.5 28.7283 0.0218102
4.6 30.9335 0.0272222
4.7 33.6345 0.0277305
4.8 37.6808 0.0316328
4.9 43.9557 0.033185
5 52.6564 0.0478585
5.1 63.374 0.0554129
5.2 75.316 0.070172
5.3 87.9492 0.0987969
5.4 100.325 0.15063
5.5 113.09 0.247606
5.6 122.985 0.473988
5.7 125.871 0.966349
5.8 111.212 1.91524
5.9 92.1621 2.81347
6 86.5649 3.0728
6.1 87.7713 4.20532
6.2 77.6005 3.41699
6.3 82.5915 3.21171
6.4 83.2114 3.16362
6.5 79.4079 3.22765
6.6 79.942 3.34452
6.7 81.2362 3.51035
6.8 78.5488 3.13242
6.9 77.289 3.12102
7 75.4533 2.9542
7.1 78.3975 3.19105
7.2 79.1224 3.02903
7.3 83.2126 3.49714
7.4 77.8773 3.12228
7.5 75.1011 2.68491
7.6 82.7575 3.60248
7.7 81.3617 3.05095
7.8 76.7103 3.75069
7.9 84.5478 3.73804
8 87.2124 4.17675
8.1 79.7274 3.68163
8.2 80.3452 3.86429
8.3 88.9146 3.63401
8.4 88.6713 4.6686
8.5 79.9725 4.24806
8.6 79.8278 3.66724
8.7 79.2106 4.0287
8.8 79.8077 3.79833
8.9 83.6228 3.79499
9 79.438 3.45415
9.1 82.6502 4.11281
9.2 79.2426 3.94439
9.3 75.0849 4.22185
9.4 74.8337 3.16584
9.5 86.3951 4.64954
9.6 71.4919 3.3886
9.7 81.9767 4.01253
9.8 82.6027 4.95836
9.9 79.5433 4.5999
10 87.3011 5.42954
10.1 77.8082 4.09422
10.2 79.3305 3.98527
