-10.2 6.0779
-10.1 6.08422
-10 6.1089
-9.9 6.13509
-9.8 6.15446
-9.7 6.18592
-9.6 6.20633
-9.5 6.23068
-9.4 6.26078
-9.3 6.28251
-9.2 6.31409
-9.1 6.34137
-9 6.36584
-8.9 6.39768
-8.8 6.42162
-8.7 6.45502
-8.6 6.48339
-8.5 6.51222
-8.4 6.54731
-8.3 6.57576
-8.2 6.6138
-8.1 6.64775
-8 6.68043
-7.9 6.71447
-7.8 6.74749
-7.7 6.78872
-7.6 6.82985
-7.5 6.87297
-7.4 6.91255
-7.3 6.95422
-7.2 6.99971
-7.1 7.03752
-7 7.09414
-6.9 7.14117
-6.8 7.18933
-6.7 7.24199
-6.6 7.29881
-6.5 7.36166
-6.4 7.42778
-6.3 7.48946
-6.2 7.55975
-6.1 7.63874
-6 7.7184
-5.9 7.79608
-5.8 7.88938
-5.7 8.00038
-5.6 8.14343
-5.5 8.28949
-5.4 8.74436
-5.3 8.61201
-5.2 8.81944
-5.1 9.50262
-5 10.1412
-4.9 10.799
-4.8 12.6447
-4.7 13.8873
-4.6 13.5333
-4.5 15.0919
-4.4 14.7467
-4.3 13.6537
-4.2 13.7932
-4.1 13.662
-4 12.1514
-3.9 13.9336
-3.8 14.0089
-3.7 13.3122
-3.6 13.6861
-3.5 14.7626
-3.4 14.668
-3.3 14.5827
-3.2 15.4137
-3.1 14.5863
-3 15.9027
-2.9 15.3616
-2.8 15.5861
-2.7 16.7456
-2.6 15.1118
-2.5 15.4275
-2.4 15.3711
-2.3 14.0511
-2.2 14.48
-2.1 16.6288
-2 16.4842
-1.9 16.4264
-1.8 17.5587
-1.7 15.9117
-1.6 15.5546
-1.5 16.5974
-1.4 14.8568
-1.3 17.6013
-1.2 14.8767
-1.1 14.1494
-1 15.6945
-0.9 16.2823
-0.8 17.0161
-0.7 14.6981
-0.6 16.574
-0.5 16.1873
-0.4 16.7777
-0.3 18.6795
-0.2 18.9699
-0.1 18.4528
0 19.9354
0.1 21.816
0.2 22.7362
0.3 18.1773
0.4 19.3008
0.5 20.0867
0.6 19.3829
0.7 20.6364
0.8 19.42
0.9 20.4871
1 19.8998
1.1 21.9868
1.2 19.6503
1.3 21.8121
1.4 19.9347
1.5 20.4388
1.6 20.1959
1.7 21.6281
1.8 20.8897
1.9 21.235
2 21.7162
2.1 22.9508
2.2 23.1343
2.3 24.3307
2.4 25.5682
2.5 24.5654
2.6 25.2797
2.7 27.2507
2.8 27.1567
2.9 29.5379
3 27.319
3.1 27.2003
3.2 29.6088
3.3 32.143
3.4 32.0016
3.5 31.0154
3.6 30.5028
3.7 33.5245
3.8 37.305
3.9 38.8599
4 35.8596
4.1 36.4028
4.2 36.9874
4.3 39.2817
4.4 40.9955
4.5 46.0518
4.6 47.8675
4.7 49.7955
4.8 55.4656
4.9 65.8991
5 78.0295
5.1 92.2471
5.2 102.809
5.3 114.291
5.4 125.103
5.5 142.711
5.6 132.229
5.7 158.454
5.8 204.325
5.9 0
6 0
6.1 0
6.2 0
6.3 0
6.4 0
6.5 0
6.6 0
6.7 0
6.8 0
6.9 0
7 0
7.1 0
7.2 0
7.3 0
7.4 0
7.5 0
7.6 0
7.7 0
7.8 0
7.9 0
8 0
8.1 0
8.2 0
8.3 0
8.4 0
8.5 0
8.6 0
8.7 0
8.8 0
8.9 0
9 0
9.1 0
9.2 0
9.3 0
9.4 0
9.5 0
9.6 0
9.7 0
9.8 0
9.9 0
10 0
10.1 0
10.2 0
