-10.2 0.00150531 2.4804e-05
-10.1 0.00178647 2.6389e-05
-10 0.00193445 2.88661e-05
-9.9 0.00207561 2.75271e-05
-9.8 0.00217045 2.94564e-05
-9.7 0.00231557 3.22311e-05
-9.6 0.0024247 2.81515e-05
-9.5 0.00246108 2.79382e-05
-9.4 0.00247238 2.79416e-05
-9.3 0.00254491 2.75924e-05
-9.2 0.00263303 2.85959e-05
-9.1 0.00265717 2.97492e-05
-9 0.00270354 2.8193e-05
-8.9 0.00274167 3.0416e-05
-8.8 0.00280151 3.07425e-05
-8.7 0.00283369 2.89107e-05
-8.6 0.0028796 2.967e-05
-8.5 0.00293386 2.96561e-05
-8.4 0.00293092 3.0862e-05
-8.3 0.00290734 3.10465e-05
-8.2 0.00293777 2.71063e-05
-8.1 0.003039 2.9e-05
-8 0.00304155 3.08959e-05
-7.9 0.00308466 2.82677e-05
-7.8 0.00309706 2.81024e-05
-7.7 0.00311017 3.16791e-05
-7.6 0.00314423 2.48408e-05
-7.5 0.0031424 3.0506e-05
-7.4 0.00321928 3.6472e-05
-7.3 0.00324343 2.94109e-05
-7.2 0.00324668 3.13328e-05
-7.1 0.00330778 3.07927e-05
-7 0.00333005 2.91749e-05
-6.9 0.00330215 3.17449e-05
-6.8 0.00337277 2.97015e-05
-6.7 0.00340793 2.76062e-05
-6.6 0.00339735 2.86712e-05
-6.5 0.00341776 3.17498e-05
-6.4 0.00339426 3.126e-05
-6.3 0.00348265 3.42272e-05
-6.2 0.00352339 3.50674e-05
-6.1 0.00350976 3.28074e-05
-6 0.00350501 3.22456e-05
-5.9 0.00354911 3.12701e-05
-5.8 0.00361089 3.27754e-05
-5.7 0.00356786 3.01651e-05
-5.6 0.00361691 3.29374e-05
-5.5 0.00362825 3.03019e-05
-5.4 0.00375749 3.24178e-05
-5.3 0.00392667 2.90592e-05
-5.2 0.00413722 3.3887e-05
-5.1 0.00465347 3.28378e-05
-5 0.00573641 3.53229e-05
-4.9 0.00687574 3.55583e-05
-4.8 0.00786171 4.08781e-05
-4.7 0.00827642 4.3012e-05
-4.6 0.00823911 3.65982e-05
-4.5 0.00835603 3.42977e-05
-4.4 0.0085164 4.03825e-05
-4.3 0.00852036 3.58172e-05
-4.2 0.00840994 3.90389e-05
-4.1 0.00846974 3.7658e-05
-4 0.00864471 4.07528e-05
-3.9 0.00866862 4.02717e-05
-3.8 0.00850057 3.98295e-05
-3.7 0.00855906 4.12823e-05
-3.6 0.00874521 3.96022e-05
-3.5 0.00880411 4.33975e-05
-3.4 0.00869489 4.29051e-05
-3.3 0.00869933 4.36509e-05
-3.2 0.00879786 4.22119e-05
-3.1 0.00892887 4.07202e-05
-3 0.00885393 4.31886e-05
-2.9 0.0087356 3.98411e-05
-2.8 0.00891258 3.86896e-05
-2.7 0.00910313 4.23949e-05
-2.6 0.00903518 3.57608e-05
-2.5 0.00890803 3.75225e-05
-2.4 0.00895121 4.5849e-05
-2.3 0.00921585 4.28274e-05
-2.2 0.00927575 3.99867e-05
-2.1 0.00908205 4.08878e-05
-2 0.00899178 4.10146e-05
-1.9 0.00913337 3.98071e-05
-1.8 0.00932988 4.31596e-05
-1.7 0.00943742 4.03669e-05
-1.6 0.00930458 3.80967e-05
-1.5 0.00927877 3.69068e-05
-1.4 0.009538 4.49639e-05
-1.3 0.00972708 4.1237e-05
-1.2 0.0096342 4.42217e-05
-1.1 0.00946191 3.93934e-05
-1 0.00959502 4.01574e-05
-0.9 0.00990907 4.10673e-05
-0.8 0.0100275 4.79285e-05
-0.7 0.00987575 4.78928e-05
-0.6 0.0097279 4.01026e-05
-0.5 0.00996256 4.04087e-05
-0.4 0.0103769 4.17497e-05
-0.3 0.0108603 4.36544e-05
-0.2 0.0100351 4.0582e-05
-0.1 0.0102418 3.89239e-05
0 0.0107317 4.36065e-05
0.1 0.0110788 3.91044e-05
0.2 0.0110307 4.53288e-05
0.3 0.0106867 4.17622e-05
0.4 0.0108414 4.71455e-05
0.5 0.0113375 4.98176e-05
0.6 0.0118298 4.20835e-05
0.7 0.0117762 4.16875e-05
0.8 0.0114014 4.42149e-05
0.9 0.011451 4.4515e-05
1 0.0120218 3.76889e-05
1.1 0.0126267 4.07861e-05
1.2 0.0127088 4.00258e-05
1.3 0.0123971 4.27202e-05
1.4 0.012388 4.37035e-05
1.5 0.0130173 4.25322e-05
1.6 0.0137729 4.84715e-05
1.7 0.0140746 4.14292e-05
1.8 0.0137028 4.67636e-05
1.9 0.013435 4.36843e-05
2 0.0139062 4.76905e-05
2.1 0.014902 5.13869e-05
2.2 0.0156487 4.68361e-05
2.3 0.0154605 5.19177e-05
2.4 0.0149725 4.8942e-05
2.5 0.0151634 4.20372e-05
2.6 0.0162091 4.66255e-05
2.7 0.0174594 5.20203e-05
2.8 0.0178552 5.25698e-05
2.9 0.0172298 4.84995e-05
3 0.0168554 4.32284e-05
3.1 0.017608 5.00856e-05
3.2 0.019227 5.09609e-05
3.3 0.0205338 5.11823e-05
3.4 0.0206814 5.22746e-05
3.5 0.0199722 5.31211e-05
3.6 0.0201191 5.49416e-05
3.7 0.0216783 6.43948e-05
3.8 0.0239571 6.03269e-05
3.9 0.0252419 5.72618e-05
4 0.0247815 5.3768e-05
4.1 0.023876 5.15521e-05
4.2 0.0242123 5.06661e-05
4.3 0.0265629 6.10511e-05
4.4 0.0300846 6.04967e-05
4.5 0.0335089 7.36054e-05
4.6 0.0372503 8.04558e-05
4.7 0.0436324 7.53598e-05
4.8 0.0541098 9.1181e-05
4.9 0.066413 9.5321e-05
5 0.0748688 9.91338e-05
5.1 0.0734987 0.000102413
5.2 0.0611997 0.000103927
5.3 0.0426413 8.28483e-05
5.4 0.024591 5.56597e-05
5.5 0.0117605 3.91352e-05
5.6 0.0045881 2.47014e-05
5.7 0.00153518 1.51281e-05
5.8 0.000476905 8.75064e-06
5.9 0.000183953 6.07242e-06
6 0.000131492 4.92478e-06
6.1 0.000123977 5.12929e-06
6.2 0.000105025 4.58424e-06
6.3 0.000117118 4.38117e-06
6.4 0.0001157 5.36946e-06
6.5 0.000107349 4.85197e-06
6.6 0.000110269 5.30209e-06
6.7 0.000106422 4.4069e-06
6.8 0.000102281 3.94667e-06
6.9 0.000107508 4.98869e-06
7 9.84844e-05 4.78495e-06
7.1 0.000105756 5.2643e-06
7.2 0.000109193 4.74212e-06
7.3 0.000101096 4.38965e-06
7.4 0.000100251 5.04263e-06
7.5 9.47839e-05 3.97423e-06
7.6 0.000102586 4.80083e-06
7.7 9.64403e-05 4.17995e-06
7.8 8.99932e-05 4.33015e-06
7.9 9.64026e-05 4.29444e-06
8 8.52243e-05 4.36269e-06
8.1 8.24019e-05 3.83605e-06
8.2 8.71683e-05 4.70795e-06
8.3 9.73722e-05 4.86105e-06
8.4 9.86422e-05 5.5504e-06
8.5 8.59566e-05 4.77321e-06
8.6 8.40007e-05 4.40788e-06
8.7 7.6915e-05 3.9694e-06
8.8 8.14266e-05 3.90285e-06
8.9 8.10973e-05 4.51495e-06
9 7.83153e-05 4.19014e-06
9.1 8.51459e-05 4.68668e-06
9.2 7.38301e-05 3.82953e-06
9.3 7.17194e-05 3.96462e-06
9.4 7.34582e-05 4.12311e-06
9.5 8.19298e-05 4.1903e-06
9.6 6.90256e-05 4.11886e-06
9.7 7.24867e-05 3.71476e-06
9.8 7.40117e-05 4.3262e-06
9.9 6.62092e-05 3.56864e-06
10 7.71571e-05 3.64117e-06
10.1 6.76283e-05 4.26233e-06
10.2 6.8737e-05 4.00175e-06
