-10.2 0.0687536
-10.1 0.0689681
-10 0.0696657
-9.9 0.0699917
-9.8 0.0696841
-9.7 0.0703611
-9.6 0.0718795
-9.5 0.0730147
-9.4 0.0737709
-9.3 0.0732106
-9.2 0.0733866
-9.1 0.0730522
-9 0.0743803
-8.9 0.075592
-8.8 0.0759561
-8.7 0.0745939
-8.6 0.0748053
-8.5 0.0754105
-8.4 0.0750123
-8.3 0.0749564
-8.2 0.0761836
-8.1 0.0762551
-8 0.0771962
-7.9 0.0765099
-7.8 0.0759997
-7.7 0.0763999
-7.6 0.0757343
-7.5 0.0767322
-7.4 0.0778863
-7.3 0.0781991
-7.2 0.0795428
-7.1 0.0792854
-7 0.0789762
-6.9 0.0805935
-6.8 0.0802887
-6.7 0.0820263
-6.6 0.0811573
-6.5 0.0825189
-6.4 0.0815052
-6.3 0.0827082
-6.2 0.081925
-6.1 0.0825754
-6 0.0845041
-5.9 0.0847145
-5.8 0.0849993
-5.7 0.0844173
-5.6 0.084771
-5.5 0.086588
-5.4 0.0856238
-5.3 0.0870596
-5.2 0.0883092
-5.1 0.0886354
-5 0.0893388
-4.9 0.0900691
-4.8 0.0923201
-4.7 0.0918586
-4.6 0.0915305
-4.5 0.0921131
-4.4 0.0916727
-4.3 0.0903509
-4.2 0.0891626
-4.1 0.0885034
-4 0.0897198
-3.9 0.0903168
-3.8 0.0900103
-3.7 0.0896203
-3.6 0.0904072
-3.5 0.0927932
-3.4 0.0909321
-3.3 0.0910688
-3.2 0.0917598
-3.1 0.091259
-3 0.0897372
-2.9 0.0893951
-2.8 0.090423
-2.7 0.0893123
-2.6 0.0891497
-2.5 0.089003
-2.4 0.0893961
-2.3 0.0874743
-2.2 0.0898278
-2.1 0.0894448
-2 0.0890739
-1.9 0.0883884
-1.8 0.0877555
-1.7 0.0866726
-1.6 0.0872487
-1.5 0.0877207
-1.4 0.0867785
-1.3 0.0873603
-1.2 0.0862522
-1.1 0.0856559
-1 0.0867039
-0.9 0.0874471
-0.8 0.0878128
-0.7 0.0880428
-0.6 0.0892004
-0.5 0.0882176
-0.4 0.0887741
-0.3 0.0894026
-0.2 0.087489
-0.1 0.0874245
0 0.088959
0.1 0.0907501
0.2 0.0910582
0.3 0.0918833
0.4 0.0910955
0.5 0.0914297
0.6 0.0886707
0.7 0.08993
0.8 0.0898019
0.9 0.0896972
1 0.0887245
1.1 0.0887283
1.2 0.0881785
1.3 0.0879677
1.4 0.0876324
1.5 0.0884341
1.6 0.0880778
1.7 0.0890126
1.8 0.0887485
1.9 0.0901626
2 0.0906379
2.1 0.0919032
2.2 0.0925325
2.3 0.093124
2.4 0.0925951
2.5 0.0930254
2.6 0.0942258
2.7 0.0945702
2.8 0.0948376
2.9 0.0940561
3 0.0932799
3.1 0.0928441
3.2 0.0945986
3.3 0.0963449
3.4 0.0944781
3.5 0.0930444
3.6 0.0925191
3.7 0.0954282
3.8 0.0968102
3.9 0.0942157
4 0.0912859
4.1 0.0916904
4.2 0.0909329
4.3 0.0928015
4.4 0.0934271
4.5 0.0962862
4.6 0.0954029
4.7 0.095362
4.8 0.0968084
4.9 0.0990427
5 0.0947222
5.1 0.0828837
5.2 0.0661396
5.3 0.0453529
5.4 0.0276136
5.5 0.0124799
5.6 0.00498941
5.7 0.00256239
5.8 0.000786009
5.9 0.000339341
6 2.52232e-05
6.1 2.41447e-05
6.2 2.39499e-05
6.3 0.000115377
6.4 0.00015104
6.5 7.14356e-05
6.6 0.000170453
6.7 0.000292825
6.8 0.000114169
6.9 3.28874e-05
7 2.9126e-05
7.1 6.59278e-05
7.2 9.23163e-05
7.3 9.33724e-05
7.4 7.57413e-05
7.5 7.64372e-05
7.6 8.20022e-05
7.7 7.87402e-05
7.8 8.10763e-05
7.9 8.33414e-05
8 8.85068e-05
8.1 9.10397e-05
8.2 9.32566e-05
8.3 0.000102897
8.4 0.000106498
8.5 8.81362e-05
8.6 3.94021e-05
8.7 4.40578e-05
8.8 4.25565e-05
8.9 0.000100035
9 0.000338409
9.1 0.0001165
9.2 0.000182672
9.3 0.000367324
9.4 0
9.5 0
9.6 0
9.7 0
9.8 0
9.9 0
10 0
10.1 0
10.2 0
