-10.2 4.37399
-10.1 4.37942
-10 4.39999
-9.9 4.42181
-9.8 4.43816
-9.7 4.46435
-9.6 4.48152
-9.5 4.50201
-9.4 4.52714
-9.3 4.54555
-9.2 4.57209
-9.1 4.59507
-9 4.61579
-8.9 4.64253
-8.8 4.66287
-8.7 4.69109
-8.6 4.71507
-8.5 4.73965
-8.4 4.76931
-8.3 4.79367
-8.2 4.82598
-8.1 4.85495
-8 4.8829
-7.9 4.91194
-7.8 4.94029
-7.7 4.9755
-7.6 5.01099
-7.5 5.04804
-7.4 5.08219
-7.3 5.11825
-7.2 5.15756
-7.1 5.19044
-7 5.23965
-6.9 5.28089
-6.8 5.3228
-6.7 5.36917
-6.6 5.41898
-6.5 5.47462
-6.4 5.53308
-6.3 5.58827
-6.2 5.65092
-6.1 5.72208
-6 5.79397
-5.9 5.86482
-5.8 5.95005
-5.7 6.05264
-5.6 6.18657
-5.5 6.32695
-5.4 6.99068
-5.3 6.82464
-5.2 6.84101
-5.1 7.93648
-5 8.97909
-4.9 10.0338
-4.8 13.7695
-4.7 16.2098
-4.6 15.7628
-4.5 18.5389
-4.4 18.2132
-4.3 15.9371
-4.2 16.1521
-4.1 16.575
-4 12.1901
-3.9 16.2381
-3.8 16.5907
-3.7 14.7868
-3.6 15.4441
-3.5 17.2061
-3.4 17.6172
-3.3 17.1631
-3.2 18.379
-3.1 17.229
-3 19.6312
-2.9 18.6997
-2.8 18.646
-2.7 21.6489
-2.6 17.8471
-2.5 18.8066
-2.4 18.479
-2.3 15.6351
-2.2 15.8844
-2.1 20.7779
-2 19.9934
-1.9 20.2365
-1.8 22.9685
-1.7 19.2759
-1.6 18.2275
-1.5 21.065
-1.4 16.3965
-1.3 22.6657
-1.2 17.3917
-1.1 14.8715
-1 18.299
-0.9 19.277
-0.8 21.1356
-0.7 15.978
-0.6 19.3521
-0.5 18.991
-0.4 19.417
-0.3 24.4146
-0.2 19.2288
-0.1 18.2826
0 20.3185
0.1 23.3214
0.2 25.8405
0.3 21.5103
0.4 24.4758
0.5 25.0021
0.6 24.5394
0.7 26.7223
0.8 23.5556
0.9 26.399
1 23.9784
1.1 29.3026
1.2 23.8278
1.3 29.0322
1.4 24.8077
1.5 25.1172
1.6 24.172
1.7 27.7193
1.8 26.0101
1.9 25.8209
2 26.8396
2.1 29.1414
2.2 29.3452
2.3 30.6886
2.4 35.1501
2.5 31.1317
2.6 32.3995
2.7 37.5618
2.8 35.6343
2.9 41.9214
3 35.9754
3.1 34.76
3.2 40.4432
3.3 45.2037
3.4 45.764
3.5 42.4137
3.6 40.6334
3.7 45.8005
3.8 54.7131
3.9 58.1736
4 51.0866
4.1 51.3303
4.2 51.2934
4.3 56.3653
4.4 58.2172
4.5 68.7902
4.6 72.1005
4.7 73.6635
4.8 84.7536
4.9 107.186
5 133.3
5.1 167.796
5.2 192.375
5.3 221.493
5.4 245.265
5.5 298.121
5.6 267.006
5.7 338.349
5.8 458.859
5.9 0
6 0
6.1 0
6.2 0
6.3 0
6.4 0
6.5 0
6.6 0
6.7 0
6.8 0
6.9 0
7 0
7.1 0
7.2 0
7.3 0
7.4 0
7.5 0
7.6 0
7.7 0
7.8 0
7.9 0
8 0
8.1 0
8.2 0
8.3 0
8.4 0
8.5 0
8.6 0
8.7 0
8.8 0
8.9 0
9 0
9.1 0
9.2 0
9.3 0
9.4 0
9.5 0
9.6 0
9.7 0
9.8 0
9.9 0
10 0
10.1 0
10.2 0
