-10.2 4.30933
-10.1 4.3139
-10 4.33356
-9.9 4.35411
-9.8 4.366
-9.7 4.38989
-9.6 4.40579
-9.5 4.42218
-9.4 4.44692
-9.3 4.46114
-9.2 4.48369
-9.1 4.50394
-9 4.5211
-8.9 4.54768
-8.8 4.56468
-8.7 4.58698
-8.6 4.609
-8.5 4.62885
-8.4 4.65559
-8.3 4.67503
-8.2 4.70081
-8.1 4.72504
-8 4.74887
-7.9 4.77547
-7.8 4.79671
-7.7 4.8267
-7.6 4.85169
-7.5 4.88165
-7.4 4.91085
-7.3 4.93911
-7.2 4.96845
-7.1 4.99624
-7 5.0301
-6.9 5.05951
-6.8 5.09337
-6.7 5.12429
-6.6 5.16385
-6.5 5.19927
-6.4 5.23886
-6.3 5.27656
-6.2 5.31743
-6.1 5.35903
-6 5.40232
-5.9 5.44847
-5.8 5.49861
-5.7 5.55134
-5.6 5.61673
-5.5 5.67567
-5.4 5.76077
-5.3 5.80305
-5.2 5.88343
-5.1 6.00047
-5 6.11651
-4.9 6.23412
-4.8 6.43102
-4.7 6.56543
-4.6 6.56054
-4.5 6.73318
-4.4 6.68649
-4.3 6.6275
-4.2 6.65696
-4.1 6.65056
-4 6.62633
-3.9 6.79454
-3.8 6.83089
-3.7 6.82659
-3.6 6.90072
-3.5 7.0592
-3.4 7.05172
-3.3 7.10334
-3.2 7.21926
-3.1 7.18074
-3 7.33555
-2.9 7.30032
-2.8 7.37333
-2.7 7.472
-2.6 7.36428
-2.5 7.42269
-2.4 7.45206
-2.3 7.3998
-2.2 7.53943
-2.1 7.75036
-2 7.78773
-1.9 7.79506
-1.8 7.90259
-1.7 7.8108
-1.6 7.83747
-1.5 7.94428
-1.4 7.88254
-1.3 8.14114
-1.2 7.91204
-1.1 7.96008
-1 8.16715
-0.9 8.29546
-0.8 8.39206
-0.7 8.24037
-0.6 8.53101
-0.5 8.54753
-0.4 8.7153
-0.3 8.91868
-0.2 8.79788
-0.1 8.85958
0 9.15106
0.1 9.46766
0.2 9.57586
0.3 9.49674
0.4 9.69079
0.5 9.90176
0.6 9.84746
0.7 10.0979
0.8 10.0626
0.9 10.2722
1 10.3438
1.1 10.6132
1.2 10.4907
1.3 10.7859
1.4 10.685
1.5 10.9131
1.6 11.0397
1.7 11.3315
1.8 11.3963
1.9 11.6488
2 11.9062
2.1 12.2717
2.2 12.4718
2.3 12.9189
2.4 13.1378
2.5 13.3088
2.6 13.6812
2.7 14.1043
2.8 14.4773
2.9 14.9589
3 14.9462
3.1 15.2502
3.2 15.9803
3.3 16.7519
3.4 16.8818
3.5 17.1544
3.6 17.5311
3.7 18.7462
3.8 19.9211
3.9 20.5536
4 20.3701
4.1 21.207
4.2 22.1401
4.3 23.615
4.4 25.16
4.5 27.7495
4.6 29.5263
4.7 31.998
4.8 36.2646
4.9 43.3524
5 51.9992
5.1 62.4815
5.2 72.9879
5.3 84.0951
5.4 98.0799
5.5 113.64
5.6 108.092
5.7 142.444
5.8 233.847
5.9 0
6 0
6.1 0
6.2 0
6.3 0
6.4 0
6.5 0
6.6 0
6.7 0
6.8 0
6.9 0
7 0
7.1 0
7.2 0
7.3 0
7.4 0
7.5 0
7.6 0
7.7 0
7.8 0
7.9 0
8 0
8.1 0
8.2 0
8.3 0
8.4 0
8.5 0
8.6 0
8.7 0
8.8 0
8.9 0
9 0
9.1 0
9.2 0
9.3 0
9.4 0
9.5 0
9.6 0
9.7 0
9.8 0
9.9 0
10 0
10.1 0
10.2 0
