-10.2 35.0007 0.588228
-10.1 35.43 0.550321
-10 35.1921 0.565544
-9.9 35.022 0.529709
-9.8 36.257 0.64476
-9.7 35.9245 0.667459
-9.6 36.3328 0.556078
-9.5 36.6524 0.514241
-9.4 35.5478 0.502331
-9.3 36.5934 0.504595
-9.2 37.3379 0.527706
-9.1 36.7965 0.618826
-9 37.7201 0.53925
-8.9 37.0166 0.571765
-8.8 37.3561 0.584669
-8.7 36.7669 0.600889
-8.6 36.7983 0.512764
-8.5 38.1279 0.573236
-8.4 36.8204 0.512825
-8.3 36.2969 0.508715
-8.2 36.3401 0.569686
-8.1 37.42 0.566829
-8 36.9796 0.515884
-7.9 36.9232 0.510142
-7.8 37.3614 0.54822
-7.7 37.3128 0.544416
-7.6 36.8068 0.471104
-7.5 36.4927 0.465873
-7.4 37.512 0.606199
-7.3 37.2757 0.499331
-7.2 36.7768 0.522261
-7.1 37.465 0.513099
-7 38.4009 0.536493
-6.9 37.3799 0.573143
-6.8 38.0381 0.497335
-6.7 37.8871 0.4907
-6.6 37.6906 0.533151
-6.5 37.7509 0.513785
-6.4 37.352 0.581199
-6.3 38.1525 0.550617
-6.2 38.312 0.503473
-6.1 37.2378 0.504356
-6 37.6803 0.525316
-5.9 36.9178 0.432992
-5.8 38.202 0.502097
-5.7 37.8131 0.513055
-5.6 37.2533 0.468512
-5.5 37.3964 0.465623
-5.4 38.8787 0.543963
-5.3 38.7679 0.487474
-5.2 38.3835 0.472994
-5.1 38.2579 0.4827
-5 39.6888 0.485731
-4.9 38.9572 0.441886
-4.8 40.3452 0.477074
-4.7 41.5196 0.458936
-4.6 41.8203 0.553679
-4.5 41.7072 0.498844
-4.4 42.0886 0.484384
-4.3 41.0344 0.425827
-4.2 41.415 0.520134
-4.1 41.4297 0.449794
-4 40.9675 0.48081
-3.9 41.6858 0.501897
-3.8 41.7479 0.521491
-3.7 41.4636 0.465808
-3.6 41.5965 0.433123
-3.5 42.1827 0.457637
-3.4 41.7215 0.459301
-3.3 41.693 0.453536
-3.2 41.7942 0.469472
-3.1 41.6687 0.408982
-3 42.1481 0.410469
-2.9 41.8004 0.43787
-2.8 42.0927 0.487519
-2.7 42.2122 0.463325
-2.6 42.4243 0.446836
-2.5 42.183 0.483817
-2.4 42.1054 0.489625
-2.3 42.2364 0.498837
-2.2 42.1271 0.427005
-2.1 42.8625 0.442786
-2 41.9876 0.45336
-1.9 41.5607 0.463129
-1.8 42.5546 0.534415
-1.7 43.1978 0.510567
-1.6 43.2505 0.524851
-1.5 42.0585 0.478461
-1.4 42.5771 0.46019
-1.3 42.9362 0.420441
-1.2 42.9042 0.471066
-1.1 42.5829 0.391548
-1 42.7175 0.451678
-0.9 42.4605 0.398995
-0.8 43.2463 0.457052
-0.7 42.0581 0.455619
-0.6 42.8537 0.430864
-0.5 43.3106 0.452536
-0.4 43.0925 0.458896
-0.3 44.3334 0.450499
-0.2 45.0392 0.445531
-0.1 43.9222 0.415973
0 44.7625 0.439935
0.1 45.2523 0.43621
0.2 45.6914 0.485076
0.3 44.3082 0.448527
0.4 44.5477 0.472347
0.5 44.1767 0.446539
0.6 44.6956 0.410787
0.7 45.638 0.450758
0.8 44.9162 0.444604
0.9 44.7829 0.389327
1 44.4283 0.436094
1.1 45.0636 0.483513
1.2 46.0806 0.408347
1.3 46.6167 0.42849
1.4 45.6935 0.422527
1.5 45.9029 0.43752
1.6 47.0108 0.415262
1.7 46.7065 0.416206
1.8 48.0113 0.47175
1.9 46.6856 0.473466
2 46.3739 0.465595
2.1 46.7039 0.462411
2.2 48.198 0.446229
2.3 48.6829 0.352247
2.4 48.8441 0.430088
2.5 48.6514 0.413065
2.6 48.0264 0.415718
2.7 49.399 0.441013
2.8 50.3993 0.383583
2.9 50.9051 0.458586
3 50.3118 0.46615
3.1 49.9858 0.465123
3.2 50.285 0.42106
3.3 52.1232 0.377582
3.4 53.494 0.413815
3.5 53.117 0.458951
3.6 52.6223 0.45487
3.7 53.0243 0.393473
3.8 53.9699 0.363546
3.9 55.4704 0.385614
4 56.4117 0.374475
4.1 56.8431 0.34672
4.2 55.8703 0.383603
4.3 55.8652 0.344126
4.4 57.7916 0.318853
4.5 60.6666 0.336579
4.6 62.0424 0.339788
4.7 63.9048 0.331326
4.8 66.8017 0.292617
4.9 73.5675 0.238524
5 82.8534 0.237998
5.1 94.57 0.24108
5.2 106.5 0.242458
5.3 118.73 0.274265
5.4 130.329 0.431223
5.5 145.513 0.819206
5.6 168.774 1.9875
5.7 210.027 5.13224
5.8 329.212 14.4141
5.9 533.412 29.2928
6 695.397 40.6535
6.1 727.512 44.5113
6.2 659.072 46.4794
6.3 795.156 53.7903
6.4 738.993 48.916
6.5 674.815 43.881
6.6 697.294 44.274
6.7 747.407 57.6647
6.8 715.518 46.4773
6.9 617.858 40.9376
7 674.639 44.3702
7.1 727.283 52.5613
7.2 683.759 48.7086
7.3 766.924 48.5942
7.4 701.52 49.2652
7.5 706.343 49.2012
7.6 624.788 38.161
7.7 714.598 47.6701
7.8 560.803 43.2755
7.9 768.1 63.6803
8 809.355 62.9482
8.1 730.964 54.4275
8.2 702.868 52.8805
8.3 748.609 53.6078
8.4 771.609 57.5921
8.5 631.495 55.8126
8.6 634.019 53.5918
8.7 677.22 54.9751
8.8 684.849 46.927
8.9 693.578 53.0156
9 731.04 58.9291
9.1 651.47 43.3872
9.2 711.201 55.7036
9.3 583.134 46.6749
9.4 676.317 51.7556
9.5 722.186 55.6037
9.6 553.244 48.0665
9.7 750.332 56.9761
9.8 718.181 60.1926
9.9 679.548 63.5305
10 655.874 51.8435
10.1 590.787 50.091
10.2 715.475 56.0829
