-10.2 0
-10.1 0
-10 0
-9.9 0
-9.8 0
-9.7 1.31276e-07
-9.6 0
-9.5 0
-9.4 4.07753e-06
-9.3 4.3594e-06
-9.2 2.54977e-06
-9.1 0
-9 0
-8.9 4.57745e-07
-8.8 0
-8.7 1.6944e-06
-8.6 1.10083e-05
-8.5 0
-8.4 0
-8.3 0
-8.2 0
-8.1 0
-8 0
-7.9 0
-7.8 1.24856e-06
-7.7 0
-7.6 0
-7.5 0
-7.4 0
-7.3 0
-7.2 0
-7.1 0
-7 0
-6.9 0
-6.8 0
-6.7 0
-6.6 0
-6.5 0
-6.4 0
-6.3 0
-6.2 3.07635e-06
-6.1 8.45852e-07
-6 0
-5.9 0
-5.8 0
-5.7 1.9007e-06
-5.6 0
-5.5 2.04485e-06
-5.4 0
-5.3 3.47946e-07
-5.2 4.82284e-06
-5.1 3.56293e-06
-5 3.53987e-06
-4.9 0
-4.8 0
-4.7 0
-4.6 0
-4.5 0
-4.4 0
-4.3 0
-4.2 0
-4.1 0
-4 0
-3.9 2.5222e-06
-3.8 0
-3.7 0
-3.6 0
-3.5 0
-3.4 0
-3.3 0
-3.2 0
-3.1 0
-3 0
-2.9 0
-2.8 0
-2.7 0
-2.6 0
-2.5 0
-2.4 0
-2.3 0
-2.2 0
-2.1 0
-2 0
-1.9 0
-1.8 0
-1.7 0
-1.6 0
-1.5 0
-1.4 0
-1.3 0
-1.2 0
-1.1 0
-1 0
-0.9 4.49959e-07
-0.8 0
-0.7 0
-0.6 5.95447e-07
-0.5 1.36437e-06
-0.4 0
-0.3 0
-0.2 0
-0.1 0
0 0
0.1 0
0.2 0
0.3 0
0.4 0
0.5 0
0.6 0
0.7 0
0.8 0
0.9 0
1 0
1.1 0
1.2 2.52286e-06
1.3 3.84094e-06
1.4 4.58423e-06
1.5 0
1.6 0
1.7 0
1.8 0
1.9 0
2 0
2.1 0
2.2 0
2.3 0
2.4 0
2.5 0
2.6 0
2.7 0
2.8 0
2.9 0
3 3.1111e-07
3.1 0
3.2 0
3.3 0
3.4 0
3.5 0
3.6 0
3.7 0
3.8 0
3.9 0
4 0
4.1 0
4.2 0
4.3 0
4.4 0
4.5 0
4.6 0
4.7 0
4.8 0
4.9 0
5 0
5.1 0
5.2 0
5.3 0
5.4 0
5.5 0
5.6 0
5.7 0
5.8 0
5.9 0
6 0
6.1 0
6.2 0
6.3 0
6.4 0
6.5 0
6.6 0
6.7 0
6.8 0
6.9 0
7 0
7.1 0
7.2 0
7.3 0
7.4 0
7.5 0
7.6 0
7.7 0
7.8 0
7.9 0
8 0
8.1 0
8.2 0
8.3 0
8.4 0
8.5 0
8.6 0
8.7 0
8.8 0
8.9 0
9 0
9.1 0
9.2 0
9.3 0
9.4 0
9.5 0
9.6 0
9.7 0
9.8 0
9.9 0
10 0
10.1 0
10.2 0
