-10.2 0.0680032
-10.1 0.0682916
-10 0.0698036
-9.9 0.0692504
-9.8 0.0684132
-9.7 0.0694535
-9.6 0.0708577
-9.5 0.0723345
-9.4 0.0751942
-9.3 0.0729675
-9.2 0.0724665
-9.1 0.0725769
-9 0.0734522
-8.9 0.0757138
-8.8 0.0756577
-8.7 0.0748943
-8.6 0.0762031
-8.5 0.0740563
-8.4 0.0746878
-8.3 0.0738196
-8.2 0.077657
-8.1 0.0765501
-8 0.0766803
-7.9 0.0751749
-7.8 0.0754689
-7.7 0.0753999
-7.6 0.074833
-7.5 0.0766432
-7.4 0.077209
-7.3 0.0771339
-7.2 0.0785014
-7.1 0.0786519
-7 0.0778706
-6.9 0.0811474
-6.8 0.0799074
-6.7 0.0812617
-6.6 0.0802392
-6.5 0.0811183
-6.4 0.0812236
-6.3 0.081992
-6.2 0.0810895
-6.1 0.0817431
-6 0.0831875
-5.9 0.0844958
-5.8 0.0848562
-5.7 0.0841335
-5.6 0.0847178
-5.5 0.0876168
-5.4 0.0857943
-5.3 0.0876503
-5.2 0.0879536
-5.1 0.0906583
-5 0.0901869
-4.9 0.0920649
-4.8 0.0915606
-4.7 0.0915667
-4.6 0.090812
-4.5 0.0910443
-4.4 0.0910513
-4.3 0.0904788
-4.2 0.0891903
-4.1 0.0887427
-4 0.0891979
-3.9 0.0913805
-3.8 0.0906758
-3.7 0.0886921
-3.6 0.0903595
-3.5 0.0916872
-3.4 0.0904023
-3.3 0.091914
-3.2 0.0918006
-3.1 0.0905247
-3 0.0894247
-2.9 0.0895867
-2.8 0.0905185
-2.7 0.0887698
-2.6 0.0893721
-2.5 0.0880672
-2.4 0.088958
-2.3 0.0875563
-2.2 0.0888763
-2.1 0.089071
-2 0.0882588
-1.9 0.0879581
-1.8 0.0867307
-1.7 0.0860065
-1.6 0.0880659
-1.5 0.0880468
-1.4 0.0866994
-1.3 0.0864733
-1.2 0.0856267
-1.1 0.085769
-1 0.0863979
-0.9 0.0872921
-0.8 0.0882315
-0.7 0.0879482
-0.6 0.0893728
-0.5 0.0888821
-0.4 0.0889616
-0.3 0.0900704
-0.2 0.0865183
-0.1 0.0865224
0 0.0880102
0.1 0.0890224
0.2 0.090101
0.3 0.0919003
0.4 0.0918012
0.5 0.0908318
0.6 0.0882809
0.7 0.090795
0.8 0.0902713
0.9 0.0891265
1 0.0890262
1.1 0.0885999
1.2 0.0877562
1.3 0.0873605
1.4 0.0886546
1.5 0.0875066
1.6 0.0870986
1.7 0.0897088
1.8 0.0885323
1.9 0.0893472
2 0.0905929
2.1 0.0910088
2.2 0.0920302
2.3 0.0921997
2.4 0.0916201
2.5 0.0941143
2.6 0.0937589
2.7 0.0943182
2.8 0.0957532
2.9 0.0950463
3 0.092775
3.1 0.0923016
3.2 0.0945583
3.3 0.0957099
3.4 0.0937639
3.5 0.0939495
3.6 0.0921852
3.7 0.0966359
3.8 0.0966629
3.9 0.0939972
4 0.0912912
4.1 0.0914072
4.2 0.0903106
4.3 0.0924292
4.4 0.0929697
4.5 0.095902
4.6 0.0948213
4.7 0.095265
4.8 0.0963127
4.9 0.0990344
5 0.0946197
5.1 0.0830448
5.2 0.0663292
5.3 0.0455242
5.4 0.0279943
5.5 0.012625
5.6 0.00501739
5.7 0.00258539
5.8 0.000809347
5.9 0.000373002
6 2.60119e-05
6.1 4.25668e-05
6.2 5.45874e-05
6.3 0.000257065
6.4 0.000330588
6.5 7.18958e-05
6.6 0.000177548
6.7 0.000425465
6.8 0.000135508
6.9 3.24357e-05
7 3.05729e-05
7.1 7.25942e-05
7.2 9.14187e-05
7.3 0.000389779
7.4 0.00017435
7.5 7.73304e-05
7.6 8.10532e-05
7.7 9.87716e-05
7.8 8.71468e-05
7.9 0.000271328
8 9.96289e-05
8.1 0.000129283
8.2 0.000112125
8.3 0.000102238
8.4 0.000110413
8.5 0.000123977
8.6 4.06295e-05
8.7 4.3437e-05
8.8 7.33864e-05
8.9 0.00037381
9 0.000339075
9.1 0.000120408
9.2 0.00018112
9.3 0.000368418
9.4 0
9.5 1.67399e-10
9.6 2.64818e-05
9.7 8.62744e-05
9.8 0.000104185
9.9 1.39615e-06
10 6.38435e-06
10.1 2.71583e-05
10.2 3.5826e-06
