-10.2 6.71059 0.0485306
-10.1 7.46323 0.0526312
-10 7.95276 0.0607087
-9.9 8.34034 0.056328
-9.8 8.60622 0.0642965
-9.7 8.94262 0.0664156
-9.6 9.15079 0.0642268
-9.5 9.30798 0.0630882
-9.4 9.41895 0.0571906
-9.3 9.62703 0.0634922
-9.2 9.82673 0.0585335
-9.1 9.82116 0.0656328
-9 9.87772 0.060431
-8.9 10.0628 0.0659745
-8.8 10.1786 0.0706426
-8.7 10.4949 0.0568284
-8.6 10.3954 0.0672093
-8.5 10.522 0.0617707
-8.4 10.6188 0.0731869
-8.3 10.58 0.0704351
-8.2 10.6742 0.0585389
-8.1 10.8936 0.0602265
-8 10.8498 0.0672152
-7.9 11.0767 0.0629082
-7.8 10.9777 0.0526198
-7.7 11.0695 0.073178
-7.6 11.112 0.0656388
-7.5 11.2636 0.0624099
-7.4 11.349 0.0661756
-7.3 11.4671 0.0614642
-7.2 11.4725 0.0656884
-7.1 11.6546 0.0647224
-7 11.6081 0.0664291
-6.9 11.6437 0.0636926
-6.8 11.7728 0.0633922
-6.7 11.9125 0.0686176
-6.6 11.9519 0.0713816
-6.5 12.0685 0.0662323
-6.4 11.9654 0.0637191
-6.3 12.1145 0.068617
-6.2 12.3045 0.0710154
-6.1 12.2881 0.0687593
-6 12.3663 0.0722418
-5.9 12.3551 0.0634275
-5.8 12.5565 0.059717
-5.7 12.6403 0.0643079
-5.6 12.7492 0.067145
-5.5 12.9309 0.056887
-5.4 13.0836 0.0589011
-5.3 13.3649 0.0655852
-5.2 13.6136 0.0669006
-5.1 14.0317 0.0612838
-5 15.0243 0.0647365
-4.9 17.0917 0.0686826
-4.8 19.6717 0.081721
-4.7 21.5557 0.092892
-4.6 21.7655 0.0849191
-4.5 21.3772 0.0763663
-4.4 21.7579 0.0827122
-4.3 22.5506 0.0906892
-4.2 22.2544 0.0819469
-4.1 21.6734 0.0771779
-4 22.196 0.0877423
-3.9 23.0004 0.0823454
-3.8 22.6304 0.0901845
-3.7 22.0352 0.0920947
-3.6 22.4318 0.0844141
-3.5 23.2103 0.0800342
-3.4 23.1592 0.0914661
-3.3 22.6827 0.093508
-3.2 22.649 0.0897406
-3.1 23.4162 0.0919158
-3 23.6736 0.0965865
-2.9 22.9821 0.0864487
-2.8 22.9986 0.0841197
-2.7 23.6781 0.094004
-2.6 24.1935 0.086962
-2.5 23.8566 0.0822798
-2.4 23.3473 0.0826437
-2.3 23.6774 0.0997764
-2.2 24.6323 0.0879517
-2.1 24.5873 0.0887678
-2 23.9158 0.0800974
-1.9 23.8294 0.101878
-1.8 24.3376 0.0971312
-1.7 25.1988 0.0954774
-1.6 25.0911 0.0813243
-1.5 24.4402 0.08275
-1.4 24.6223 0.0904363
-1.3 25.4475 0.0973198
-1.2 26.059 0.105435
-1.1 25.4274 0.0934885
-1 25.0618 0.0940173
-0.9 25.6488 0.0997503
-0.8 26.3326 0.105581
-0.7 26.7932 0.0962378
-0.6 26.1627 0.0993674
-0.5 25.8114 0.0908852
-0.4 26.8346 0.0990938
-0.3 29.0227 0.0957508
-0.2 26.5786 0.0834351
-0.1 27.0102 0.0870903
0 27.1601 0.0841874
0.1 28.5041 0.0934279
0.2 29.5454 0.0934154
0.3 28.7954 0.0947854
0.4 28.1795 0.0959221
0.5 28.5124 0.107496
0.6 30.1571 0.0920182
0.7 31.3711 0.102838
0.8 30.7412 0.104421
0.9 29.7187 0.100588
1 29.9649 0.0974756
1.1 31.6617 0.0907517
1.2 33.1958 0.0902027
1.3 32.9288 0.10217
1.4 32.0076 0.0932535
1.5 31.9755 0.0897338
1.6 33.4832 0.105356
1.7 35.5871 0.103927
1.8 36.0806 0.11436
1.9 34.8548 0.088263
2 34.2048 0.10182
2.1 35.3698 0.104323
2.2 38.1822 0.105874
2.3 39.7082 0.123011
2.4 39.0015 0.114166
2.5 37.5123 0.109619
2.6 37.8831 0.102857
2.7 40.8779 0.105843
2.8 43.637 0.121685
2.9 44.2401 0.128958
3 42.6386 0.109438
3.1 41.701 0.119039
3.2 43.3772 0.111237
3.3 47.4805 0.110324
3.4 50.3921 0.12154
3.5 50.1707 0.131141
3.6 48.4912 0.113411
3.7 48.6196 0.12898
3.8 52.3316 0.135456
3.9 57.7709 0.126501
4 60.4621 0.130937
4.1 59.5633 0.129151
4.2 57.5677 0.133792
4.3 58.2955 0.115994
4.4 63.7339 0.13278
4.5 70.8884 0.137129
4.6 76.1392 0.157276
4.7 80.9304 0.14046
4.8 90.18 0.158034
4.9 108.052 0.15579
5 134.65 0.210617
5.1 166.221 0.221334
5.2 198.619 0.237039
5.3 230.193 0.280401
5.4 258.968 0.420383
5.5 286.919 0.564912
5.6 309.685 1.01914
5.7 322.777 1.41391
5.8 300.785 2.7477
5.9 231.913 5.22258
6 158.629 5.21636
6.1 147.045 5.33978
6.2 136.562 5.66365
6.3 133.335 5.32507
6.4 136.546 5.58368
6.5 130.886 5.85589
6.6 131.321 5.34536
6.7 138.602 5.88561
6.8 127.417 5.66225
6.9 142.105 5.89277
7 134.568 5.80026
7.1 130.067 5.5826
7.2 135.937 5.17304
7.3 132.589 5.77266
7.4 134.427 5.90321
7.5 126.525 5.84867
7.6 143.428 5.80707
7.7 136.86 5.5455
7.8 134.039 5.81264
7.9 145.718 6.46912
8 130.116 6.08181
8.1 131.202 6.15805
8.2 129.221 6.21826
8.3 140.42 6.02903
8.4 127.639 5.8643
8.5 129.949 6.18086
8.6 150.208 7.00071
8.7 140.493 6.87379
8.8 134.308 6.36195
8.9 137.151 6.88532
9 139.842 6.51774
9.1 143.319 6.52541
9.2 127.161 7.06116
9.3 126.408 7.01343
9.4 128.824 6.25207
9.5 136.969 6.85293
9.6 138.803 7.11248
9.7 131.237 6.61179
9.8 132.4 6.66806
9.9 120.027 6.75835
10 144.589 6.48224
10.1 125.968 6.50128
10.2 119.709 7.14303
