-10.2 7.05675e-08 1.77913e-09
-10.1 7.41185e-08 2.04731e-09
-10 6.90048e-08 1.89301e-09
-9.9 6.96574e-08 2.02693e-09
-9.8 7.30609e-08 2.18735e-09
-9.7 7.18087e-08 2.09598e-09
-9.6 7.35841e-08 2.18287e-09
-9.5 7.57168e-08 1.8936e-09
-9.4 7.15658e-08 1.97152e-09
-9.3 7.25976e-08 1.73684e-09
-9.2 7.62436e-08 1.8849e-09
-9.1 7.54181e-08 2.16821e-09
-9 7.38367e-08 1.7045e-09
-8.9 7.03035e-08 1.77067e-09
-8.8 7.62311e-08 1.78659e-09
-8.7 7.04815e-08 1.67258e-09
-8.6 7.51576e-08 2.08362e-09
-8.5 7.87145e-08 2.0487e-09
-8.4 7.53876e-08 1.70895e-09
-8.3 7.65928e-08 2.08919e-09
-8.2 7.3604e-08 1.70296e-09
-8.1 7.87754e-08 2.25075e-09
-8 7.43005e-08 1.46354e-09
-7.9 7.4999e-08 1.76166e-09
-7.8 7.68263e-08 1.85907e-09
-7.7 7.70312e-08 2.16509e-09
-7.6 7.66222e-08 1.78385e-09
-7.5 7.3159e-08 1.48817e-09
-7.4 7.7324e-08 2.2988e-09
-7.3 7.5543e-08 1.72684e-09
-7.2 7.75386e-08 1.88899e-09
-7.1 7.72299e-08 1.67347e-09
-7 7.86906e-08 1.86198e-09
-6.9 7.78244e-08 1.90197e-09
-6.8 8.0956e-08 1.9468e-09
-6.7 8.2326e-08 2.0052e-09
-6.6 7.89728e-08 1.79786e-09
-6.5 7.73124e-08 1.74305e-09
-6.4 8.13394e-08 2.05543e-09
-6.3 8.51683e-08 2.31713e-09
-6.2 8.20301e-08 1.84658e-09
-6.1 8.03454e-08 1.99455e-09
-6 8.18032e-08 1.89519e-09
-5.9 7.94411e-08 1.75114e-09
-5.8 8.21387e-08 1.89781e-09
-5.7 8.25423e-08 2.26034e-09
-5.6 7.9763e-08 1.70123e-09
-5.5 7.90851e-08 1.70946e-09
-5.4 8.62955e-08 2.04781e-09
-5.3 8.38432e-08 2.04372e-09
-5.2 8.518e-08 1.77201e-09
-5.1 8.06274e-08 1.79776e-09
-5 8.49538e-08 1.74608e-09
-4.9 8.24664e-08 1.69795e-09
-4.8 8.46242e-08 1.90542e-09
-4.7 8.39672e-08 1.78529e-09
-4.6 8.37522e-08 1.86961e-09
-4.5 8.85433e-08 2.41784e-09
-4.4 8.64007e-08 1.97981e-09
-4.3 8.21753e-08 1.62155e-09
-4.2 8.35959e-08 1.82867e-09
-4.1 8.32498e-08 1.71279e-09
-4 8.29997e-08 1.91435e-09
-3.9 8.28946e-08 2.07665e-09
-3.8 8.0699e-08 1.53191e-09
-3.7 8.1749e-08 1.58907e-09
-3.6 8.21778e-08 1.85947e-09
-3.5 8.40383e-08 1.82885e-09
-3.4 8.00256e-08 1.5991e-09
-3.3 8.15816e-08 1.69183e-09
-3.2 8.07763e-08 1.48201e-09
-3.1 8.0201e-08 1.82932e-09
-3 8.26189e-08 1.64579e-09
-2.9 8.03308e-08 1.58253e-09
-2.8 8.03455e-08 1.50662e-09
-2.7 8.17898e-08 1.87412e-09
-2.6 8.0218e-08 1.92886e-09
-2.5 8.17217e-08 1.72211e-09
-2.4 8.21936e-08 1.67992e-09
-2.3 8.25018e-08 1.82875e-09
-2.2 7.92442e-08 1.57632e-09
-2.1 8.18586e-08 1.70604e-09
-2 8.08525e-08 1.95415e-09
-1.9 7.7734e-08 1.53486e-09
-1.8 7.87104e-08 1.65261e-09
-1.7 8.11676e-08 1.66e-09
-1.6 8.07894e-08 1.78262e-09
-1.5 7.82995e-08 1.66773e-09
-1.4 7.90681e-08 1.51586e-09
-1.3 7.95603e-08 1.46768e-09
-1.2 8.04875e-08 1.69796e-09
-1.1 7.82995e-08 1.25842e-09
-1 7.89261e-08 1.62534e-09
-0.9 7.765e-08 1.55658e-09
-0.8 7.8901e-08 2.06686e-09
-0.7 7.65675e-08 1.5641e-09
-0.6 7.79527e-08 1.46161e-09
-0.5 7.99741e-08 1.62619e-09
-0.4 7.64729e-08 1.67606e-09
-0.3 7.87017e-08 1.69013e-09
-0.2 8.71407e-08 1.60187e-09
-0.1 8.32682e-08 1.52451e-09
0 8.4117e-08 1.43304e-09
0.1 8.53217e-08 1.48512e-09
0.2 8.34153e-08 1.61614e-09
0.3 7.81811e-08 1.73688e-09
0.4 7.83185e-08 1.66626e-09
0.5 7.72277e-08 1.33875e-09
0.6 7.68137e-08 1.38551e-09
0.7 7.90224e-08 1.61231e-09
0.8 7.73805e-08 1.55942e-09
0.9 7.62568e-08 1.4846e-09
1 7.4886e-08 1.39808e-09
1.1 7.47834e-08 1.48759e-09
1.2 7.54996e-08 1.55775e-09
1.3 7.62615e-08 1.38228e-09
1.4 7.58808e-08 1.39521e-09
1.5 7.61754e-08 1.52481e-09
1.6 7.43853e-08 1.363e-09
1.7 7.42949e-08 1.3043e-09
1.8 7.53076e-08 1.78551e-09
1.9 7.2127e-08 1.40686e-09
2 7.10022e-08 1.31003e-09
2.1 7.03809e-08 1.33989e-09
2.2 7.33672e-08 1.48213e-09
2.3 7.13974e-08 1.20932e-09
2.4 7.1243e-08 1.31511e-09
2.5 7.17788e-08 1.29037e-09
2.6 6.8638e-08 1.29526e-09
2.7 6.92618e-08 1.34917e-09
2.8 6.89656e-08 1.41979e-09
2.9 6.82073e-08 1.12e-09
3 6.70074e-08 1.3269e-09
3.1 6.72919e-08 1.39761e-09
3.2 6.46893e-08 1.27201e-09
3.3 6.40663e-08 1.09188e-09
3.4 6.41377e-08 1.12146e-09
3.5 6.27031e-08 1.10367e-09
3.6 6.07097e-08 1.12709e-09
3.7 5.83423e-08 8.56537e-10
3.8 5.86936e-08 9.37623e-10
3.9 5.67917e-08 1.18036e-09
4 5.50453e-08 1.23353e-09
4.1 5.4446e-08 8.45463e-10
4.2 5.2288e-08 9.7552e-10
4.3 5.00318e-08 9.50893e-10
4.4 4.90347e-08 8.14135e-10
4.5 4.80805e-08 9.35267e-10
4.6 4.31698e-08 8.63406e-10
4.7 4.10638e-08 8.82061e-10
4.8 3.55708e-08 6.71397e-10
4.9 3.12484e-08 6.87178e-10
5 2.43813e-08 5.85564e-10
5.1 1.80259e-08 4.73791e-10
5.2 1.26081e-08 3.69586e-10
5.3 9.46723e-09 3.7005e-10
5.4 6.73199e-09 3.40359e-10
5.5 5.27693e-09 2.82583e-10
5.6 4.7106e-09 3.02349e-10
5.7 3.82736e-09 2.55429e-10
5.8 4.73691e-09 6.95729e-10
5.9 3.74511e-09 2.22293e-10
6 4.06302e-09 3.26674e-10
6.1 3.97444e-09 2.88796e-10
6.2 3.32099e-09 2.17493e-10
6.3 4.21993e-09 2.81989e-10
6.4 3.83209e-09 2.55154e-10
6.5 3.58659e-09 2.4332e-10
6.6 3.8391e-09 2.67498e-10
6.7 3.78217e-09 2.87802e-10
6.8 3.60124e-09 2.76913e-10
6.9 3.43957e-09 3.27561e-10
7 3.44601e-09 3.06833e-10
7.1 3.58652e-09 4.49122e-10
7.2 3.34696e-09 3.04367e-10
7.3 4.12516e-09 3.97414e-10
7.4 4.13322e-09 4.67665e-10
7.5 3.46154e-09 2.65472e-10
7.6 3.29916e-09 3.40508e-10
7.7 3.22261e-09 2.1732e-10
7.8 2.49616e-09 2.12257e-10
7.9 3.10961e-09 2.37181e-10
8 3.2534e-09 2.71162e-10
8.1 2.82887e-09 2.1097e-10
8.2 2.89111e-09 2.41512e-10
8.3 3.58269e-09 3.14916e-10
8.4 3.84913e-09 4.29031e-10
8.5 2.63907e-09 2.02257e-10
8.6 2.87395e-09 2.85109e-10
8.7 2.52901e-09 2.32412e-10
8.8 2.58507e-09 2.2202e-10
8.9 2.59262e-09 1.98977e-10
9 2.95731e-09 3.02407e-10
9.1 2.84607e-09 3.02737e-10
9.2 2.66239e-09 2.06204e-10
9.3 2.28501e-09 2.40622e-10
9.4 2.91692e-09 5.35661e-10
9.5 2.79686e-09 2.6578e-10
9.6 2.26314e-09 3.55154e-10
9.7 2.46976e-09 1.85535e-10
9.8 2.8591e-09 2.59903e-10
9.9 2.53286e-09 2.22666e-10
10 2.28821e-09 2.24026e-10
10.1 2.38198e-09 2.79772e-10
10.2 2.17864e-09 1.78013e-10
