-10.2 6.09505
-10.1 6.12377
-10 6.26048
-9.9 6.18821
-9.8 6.13865
-9.7 6.24411
-9.6 6.36034
-9.5 6.47501
-9.4 6.71469
-9.3 6.54562
-9.2 6.49673
-9.1 6.5198
-9 6.58689
-8.9 6.78416
-8.8 6.7885
-8.7 6.74806
-8.6 6.91444
-8.5 6.72044
-8.4 6.77151
-8.3 6.72344
-8.2 7.02957
-8.1 6.95036
-8 6.96881
-7.9 6.8744
-7.8 6.89516
-7.7 6.89887
-7.6 6.86345
-7.5 7.02563
-7.4 7.09998
-7.3 7.11415
-7.2 7.21498
-7.1 7.27187
-7 7.20483
-6.9 7.5258
-6.8 7.40796
-6.7 7.51489
-6.6 7.43694
-6.5 7.51881
-6.4 7.56226
-6.3 7.65044
-6.2 7.59318
-6.1 7.65906
-6 7.77904
-5.9 7.912
-5.8 7.97689
-5.7 7.94806
-5.6 7.99301
-5.5 8.27045
-5.4 8.19311
-5.3 8.38539
-5.2 8.42562
-5.1 8.70587
-5 8.66035
-4.9 8.88489
-4.8 8.8815
-4.7 8.91649
-4.6 8.913
-4.5 8.97701
-4.4 9.00735
-4.3 8.99177
-4.2 8.97826
-4.1 9.01502
-4 9.03327
-3.9 9.32375
-3.8 9.30667
-3.7 9.14112
-3.6 9.29966
-3.5 9.46276
-3.4 9.42904
-3.3 9.62097
-3.2 9.68145
-3.1 9.5795
-3 9.56166
-2.9 9.67826
-2.8 9.79645
-2.7 9.69887
-2.6 9.83697
-2.5 9.78542
-2.4 9.91124
-2.3 9.86044
-2.2 10.0185
-2.1 10.0999
-2 10.1471
-1.9 10.1741
-1.8 10.1344
-1.7 10.127
-1.6 10.3771
-1.5 10.4298
-1.4 10.3787
-1.3 10.4021
-1.2 10.3811
-1.1 10.4717
-1 10.6046
-0.9 10.7819
-0.8 10.9362
-0.7 10.8818
-0.6 11.1741
-0.5 11.1565
-0.4 11.2837
-0.3 11.4727
-0.2 12.9372
-0.1 13.0591
0 13.3319
0.1 13.526
0.2 13.7796
0.3 12.319
0.4 12.439
0.5 12.4242
0.6 12.2786
0.7 12.6511
0.8 12.7268
0.9 12.6839
1 12.8191
1.1 12.9625
1.2 12.9657
1.3 13.0686
1.4 13.3465
1.5 13.3472
1.6 13.4371
1.7 13.9608
1.8 13.8944
1.9 14.1263
2 14.4846
2.1 14.6944
2.2 15.0313
2.3 15.2621
2.4 15.3611
2.5 15.9709
2.6 16.1014
2.7 16.4894
2.8 16.9673
2.9 17.2769
3 17.1869
3.1 17.4268
3.2 18.0738
3.3 18.7429
3.4 18.8188
3.5 19.3381
3.6 19.511
3.7 20.9325
3.8 21.5861
3.9 21.8856
4 22.0766
4.1 22.8299
4.2 23.446
4.3 24.7976
4.4 26.0882
4.5 28.1799
4.6 29.5651
4.7 31.7796
4.8 34.8052
4.9 39.8059
5 45.2962
5.1 51.3832
5.2 57.6963
5.3 63.9965
5.4 72.1077
5.5 77.679
5.6 71.4643
5.7 80.4908
5.8 76.307
5.9 45.7507
6 9.04648
6.1 12.1936
6.2 9.23713
6.3 60.5847
6.4 41.5061
6.5 17.8165
6.6 30.5595
6.7 63.7521
6.8 34.8374
6.9 10.0498
7 10.196
7.1 14.2617
7.2 16.5292
7.3 56.9558
7.4 11.7725
7.5 12.0573
7.6 12.3836
7.7 12.7279
7.8 13.0996
7.9 13.5272
8 16.3128
8.1 14.5398
8.2 15.1579
8.3 15.885
8.4 16.7476
8.5 16.9301
8.6 14.0211
8.7 14.4813
8.8 18.9393
8.9 21.8842
9 55.3391
9.1 25.9954
9.2 28.9749
9.3 67.1571
9.4 0
9.5 0
9.6 0
9.7 0
9.8 5790.57
9.9 0
10 0
10.1 3354.41
10.2 0.134501
