-10.2 4.04147e-07
-10.1 8.87728e-07
-10 4.5006e-06
-9.9 0
-9.8 0
-9.7 0
-9.6 0
-9.5 1.08758e-06
-9.4 4.71543e-06
-9.3 0
-9.2 0
-9.1 1.13249e-06
-9 0
-8.9 6.5858e-07
-8.8 4.19183e-06
-8.7 4.07263e-06
-8.6 2.74445e-07
-8.5 0
-8.4 0
-8.3 0
-8.2 1.13727e-05
-8.1 0
-8 5.89356e-07
-7.9 0
-7.8 3.02788e-06
-7.7 3.19213e-06
-7.6 3.14301e-06
-7.5 3.29989e-08
-7.4 5.50803e-07
-7.3 0
-7.2 0
-7.1 0
-7 0
-6.9 0
-6.8 0
-6.7 8.85615e-07
-6.6 0
-6.5 0
-6.4 1.30086e-06
-6.3 2.65988e-06
-6.2 1.62432e-06
-6.1 0
-6 0
-5.9 0
-5.8 1.11107e-06
-5.7 1.17475e-06
-5.6 0
-5.5 2.67427e-06
-5.4 2.63122e-06
-5.3 1.14593e-06
-5.2 0
-5.1 3.15048e-07
-5 7.80592e-06
-4.9 6.32442e-06
-4.8 3.71126e-06
-4.7 0
-4.6 0
-4.5 0
-4.4 9.97008e-07
-4.3 5.80406e-06
-4.2 8.36969e-07
-4.1 0
-4 4.21969e-07
-3.9 1.65138e-07
-3.8 0
-3.7 0
-3.6 0
-3.5 0
-3.4 5.25753e-07
-3.3 0
-3.2 0
-3.1 0
-3 0
-2.9 0
-2.8 0
-2.7 0
-2.6 4.36347e-06
-2.5 0
-2.4 0
-2.3 0
-2.2 0
-2.1 0
-2 0
-1.9 0
-1.8 0
-1.7 0
-1.6 0
-1.5 1.55537e-06
-1.4 1.1788e-06
-1.3 0
-1.2 0
-1.1 0
-1 0
-0.9 0
-0.8 0
-0.7 5.08207e-06
-0.6 4.95856e-06
-0.5 3.14367e-06
-0.4 0
-0.3 1.6273e-06
-0.2 4.959e-07
-0.1 0
0 0
0.1 0
0.2 0
0.3 1.05174e-06
0.4 4.63392e-06
0.5 1.61228e-06
0.6 0
0.7 0
0.8 1.91388e-07
0.9 0
1 0
1.1 0
1.2 0
1.3 0
1.4 0
1.5 0
1.6 0
1.7 9.77378e-07
1.8 0
1.9 0
2 0
2.1 0
2.2 3.56812e-07
2.3 0
2.4 0
2.5 0
2.6 0
2.7 0
2.8 9.82898e-07
2.9 4.92106e-06
3 2.82354e-06
3.1 2.6957e-06
3.2 1.47794e-06
3.3 0
3.4 0
3.5 0
3.6 0
3.7 1.5364e-06
3.8 0
3.9 0
4 0
4.1 1.04394e-06
4.2 0
4.3 0
4.4 0
4.5 0
4.6 0
4.7 0
4.8 0
4.9 0
5 0
5.1 0
5.2 0
5.3 0
5.4 0
5.5 0
5.6 0
5.7 0
5.8 0
5.9 0
6 0
6.1 0
6.2 0
6.3 0
6.4 0
6.5 0
6.6 0
6.7 0
6.8 0
6.9 0
7 0
7.1 0
7.2 0
7.3 0
7.4 0
7.5 0
7.6 0
7.7 0
7.8 0
7.9 0
8 0
8.1 0
8.2 0
8.3 0
8.4 0
8.5 0
8.6 0
8.7 0
8.8 0
8.9 0
9 0
9.1 0
9.2 0
9.3 0
9.4 0
9.5 0
9.6 0
9.7 0
9.8 0
9.9 0
10 0
10.1 0
10.2 0
