0.102705 1.00265e-07
0.108336 8.51995e-08
0.114275 1.0177e-07
0.12054 8.21098e-08
0.127149 8.36207e-08
0.13412 7.5263e-08
0.141474 7.80182e-08
0.14923 7.57584e-08
0.157412 6.64315e-08
0.166042 6.98772e-08
0.175145 6.44398e-08
0.184748 6.03637e-08
0.194877 6.27593e-08
0.205561 5.61194e-08
0.216831 5.26367e-08
0.228719 5.16832e-08
0.241259 5.07418e-08
0.254486 4.62093e-08
0.268439 4.69313e-08
0.283156 4.23404e-08
0.29868 4.38998e-08
0.315056 3.87691e-08
0.332329 3.60436e-08
0.350549 3.80163e-08
0.369768 3.34145e-08
0.390041 3.28567e-08
0.411426 3.07183e-08
0.433983 3.13654e-08
0.457776 2.92213e-08
0.482874 2.78872e-08
0.509348 2.75949e-08
0.537274 2.71677e-08
0.56673 2.77062e-08
0.597802 2.55715e-08
0.630577 2.4651e-08
0.665149 2.53344e-08
0.701616 2.35078e-08
0.740083 2.37711e-08
0.780659 2.15603e-08
0.823459 2.20148e-08
0.868606 2.08263e-08
0.916228 1.92531e-08
0.966461 1.78265e-08
1.01945 1.72383e-08
1.07534 1.62314e-08
1.1343 1.29068e-08
1.19649 1.26044e-08
1.26208 9.3069e-09
1.33128 9.1648e-09
1.40427 8.89453e-09
1.48126 6.52386e-09
1.56247 6.30434e-09
1.64813 4.83169e-09
1.73849 4.51157e-09
1.83381 3.40101e-09
1.93435 3.13266e-09
2.0404 2.78006e-09
2.15227 2.78671e-09
2.27027 3.02812e-09
2.39474 2.32186e-09
2.52603 2.61029e-09
2.66452 1.57263e-09
2.81061 1.57854e-09
2.9647 1.14337e-09
3.12725 6.31203e-10
3.2987 7.90062e-10
3.47956 4.05007e-10
3.67033 0
3.87155 0
4.08382 0
4.30772 0
4.54389 0
4.79301 0
5.05579 0
5.33298 0
5.62537 0
5.93379 0
6.25911 0
6.60227 0
6.96425 0
7.34607 0
7.74883 0
8.17366 0
8.62179 0
9.09449 0
9.5931 0
10.1191 0
10.6738 0
11.259 0
11.8763 0
12.5275 0
13.2143 0
13.9388 0
14.703 0
15.5091 0
16.3594 0
17.2563 0
18.2024 0
19.2004 0
20.253 0
21.3634 0
22.5347 0
23.7702 0
25.0734 0
26.4481 0
27.8981 0
29.4277 0
31.0411 0
32.7429 0
34.5381 0
36.4317 0
38.4291 0
40.536 0
42.7584 0
45.1027 0
47.5755 0
50.1839 0
52.9353 0
55.8375 0
58.8988 0
62.128 0
65.5342 0
69.1272 0
72.9172 0
76.9149 0
81.1319 0
85.58 0
90.272 0
95.2212 0
100.442 0
105.949 0
111.757 0
117.885 0
124.348 0
131.165 0
138.356 0
145.942 0
153.943 0
162.384 0
171.286 0
180.677 0
190.583 0
201.032 0
212.054 0
223.68 0
235.943 0
248.879 0
262.524 0
276.917 0
292.1 0
