1.09967 5.94426e-12
3.099 1.30011e-11
5.09833 1.79993e-11
7.09767 3.24404e-11
9.097 2.64219e-11
11.0963 5.58096e-11
13.0957 8.35002e-11
15.095 2.49464e-10
17.0943 7.4114e-10
19.0937 6.90999e-10
21.093 5.50385e-10
23.0923 6.76191e-10
25.0917 7.30092e-10
27.091 6.66127e-10
29.0903 6.87575e-10
31.0897 8.27475e-10
33.089 8.2001e-10
35.0883 9.24945e-10
37.0877 7.62148e-10
39.087 8.23206e-10
41.0863 9.49418e-10
43.0857 7.85828e-10
45.085 1.02106e-09
47.0843 1.02927e-09
49.0837 1.03145e-09
51.083 1.09433e-09
53.0823 9.01829e-10
55.0817 1.19512e-09
57.081 1.31332e-09
59.0803 1.10439e-09
61.0797 1.17132e-09
63.079 1.39051e-09
65.0783 1.38991e-09
67.0777 1.34144e-09
69.077 1.47905e-09
71.0763 1.64304e-09
73.0757 1.44496e-09
75.075 1.82401e-09
77.0743 1.74419e-09
79.0737 1.81749e-09
81.073 1.98663e-09
83.0723 1.99532e-09
85.0717 2.23542e-09
87.071 2.29093e-09
89.0703 2.55279e-09
91.0697 2.61783e-09
93.069 2.60995e-09
95.0683 2.91486e-09
97.0677 3.04896e-09
99.067 3.15111e-09
101.066 3.4123e-09
103.066 3.53611e-09
105.065 3.83744e-09
107.064 3.85689e-09
109.064 4.12765e-09
111.063 4.36023e-09
113.062 4.56477e-09
115.062 4.79572e-09
117.061 4.86425e-09
119.06 5.30554e-09
121.06 5.53961e-09
123.059 5.61494e-09
125.058 6.00896e-09
127.058 6.12688e-09
129.057 6.6006e-09
131.056 6.45755e-09
133.056 7.02366e-09
135.055 6.90598e-09
137.054 7.13923e-09
139.054 7.23753e-09
141.053 7.26634e-09
143.052 7.30285e-09
145.052 7.21562e-09
147.051 7.40507e-09
149.05 7.46385e-09
151.05 7.51821e-09
153.049 7.6321e-09
155.048 8.1322e-09
157.048 8.00814e-09
159.047 8.14127e-09
161.046 8.39395e-09
163.046 8.84917e-09
165.045 8.47746e-09
167.044 8.72511e-09
169.044 8.33542e-09
171.043 8.28662e-09
173.042 7.94956e-09
175.042 7.55703e-09
177.041 7.49727e-09
179.04 6.5582e-09
181.04 6.50317e-09
183.039 6.5023e-09
185.038 6.04452e-09
187.038 6.38426e-09
189.037 6.8079e-09
191.036 5.31906e-09
193.036 5.15568e-09
195.035 3.5373e-09
197.034 3.46664e-09
199.034 2.24853e-09
201.033 1.86704e-09
203.032 1.76878e-09
205.032 0
207.031 0
209.03 0
211.03 0
213.029 0
215.028 0
217.028 0
219.027 0
221.026 0
223.026 0
225.025 0
227.024 0
229.024 0
231.023 0
233.022 0
235.022 0
237.021 0
239.02 0
241.02 0
243.019 0
245.018 0
247.018 0
249.017 0
251.016 0
253.016 0
255.015 0
257.014 0
259.014 0
261.013 0
263.012 0
265.012 0
267.011 0
269.01 0
271.01 0
273.009 0
275.008 0
277.008 0
279.007 0
281.006 0
283.006 0
285.005 0
287.004 0
289.004 0
291.003 0
293.002 0
295.002 0
297.001 0
299 0
