1 0
3 0
5 0
7 0
9 0.00117131
11 0.00156065
13 0.000436345
15 0.000221576
17 0.0001226
19 8.04859e-05
21 5.08395e-05
23 4.04741e-05
25 2.78249e-05
27 1.98077e-05
29 1.62502e-05
31 1.35703e-05
33 1.14733e-05
35 9.70637e-06
37 7.99536e-06
39 6.65045e-06
41 5.55282e-06
43 4.73204e-06
45 4.01718e-06
47 3.42949e-06
49 2.95561e-06
51 2.58245e-06
53 2.24058e-06
55 1.98047e-06
57 1.73898e-06
59 1.5526e-06
61 1.38851e-06
63 1.23958e-06
65 1.11394e-06
67 1.00699e-06
69 9.07743e-07
71 8.26847e-07
73 7.58769e-07
75 6.92791e-07
77 6.3556e-07
79 5.86275e-07
81 5.43747e-07
83 5.00205e-07
85 4.65091e-07
87 4.29799e-07
89 3.97792e-07
91 3.71891e-07
93 3.47183e-07
95 3.23374e-07
97 3.02738e-07
99 2.82545e-07
101 2.65802e-07
103 2.46901e-07
105 2.3315e-07
107 2.18327e-07
109 2.08545e-07
111 1.97915e-07
113 1.86402e-07
115 1.74931e-07
117 1.66463e-07
119 1.57294e-07
121 1.48643e-07
123 1.39166e-07
125 1.32624e-07
127 1.25444e-07
129 1.20009e-07
131 1.13064e-07
133 1.07614e-07
135 1.03369e-07
137 9.95314e-08
139 9.54795e-08
141 9.10226e-08
143 8.69438e-08
145 8.32787e-08
147 7.8471e-08
149 7.52125e-08
151 7.20403e-08
153 6.87122e-08
155 6.64663e-08
157 6.41739e-08
159 6.07244e-08
161 5.93191e-08
163 5.63707e-08
165 5.44555e-08
167 5.21463e-08
169 5.05345e-08
171 4.76729e-08
173 4.66565e-08
175 4.45386e-08
177 4.32905e-08
179 4.17167e-08
181 4.04553e-08
183 3.902e-08
185 3.9456e-08
187 3.81182e-08
189 3.63372e-08
191 3.52906e-08
193 3.38492e-08
195 3.279e-08
197 3.15091e-08
199 3.03343e-08
201 2.94444e-08
203 2.82538e-08
205 2.76336e-08
207 2.60199e-08
209 2.54779e-08
211 2.47516e-08
213 2.36553e-08
215 2.32731e-08
217 2.25082e-08
219 2.13902e-08
221 2.1046e-08
223 2.01495e-08
225 2.02616e-08
227 1.92234e-08
229 1.89998e-08
231 1.85835e-08
233 1.79859e-08
235 1.75309e-08
237 1.70922e-08
239 1.64814e-08
241 1.62026e-08
243 1.55375e-08
245 1.52305e-08
247 1.48853e-08
249 1.41867e-08
251 1.4397e-08
253 1.34814e-08
255 1.33241e-08
257 1.30823e-08
259 1.22747e-08
261 1.24658e-08
263 1.161e-08
265 1.18622e-08
267 1.11055e-08
269 1.1168e-08
271 1.08044e-08
273 1.03612e-08
275 1.03603e-08
277 1.00152e-08
279 9.77072e-09
281 9.47216e-09
283 9.23744e-09
285 9.1539e-09
287 8.7681e-09
289 8.57084e-09
291 8.30833e-09
293 8.32707e-09
295 7.77863e-09
297 8.09994e-09
299 7.6993e-09
301 7.47497e-09
303 7.74973e-09
305 7.28133e-09
307 7.02738e-09
309 6.93396e-09
311 6.75302e-09
313 6.87332e-09
315 6.36379e-09
317 6.42816e-09
319 6.38809e-09
321 6.08756e-09
323 6.08191e-09
325 6.02851e-09
327 5.7979e-09
329 5.6142e-09
331 5.66456e-09
333 5.56447e-09
335 5.40319e-09
337 5.23366e-09
339 5.15582e-09
341 5.01047e-09
343 5.13181e-09
345 4.79665e-09
347 4.89723e-09
349 4.53114e-09
351 4.66161e-09
353 4.57455e-09
355 4.34802e-09
357 4.51551e-09
359 4.24746e-09
361 4.21347e-09
363 4.08284e-09
365 4.04248e-09
367 3.88544e-09
369 4.11378e-09
371 3.84246e-09
373 3.67792e-09
375 3.50432e-09
377 3.8051e-09
379 3.65791e-09
381 3.36841e-09
383 3.2989e-09
385 3.37132e-09
387 3.76838e-09
389 3.12682e-09
391 3.13271e-09
393 3.12827e-09
395 3.16688e-09
397 3.1524e-09
399 3.05162e-09
401 2.80524e-09
403 2.82083e-09
405 3.03829e-09
407 2.78567e-09
409 2.82817e-09
411 2.60457e-09
413 2.68774e-09
415 2.61285e-09
417 2.60914e-09
419 2.57749e-09
421 2.54247e-09
423 2.38208e-09
425 2.42956e-09
427 2.5464e-09
429 2.23766e-09
431 2.48868e-09
433 2.34988e-09
435 2.03401e-09
437 2.35142e-09
439 2.21508e-09
441 2.14259e-09
443 2.2124e-09
445 2.06176e-09
447 1.88427e-09
449 2.1747e-09
451 2.05659e-09
453 1.80559e-09
455 2.00059e-09
457 1.8982e-09
459 1.97033e-09
461 1.70874e-09
463 1.9448e-09
465 1.86924e-09
467 1.55474e-09
469 1.73389e-09
471 1.74518e-09
473 1.75432e-09
475 1.65401e-09
477 1.62336e-09
479 1.68444e-09
481 1.50824e-09
483 1.38167e-09
485 1.45494e-09
487 1.59499e-09
489 1.46319e-09
491 1.45505e-09
493 1.43434e-09
495 1.39012e-09
497 1.39363e-09
499 1.33645e-09
501 1.26369e-09
503 1.27801e-09
505 1.37513e-09
507 1.36534e-09
509 1.31234e-09
511 1.2033e-09
513 1.2027e-09
515 1.19445e-09
517 1.23347e-09
519 1.24714e-09
521 1.07906e-09
523 1.11423e-09
525 1.20011e-09
527 1.10924e-09
529 1.14349e-09
531 1.12117e-09
533 1.03174e-09
535 1.08336e-09
537 1.02882e-09
539 1.0113e-09
541 1.04395e-09
543 1.02183e-09
545 9.63011e-10
547 1.04653e-09
549 8.87724e-10
551 9.43382e-10
553 9.85506e-10
555 8.9609e-10
557 9.37878e-10
559 8.67316e-10
561 9.17665e-10
563 8.44477e-10
565 8.31723e-10
567 8.33148e-10
569 8.12647e-10
571 8.40606e-10
573 7.89864e-10
575 7.74002e-10
577 8.7907e-10
579 7.85386e-10
581 8.00362e-10
583 7.76353e-10
585 7.9021e-10
587 8.04362e-10
589 7.89327e-10
591 5.71359e-10
593 6.94624e-10
595 7.43145e-10
597 6.49016e-10
599 7.01471e-10
601 7.15061e-10
603 6.46067e-10
605 7.02272e-10
607 7.78725e-10
609 6.36552e-10
611 6.70224e-10
613 6.88702e-10
615 6.50422e-10
617 6.40442e-10
619 5.85619e-10
621 5.35103e-10
623 6.13706e-10
625 6.00208e-10
627 5.14371e-10
629 5.71993e-10
631 6.651e-10
633 5.48934e-10
635 5.71352e-10
637 5.96224e-10
639 5.78673e-10
641 5.84822e-10
643 5.83391e-10
645 5.73422e-10
647 5.13866e-10
649 4.92815e-10
651 5.5291e-10
653 4.70944e-10
655 5.60669e-10
657 4.22098e-10
659 4.4381e-10
661 4.91611e-10
663 4.2231e-10
665 4.96186e-10
667 5.80878e-10
669 5.00705e-10
671 4.62116e-10
673 5.38397e-10
675 4.18483e-10
677 5.66746e-10
679 4.19602e-10
681 5.46807e-10
683 4.13509e-10
685 4.48702e-10
687 4.00366e-10
689 4.82335e-10
691 4.59377e-10
693 3.6431e-10
695 3.7056e-10
697 3.87246e-10
699 4.36119e-10
701 4.17012e-10
703 3.44918e-10
705 5.14172e-10
707 4.02929e-10
709 4.30054e-10
711 4.53172e-10
713 4.45161e-10
715 3.39145e-10
717 4.00978e-10
719 3.89107e-10
721 3.49868e-10
723 3.42378e-10
725 3.9316e-10
727 3.78347e-10
729 3.04931e-10
731 2.97507e-10
733 4.02677e-10
735 3.81249e-10
737 2.7483e-10
739 2.9759e-10
741 3.77834e-10
743 3.43297e-10
745 3.1572e-10
747 2.97972e-10
749 3.43852e-10
751 3.6299e-10
753 3.71903e-10
755 4.17611e-10
757 3.33837e-10
759 3.79078e-10
761 3.51551e-10
763 3.17869e-10
765 3.23725e-10
767 3.26208e-10
769 3.12118e-10
771 3.08135e-10
773 3.23496e-10
775 2.96742e-10
777 3.24979e-10
779 2.95127e-10
781 2.91256e-10
783 2.80976e-10
785 3.3109e-10
787 2.85881e-10
789 3.16901e-10
791 3.2864e-10
793 2.6468e-10
795 3.11232e-10
797 2.50994e-10
799 3.22287e-10
801 3.3087e-10
803 2.70712e-10
805 3.01177e-10
807 3.19062e-10
809 2.84422e-10
811 2.83663e-10
813 2.33692e-10
815 3.03618e-10
817 2.53901e-10
819 2.22785e-10
821 2.25333e-10
823 2.12546e-10
825 2.96967e-10
827 2.29793e-10
829 2.77512e-10
831 2.10774e-10
833 2.73085e-10
835 2.4829e-10
837 2.56812e-10
839 2.02689e-10
841 2.37899e-10
843 1.83903e-10
845 2.51544e-10
847 2.33299e-10
849 2.71239e-10
851 2.26537e-10
853 1.93649e-10
855 2.10811e-10
857 2.89187e-10
859 2.76968e-10
861 2.90888e-10
863 2.55196e-10
865 2.57622e-10
867 3.03084e-10
869 2.87912e-10
871 2.78578e-10
873 2.46349e-10
875 2.54472e-10
877 1.85281e-10
879 2.4745e-10
881 2.32654e-10
883 2.63316e-10
885 2.71184e-10
887 2.48021e-10
889 2.87281e-10
891 2.13376e-10
893 2.49515e-10
895 2.29331e-10
897 2.32597e-10
899 2.16179e-10
901 2.27691e-10
903 2.71163e-10
905 2.51083e-10
907 2.07533e-10
909 1.89524e-10
911 2.26661e-10
913 2.45235e-10
915 2.61391e-10
917 2.03187e-10
919 2.0405e-10
921 1.8801e-10
923 2.53071e-10
925 2.03392e-10
927 2.1479e-10
929 2.38512e-10
931 1.70974e-10
933 1.59303e-10
935 2.03682e-10
937 2.27303e-10
939 1.56021e-10
941 1.95944e-10
943 1.9555e-10
945 2.03492e-10
947 1.93877e-10
949 2.05499e-10
951 1.6823e-10
953 1.67901e-10
955 1.82796e-10
957 2.08487e-10
959 1.84326e-10
961 1.55792e-10
963 1.79344e-10
965 2.22984e-10
967 1.59109e-10
969 2.02226e-10
971 1.86446e-10
973 1.6738e-10
975 1.77207e-10
977 2.05608e-10
979 2.18081e-10
981 1.997e-10
983 3.11079e-10
985 3.04983e-10
987 3.66161e-10
989 3.7086e-10
991 4.04903e-10
993 3.91863e-10
995 3.56849e-10
997 3.48012e-10
999 3.35013e-10
1001 3.04767e-10
1003 3.69397e-10
1005 3.26386e-10
1007 3.11025e-10
1009 2.65496e-10
1011 2.72489e-10
1013 3.48795e-10
1015 3.43201e-10
1017 3.27637e-10
1019 3.04699e-10
1021 3.28871e-10
1023 2.915e-10
1025 2.61423e-10
1027 2.78053e-10
1029 2.53276e-10
1031 2.74481e-10
1033 3.27272e-10
1035 2.92887e-10
1037 3.04449e-10
1039 3.06241e-10
1041 2.88634e-10
1043 2.73728e-10
1045 3.11471e-10
1047 2.84577e-10
1049 2.36443e-10
1051 3.31324e-10
1053 2.87829e-10
1055 2.32542e-10
1057 2.62904e-10
1059 2.79123e-10
1061 2.10102e-10
1063 2.38026e-10
1065 3.22274e-10
1067 3.21856e-10
1069 2.88382e-10
1071 2.85586e-10
1073 2.77955e-10
1075 3.35726e-10
1077 3.37596e-10
1079 3.04405e-10
1081 2.71311e-10
1083 2.82503e-10
1085 3.16823e-10
1087 3.01065e-10
1089 3.24967e-10
1091 3.31382e-10
1093 4.84537e-10
1095 5.95741e-10
1097 5.89792e-10
1099 6.70606e-10
1101 5.96427e-10
1103 7.51942e-10
1105 8.84223e-10
1107 9.32755e-10
1109 1.79157e-09
1111 1.40789e-09
1113 0
1115 0
1117 0
1119 0
1121 0
1123 0
1125 0
1127 0
1129 0
1131 0
1133 0
1135 0
1137 0
1139 0
1141 0
1143 0
1145 0
1147 0
1149 0
1151 0
1153 0
1155 0
1157 0
1159 0
1161 0
1163 0
1165 0
1167 0
1169 0
1171 0
1173 0
1175 0
1177 0
1179 0
1181 0
1183 0
1185 0
1187 0
1189 0
1191 0
1193 0
1195 0
1197 0
1199 0
1201 0
1203 0
1205 0
1207 0
1209 0
1211 0
1213 0
1215 0
1217 0
1219 0
1221 0
1223 0
1225 0
1227 0
1229 0
1231 0
1233 0
1235 0
1237 0
1239 0
1241 0
1243 0
1245 0
1247 0
1249 0
1251 0
1253 0
1255 0
1257 0
1259 0
1261 0
1263 0
1265 0
1267 0
1269 0
1271 0
1273 0
1275 0
1277 0
1279 0
1281 0
1283 0
1285 0
1287 0
1289 0
1291 0
1293 0
1295 0
1297 0
1299 0
1301 0
1303 0
1305 0
1307 0
1309 0
1311 0
1313 0
1315 0
1317 0
1319 0
1321 0
1323 0
1325 0
1327 0
1329 0
1331 0
1333 0
1335 0
1337 0
1339 0
1341 0
1343 0
1345 0
1347 0
1349 0
1351 0
1353 0
1355 0
1357 0
1359 0
1361 0
1363 0
1365 0
1367 0
1369 0
1371 0
1373 0
1375 0
1377 0
1379 0
1381 0
1383 0
1385 0
1387 0
1389 0
1391 0
1393 0
1395 0
1397 0
1399 0
1401 0
1403 0
1405 0
1407 0
1409 0
1411 0
1413 0
1415 0
1417 0
1419 0
1421 0
1423 0
1425 0
1427 0
1429 0
1431 0
1433 0
1435 0
1437 0
1439 0
1441 0
1443 0
1445 0
1447 0
1449 0
1451 0
1453 0
1455 0
1457 0
1459 0
1461 0
1463 0
1465 0
1467 0
1469 0
1471 0
1473 0
1475 0
1477 0
1479 0
1481 0
1483 0
1485 0
1487 0
1489 0
1491 0
1493 0
1495 0
1497 0
1499 0
1501 0
1503 0
1505 0
1507 0
1509 0
1511 0
1513 0
1515 0
1517 0
1519 0
1521 0
1523 0
1525 0
1527 0
1529 0
1531 0
1533 0
1535 0
1537 0
1539 0
1541 0
1543 0
1545 0
1547 0
1549 0
1551 0
1553 0
1555 0
1557 0
1559 0
1561 0
1563 0
1565 0
1567 0
1569 0
1571 0
1573 0
1575 0
1577 0
1579 0
1581 0
1583 0
1585 0
1587 0
1589 0
1591 0
1593 0
1595 0
1597 0
1599 0
1601 0
1603 0
1605 0
1607 0
1609 0
1611 0
1613 0
1615 0
1617 0
1619 0
1621 0
1623 0
1625 0
1627 0
1629 0
1631 0
1633 0
1635 0
1637 0
1639 0
1641 0
1643 0
1645 0
1647 0
1649 0
1651 0
1653 0
1655 0
1657 0
1659 0
1661 0
1663 0
1665 0
1667 0
1669 0
1671 0
1673 0
1675 0
1677 0
1679 0
1681 0
1683 0
1685 0
1687 0
1689 0
1691 0
1693 0
1695 0
1697 0
1699 0
1701 0
1703 0
1705 0
1707 0
1709 0
1711 0
1713 0
1715 0
1717 0
1719 0
1721 0
1723 0
1725 0
1727 0
1729 0
1731 0
1733 0
1735 0
1737 0
1739 0
1741 0
1743 0
1745 0
1747 0
1749 0
1751 0
1753 0
1755 0
1757 0
1759 0
1761 0
1763 0
1765 0
1767 0
1769 0
1771 0
1773 0
1775 0
1777 0
1779 0
1781 0
1783 0
1785 0
1787 0
1789 0
1791 0
1793 0
1795 0
1797 0
1799 0
1801 0
1803 0
1805 0
1807 0
1809 0
1811 0
1813 0
1815 0
1817 0
1819 0
1821 0
1823 0
1825 0
1827 0
1829 0
1831 0
1833 0
1835 0
1837 0
1839 0
1841 0
1843 0
1845 0
1847 0
1849 0
1851 0
1853 0
1855 0
1857 0
1859 0
1861 0
1863 0
1865 0
1867 0
1869 0
1871 0
1873 0
1875 0
1877 0
1879 0
1881 0
1883 0
1885 0
1887 0
1889 0
1891 0
1893 0
1895 0
1897 0
1899 0
1901 0
1903 0
1905 0
1907 0
1909 0
1911 0
1913 0
1915 0
1917 0
1919 0
1921 0
1923 0
1925 0
1927 0
1929 0
1931 0
1933 0
1935 0
1937 0
1939 0
1941 0
1943 0
1945 0
1947 0
1949 0
1951 0
1953 0
1955 0
1957 0
1959 0
1961 0
1963 0
1965 0
1967 0
1969 0
1971 0
1973 0
1975 0
1977 0
1979 0
1981 0
1983 0
1985 0
1987 0
1989 0
1991 0
1993 0
1995 0
1997 0
1999 0
