1 0
3 0
5 0
7 0
9 0.00157561
11 0.00365195
13 0.000915888
15 0.000459697
17 0.000269545
19 0.000181433
21 0.000112023
23 8.30089e-05
25 6.8193e-05
27 5.08963e-05
29 3.78477e-05
31 2.92666e-05
33 2.38569e-05
35 1.95977e-05
37 1.66486e-05
39 1.43393e-05
41 1.24747e-05
43 1.07435e-05
45 9.36179e-06
47 8.21008e-06
49 7.1473e-06
51 6.29174e-06
53 5.56655e-06
55 4.95046e-06
57 4.39013e-06
59 3.93783e-06
61 3.55501e-06
63 3.22663e-06
65 2.89415e-06
67 2.64011e-06
69 2.40325e-06
71 2.2102e-06
73 2.00444e-06
75 1.85233e-06
77 1.6831e-06
79 1.56219e-06
81 1.43996e-06
83 1.34324e-06
85 1.24315e-06
87 1.14978e-06
89 1.06576e-06
91 9.9585e-07
93 9.32837e-07
95 8.68582e-07
97 8.19565e-07
99 7.60185e-07
101 7.16445e-07
103 6.70304e-07
105 6.27715e-07
107 5.93062e-07
109 5.62805e-07
111 5.36629e-07
113 4.99832e-07
115 4.76287e-07
117 4.50668e-07
119 4.23152e-07
121 4.00952e-07
123 3.81854e-07
125 3.61975e-07
127 3.43588e-07
129 3.23867e-07
131 3.10983e-07
133 2.94371e-07
135 2.82878e-07
137 2.71561e-07
139 2.60016e-07
141 2.49098e-07
143 2.35734e-07
145 2.27081e-07
147 2.13971e-07
149 2.05933e-07
151 1.98711e-07
153 1.86809e-07
155 1.8252e-07
157 1.75394e-07
159 1.66607e-07
161 1.61138e-07
163 1.53444e-07
165 1.4769e-07
167 1.4202e-07
169 1.35494e-07
171 1.30752e-07
173 1.27495e-07
175 1.22087e-07
177 1.16633e-07
179 1.12397e-07
181 1.09401e-07
183 1.06206e-07
185 1.02495e-07
187 9.94177e-08
189 9.52701e-08
191 9.32923e-08
193 9.03952e-08
195 8.56947e-08
197 8.28879e-08
199 8.11718e-08
201 7.78677e-08
203 7.54112e-08
205 7.34977e-08
207 7.03769e-08
209 6.95767e-08
211 6.59776e-08
213 6.33352e-08
215 6.278e-08
217 6.12506e-08
219 5.83668e-08
221 5.60586e-08
223 5.45134e-08
225 5.42979e-08
227 5.38603e-08
229 5.18049e-08
231 5.05974e-08
233 4.93617e-08
235 4.86619e-08
237 4.62165e-08
239 4.57159e-08
241 4.38586e-08
243 4.25572e-08
245 4.21559e-08
247 3.96218e-08
249 4.01087e-08
251 3.83924e-08
253 3.71223e-08
255 3.63936e-08
257 3.53922e-08
259 3.46254e-08
261 3.39574e-08
263 3.30666e-08
265 3.11789e-08
267 3.17464e-08
269 2.96683e-08
271 3.01271e-08
273 2.82751e-08
275 2.86795e-08
277 2.6981e-08
279 2.7141e-08
281 2.57376e-08
283 2.63772e-08
285 2.46365e-08
287 2.42194e-08
289 2.39449e-08
291 2.35225e-08
293 2.29125e-08
295 2.1808e-08
297 2.15746e-08
299 2.17413e-08
301 2.06852e-08
303 2.07042e-08
305 2.01898e-08
307 1.94801e-08
309 1.9829e-08
311 1.86094e-08
313 1.85422e-08
315 1.81627e-08
317 1.71435e-08
319 1.79267e-08
321 1.69699e-08
323 1.62088e-08
325 1.71885e-08
327 1.65157e-08
329 1.51099e-08
331 1.56137e-08
333 1.58537e-08
335 1.4117e-08
337 1.45459e-08
339 1.44428e-08
341 1.40207e-08
343 1.29817e-08
345 1.39138e-08
347 1.35272e-08
349 1.2237e-08
351 1.2811e-08
353 1.32662e-08
355 1.21136e-08
357 1.14831e-08
359 1.18671e-08
361 1.19287e-08
363 1.1251e-08
365 1.12335e-08
367 1.07564e-08
369 1.11034e-08
371 1.02577e-08
373 1.05651e-08
375 9.53921e-09
377 1.04881e-08
379 9.83924e-09
381 9.58387e-09
383 9.1843e-09
385 9.62692e-09
387 9.25023e-09
389 9.35592e-09
391 8.57917e-09
393 8.30455e-09
395 8.83225e-09
397 8.82402e-09
399 8.31067e-09
401 8.12256e-09
403 7.51378e-09
405 7.8064e-09
407 8.12376e-09
409 7.86927e-09
411 7.50869e-09
413 6.76842e-09
415 7.20234e-09
417 7.07765e-09
419 6.98234e-09
421 7.86218e-09
423 6.44567e-09
425 6.03639e-09
427 6.83139e-09
429 6.6443e-09
431 6.61954e-09
433 7.13777e-09
435 6.0303e-09
437 5.56874e-09
439 6.10234e-09
441 6.38239e-09
443 5.71278e-09
445 6.37762e-09
447 6.03728e-09
449 5.27303e-09
451 5.17903e-09
453 5.45091e-09
455 5.40931e-09
457 5.47361e-09
459 5.59532e-09
461 5.19763e-09
463 5.28137e-09
465 4.35053e-09
467 5.13463e-09
469 4.98756e-09
471 4.70684e-09
473 4.83399e-09
475 5.13294e-09
477 4.34289e-09
479 4.18605e-09
481 4.12581e-09
483 4.53824e-09
485 3.93275e-09
487 4.46247e-09
489 4.2661e-09
491 4.21779e-09
493 3.98866e-09
495 3.65404e-09
497 4.022e-09
499 3.74321e-09
501 3.67565e-09
503 3.96097e-09
505 3.64546e-09
507 3.72927e-09
509 3.87191e-09
511 3.27058e-09
513 3.27637e-09
515 3.56723e-09
517 3.55632e-09
519 3.22748e-09
521 3.23335e-09
523 3.45495e-09
525 3.65049e-09
527 3.27164e-09
529 3.1385e-09
531 2.93712e-09
533 3.03821e-09
535 3.23916e-09
537 2.98702e-09
539 2.96285e-09
541 2.66768e-09
543 2.95788e-09
545 2.94106e-09
547 3.14303e-09
549 2.81805e-09
551 2.75565e-09
553 2.49867e-09
555 2.86569e-09
557 2.56596e-09
559 2.74147e-09
561 2.36383e-09
563 2.38174e-09
565 2.28868e-09
567 2.55442e-09
569 2.83153e-09
571 2.57786e-09
573 2.44e-09
575 2.16808e-09
577 2.45427e-09
579 2.40138e-09
581 2.38859e-09
583 2.16792e-09
585 2.3511e-09
587 2.07853e-09
589 2.14264e-09
591 2.03452e-09
593 2.18687e-09
595 2.44207e-09
597 2.2305e-09
599 2.19206e-09
601 2.09541e-09
603 1.93879e-09
605 2.18152e-09
607 2.21866e-09
609 1.96762e-09
611 1.93336e-09
613 2.07544e-09
615 1.78494e-09
617 1.88544e-09
619 1.64891e-09
621 1.93852e-09
623 2.06208e-09
625 2.12297e-09
627 1.85206e-09
629 1.8427e-09
631 2.01028e-09
633 1.76215e-09
635 1.74982e-09
637 2.09657e-09
639 1.79787e-09
641 1.73771e-09
643 1.61007e-09
645 1.62985e-09
647 1.70141e-09
649 1.43959e-09
651 1.71159e-09
653 1.49342e-09
655 1.68109e-09
657 1.85818e-09
659 1.6001e-09
661 1.96559e-09
663 1.52318e-09
665 1.59441e-09
667 1.81555e-09
669 1.68921e-09
671 1.57097e-09
673 1.72288e-09
675 1.51511e-09
677 1.65659e-09
679 1.488e-09
681 1.49701e-09
683 1.34556e-09
685 1.57741e-09
687 1.44357e-09
689 1.53187e-09
691 1.70663e-09
693 1.5132e-09
695 1.41667e-09
697 1.70968e-09
699 1.45283e-09
701 1.46856e-09
703 1.42797e-09
705 1.49502e-09
707 1.30892e-09
709 1.58844e-09
711 1.40736e-09
713 1.41619e-09
715 1.22266e-09
717 1.43573e-09
719 1.33558e-09
721 1.13467e-09
723 1.39092e-09
725 1.24729e-09
727 1.1745e-09
729 1.2684e-09
731 1.26023e-09
733 1.30448e-09
735 1.2657e-09
737 1.30863e-09
739 1.48665e-09
741 1.14045e-09
743 1.25394e-09
745 1.41802e-09
747 1.07105e-09
749 1.28764e-09
751 1.29074e-09
753 1.27646e-09
755 1.2199e-09
757 1.17045e-09
759 1.41594e-09
761 1.29268e-09
763 1.16651e-09
765 1.21099e-09
767 1.22137e-09
769 1.22956e-09
771 1.18594e-09
773 1.25269e-09
775 1.11556e-09
777 1.09487e-09
779 1.18158e-09
781 1.21027e-09
783 1.38441e-09
785 1.08174e-09
787 1.06066e-09
789 1.3199e-09
791 1.17736e-09
793 1.14141e-09
795 1.01189e-09
797 1.2464e-09
799 1.15708e-09
801 9.55962e-10
803 1.02847e-09
805 1.26758e-09
807 1.20162e-09
809 9.204e-10
811 1.03531e-09
813 1.27436e-09
815 1.00732e-09
817 1.00411e-09
819 9.2793e-10
821 1.06417e-09
823 1.00112e-09
825 8.97215e-10
827 9.08396e-10
829 9.66098e-10
831 1.13757e-09
833 1.06106e-09
835 8.25354e-10
837 1.08093e-09
839 1.06897e-09
841 9.34698e-10
843 9.31738e-10
845 8.81808e-10
847 1.07955e-09
849 9.24035e-10
851 9.82664e-10
853 9.04772e-10
855 7.55396e-10
857 1.02776e-09
859 9.87649e-10
861 1.10313e-09
863 1.02639e-09
865 8.74447e-10
867 1.15508e-09
869 1.05971e-09
871 1.20603e-09
873 1.00179e-09
875 9.59518e-10
877 9.00706e-10
879 8.4293e-10
881 1.07941e-09
883 9.39994e-10
885 8.92193e-10
887 1.16568e-09
889 9.38604e-10
891 9.88064e-10
893 1.0704e-09
895 8.8835e-10
897 9.08485e-10
899 8.50725e-10
901 9.64849e-10
903 9.90356e-10
905 9.45242e-10
907 9.26791e-10
909 8.19907e-10
911 8.06658e-10
913 9.68755e-10
915 9.609e-10
917 8.01321e-10
919 8.49323e-10
921 8.799e-10
923 8.66785e-10
925 8.92005e-10
927 8.03256e-10
929 9.89567e-10
931 7.35562e-10
933 7.45558e-10
935 1.0061e-09
937 7.31219e-10
939 6.28269e-10
941 8.60359e-10
943 6.77979e-10
945 8.5699e-10
947 9.61912e-10
949 7.74903e-10
951 7.46498e-10
953 7.97505e-10
955 7.79958e-10
957 6.31878e-10
959 9.07639e-10
961 7.50196e-10
963 7.1227e-10
965 7.15776e-10
967 7.76571e-10
969 6.7656e-10
971 7.16407e-10
973 8.12642e-10
975 7.45437e-10
977 7.95167e-10
979 6.91038e-10
981 7.86849e-10
983 1.08579e-09
985 9.4554e-10
987 1.20658e-09
989 9.31199e-10
991 9.79921e-10
993 8.26236e-10
995 1.05059e-09
997 8.57721e-10
999 7.95252e-10
1001 1.01874e-09
1003 9.42033e-10
1005 9.86716e-10
1007 8.93665e-10
1009 9.96217e-10
1011 8.20691e-10
1013 1.0014e-09
1015 8.56623e-10
1017 8.40193e-10
1019 8.09481e-10
1021 6.85654e-10
1023 9.23694e-10
1025 7.46297e-10
1027 8.71337e-10
1029 8.74205e-10
1031 8.53144e-10
1033 7.45263e-10
1035 7.63107e-10
1037 7.56771e-10
1039 8.70865e-10
1041 7.49279e-10
1043 8.48333e-10
1045 7.84563e-10
1047 7.35214e-10
1049 6.38562e-10
1051 6.6578e-10
1053 7.16888e-10
1055 9.26258e-10
1057 1.07023e-09
1059 1.499e-09
1061 1.05176e-09
1063 8.57883e-10
1065 8.26409e-10
1067 8.00141e-10
1069 7.75085e-10
1071 7.33768e-10
1073 7.85223e-10
1075 7.05614e-10
1077 5.50592e-10
1079 4.06099e-10
1081 3.70576e-10
1083 3.59212e-10
1085 3.62751e-10
1087 4.1045e-10
1089 4.50867e-10
1091 3.33005e-10
1093 2.56372e-10
1095 1.82731e-10
1097 1.82253e-10
1099 9.09204e-11
1101 1.99741e-10
1103 2.53869e-10
1105 2.53504e-10
1107 2.89228e-10
1109 2.3466e-10
1111 2.8825e-10
1113 1.43673e-10
1115 8.96164e-11
1117 1.432e-10
1119 2.32279e-10
1121 2.31963e-10
1123 2.67274e-10
1125 2.49069e-10
1127 3.02009e-10
1129 1.77243e-10
1131 1.59095e-10
1133 5.29347e-11
1135 1.76145e-10
1137 2.11083e-10
1139 2.63494e-10
1141 2.63141e-10
1143 2.62767e-10
1145 2.79694e-10
1147 1.56813e-10
1149 2.08654e-10
1151 1.21583e-10
1153 6.93512e-11
1155 2.94396e-10
1157 1.55653e-10
1159 2.76403e-10
1161 2.24285e-10
1163 2.92367e-10
1165 1.54312e-10
1167 2.05439e-10
1169 1.71006e-10
1171 1.53728e-10
1173 1.53485e-10
1175 2.21431e-10
1177 1.70126e-10
1179 2.20926e-10
1181 2.71015e-10
1183 2.53175e-10
1185 1.68567e-10
1187 1.34746e-10
1189 2.01905e-10
1191 1.84838e-10
1193 1.51067e-10
1195 2.34723e-10
1197 1.674e-10
1199 1.99876e-10
1201 2.66033e-10
1203 2.32458e-10
1205 1.99124e-10
1207 1.82269e-10
1209 1.82141e-10
1211 2.48098e-10
1213 1.6522e-10
1215 1.48168e-10
1217 1.6413e-10
1219 1.63773e-10
1221 2.78189e-10
1223 2.12503e-10
1225 2.2865e-10
1227 1.95802e-10
1229 1.63022e-10
1231 1.6281e-10
1233 2.11157e-10
1235 1.77841e-10
1237 1.93653e-10
1239 1.28998e-10
1241 1.44993e-10
1243 2.4151e-10
1245 2.89537e-10
1247 1.60716e-10
1249 1.92575e-10
1251 1.75975e-10
1253 1.27462e-10
1255 2.7039e-10
1257 1.11262e-10
1259 1.74691e-10
1261 2.06297e-10
1263 1.74421e-10
1265 2.06e-10
1267 1.73899e-10
1269 2.52298e-10
1271 2.041e-10
1273 1.41092e-10
1275 2.03649e-10
1277 1.56543e-10
1279 1.87757e-10
1281 1.09447e-10
1283 1.71874e-10
1285 2.18405e-10
1287 2.17648e-10
1289 1.54921e-10
1291 1.70083e-10
1293 2.62604e-10
1295 1.69792e-10
1297 1.85115e-10
1299 2.0041e-10
1301 1.6949e-10
1303 1.23061e-10
1305 1.68763e-10
1307 1.83294e-10
1309 2.743e-10
1311 1.82703e-10
1313 1.3697e-10
1315 1.67321e-10
1317 2.12846e-10
1319 2.27955e-10
1321 1.51792e-10
1323 1.8172e-10
1325 1.81078e-10
1327 1.05388e-10
1329 1.95197e-10
1331 1.2006e-10
1333 1.94988e-10
1335 2.54903e-10
1337 1.94847e-10
1339 8.98534e-11
1341 1.49428e-10
1343 2.97936e-10
1345 2.52378e-10
1347 1.18464e-10
1349 1.47978e-10
1351 1.33122e-10
1353 1.18295e-10
1355 2.06923e-10
1357 1.18207e-10
1359 1.91683e-10
1361 1.61775e-10
1363 2.2007e-10
1365 2.04982e-10
1367 1.16723e-10
1369 1.4585e-10
1371 3.79143e-10
1373 1.16619e-10
1375 1.45723e-10
1377 1.60146e-10
1379 8.71388e-11
1381 1.44831e-10
1383 2.16725e-10
1385 1.58549e-10
1387 1.72601e-10
1389 1.29423e-10
1391 2.01272e-10
1393 2.44335e-10
1395 1.43687e-10
1397 1.00435e-10
1399 2.71956e-10
1401 2.42799e-10
1403 1.42398e-10
1405 8.52374e-11
1407 1.41838e-10
1409 1.7015e-10
1411 1.13409e-10
1413 1.98426e-10
1415 1.98349e-10
1417 1.69734e-10
1419 9.87839e-11
1421 2.39157e-10
1423 1.82639e-10
1425 1.96067e-10
1427 1.11877e-10
1429 1.95737e-10
1431 2.3765e-10
1433 9.78459e-11
1435 8.38127e-11
1437 1.67342e-10
1439 1.66937e-10
1441 5.55269e-11
1443 1.93707e-10
1445 1.79484e-10
1447 1.93081e-10
1449 8.2729e-11
1451 1.51639e-10
1453 2.20548e-10
1455 1.6532e-10
1457 1.37611e-10
1459 2.058e-10
1461 1.36923e-10
1463 2.18558e-10
1465 1.09034e-10
1467 1.36065e-10
1469 1.08763e-10
1471 2.03918e-10
1473 8.15632e-11
1475 1.49438e-10
1477 1.62851e-10
1479 1.76051e-10
1481 1.35129e-10
1483 1.078e-10
1485 1.48045e-10
1487 2.01356e-10
1489 2.14541e-10
1491 1.60874e-10
1493 1.47464e-10
1495 1.4743e-10
1497 1.07107e-10
1499 2.00454e-10
1501 7.99596e-11
1503 1.59643e-10
1505 1.59364e-10
1507 9.28206e-11
1509 1.19084e-10
1511 1.32217e-10
1513 1.85097e-10
1515 1.71881e-10
1517 1.05682e-10
1519 1.31897e-10
1521 1.3166e-10
1523 1.70748e-10
1525 1.57355e-10
1527 1.83176e-10
1529 1.69899e-10
1531 7.82495e-11
1533 1.69531e-10
1535 1.56496e-10
1537 1.56413e-10
1539 1.30149e-10
1541 6.49536e-11
1543 1.55626e-10
1545 9.05743e-11
1547 1.5501e-10
1549 1.41881e-10
1551 1.41661e-10
1553 1.15794e-10
1555 2.05843e-10
1557 1.02898e-10
1559 1.79828e-10
1561 1.28284e-10
1563 1.40791e-10
1565 1.15047e-10
1567 1.53205e-10
1569 1.52883e-10
1571 1.52564e-10
1573 1.39675e-10
1575 1.26912e-10
1577 9.80207e-11
1579 1.39525e-10
1581 7.59745e-11
1583 1.51739e-10
1585 1.13626e-10
1587 1.51295e-10
1589 1.13268e-10
1591 1.2564e-10
1593 1.75627e-10
1595 1.37769e-10
1597 1.75272e-10
1599 1.50185e-10
1601 8.75548e-11
1603 8.73989e-11
1605 1.49589e-10
1607 9.95715e-11
1609 1.74006e-10
1611 1.11685e-10
1613 1.48801e-10
1615 1.3607e-10
1617 1.35914e-10
1619 8.64519e-11
1621 9.87862e-11
1623 9.86867e-11
1625 8.62387e-11
1627 8.6056e-11
1629 1.84253e-10
1631 1.22682e-10
1633 1.34655e-10
1635 1.83442e-10
1637 1.58741e-10
1639 1.09742e-10
1641 1.09673e-10
1643 1.21791e-10
1645 7.29935e-11
1647 1.57902e-10
1649 7.27662e-11
1651 1.81786e-10
1653 8.47111e-11
1655 1.32871e-10
1657 9.65517e-11
1659 1.08516e-10
1661 1.32436e-10
1663 7.21304e-11
1665 1.08145e-10
1667 7.20001e-11
1669 9.59052e-11
1671 1.31709e-10
1673 1.07625e-10
1675 1.55281e-10
1677 1.78919e-10
1679 7.14626e-11
1681 1.90407e-10
1683 1.30731e-10
1685 9.49416e-11
1687 1.18552e-10
1689 1.30271e-10
1691 3.54836e-11
1693 1.06379e-10
1695 1.29884e-10
1697 1.76838e-10
1699 1.29517e-10
1701 8.23321e-11
1703 1.17462e-10
1705 1.17287e-10
1707 7.03188e-11
1709 1.05287e-10
1711 8.184e-11
1713 5.83738e-11
1715 1.04953e-10
1717 1.63096e-10
1719 1.16346e-10
1721 1.27819e-10
1723 1.5095e-10
1725 9.27658e-11
1727 1.5063e-10
1729 1.04178e-10
1731 2.19476e-10
1733 6.92005e-11
1735 4.60788e-11
1737 6.9086e-11
1739 5.74936e-11
1741 1.14896e-10
1743 1.83599e-10
1745 9.17063e-11
1747 1.26033e-10
1749 9.15359e-11
1751 1.25761e-10
1753 7.99263e-11
1755 1.02544e-10
1757 6.82434e-11
1759 1.25015e-10
1761 7.94683e-11
1763 1.13423e-10
1765 1.13324e-10
1767 1.24497e-10
1769 1.24429e-10
1771 7.90689e-11
1773 1.01615e-10
1775 1.35335e-10
1777 6.75847e-11
1779 2.02173e-10
1781 1.34703e-10
1783 6.72738e-11
1785 3.35826e-11
1787 8.95055e-11
1789 1.22916e-10
1791 1.00505e-10
1793 1.00455e-10
1795 1.22661e-10
1797 8.90969e-11
1799 7.78324e-11
1801 9.99595e-11
1803 1.2193e-10
1805 5.53363e-11
1807 8.84704e-11
1809 9.94367e-11
1811 6.62309e-11
1813 8.82802e-11
1815 8.81816e-11
1817 1.76238e-10
1819 7.70182e-11
1821 7.695e-11
1823 9.88601e-11
1825 6.58156e-11
1827 1.53134e-10
1829 7.6452e-11
1831 1.74562e-10
1833 1.09055e-10
1835 9.80509e-11
1837 7.6237e-11
1839 5.44105e-11
1841 6.52375e-11
1843 1.30357e-10
1845 1.19402e-10
1847 7.59065e-11
1849 5.408e-11
1851 9.7288e-11
1853 1.4017e-10
1855 9.69434e-11
1857 7.53247e-11
1859 6.4529e-11
1861 8.5985e-11
1863 6.44422e-11
1865 5.36711e-11
1867 1.39424e-10
1869 7.501e-11
1871 9.63629e-11
1873 7.47981e-11
1875 1.17441e-10
1877 1.06513e-10
1879 5.31371e-11
1881 9.56016e-11
1883 1.38053e-10
1885 1.27335e-10
1887 1.16661e-10
1889 1.05986e-10
1891 5.29613e-11
1893 1.16418e-10
1895 7.39693e-11
1897 1.15929e-10
1899 1.15806e-10
1901 1.05091e-10
1903 6.29972e-11
1905 9.43958e-11
1907 8.3868e-11
1909 1.25737e-10
1911 1.152e-10
1913 6.27878e-11
1915 6.27662e-11
1917 8.35515e-11
1919 1.14688e-10
1921 6.24562e-11
1923 1.14273e-10
1925 9.33833e-11
1927 1.03669e-10
1929 5.17969e-11
1931 1.0354e-10
1933 9.31532e-11
1935 8.27692e-11
1937 6.20152e-11
1939 1.0329e-10
1941 1.03097e-10
1943 1.02988e-10
1945 1.234e-10
1947 7.18974e-11
1949 7.17379e-11
1951 7.16784e-11
1953 1.43286e-10
1955 9.20718e-11
1957 8.18024e-11
1959 7.15475e-11
1961 1.02133e-10
1963 5.09796e-11
1965 1.01887e-10
1967 1.01709e-10
1969 1.01556e-10
1971 8.11132e-11
1973 3.03963e-11
1975 9.10333e-11
1977 7.07735e-11
1979 7.07446e-11
1981 1.21244e-10
1983 6.05886e-11
1985 1.00909e-10
1987 9.06148e-11
1989 6.03701e-11
1991 8.04045e-11
1993 1.10334e-10
1995 4.00792e-11
1997 9.00627e-11
1999 6.99543e-11
