1 0
3 0
5 0
7 0
9 0
11 0
13 0
15 0.000971292
17 0.00143582
19 0.000467029
21 0.000265151
23 0.000164869
25 0.000116021
27 7.63485e-05
29 6.35401e-05
31 4.3607e-05
33 3.35585e-05
35 2.97802e-05
37 2.48521e-05
39 1.93772e-05
41 1.52023e-05
43 1.24213e-05
45 1.06805e-05
47 9.43827e-06
49 8.43539e-06
51 7.59225e-06
53 6.81443e-06
55 6.09564e-06
57 5.43906e-06
59 4.85063e-06
61 4.33082e-06
63 3.8691e-06
65 3.46192e-06
67 3.10358e-06
69 2.79554e-06
71 2.52531e-06
73 2.27388e-06
75 2.06594e-06
77 1.88255e-06
79 1.70973e-06
81 1.57044e-06
83 1.43303e-06
85 1.32194e-06
87 1.21706e-06
89 1.12095e-06
91 1.04145e-06
93 9.6429e-07
95 8.94424e-07
97 8.34487e-07
99 7.79252e-07
101 7.25391e-07
103 6.78231e-07
105 6.35373e-07
107 5.97476e-07
109 5.61079e-07
111 5.27386e-07
113 4.96167e-07
115 4.67327e-07
117 4.40447e-07
119 4.16459e-07
121 3.93479e-07
123 3.7257e-07
125 3.53032e-07
127 3.3478e-07
129 3.18183e-07
131 3.02032e-07
133 2.87363e-07
135 2.73287e-07
137 2.60106e-07
139 2.47978e-07
141 2.36189e-07
143 2.25739e-07
145 2.15833e-07
147 2.06627e-07
149 1.97467e-07
151 1.8851e-07
153 1.80032e-07
155 1.7276e-07
157 1.65777e-07
159 1.59516e-07
161 1.52582e-07
163 1.46034e-07
165 1.40261e-07
167 1.35425e-07
169 1.3031e-07
171 1.2464e-07
173 1.19896e-07
175 1.16099e-07
177 1.11818e-07
179 1.07031e-07
181 1.03503e-07
183 1.00359e-07
185 9.6042e-08
187 9.27167e-08
189 9.00843e-08
191 8.66438e-08
193 8.35332e-08
195 8.10793e-08
197 7.8367e-08
199 7.53002e-08
201 7.34949e-08
203 7.07612e-08
205 6.83232e-08
207 6.67299e-08
209 6.41124e-08
211 6.22092e-08
213 6.07131e-08
215 5.82433e-08
217 5.70289e-08
219 5.50453e-08
221 5.33788e-08
223 5.22295e-08
225 5.00319e-08
227 4.9179e-08
229 4.74061e-08
231 4.61734e-08
233 4.4958e-08
235 4.3404e-08
237 4.2729e-08
239 4.09877e-08
241 4.04032e-08
243 3.89096e-08
245 3.81092e-08
247 3.69773e-08
249 3.59873e-08
251 3.51511e-08
253 3.40678e-08
255 3.34595e-08
257 3.22799e-08
259 3.17264e-08
261 3.06218e-08
263 3.02585e-08
265 2.90762e-08
267 2.87343e-08
269 2.82309e-08
271 2.78624e-08
273 2.73603e-08
275 2.70663e-08
277 2.61915e-08
279 2.5802e-08
281 2.47509e-08
283 2.44227e-08
285 2.34834e-08
287 2.32828e-08
289 2.24154e-08
291 2.21058e-08
293 2.14108e-08
295 2.0981e-08
297 2.04109e-08
299 2.00102e-08
301 1.94827e-08
303 1.90233e-08
305 1.86288e-08
307 1.814e-08
309 1.77913e-08
311 1.72509e-08
313 1.70781e-08
315 1.64724e-08
317 1.6256e-08
319 1.5808e-08
321 1.5491e-08
323 1.51736e-08
325 1.48919e-08
327 1.47166e-08
329 1.44046e-08
331 1.41744e-08
333 1.38136e-08
335 1.35853e-08
337 1.32381e-08
339 1.3016e-08
341 1.27591e-08
343 1.2495e-08
345 1.23063e-08
347 1.20045e-08
349 1.18408e-08
351 1.15792e-08
353 1.14e-08
355 1.11696e-08
357 1.09535e-08
359 1.07809e-08
361 1.05476e-08
363 1.03757e-08
365 1.01969e-08
367 1.00009e-08
369 9.84564e-09
371 9.66161e-09
373 9.45695e-09
375 9.3324e-09
377 9.15449e-09
379 9.02909e-09
381 8.83637e-09
383 8.68227e-09
385 8.55285e-09
387 8.37621e-09
389 8.30268e-09
391 8.10077e-09
393 7.95151e-09
395 7.90434e-09
397 7.69008e-09
399 7.5846e-09
401 7.49012e-09
403 7.33663e-09
405 7.24125e-09
407 7.11449e-09
409 6.96872e-09
411 6.91822e-09
413 6.76937e-09
415 6.64727e-09
417 6.57298e-09
419 6.47083e-09
421 6.33666e-09
423 6.27195e-09
425 6.16182e-09
427 6.08668e-09
429 5.98024e-09
431 5.88168e-09
433 5.7918e-09
435 5.72933e-09
437 5.63032e-09
439 5.52519e-09
441 5.46531e-09
443 5.39e-09
445 5.3064e-09
447 5.21611e-09
449 5.12341e-09
451 5.11348e-09
453 4.99358e-09
455 4.91727e-09
457 4.87261e-09
459 4.80598e-09
461 4.73707e-09
463 4.66377e-09
465 4.60663e-09
467 4.53715e-09
469 4.48667e-09
471 4.41238e-09
473 4.35171e-09
475 4.29243e-09
477 4.25079e-09
479 4.18787e-09
481 4.11052e-09
483 4.08078e-09
485 4.0162e-09
487 3.98399e-09
489 3.91897e-09
491 3.86453e-09
493 3.80461e-09
495 3.78806e-09
497 3.7391e-09
499 3.65316e-09
501 3.62992e-09
503 3.57977e-09
505 3.55507e-09
507 3.46303e-09
509 3.45741e-09
511 3.41761e-09
513 3.36784e-09
515 3.33371e-09
517 3.2657e-09
519 3.24221e-09
521 3.22764e-09
523 3.15514e-09
525 3.14448e-09
527 3.0757e-09
529 3.07542e-09
531 3.03434e-09
533 2.98636e-09
535 2.9614e-09
537 2.93589e-09
539 2.88718e-09
541 2.86761e-09
543 2.83095e-09
545 2.79653e-09
547 2.76554e-09
549 2.73983e-09
551 2.73358e-09
553 2.66952e-09
555 2.64211e-09
557 2.63277e-09
559 2.58293e-09
561 2.57182e-09
563 2.56822e-09
565 2.51181e-09
567 2.46402e-09
569 2.49194e-09
571 2.41635e-09
573 2.421e-09
575 2.40216e-09
577 2.36627e-09
579 2.32258e-09
581 2.32628e-09
583 2.29305e-09
585 2.28024e-09
587 2.27059e-09
589 2.23187e-09
591 2.19238e-09
593 2.18012e-09
595 2.18662e-09
597 2.14521e-09
599 2.15672e-09
601 2.11432e-09
603 2.09513e-09
605 2.06266e-09
607 2.07889e-09
609 2.04721e-09
611 2.03363e-09
613 2.01024e-09
615 1.99083e-09
617 1.96904e-09
619 1.94711e-09
621 1.94766e-09
623 1.95079e-09
625 1.91895e-09
627 1.8873e-09
629 1.88684e-09
631 1.86361e-09
633 1.83749e-09
635 1.83152e-09
637 1.84276e-09
639 1.81838e-09
641 1.78826e-09
643 1.77674e-09
645 1.76758e-09
647 1.76042e-09
649 1.73127e-09
651 1.75619e-09
653 1.7284e-09
655 1.72278e-09
657 1.6967e-09
659 1.68495e-09
661 1.68615e-09
663 1.69046e-09
665 1.66106e-09
667 1.68427e-09
669 1.65013e-09
671 1.64163e-09
673 1.62558e-09
675 1.62161e-09
677 1.62831e-09
679 1.61731e-09
681 1.61933e-09
683 1.60667e-09
685 1.58387e-09
687 1.58281e-09
689 1.58285e-09
691 1.58908e-09
693 1.5773e-09
695 1.5952e-09
697 1.59717e-09
699 1.60615e-09
701 1.57219e-09
703 1.61872e-09
705 1.6291e-09
707 1.64386e-09
709 1.65536e-09
711 1.69993e-09
713 1.68433e-09
715 1.73607e-09
717 1.73775e-09
719 1.79373e-09
721 1.83915e-09
723 1.85572e-09
725 1.95044e-09
727 1.95739e-09
729 2.06883e-09
731 2.14293e-09
733 2.29095e-09
735 2.45484e-09
737 2.67662e-09
739 2.98332e-09
741 3.60635e-09
743 4.7512e-09
745 8.69796e-09
747 0
749 0
751 0
753 0
755 0
757 0
759 0
761 0
763 0
765 0
767 0
769 0
771 0
773 0
775 0
777 0
779 0
781 0
783 0
785 0
787 0
789 0
791 0
793 0
795 0
797 0
799 0
801 0
803 0
805 0
807 0
809 0
811 0
813 0
815 0
817 0
819 0
821 0
823 0
825 0
827 0
829 0
831 0
833 0
835 0
837 0
839 0
841 0
843 0
845 0
847 0
849 0
851 0
853 0
855 0
857 0
859 0
861 0
863 0
865 0
867 0
869 0
871 0
873 0
875 0
877 0
879 0
881 0
883 0
885 0
887 0
889 0
891 0
893 0
895 0
897 0
899 0
901 0
903 0
905 0
907 0
909 0
911 0
913 0
915 0
917 0
919 0
921 0
923 0
925 0
927 0
929 0
931 0
933 0
935 0
937 0
939 0
941 0
943 0
945 0
947 0
949 0
951 0
953 0
955 0
957 0
959 0
961 0
963 0
965 0
967 0
969 0
971 0
973 0
975 0
977 0
979 0
981 0
983 0
985 0
987 0
989 0
991 0
993 0
995 0
997 0
999 0
1001 0
1003 0
1005 0
1007 0
1009 0
1011 0
1013 0
1015 0
1017 0
1019 0
1021 0
1023 0
1025 0
1027 0
1029 0
1031 0
1033 0
1035 0
1037 0
1039 0
1041 0
1043 0
1045 0
1047 0
1049 0
1051 0
1053 0
1055 0
1057 0
1059 0
1061 0
1063 0
1065 0
1067 0
1069 0
1071 0
1073 0
1075 0
1077 0
1079 0
1081 0
1083 0
1085 0
1087 0
1089 0
1091 0
1093 0
1095 0
1097 0
1099 0
1101 0
1103 0
1105 0
1107 0
1109 0
1111 0
1113 0
1115 0
1117 0
1119 0
1121 0
1123 0
1125 0
1127 0
1129 0
1131 0
1133 0
1135 0
1137 0
1139 0
1141 0
1143 0
1145 0
1147 0
1149 0
1151 0
1153 0
1155 0
1157 0
1159 0
1161 0
1163 0
1165 0
1167 0
1169 0
1171 0
1173 0
1175 0
1177 0
1179 0
1181 0
1183 0
1185 0
1187 0
1189 0
1191 0
1193 0
1195 0
1197 0
1199 0
1201 0
1203 0
1205 0
1207 0
1209 0
1211 0
1213 0
1215 0
1217 0
1219 0
1221 0
1223 0
1225 0
1227 0
1229 0
1231 0
1233 0
1235 0
1237 0
1239 0
1241 0
1243 0
1245 0
1247 0
1249 0
1251 0
1253 0
1255 0
1257 0
1259 0
1261 0
1263 0
1265 0
1267 0
1269 0
1271 0
1273 0
1275 0
1277 0
1279 0
1281 0
1283 0
1285 0
1287 0
1289 0
1291 0
1293 0
1295 0
1297 0
1299 0
1301 0
1303 0
1305 0
1307 0
1309 0
1311 0
1313 0
1315 0
1317 0
1319 0
1321 0
1323 0
1325 0
1327 0
1329 0
1331 0
1333 0
1335 0
1337 0
1339 0
1341 0
1343 0
1345 0
1347 0
1349 0
1351 0
1353 0
1355 0
1357 0
1359 0
1361 0
1363 0
1365 0
1367 0
1369 0
1371 0
1373 0
1375 0
1377 0
1379 0
1381 0
1383 0
1385 0
1387 0
1389 0
1391 0
1393 0
1395 0
1397 0
1399 0
1401 0
1403 0
1405 0
1407 0
1409 0
1411 0
1413 0
1415 0
1417 0
1419 0
1421 0
1423 0
1425 0
1427 0
1429 0
1431 0
1433 0
1435 0
1437 0
1439 0
1441 0
1443 0
1445 0
1447 0
1449 0
1451 0
1453 0
1455 0
1457 0
1459 0
1461 0
1463 0
1465 0
1467 0
1469 0
1471 0
1473 0
1475 0
1477 0
1479 0
1481 0
1483 0
1485 0
1487 0
1489 0
1491 0
1493 0
1495 0
1497 0
1499 0
1501 0
1503 0
1505 0
1507 0
1509 0
1511 0
1513 0
1515 0
1517 0
1519 0
1521 0
1523 0
1525 0
1527 0
1529 0
1531 0
1533 0
1535 0
1537 0
1539 0
1541 0
1543 0
1545 0
1547 0
1549 0
1551 0
1553 0
1555 0
1557 0
1559 0
1561 0
1563 0
1565 0
1567 0
1569 0
1571 0
1573 0
1575 0
1577 0
1579 0
1581 0
1583 0
1585 0
1587 0
1589 0
1591 0
1593 0
1595 0
1597 0
1599 0
1601 0
1603 0
1605 0
1607 0
1609 0
1611 0
1613 0
1615 0
1617 0
1619 0
1621 0
1623 0
1625 0
1627 0
1629 0
1631 0
1633 0
1635 0
1637 0
1639 0
1641 0
1643 0
1645 0
1647 0
1649 0
1651 0
1653 0
1655 0
1657 0
1659 0
1661 0
1663 0
1665 0
1667 0
1669 0
1671 0
1673 0
1675 0
1677 0
1679 0
1681 0
1683 0
1685 0
1687 0
1689 0
1691 0
1693 0
1695 0
1697 0
1699 0
1701 0
1703 0
1705 0
1707 0
1709 0
1711 0
1713 0
1715 0
1717 0
1719 0
1721 0
1723 0
1725 0
1727 0
1729 0
1731 0
1733 0
1735 0
1737 0
1739 0
1741 0
1743 0
1745 0
1747 0
1749 0
1751 0
1753 0
1755 0
1757 0
1759 0
1761 0
1763 0
1765 0
1767 0
1769 0
1771 0
1773 0
1775 0
1777 0
1779 0
1781 0
1783 0
1785 0
1787 0
1789 0
1791 0
1793 0
1795 0
1797 0
1799 0
1801 0
1803 0
1805 0
1807 0
1809 0
1811 0
1813 0
1815 0
1817 0
1819 0
1821 0
1823 0
1825 0
1827 0
1829 0
1831 0
1833 0
1835 0
1837 0
1839 0
1841 0
1843 0
1845 0
1847 0
1849 0
1851 0
1853 0
1855 0
1857 0
1859 0
1861 0
1863 0
1865 0
1867 0
1869 0
1871 0
1873 0
1875 0
1877 0
1879 0
1881 0
1883 0
1885 0
1887 0
1889 0
1891 0
1893 0
1895 0
1897 0
1899 0
1901 0
1903 0
1905 0
1907 0
1909 0
1911 0
1913 0
1915 0
1917 0
1919 0
1921 0
1923 0
1925 0
1927 0
1929 0
1931 0
1933 0
1935 0
1937 0
1939 0
1941 0
1943 0
1945 0
1947 0
1949 0
1951 0
1953 0
1955 0
1957 0
1959 0
1961 0
1963 0
1965 0
1967 0
1969 0
1971 0
1973 0
1975 0
1977 0
1979 0
1981 0
1983 0
1985 0
1987 0
1989 0
1991 0
1993 0
1995 0
1997 0
1999 0
