1 0
3 0
5 0
7 0
9 0.00157506
11 0.00363583
13 0.000895812
15 0.000440989
17 0.000254543
19 0.000169064
21 0.000103251
23 7.55696e-05
25 6.15924e-05
27 4.52456e-05
29 3.31788e-05
31 2.54279e-05
33 2.07237e-05
35 1.69921e-05
37 1.44045e-05
39 1.24044e-05
41 1.07e-05
43 9.23481e-06
45 8.03139e-06
47 7.01964e-06
49 6.09894e-06
51 5.36305e-06
53 4.73991e-06
55 4.19059e-06
57 3.69378e-06
59 3.30288e-06
61 2.97321e-06
63 2.69408e-06
65 2.41913e-06
67 2.19214e-06
69 1.99498e-06
71 1.82938e-06
73 1.65684e-06
75 1.52632e-06
77 1.38366e-06
79 1.2817e-06
81 1.17942e-06
83 1.09581e-06
85 1.0116e-06
87 9.34035e-07
89 8.6421e-07
91 8.05874e-07
93 7.51321e-07
95 7.02042e-07
97 6.60763e-07
99 6.09222e-07
101 5.72844e-07
103 5.37073e-07
105 5.01468e-07
107 4.73367e-07
109 4.49183e-07
111 4.26528e-07
113 3.95906e-07
115 3.78311e-07
117 3.56312e-07
119 3.34728e-07
121 3.17345e-07
123 3.00133e-07
125 2.85419e-07
127 2.70459e-07
129 2.54009e-07
131 2.44582e-07
133 2.30522e-07
135 2.21375e-07
137 2.12794e-07
139 2.04548e-07
141 1.9486e-07
143 1.84274e-07
145 1.77423e-07
147 1.6791e-07
149 1.60841e-07
151 1.54915e-07
153 1.45761e-07
155 1.42516e-07
157 1.36857e-07
159 1.30197e-07
161 1.25721e-07
163 1.18799e-07
165 1.15551e-07
167 1.10152e-07
169 1.04816e-07
171 1.02516e-07
173 9.91568e-08
175 9.41016e-08
177 9.06148e-08
179 8.72485e-08
181 8.48528e-08
183 8.20492e-08
185 7.98751e-08
187 7.61924e-08
189 7.35631e-08
191 7.19572e-08
193 6.96452e-08
195 6.60864e-08
197 6.39472e-08
199 6.25835e-08
201 5.99934e-08
203 5.78896e-08
205 5.68062e-08
207 5.40241e-08
209 5.36364e-08
211 5.03482e-08
213 4.85253e-08
215 4.87254e-08
217 4.68596e-08
219 4.47568e-08
221 4.30175e-08
223 4.20379e-08
225 4.13455e-08
227 4.11013e-08
229 3.99645e-08
231 3.90357e-08
233 3.75826e-08
235 3.74389e-08
237 3.54953e-08
239 3.44341e-08
241 3.39692e-08
243 3.23158e-08
245 3.22797e-08
247 2.98472e-08
249 3.09916e-08
251 2.91491e-08
253 2.79898e-08
255 2.83749e-08
257 2.62437e-08
259 2.69643e-08
261 2.54091e-08
263 2.56356e-08
265 2.33826e-08
267 2.44625e-08
269 2.23427e-08
271 2.32626e-08
273 2.14057e-08
275 2.16586e-08
277 2.06465e-08
279 2.05959e-08
281 1.9759e-08
283 1.98189e-08
285 1.88661e-08
287 1.85206e-08
289 1.81998e-08
291 1.79382e-08
293 1.72124e-08
295 1.67417e-08
297 1.63678e-08
299 1.66275e-08
301 1.5562e-08
303 1.58249e-08
305 1.52173e-08
307 1.48737e-08
309 1.52467e-08
311 1.37929e-08
313 1.41826e-08
315 1.40764e-08
317 1.25266e-08
319 1.37978e-08
321 1.32837e-08
323 1.17306e-08
325 1.32358e-08
327 1.2704e-08
329 1.11697e-08
331 1.20076e-08
333 1.21079e-08
335 1.06898e-08
337 1.08487e-08
339 1.10938e-08
341 1.08269e-08
343 9.62282e-09
345 1.06802e-08
347 1.02963e-08
349 9.24289e-09
351 9.5086e-09
353 1.04009e-08
355 9.13057e-09
357 8.56681e-09
359 9.01144e-09
361 9.13351e-09
363 8.42257e-09
365 8.64735e-09
367 8.1388e-09
369 8.44692e-09
371 7.61919e-09
373 8.16244e-09
375 7.2466e-09
377 7.82312e-09
379 7.39604e-09
381 7.36824e-09
383 7.13299e-09
385 7.24967e-09
387 6.82306e-09
389 7.03982e-09
391 6.67412e-09
393 6.4733e-09
395 6.48798e-09
397 6.68389e-09
399 6.24168e-09
401 6.38807e-09
403 5.76527e-09
405 5.7559e-09
407 6.0712e-09
409 5.96294e-09
411 5.73277e-09
413 5.40031e-09
415 5.16663e-09
417 5.42176e-09
419 5.19196e-09
421 5.9143e-09
423 5.18025e-09
425 4.44829e-09
427 4.99305e-09
429 5.11732e-09
431 4.88454e-09
433 5.37046e-09
435 4.76216e-09
437 4.05834e-09
439 4.44224e-09
441 4.69866e-09
443 4.26759e-09
445 4.78775e-09
447 4.72894e-09
449 3.89898e-09
451 3.64805e-09
453 4.12595e-09
455 4.05643e-09
457 4.03932e-09
459 4.09358e-09
461 4.06925e-09
463 3.86982e-09
465 2.97644e-09
467 3.73697e-09
469 3.86073e-09
471 3.52183e-09
473 3.46616e-09
475 3.93046e-09
477 3.21696e-09
479 2.96322e-09
481 2.94407e-09
483 3.46873e-09
485 2.80855e-09
487 3.49191e-09
489 3.05897e-09
491 3.2151e-09
493 2.96052e-09
495 2.61904e-09
497 2.76735e-09
499 2.82225e-09
501 2.68598e-09
503 3.02374e-09
505 2.69098e-09
507 2.8001e-09
509 2.82232e-09
511 2.45675e-09
513 2.26939e-09
515 2.59315e-09
517 2.45872e-09
519 2.40747e-09
521 2.35966e-09
523 2.54514e-09
525 2.70592e-09
527 2.2194e-09
529 2.41971e-09
531 2.10113e-09
533 2.19497e-09
535 2.2044e-09
537 2.16993e-09
539 2.11563e-09
541 1.94975e-09
543 2.14472e-09
545 2.22985e-09
547 2.2118e-09
549 2.00316e-09
551 1.97799e-09
553 1.80839e-09
555 2.0361e-09
557 1.77369e-09
559 1.91339e-09
561 1.76453e-09
563 1.6518e-09
565 1.60637e-09
567 1.87887e-09
569 1.89788e-09
571 1.95197e-09
573 1.59741e-09
575 1.58271e-09
577 1.65512e-09
579 1.69185e-09
581 1.6958e-09
583 1.45887e-09
585 1.63221e-09
587 1.48169e-09
589 1.43103e-09
591 1.39701e-09
593 1.45379e-09
595 1.72365e-09
597 1.59181e-09
599 1.47058e-09
601 1.415e-09
603 1.3093e-09
605 1.55607e-09
607 1.44227e-09
609 1.3387e-09
611 1.34947e-09
613 1.38588e-09
615 1.15471e-09
617 1.24911e-09
619 1.131e-09
621 1.2715e-09
623 1.34011e-09
625 1.45711e-09
627 1.09287e-09
629 1.30333e-09
631 1.30687e-09
633 1.14447e-09
635 1.2132e-09
637 1.38129e-09
639 1.18071e-09
641 1.16989e-09
643 1.05794e-09
645 1.07003e-09
647 1.08208e-09
649 8.9333e-10
651 9.82997e-10
653 9.95929e-10
655 1.14531e-09
657 1.08789e-09
659 9.93974e-10
661 1.28661e-09
663 9.57896e-10
665 9.75942e-10
667 1.10196e-09
669 1.12847e-09
671 9.54017e-10
673 1.13698e-09
675 8.4761e-10
677 1.01925e-09
679 9.28024e-10
681 9.0329e-10
683 8.49557e-10
685 8.54449e-10
687 8.08364e-10
689 9.43473e-10
691 9.98461e-10
693 9.02001e-10
695 9.27992e-10
697 9.10892e-10
699 9.65119e-10
701 9.19499e-10
703 8.25152e-10
705 8.79819e-10
707 7.92323e-10
709 9.94216e-10
711 8.29735e-10
713 8.27474e-10
715 7.34599e-10
717 8.43877e-10
719 8.13122e-10
721 6.54609e-10
723 7.6784e-10
725 6.89858e-10
727 6.39497e-10
729 7.20026e-10
731 7.45394e-10
733 8.11806e-10
735 7.28177e-10
737 7.53334e-10
739 8.12011e-10
741 7.28599e-10
743 6.86627e-10
745 8.12846e-10
747 5.82809e-10
749 7.61497e-10
751 7.39028e-10
753 6.97605e-10
755 7.74698e-10
757 7.14102e-10
759 7.64336e-10
761 7.16487e-10
763 7.2785e-10
765 6.8681e-10
767 6.52036e-10
769 7.15242e-10
771 6.22378e-10
773 5.81937e-10
775 5.87075e-10
777 6.5629e-10
779 7.44203e-10
781 5.82507e-10
783 7.5323e-10
785 6.87697e-10
787 5.78192e-10
789 6.90758e-10
791 5.81665e-10
793 7.05823e-10
795 5.78506e-10
797 6.02383e-10
799 6.69606e-10
801 5.61777e-10
803 5.41679e-10
805 7.26679e-10
807 6.4418e-10
809 4.82182e-10
811 5.24326e-10
813 7.31963e-10
815 4.2307e-10
817 6.54771e-10
819 5.00784e-10
821 5.05332e-10
823 4.92224e-10
825 4.48436e-10
827 4.83888e-10
829 5.06844e-10
831 5.96003e-10
833 5.45844e-10
835 4.60835e-10
837 6.33314e-10
839 4.59091e-10
841 4.758e-10
843 4.27041e-10
845 6.0367e-10
847 4.78604e-10
849 5.06766e-10
851 4.4128e-10
853 5.16426e-10
855 3.98086e-10
857 5.31699e-10
859 5.45426e-10
861 5.70041e-10
863 6.49922e-10
865 4.45679e-10
867 6.81108e-10
869 5.18151e-10
871 6.54914e-10
873 5.78417e-10
875 5.43308e-10
877 4.27371e-10
879 4.38154e-10
881 4.54148e-10
883 5.49094e-10
885 5.4795e-10
887 5.91761e-10
889 5.34321e-10
891 5.32994e-10
893 5.09344e-10
895 5.08205e-10
897 4.95931e-10
899 4.67089e-10
901 4.66156e-10
903 5.09302e-10
905 4.75108e-10
907 5.1263e-10
909 4.45526e-10
911 3.89529e-10
913 4.43595e-10
915 5.79147e-10
917 4.63526e-10
919 4.07876e-10
921 5.2107e-10
923 4.33237e-10
925 4.00099e-10
927 4.52934e-10
929 4.57479e-10
931 4.18887e-10
933 3.32353e-10
935 4.43969e-10
937 3.84057e-10
939 3.14071e-10
941 4.03805e-10
943 3.8161e-10
945 4.65446e-10
947 4.4888e-10
949 3.6347e-10
951 4.30942e-10
953 3.56761e-10
955 4.55543e-10
957 2.82301e-10
959 4.74956e-10
961 3.64457e-10
963 3.06745e-10
965 2.69737e-10
967 4.60946e-10
969 3.61775e-10
971 3.66386e-10
973 3.65763e-10
975 3.18882e-10
977 4.31199e-10
979 3.58516e-10
981 4.80661e-10
983 6.98799e-10
985 5.90114e-10
987 5.88691e-10
989 4.70686e-10
991 5.25266e-10
993 5.08818e-10
995 5.83112e-10
997 4.86656e-10
999 4.50236e-10
1001 4.94562e-10
1003 5.3342e-10
1005 6.23343e-10
1007 5.65811e-10
1009 4.80678e-10
1011 4.79453e-10
1013 5.42652e-10
1015 4.33248e-10
1017 4.07844e-10
1019 4.757e-10
1021 4.01632e-10
1023 4.73917e-10
1025 4.1943e-10
1027 4.28321e-10
1029 4.56475e-10
1031 4.89592e-10
1033 4.69433e-10
1035 4.53869e-10
1037 3.9521e-10
1039 4.32953e-10
1041 3.45801e-10
1043 4.26513e-10
1045 3.96998e-10
1047 3.91435e-10
1049 3.85921e-10
1051 3.70812e-10
1053 3.56068e-10
1055 4.57121e-10
1057 6.44173e-10
1059 8.83258e-10
1061 6.5818e-10
1063 5.78241e-10
1065 4.89148e-10
1067 4.35046e-10
1069 3.95176e-10
1071 3.61185e-10
1073 3.46662e-10
1075 3.28411e-10
1077 2.7723e-10
1079 1.85829e-10
1081 1.79438e-10
1083 1.42776e-10
1085 1.07197e-10
1087 1.12587e-10
1089 1.61358e-10
1091 1.6169e-11
1093 0
1095 0
1097 0
1099 0
1101 0
1103 0
1105 0
1107 0
1109 0
1111 0
1113 0
1115 0
1117 0
1119 0
1121 0
1123 0
1125 0
1127 0
1129 0
1131 0
1133 0
1135 0
1137 0
1139 0
1141 0
1143 0
1145 0
1147 0
1149 0
1151 0
1153 0
1155 0
1157 0
1159 0
1161 0
1163 0
1165 0
1167 0
1169 0
1171 0
1173 0
1175 0
1177 0
1179 0
1181 0
1183 0
1185 0
1187 0
1189 0
1191 0
1193 0
1195 0
1197 0
1199 0
1201 0
1203 0
1205 0
1207 0
1209 0
1211 0
1213 0
1215 0
1217 0
1219 0
1221 0
1223 0
1225 0
1227 0
1229 0
1231 0
1233 0
1235 0
1237 0
1239 0
1241 0
1243 0
1245 0
1247 0
1249 0
1251 0
1253 0
1255 0
1257 0
1259 0
1261 0
1263 0
1265 0
1267 0
1269 0
1271 0
1273 0
1275 0
1277 0
1279 0
1281 0
1283 0
1285 0
1287 0
1289 0
1291 0
1293 0
1295 0
1297 0
1299 0
1301 0
1303 0
1305 0
1307 0
1309 0
1311 0
1313 0
1315 0
1317 0
1319 0
1321 0
1323 0
1325 0
1327 0
1329 0
1331 0
1333 0
1335 0
1337 0
1339 0
1341 0
1343 0
1345 0
1347 0
1349 0
1351 0
1353 0
1355 0
1357 0
1359 0
1361 0
1363 0
1365 0
1367 0
1369 0
1371 0
1373 0
1375 0
1377 0
1379 0
1381 0
1383 0
1385 0
1387 0
1389 0
1391 0
1393 0
1395 0
1397 0
1399 0
1401 0
1403 0
1405 0
1407 0
1409 0
1411 0
1413 0
1415 0
1417 0
1419 0
1421 0
1423 0
1425 0
1427 0
1429 0
1431 0
1433 0
1435 0
1437 0
1439 0
1441 0
1443 0
1445 0
1447 0
1449 0
1451 0
1453 0
1455 0
1457 0
1459 0
1461 0
1463 0
1465 0
1467 0
1469 0
1471 0
1473 0
1475 0
1477 0
1479 0
1481 0
1483 0
1485 0
1487 0
1489 0
1491 0
1493 0
1495 0
1497 0
1499 0
1501 0
1503 0
1505 0
1507 0
1509 0
1511 0
1513 0
1515 0
1517 0
1519 0
1521 0
1523 0
1525 0
1527 0
1529 0
1531 0
1533 0
1535 0
1537 0
1539 0
1541 0
1543 0
1545 0
1547 0
1549 0
1551 0
1553 0
1555 0
1557 0
1559 0
1561 0
1563 0
1565 0
1567 0
1569 0
1571 0
1573 0
1575 0
1577 0
1579 0
1581 0
1583 0
1585 0
1587 0
1589 0
1591 0
1593 0
1595 0
1597 0
1599 0
1601 0
1603 0
1605 0
1607 0
1609 0
1611 0
1613 0
1615 0
1617 0
1619 0
1621 0
1623 0
1625 0
1627 0
1629 0
1631 0
1633 0
1635 0
1637 0
1639 0
1641 0
1643 0
1645 0
1647 0
1649 0
1651 0
1653 0
1655 0
1657 0
1659 0
1661 0
1663 0
1665 0
1667 0
1669 0
1671 0
1673 0
1675 0
1677 0
1679 0
1681 0
1683 0
1685 0
1687 0
1689 0
1691 0
1693 0
1695 0
1697 0
1699 0
1701 0
1703 0
1705 0
1707 0
1709 0
1711 0
1713 0
1715 0
1717 0
1719 0
1721 0
1723 0
1725 0
1727 0
1729 0
1731 0
1733 0
1735 0
1737 0
1739 0
1741 0
1743 0
1745 0
1747 0
1749 0
1751 0
1753 0
1755 0
1757 0
1759 0
1761 0
1763 0
1765 0
1767 0
1769 0
1771 0
1773 0
1775 0
1777 0
1779 0
1781 0
1783 0
1785 0
1787 0
1789 0
1791 0
1793 0
1795 0
1797 0
1799 0
1801 0
1803 0
1805 0
1807 0
1809 0
1811 0
1813 0
1815 0
1817 0
1819 0
1821 0
1823 0
1825 0
1827 0
1829 0
1831 0
1833 0
1835 0
1837 0
1839 0
1841 0
1843 0
1845 0
1847 0
1849 0
1851 0
1853 0
1855 0
1857 0
1859 0
1861 0
1863 0
1865 0
1867 0
1869 0
1871 0
1873 0
1875 0
1877 0
1879 0
1881 0
1883 0
1885 0
1887 0
1889 0
1891 0
1893 0
1895 0
1897 0
1899 0
1901 0
1903 0
1905 0
1907 0
1909 0
1911 0
1913 0
1915 0
1917 0
1919 0
1921 0
1923 0
1925 0
1927 0
1929 0
1931 0
1933 0
1935 0
1937 0
1939 0
1941 0
1943 0
1945 0
1947 0
1949 0
1951 0
1953 0
1955 0
1957 0
1959 0
1961 0
1963 0
1965 0
1967 0
1969 0
1971 0
1973 0
1975 0
1977 0
1979 0
1981 0
1983 0
1985 0
1987 0
1989 0
1991 0
1993 0
1995 0
1997 0
1999 0
