1 0
3 0
5 0
7 8.72093e-09
9 0.0050296
11 0.00118394
13 0.000520203
15 0.000266526
17 0.000168165
19 9.93174e-05
21 7.79786e-05
23 5.35076e-05
25 3.66281e-05
27 2.76263e-05
29 2.2662e-05
31 1.888e-05
33 1.58339e-05
35 1.33225e-05
37 1.14402e-05
39 9.74342e-06
41 8.30875e-06
43 7.03955e-06
45 6.04555e-06
47 5.24373e-06
49 4.54322e-06
51 4.00702e-06
53 3.47968e-06
55 3.1057e-06
57 2.75556e-06
59 2.44845e-06
61 2.19976e-06
63 1.98759e-06
65 1.79171e-06
67 1.62227e-06
69 1.47736e-06
71 1.3481e-06
73 1.22889e-06
75 1.12093e-06
77 1.02273e-06
79 9.47904e-07
81 8.68205e-07
83 8.05412e-07
85 7.40579e-07
87 6.84833e-07
89 6.36842e-07
91 5.90253e-07
93 5.51412e-07
95 5.17712e-07
97 4.84737e-07
99 4.51944e-07
101 4.19982e-07
103 3.98609e-07
105 3.69273e-07
107 3.48092e-07
109 3.23418e-07
111 3.08484e-07
113 2.89631e-07
115 2.74601e-07
117 2.63045e-07
119 2.49208e-07
121 2.35061e-07
123 2.22972e-07
125 2.12114e-07
127 1.99871e-07
129 1.9147e-07
131 1.80975e-07
133 1.68804e-07
135 1.60597e-07
137 1.53937e-07
139 1.46096e-07
141 1.4014e-07
143 1.3268e-07
145 1.26404e-07
147 1.23034e-07
149 1.14758e-07
151 1.12462e-07
153 1.06466e-07
155 1.03379e-07
157 9.78825e-08
159 9.60246e-08
161 9.21778e-08
163 8.75121e-08
165 8.39927e-08
167 7.99015e-08
169 7.66199e-08
171 7.57479e-08
173 7.46302e-08
175 7.10177e-08
177 6.7567e-08
179 6.54063e-08
181 6.24325e-08
183 6.0683e-08
185 5.83008e-08
187 5.57411e-08
189 5.38664e-08
191 5.13624e-08
193 5.00124e-08
195 4.9564e-08
197 4.78122e-08
199 4.66407e-08
201 4.59144e-08
203 4.29912e-08
205 4.09604e-08
207 4.05839e-08
209 3.97755e-08
211 3.84382e-08
213 3.62389e-08
215 3.61041e-08
217 3.439e-08
219 3.34177e-08
221 3.28439e-08
223 3.14667e-08
225 3.00127e-08
227 3.04905e-08
229 2.81504e-08
231 2.79395e-08
233 2.74922e-08
235 2.57545e-08
237 2.59433e-08
239 2.46256e-08
241 2.3741e-08
243 2.3552e-08
245 2.27144e-08
247 2.22836e-08
249 2.10214e-08
251 2.15597e-08
253 2.01396e-08
255 2.01836e-08
257 1.89969e-08
259 1.9987e-08
261 1.81564e-08
263 1.84769e-08
265 1.7874e-08
267 1.74316e-08
269 1.67658e-08
271 1.67065e-08
273 1.56448e-08
275 1.63341e-08
277 1.48416e-08
279 1.51603e-08
281 1.52032e-08
283 1.40222e-08
285 1.42608e-08
287 1.42131e-08
289 1.25026e-08
291 1.36038e-08
293 1.27669e-08
295 1.20265e-08
297 1.2581e-08
299 1.16907e-08
301 1.14762e-08
303 1.21095e-08
305 1.12908e-08
307 1.03609e-08
309 1.11363e-08
311 1.07894e-08
313 1.01416e-08
315 1.00084e-08
317 1.01569e-08
319 9.22098e-09
321 9.29019e-09
323 9.47338e-09
325 9.30116e-09
327 8.79871e-09
329 8.64871e-09
331 8.63601e-09
333 8.47185e-09
335 8.48085e-09
337 7.63167e-09
339 8.00207e-09
341 7.97404e-09
343 7.75802e-09
345 7.39539e-09
347 7.27738e-09
349 7.16468e-09
351 6.99569e-09
353 6.94248e-09
355 6.82815e-09
357 6.53011e-09
359 6.53699e-09
361 6.49582e-09
363 6.40833e-09
365 6.32741e-09
367 6.20932e-09
369 5.99035e-09
371 6.08188e-09
373 5.80917e-09
375 5.98323e-09
377 5.48508e-09
379 5.74031e-09
381 5.07802e-09
383 5.54378e-09
385 5.39387e-09
387 4.88668e-09
389 5.15169e-09
391 4.97738e-09
393 4.97153e-09
395 4.87815e-09
397 4.49257e-09
399 4.43236e-09
401 4.50056e-09
403 4.61439e-09
405 4.26106e-09
407 4.82055e-09
409 4.30465e-09
411 4.08652e-09
413 4.1325e-09
415 4.32508e-09
417 4.26762e-09
419 4.3016e-09
421 4.0433e-09
423 3.80827e-09
425 3.58768e-09
427 3.79972e-09
429 3.61828e-09
431 3.80085e-09
433 3.7882e-09
435 3.48463e-09
437 3.5303e-09
439 3.26865e-09
441 3.22267e-09
443 3.11491e-09
445 3.31497e-09
447 3.30875e-09
449 3.37886e-09
451 3.02258e-09
453 2.91613e-09
455 3.09664e-09
457 2.66505e-09
459 2.80033e-09
461 2.77832e-09
463 3.12672e-09
465 3.0575e-09
467 2.86241e-09
469 2.88079e-09
471 2.71661e-09
473 2.62326e-09
475 2.72364e-09
477 2.59502e-09
479 2.84396e-09
481 2.70759e-09
483 2.65029e-09
485 2.59532e-09
487 2.37543e-09
489 2.32133e-09
491 2.31922e-09
493 2.19602e-09
495 2.35062e-09
497 2.47568e-09
499 2.23763e-09
501 2.26987e-09
503 2.11151e-09
505 2.0997e-09
507 2.13919e-09
509 1.91935e-09
511 2.01229e-09
513 1.97209e-09
515 2.04255e-09
517 1.96e-09
519 1.87308e-09
521 1.99031e-09
523 1.77609e-09
525 1.8779e-09
527 1.947e-09
529 1.54264e-09
531 1.69774e-09
533 1.70535e-09
535 1.73462e-09
537 1.53775e-09
539 1.75009e-09
541 1.67375e-09
543 1.64392e-09
545 1.72649e-09
547 1.56912e-09
549 1.62078e-09
551 1.69378e-09
553 1.62047e-09
555 1.32201e-09
557 1.74173e-09
559 1.56845e-09
561 1.51064e-09
563 1.4541e-09
565 1.52593e-09
567 1.56044e-09
569 1.34937e-09
571 1.28136e-09
573 1.37885e-09
575 1.28262e-09
577 1.41847e-09
579 1.27882e-09
581 1.14905e-09
583 1.30862e-09
585 1.34335e-09
587 1.28268e-09
589 1.23748e-09
591 1.2477e-09
593 1.2529e-09
595 1.14703e-09
597 1.19309e-09
599 1.14484e-09
601 1.29089e-09
603 1.23222e-09
605 1.20109e-09
607 9.82436e-10
609 1.22946e-09
611 1.23666e-09
613 1.16743e-09
615 1.10593e-09
617 1.068e-09
619 1.10275e-09
621 1.0674e-09
623 1.00702e-09
625 1.03453e-09
627 9.4892e-10
629 9.70226e-10
631 1.02897e-09
633 1.03651e-09
635 8.79095e-10
637 9.37313e-10
639 8.01839e-10
641 1.07141e-09
643 9.85317e-10
645 9.95459e-10
647 8.098e-10
649 9.07295e-10
651 8.50426e-10
653 7.39044e-10
655 9.04133e-10
657 8.31427e-10
659 8.73205e-10
661 8.75932e-10
663 9.48991e-10
665 8.87063e-10
667 9.59442e-10
669 8.4732e-10
671 9.03826e-10
673 7.76705e-10
675 8.2142e-10
677 8.95326e-10
679 9.47371e-10
681 7.13887e-10
683 9.7777e-10
685 8.79727e-10
687 6.71921e-10
689 6.9297e-10
691 7.33172e-10
693 7.13109e-10
695 7.3927e-10
697 7.86175e-10
699 6.78424e-10
701 7.08573e-10
703 7.8157e-10
705 8.16324e-10
707 9.05063e-10
709 9.2033e-10
711 9.00337e-10
713 9.60112e-10
715 1.03207e-09
717 9.50958e-10
719 8.29904e-10
721 8.14107e-10
723 8.57971e-10
725 8.40362e-10
727 7.09355e-10
729 8.3491e-10
731 7.75073e-10
733 7.48058e-10
735 8.11887e-10
737 1.01374e-09
739 1.05795e-09
741 9.33215e-10
743 9.90724e-10
745 9.92326e-10
747 1.03157e-09
749 9.07396e-10
751 1.0124e-09
753 1.0588e-09
755 9.90743e-10
757 9.7858e-10
759 9.27802e-10
761 9.93857e-10
763 9.22197e-10
765 8.67129e-10
767 8.7865e-10
769 8.31474e-10
771 9.17653e-10
773 9.70788e-10
775 9.07566e-10
777 9.16889e-10
779 1.01496e-09
781 8.40977e-10
783 9.43217e-10
785 8.9762e-10
787 9.20002e-10
789 9.36142e-10
791 9.29131e-10
793 8.76213e-10
795 8.40608e-10
797 9.65137e-10
799 8.31826e-10
801 9.0403e-10
803 1.06237e-09
805 1.09315e-09
807 1.10755e-09
809 1.01353e-09
811 1.17729e-09
813 1.21144e-09
815 1.58732e-09
817 1.8646e-09
819 2.41025e-09
821 3.06317e-09
823 6.36289e-09
825 1.03795e-10
827 0
829 0
831 0
833 0
835 0
837 0
839 0
841 0
843 0
845 0
847 0
849 0
851 0
853 0
855 0
857 0
859 0
861 0
863 0
865 0
867 0
869 0
871 0
873 0
875 0
877 0
879 0
881 0
883 0
885 0
887 0
889 0
891 0
893 0
895 0
897 0
899 0
901 0
903 0
905 0
907 0
909 0
911 0
913 0
915 0
917 0
919 0
921 0
923 0
925 0
927 0
929 0
931 0
933 0
935 0
937 0
939 0
941 0
943 0
945 0
947 0
949 0
951 0
953 0
955 0
957 0
959 0
961 0
963 0
965 0
967 0
969 0
971 0
973 0
975 0
977 0
979 0
981 0
983 0
985 0
987 0
989 0
991 0
993 0
995 0
997 0
999 0
1001 0
1003 0
1005 0
1007 0
1009 0
1011 0
1013 0
1015 0
1017 0
1019 0
1021 0
1023 0
1025 0
1027 0
1029 0
1031 0
1033 0
1035 0
1037 0
1039 0
1041 0
1043 0
1045 0
1047 0
1049 0
1051 0
1053 0
1055 0
1057 0
1059 0
1061 0
1063 0
1065 0
1067 0
1069 0
1071 0
1073 0
1075 0
1077 0
1079 0
1081 0
1083 0
1085 0
1087 0
1089 0
1091 0
1093 0
1095 0
1097 0
1099 0
1101 0
1103 0
1105 0
1107 0
1109 0
1111 0
1113 0
1115 0
1117 0
1119 0
1121 0
1123 0
1125 0
1127 0
1129 0
1131 0
1133 0
1135 0
1137 0
1139 0
1141 0
1143 0
1145 0
1147 0
1149 0
1151 0
1153 0
1155 0
1157 0
1159 0
1161 0
1163 0
1165 0
1167 0
1169 0
1171 0
1173 0
1175 0
1177 0
1179 0
1181 0
1183 0
1185 0
1187 0
1189 0
1191 0
1193 0
1195 0
1197 0
1199 0
1201 0
1203 0
1205 0
1207 0
1209 0
1211 0
1213 0
1215 0
1217 0
1219 0
1221 0
1223 0
1225 0
1227 0
1229 0
1231 0
1233 0
1235 0
1237 0
1239 0
1241 0
1243 0
1245 0
1247 0
1249 0
1251 0
1253 0
1255 0
1257 0
1259 0
1261 0
1263 0
1265 0
1267 0
1269 0
1271 0
1273 0
1275 0
1277 0
1279 0
1281 0
1283 0
1285 0
1287 0
1289 0
1291 0
1293 0
1295 0
1297 0
1299 0
1301 0
1303 0
1305 0
1307 0
1309 0
1311 0
1313 0
1315 0
1317 0
1319 0
1321 0
1323 0
1325 0
1327 0
1329 0
1331 0
1333 0
1335 0
1337 0
1339 0
1341 0
1343 0
1345 0
1347 0
1349 0
1351 0
1353 0
1355 0
1357 0
1359 0
1361 0
1363 0
1365 0
1367 0
1369 0
1371 0
1373 0
1375 0
1377 0
1379 0
1381 0
1383 0
1385 0
1387 0
1389 0
1391 0
1393 0
1395 0
1397 0
1399 0
1401 0
1403 0
1405 0
1407 0
1409 0
1411 0
1413 0
1415 0
1417 0
1419 0
1421 0
1423 0
1425 0
1427 0
1429 0
1431 0
1433 0
1435 0
1437 0
1439 0
1441 0
1443 0
1445 0
1447 0
1449 0
1451 0
1453 0
1455 0
1457 0
1459 0
1461 0
1463 0
1465 0
1467 0
1469 0
1471 0
1473 0
1475 0
1477 0
1479 0
1481 0
1483 0
1485 0
1487 0
1489 0
1491 0
1493 0
1495 0
1497 0
1499 0
1501 0
1503 0
1505 0
1507 0
1509 0
1511 0
1513 0
1515 0
1517 0
1519 0
1521 0
1523 0
1525 0
1527 0
1529 0
1531 0
1533 0
1535 0
1537 0
1539 0
1541 0
1543 0
1545 0
1547 0
1549 0
1551 0
1553 0
1555 0
1557 0
1559 0
1561 0
1563 0
1565 0
1567 0
1569 0
1571 0
1573 0
1575 0
1577 0
1579 0
1581 0
1583 0
1585 0
1587 0
1589 0
1591 0
1593 0
1595 0
1597 0
1599 0
1601 0
1603 0
1605 0
1607 0
1609 0
1611 0
1613 0
1615 0
1617 0
1619 0
1621 0
1623 0
1625 0
1627 0
1629 0
1631 0
1633 0
1635 0
1637 0
1639 0
1641 0
1643 0
1645 0
1647 0
1649 0
1651 0
1653 0
1655 0
1657 0
1659 0
1661 0
1663 0
1665 0
1667 0
1669 0
1671 0
1673 0
1675 0
1677 0
1679 0
1681 0
1683 0
1685 0
1687 0
1689 0
1691 0
1693 0
1695 0
1697 0
1699 0
1701 0
1703 0
1705 0
1707 0
1709 0
1711 0
1713 0
1715 0
1717 0
1719 0
1721 0
1723 0
1725 0
1727 0
1729 0
1731 0
1733 0
1735 0
1737 0
1739 0
1741 0
1743 0
1745 0
1747 0
1749 0
1751 0
1753 0
1755 0
1757 0
1759 0
1761 0
1763 0
1765 0
1767 0
1769 0
1771 0
1773 0
1775 0
1777 0
1779 0
1781 0
1783 0
1785 0
1787 0
1789 0
1791 0
1793 0
1795 0
1797 0
1799 0
1801 0
1803 0
1805 0
1807 0
1809 0
1811 0
1813 0
1815 0
1817 0
1819 0
1821 0
1823 0
1825 0
1827 0
1829 0
1831 0
1833 0
1835 0
1837 0
1839 0
1841 0
1843 0
1845 0
1847 0
1849 0
1851 0
1853 0
1855 0
1857 0
1859 0
1861 0
1863 0
1865 0
1867 0
1869 0
1871 0
1873 0
1875 0
1877 0
1879 0
1881 0
1883 0
1885 0
1887 0
1889 0
1891 0
1893 0
1895 0
1897 0
1899 0
1901 0
1903 0
1905 0
1907 0
1909 0
1911 0
1913 0
1915 0
1917 0
1919 0
1921 0
1923 0
1925 0
1927 0
1929 0
1931 0
1933 0
1935 0
1937 0
1939 0
1941 0
1943 0
1945 0
1947 0
1949 0
1951 0
1953 0
1955 0
1957 0
1959 0
1961 0
1963 0
1965 0
1967 0
1969 0
1971 0
1973 0
1975 0
1977 0
1979 0
1981 0
1983 0
1985 0
1987 0
1989 0
1991 0
1993 0
1995 0
1997 0
1999 0
