-10.2 6.12214
-10.1 6.12254
-10 6.23193
-9.9 6.24876
-9.8 6.28698
-9.7 6.36994
-9.6 6.36693
-9.5 6.42404
-9.4 6.47385
-9.3 6.49116
-9.2 6.54255
-9.1 6.53929
-9 6.5635
-8.9 6.64112
-8.8 6.6402
-8.7 6.70708
-8.6 6.6992
-8.5 6.74418
-8.4 6.77722
-8.3 6.81382
-8.2 6.87183
-8.1 6.88655
-8 6.94043
-7.9 6.93644
-7.8 6.98286
-7.7 7.02776
-7.6 7.05349
-7.5 7.11834
-7.4 7.12011
-7.3 7.17724
-7.2 7.23408
-7.1 7.28863
-7 7.33309
-6.9 7.36208
-6.8 7.39615
-6.7 7.45939
-6.6 7.49721
-6.5 7.5333
-6.4 7.60415
-6.3 7.6301
-6.2 7.67495
-6.1 7.73618
-6 7.79929
-5.9 7.81842
-5.8 7.89278
-5.7 7.98482
-5.6 8.0422
-5.5 8.11803
-5.4 8.19088
-5.3 8.30215
-5.2 8.38922
-5.1 8.48518
-5 8.61418
-4.9 8.77715
-4.8 8.89628
-4.7 8.9373
-4.6 8.92183
-4.5 9.00243
-4.4 9.06444
-4.3 9.07597
-4.2 9.06393
-4.1 9.12187
-4 9.18888
-3.9 9.22087
-3.8 9.21763
-3.7 9.28728
-3.6 9.38036
-3.5 9.44403
-3.4 9.42643
-3.3 9.50913
-3.2 9.58314
-3.1 9.59318
-3 9.60263
-2.9 9.64557
-2.8 9.71829
-2.7 9.81096
-2.6 9.8523
-2.5 9.89134
-2.4 9.96476
-2.3 10.0515
-2.2 10.1124
-2.1 10.1146
-2 10.2233
-1.9 10.305
-1.8 10.3165
-1.7 10.3821
-1.6 10.4248
-1.5 10.5709
-1.4 10.6562
-1.3 10.7522
-1.2 10.752
-1.1 10.7886
-1 10.9464
-0.9 11.0284
-0.8 11.154
-0.7 11.2335
-0.6 11.3433
-0.5 11.4417
-0.4 11.5738
-0.3 11.6277
-0.2 13.1905
-0.1 13.3746
0 13.4694
0.1 13.6144
0.2 13.7239
0.3 12.3141
0.4 12.3792
0.5 12.5177
0.6 12.6442
0.7 12.7716
0.8 12.8916
0.9 13.1177
1 13.2608
1.1 13.4041
1.2 13.4675
1.3 13.6156
1.4 13.824
1.5 14.1763
1.6 14.3291
1.7 14.3738
1.8 14.5303
1.9 14.8153
2 15.2051
2.1 15.4897
2.2 15.6166
2.3 15.7498
2.4 15.9197
2.5 16.3627
2.6 16.8397
2.7 17.1169
2.8 17.3552
2.9 17.5571
3 17.9873
3.1 18.5322
3.2 18.9289
3.3 19.3296
3.4 19.7273
3.5 20.1362
3.6 20.8097
3.7 21.736
3.8 22.4723
3.9 22.9393
4 23.4161
4.1 24.3724
4.2 25.7295
4.3 27.5289
4.4 29.0883
4.5 31.1039
4.6 34.0256
4.7 38.0672
4.8 43.9018
4.9 50.6139
5 58.1163
5.1 65.8396
5.2 73.5548
5.3 80.3108
5.4 84.5854
5.5 93.2552
5.6 97.5655
5.7 147.205
5.8 0
5.9 0
6 0
6.1 0
6.2 0
6.3 0
6.4 0
6.5 0
6.6 0
6.7 0
6.8 0
6.9 0
7 0
7.1 0
7.2 0
7.3 0
7.4 0
7.5 0
7.6 0
7.7 0
7.8 0
7.9 0
8 0
8.1 0
8.2 0
8.3 0
8.4 0
8.5 0
8.6 0
8.7 0
8.8 0
8.9 0
9 0
9.1 0
9.2 0
9.3 0
9.4 0
9.5 0
9.6 0
9.7 0
9.8 0
9.9 0
10 0
10.1 0
10.2 0
