-10.2 1.15157e-07
-10.1 1.45321e-07
-10 1.15e-06
-9.9 4.34475e-08
-9.8 6.47434e-07
-9.7 7.49763e-07
-9.6 1.25488e-07
-9.5 9.48075e-07
-9.4 2.34684e-07
-9.3 4.11649e-07
-9.2 8.25408e-07
-9.1 1.76923e-07
-9 4.52395e-07
-8.9 2.65786e-07
-8.8 3.32823e-07
-8.7 8.50122e-07
-8.6 4.04843e-07
-8.5 8.53052e-07
-8.4 2.11931e-07
-8.3 5.13229e-07
-8.2 7.13797e-07
-8.1 3.78102e-07
-8 6.58124e-07
-7.9 3.07698e-07
-7.8 6.80942e-07
-7.7 3.58501e-07
-7.6 4.12557e-07
-7.5 3.99794e-07
-7.4 6.1595e-07
-7.3 5.55866e-07
-7.2 3.64088e-07
-7.1 3.32654e-07
-7 1.61567e-07
-6.9 6.31804e-07
-6.8 4.19743e-07
-6.7 3.3654e-07
-6.6 2.89326e-07
-6.5 5.102e-07
-6.4 4.97224e-07
-6.3 4.84055e-07
-6.2 3.98585e-07
-6.1 5.00231e-07
-6 2.26676e-07
-5.9 3.78515e-07
-5.8 1.90578e-07
-5.7 7.97109e-07
-5.6 2.62429e-07
-5.5 5.65199e-07
-5.4 5.66341e-07
-5.3 5.05198e-07
-5.2 3.19602e-07
-5.1 2.33103e-07
-5 4.26933e-07
-4.9 2.66281e-07
-4.8 5.68046e-07
-4.7 3.24984e-07
-4.6 8.94892e-07
-4.5 3.8165e-07
-4.4 2.97491e-07
-4.3 4.27925e-07
-4.2 3.58761e-07
-4.1 7.01789e-07
-4 2.18167e-07
-3.9 2.94927e-07
-3.8 6.25128e-07
-3.7 1.85385e-07
-3.6 4.11288e-07
-3.5 2.48731e-07
-3.4 4.63027e-07
-3.3 3.68998e-07
-3.2 4.14707e-07
-3.1 4.26199e-07
-3 6.01717e-07
-2.9 3.79814e-07
-2.8 5.77896e-07
-2.7 2.47801e-07
-2.6 5.30268e-07
-2.5 3.56511e-07
-2.4 3.97515e-07
-2.3 4.01519e-07
-2.2 3.87629e-07
-2.1 2.13098e-07
-2 1.92422e-07
-1.9 3.3448e-07
-1.8 3.64813e-07
-1.7 3.86459e-07
-1.6 5.71155e-07
-1.5 2.92446e-07
-1.4 3.75821e-07
-1.3 2.09782e-07
-1.2 4.84843e-07
-1.1 3.05657e-07
-1 2.4203e-07
-0.9 4.28109e-07
-0.8 3.59945e-07
-0.7 3.3285e-07
-0.6 3.36323e-07
-0.5 5.85766e-07
-0.4 2.94262e-07
-0.3 4.35006e-07
-0.2 4.14554e-07
-0.1 5.34164e-07
0 2.87677e-07
0.1 3.00805e-07
0.2 4.08102e-07
0.3 3.08851e-07
0.4 2.79543e-07
0.5 2.64634e-07
0.6 1.95867e-07
0.7 4.98372e-07
0.8 2.68521e-07
0.9 2.35906e-07
1 8.85335e-08
1.1 4.18568e-07
1.2 2.65636e-07
1.3 2.80628e-07
1.4 2.59461e-07
1.5 3.11797e-07
1.6 1.97727e-07
1.7 2.19437e-07
1.8 1.31283e-07
1.9 3.07742e-07
2 3.78667e-07
2.1 1.75864e-07
2.2 2.39258e-07
2.3 3.01152e-07
2.4 3.08838e-07
2.5 3.98829e-07
2.6 3.58214e-07
2.7 2.02841e-07
2.8 3.36668e-07
2.9 3.93667e-07
3 1.21564e-07
3.1 1.42343e-07
3.2 2.50544e-07
3.3 2.42069e-07
3.4 5.77757e-08
3.5 4.22719e-07
3.6 2.37681e-07
3.7 1.67564e-07
3.8 1.87126e-07
3.9 3.75562e-07
4 2.5078e-07
4.1 2.42407e-07
4.2 1.88491e-07
4.3 5.37266e-08
4.4 1.46876e-07
4.5 1.47145e-07
4.6 3.08119e-07
4.7 2.65716e-07
4.8 9.49175e-08
4.9 6.40631e-08
5 1.58315e-08
5.1 1.29625e-08
5.2 6.93463e-09
5.3 0
5.4 0
5.5 0
5.6 0
5.7 0
5.8 0
5.9 0
6 0
6.1 0
6.2 0
6.3 0
6.4 0
6.5 0
6.6 0
6.7 0
6.8 0
6.9 0
7 0
7.1 0
7.2 0
7.3 0
7.4 0
7.5 0
7.6 0
7.7 0
7.8 0
7.9 0
8 0
8.1 0
8.2 0
8.3 0
8.4 0
8.5 0
8.6 0
8.7 0
8.8 0
8.9 0
9 0
9.1 0
9.2 0
9.3 0
9.4 0
9.5 0
9.6 0
9.7 0
9.8 0
9.9 0
10 0
10.1 0
10.2 0
