-10.2 6.10305
-10.1 6.10812
-10 6.13273
-9.9 6.15793
-9.8 6.17321
-9.7 6.20434
-9.6 6.22213
-9.5 6.24516
-9.4 6.27595
-9.3 6.29265
-9.2 6.32267
-9.1 6.34525
-9 6.36976
-8.9 6.40073
-8.8 6.42204
-8.7 6.45151
-8.6 6.47888
-8.5 6.50579
-8.4 6.53629
-8.3 6.55844
-8.2 6.59333
-8.1 6.62249
-8 6.65263
-7.9 6.68427
-7.8 6.71438
-7.7 6.75035
-7.6 6.77932
-7.5 6.81782
-7.4 6.84638
-7.3 6.8869
-7.2 6.92209
-7.1 6.96222
-7 6.9999
-6.9 7.04232
-6.8 7.08304
-6.7 7.1234
-6.6 7.16749
-6.5 7.21207
-6.4 7.26286
-6.3 7.30687
-6.2 7.35861
-6.1 7.41063
-6 7.46641
-5.9 7.52178
-5.8 7.58529
-5.7 7.64234
-5.6 7.70816
-5.5 7.77681
-5.4 7.85882
-5.3 7.94585
-5.2 8.03386
-5.1 8.15477
-5 8.28885
-4.9 8.40987
-4.8 8.52217
-4.7 8.59106
-4.6 8.59502
-4.5 8.67114
-4.4 8.7219
-4.3 8.75935
-4.2 8.79917
-4.1 8.8515
-4 8.88498
-3.9 8.92037
-3.8 8.93557
-3.7 8.9696
-3.6 9.05692
-3.5 9.07444
-3.4 9.09336
-3.3 9.16712
-3.2 9.24084
-3.1 9.26124
-3 9.3031
-2.9 9.35655
-2.8 9.41793
-2.7 9.50485
-2.6 9.57384
-2.5 9.62897
-2.4 9.68429
-2.3 9.75317
-2.2 9.77567
-2.1 9.82088
-2 9.88618
-1.9 9.9741
-1.8 9.99417
-1.7 10.0438
-1.6 10.1434
-1.5 10.2079
-1.4 10.3152
-1.3 10.3365
-1.2 10.4069
-1.1 10.5082
-1 10.6403
-0.9 10.7744
-0.8 10.8108
-0.7 10.8756
-0.6 10.9915
-0.5 11.1079
-0.4 11.1965
-0.3 11.2269
-0.2 12.779
-0.1 12.9343
0 13.1458
0.1 13.1964
0.2 13.2771
0.3 11.903
0.4 12.0496
0.5 12.2434
0.6 12.3458
0.7 12.4412
0.8 12.5631
0.9 12.7193
1 12.9298
1.1 13.0746
1.2 13.1202
1.3 13.2816
1.4 13.6007
1.5 13.8629
1.6 13.9904
1.7 14.1362
1.8 14.2134
1.9 14.5403
2 14.8446
2.1 15.124
2.2 15.2818
2.3 15.4016
2.4 15.5999
2.5 15.9745
2.6 16.4654
2.7 16.7297
2.8 16.8538
2.9 17.0372
3 17.5296
3.1 18.2721
3.2 18.6942
3.3 19.0803
3.4 19.2947
3.5 19.8278
3.6 20.5837
3.7 21.4743
3.8 22.0838
3.9 22.5136
4 23.0523
4.1 23.9451
4.2 25.2219
4.3 26.8791
4.4 28.6201
4.5 30.4226
4.6 33.2136
4.7 37.8621
4.8 43.7485
4.9 50.9693
5 58.2967
5.1 66.1042
5.2 72.9869
5.3 81.5041
5.4 85.5112
5.5 94.9227
5.6 89.0504
5.7 88.0365
5.8 121.49
5.9 0
6 0
6.1 0
6.2 0
6.3 0
6.4 0
6.5 0
6.6 0
6.7 0
6.8 0
6.9 0
7 0
7.1 0
7.2 0
7.3 0
7.4 0
7.5 0
7.6 0
7.7 0
7.8 0
7.9 0
8 0
8.1 0
8.2 0
8.3 0
8.4 0
8.5 0
8.6 0
8.7 0
8.8 0
8.9 0
9 0
9.1 0
9.2 0
9.3 0
9.4 0
9.5 0
9.6 0
9.7 0
9.8 0
9.9 0
10 0
10.1 0
10.2 0
