-10.2 0.0674371
-10.1 0.0674496
-10 0.0678599
-9.9 0.0681978
-9.8 0.0682079
-9.7 0.0684242
-9.6 0.0685008
-9.5 0.0691214
-9.4 0.0693684
-9.3 0.0692205
-9.2 0.0695751
-9.1 0.0696105
-9 0.0701061
-8.9 0.070367
-8.8 0.0703412
-8.7 0.0708334
-8.6 0.0708895
-8.5 0.0710597
-8.4 0.071433
-8.3 0.071363
-8.2 0.0717254
-8.1 0.0718912
-8 0.0723102
-7.9 0.0724928
-7.8 0.0727562
-7.7 0.0729506
-7.6 0.0731805
-7.5 0.0735538
-7.4 0.0736291
-7.3 0.0740446
-7.2 0.0743006
-7.1 0.0745912
-7 0.0745271
-6.9 0.074993
-6.8 0.0753257
-6.7 0.075653
-6.6 0.0758278
-6.5 0.0761884
-6.4 0.0767502
-6.3 0.0772487
-6.2 0.0774249
-6.1 0.0778736
-6 0.0783046
-5.9 0.0786668
-5.8 0.079112
-5.7 0.0796129
-5.6 0.0801266
-5.5 0.0808227
-5.4 0.0813962
-5.3 0.0823783
-5.2 0.0831552
-5.1 0.0840396
-5 0.0849581
-4.9 0.0864067
-4.8 0.0867047
-4.7 0.0864024
-4.6 0.0860966
-4.5 0.0862954
-4.4 0.0861125
-4.3 0.0861929
-4.2 0.0857142
-4.1 0.0855079
-4 0.0857014
-3.9 0.0848914
-3.8 0.0848171
-3.7 0.0849566
-3.6 0.0855365
-3.5 0.0859755
-3.4 0.0856464
-3.3 0.0855911
-3.2 0.0857683
-3.1 0.0855978
-3 0.085258
-2.9 0.0849043
-2.8 0.0851224
-2.7 0.085161
-2.6 0.0853112
-2.5 0.0855671
-2.4 0.0855235
-2.3 0.0857673
-2.2 0.0851261
-2.1 0.0846774
-2 0.0845797
-1.9 0.0849787
-1.8 0.0853484
-1.7 0.0849426
-1.6 0.0849279
-1.5 0.0850043
-1.4 0.0854246
-1.3 0.0856181
-1.2 0.0854576
-1.1 0.0855139
-1 0.086239
-0.9 0.0862775
-0.8 0.0857762
-0.7 0.0854436
-0.6 0.0853035
-0.5 0.0860433
-0.4 0.0861287
-0.3 0.0855361
-0.2 0.0858187
-0.1 0.0861575
0 0.0865578
0.1 0.0865687
0.2 0.0861149
0.3 0.0863529
0.4 0.086474
0.5 0.0870107
0.6 0.0871587
0.7 0.0866241
0.8 0.0863998
0.9 0.0869562
1 0.0876069
1.1 0.0873966
1.2 0.0868056
1.3 0.0863857
1.4 0.0871636
1.5 0.0880042
1.6 0.0882785
1.7 0.0877516
1.8 0.0877716
1.9 0.0881152
2 0.0890208
2.1 0.088904
2.2 0.088155
2.3 0.0875234
2.4 0.0877229
2.5 0.088324
2.6 0.0884773
2.7 0.0884076
2.8 0.0874741
2.9 0.0871514
3 0.0874189
3.1 0.0884328
3.2 0.0885392
3.3 0.0872485
3.4 0.0861072
3.5 0.0860558
3.6 0.087784
3.7 0.0889929
3.8 0.0885725
3.9 0.0863281
4 0.0850877
4.1 0.0855276
4.2 0.0873262
4.3 0.0890015
4.4 0.0890189
4.5 0.089139
4.6 0.0908293
4.7 0.0929975
4.8 0.0945255
4.9 0.0879797
5 0.0704511
5.1 0.0478007
5.2 0.0281662
5.3 0.0133847
5.4 0.00529748
5.5 0.00156864
5.6 0.000429812
5.7 9.02465e-05
5.8 1.7168e-05
5.9 1.17035e-05
6 0
6.1 0
6.2 0
6.3 0
6.4 0
6.5 0
6.6 0
6.7 0
6.8 0
6.9 0
7 0
7.1 0
7.2 0
7.3 0
7.4 0
7.5 0
7.6 0
7.7 0
7.8 0
7.9 0
8 0
8.1 0
8.2 0
8.3 0
8.4 0
8.5 0
8.6 0
8.7 0
8.8 0
8.9 0
9 0
9.1 0
9.2 0
9.3 0
9.4 0
9.5 0
9.6 0
9.7 0
9.8 0
9.9 0
10 0
10.1 0
10.2 0
