-10.2 0.0114008
-10.1 0.0113878
-10 0.0113664
-9.9 0.011346
-9.8 0.0113309
-9.7 0.011316
-9.6 0.011298
-9.5 0.0112855
-9.4 0.0112573
-9.3 0.0112371
-9.2 0.0112177
-9.1 0.011201
-9 0.0111865
-8.9 0.0111604
-8.8 0.0111434
-8.7 0.011128
-8.6 0.0111047
-8.5 0.0110802
-8.4 0.0110623
-8.3 0.0110355
-8.2 0.0110147
-8.1 0.0109967
-8 0.0109874
-7.9 0.0109679
-7.8 0.0109468
-7.7 0.0109191
-7.6 0.0108984
-7.5 0.0108842
-7.4 0.0108636
-7.3 0.0108426
-7.2 0.0108191
-7.1 0.0107962
-7 0.0107732
-6.9 0.0107556
-6.8 0.0107307
-6.7 0.0107125
-6.6 0.0106912
-6.5 0.0106696
-6.4 0.0106495
-6.3 0.0106276
-6.2 0.010599
-6.1 0.0105806
-6 0.0105563
-5.9 0.0105358
-5.8 0.0105165
-5.7 0.0104934
-5.6 0.0104711
-5.5 0.0104507
-5.4 0.0104271
-5.3 0.0104064
-5.2 0.0103806
-5.1 0.0103463
-5 0.0103132
-4.9 0.0102809
-4.8 0.0102293
-4.7 0.0101707
-4.6 0.0101167
-4.5 0.0100688
-4.4 0.0100122
-4.3 0.00995661
-4.2 0.00989916
-4.1 0.00984176
-4 0.00978532
-3.9 0.00972186
-3.8 0.00967172
-3.7 0.0096285
-3.6 0.00959512
-3.5 0.00954765
-3.4 0.009485
-3.3 0.00942415
-3.2 0.00937125
-3.1 0.00931445
-3 0.00925647
-2.9 0.00920251
-2.8 0.00915336
-2.7 0.00910517
-2.6 0.00905789
-2.5 0.00900309
-2.4 0.00894317
-2.3 0.00888401
-2.2 0.00881534
-2.1 0.00876088
-2 0.00871401
-1.9 0.00866425
-1.8 0.00861308
-1.7 0.00854922
-1.6 0.00849162
-1.5 0.00843771
-1.4 0.00839327
-1.3 0.0083385
-1.2 0.00828046
-1.1 0.00822766
-1 0.00817622
-0.9 0.0081099
-0.8 0.00804343
-0.7 0.00797996
-0.6 0.00792261
-0.5 0.00786999
-0.4 0.00780776
-0.3 0.00774368
-0.2 0.00767778
-0.1 0.00762009
0 0.00755376
0.1 0.00747586
0.2 0.00739877
0.3 0.00733415
0.4 0.00727123
0.5 0.00720782
0.6 0.00713766
0.7 0.00705928
0.8 0.00699307
0.9 0.00693077
1 0.00685797
1.1 0.00677823
1.2 0.00669713
1.3 0.00662293
1.4 0.00655955
1.5 0.00648693
1.6 0.00640647
1.7 0.00631998
1.8 0.00624153
1.9 0.00616302
2 0.00607928
2.1 0.00597768
2.2 0.00587803
2.3 0.0057835
2.4 0.00569578
2.5 0.00560496
2.6 0.00550318
2.7 0.00539734
2.8 0.00528954
2.9 0.00518645
3 0.00508807
3.1 0.00499193
3.2 0.00487125
3.3 0.00473854
3.4 0.00461439
3.5 0.00450447
3.6 0.00440232
3.7 0.00428163
3.8 0.00412638
3.9 0.00396306
4 0.00382097
4.1 0.00369022
4.2 0.00356276
4.3 0.00340809
4.4 0.00322158
4.5 0.00302812
4.6 0.00282736
4.7 0.0025835
4.8 0.00226269
4.9 0.00181409
5 0.00127385
5.1 0.000782904
5.2 0.000413596
5.3 0.000179817
5.4 6.57846e-05
5.5 1.84641e-05
5.6 4.83053e-06
5.7 9.9022e-07
5.8 2.62533e-07
5.9 9.27792e-08
6 0
6.1 0
6.2 0
6.3 0
6.4 0
6.5 0
6.6 0
6.7 0
6.8 0
6.9 0
7 0
7.1 0
7.2 0
7.3 0
7.4 0
7.5 0
7.6 0
7.7 0
7.8 0
7.9 0
8 0
8.1 0
8.2 0
8.3 0
8.4 0
8.5 0
8.6 0
8.7 0
8.8 0
8.9 0
9 0
9.1 0
9.2 0
9.3 0
9.4 0
9.5 0
9.6 0
9.7 0
9.8 0
9.9 0
10 0
10.1 0
10.2 0
