-10.2 5.93083
-10.1 5.93663
-10 5.961
-9.9 5.98437
-9.8 5.99911
-9.7 6.02959
-9.6 6.04735
-9.5 6.06886
-9.4 6.09796
-9.3 6.11602
-9.2 6.14294
-9.1 6.16461
-9 6.18718
-8.9 6.21846
-8.8 6.23756
-8.7 6.26679
-8.6 6.29257
-8.5 6.31691
-8.4 6.34655
-8.3 6.36748
-8.2 6.40166
-8.1 6.42535
-8 6.45547
-7.9 6.48659
-7.8 6.51663
-7.7 6.55169
-7.6 6.5779
-7.5 6.6152
-7.4 6.64333
-7.3 6.68063
-7.2 6.7129
-7.1 6.74878
-7 6.78385
-6.9 6.82038
-6.8 6.85836
-6.7 6.89509
-6.6 6.93898
-6.5 6.97701
-6.4 7.02319
-6.3 7.06469
-6.2 7.11446
-6.1 7.15996
-6 7.21271
-5.9 7.25993
-5.8 7.31507
-5.7 7.37245
-5.6 7.4314
-5.5 7.49399
-5.4 7.56549
-5.3 7.6428
-5.2 7.72891
-5.1 7.83664
-5 7.96344
-4.9 8.10752
-4.8 8.18216
-4.7 8.2296
-4.6 8.28106
-4.5 8.34818
-4.4 8.3965
-4.3 8.42351
-4.2 8.41985
-4.1 8.51086
-4 8.55143
-3.9 8.59209
-3.8 8.6019
-3.7 8.67341
-3.6 8.73417
-3.5 8.73329
-3.4 8.78308
-3.3 8.80115
-3.2 8.86784
-3.1 8.91134
-3 8.91351
-2.9 8.94831
-2.8 9.06086
-2.7 9.09156
-2.6 9.12927
-2.5 9.20088
-2.4 9.279
-2.3 9.37219
-2.2 9.41068
-2.1 9.46127
-2 9.4789
-1.9 9.55216
-1.8 9.63931
-1.7 9.64097
-1.6 9.69445
-1.5 9.77418
-1.4 9.89169
-1.3 9.91862
-1.2 9.99169
-1.1 10.1118
-1 10.1895
-0.9 10.3149
-0.8 10.3374
-0.7 10.4346
-0.6 10.5388
-0.5 10.6308
-0.4 10.7435
-0.3 10.789
-0.2 10.8687
-0.1 11.0415
0 11.1037
0.1 11.2055
0.2 11.2862
0.3 11.4679
0.4 11.5793
0.5 11.7525
0.6 11.8294
0.7 11.8428
0.8 11.9999
0.9 12.1865
1 12.3782
1.1 12.4982
1.2 12.6343
1.3 12.7482
1.4 12.9712
1.5 13.2551
1.6 13.4476
1.7 13.5087
1.8 13.6256
1.9 13.9234
2 14.2133
2.1 14.5443
2.2 14.7552
2.3 14.8792
2.4 14.9835
2.5 15.3611
2.6 15.833
2.7 16.0584
2.8 16.2463
2.9 16.5588
3 16.8543
3.1 17.4124
3.2 17.9634
3.3 18.2614
3.4 18.437
3.5 18.9039
3.6 19.6667
3.7 20.436
3.8 21.0094
3.9 21.2321
4 21.7061
4.1 22.5773
4.2 24.1499
4.3 25.7264
4.4 27.4499
4.5 28.9604
4.6 31.6604
4.7 35.869
4.8 41.4313
4.9 48.2008
5 55.4964
5.1 62.0605
5.2 69.7122
5.3 74.4459
5.4 80.4852
5.5 90.6142
5.6 100.668
5.7 89.9189
5.8 0
5.9 0
6 0
6.1 0
6.2 0
6.3 0
6.4 0
6.5 0
6.6 0
6.7 0
6.8 0
6.9 0
7 0
7.1 0
7.2 0
7.3 0
7.4 0
7.5 0
7.6 0
7.7 0
7.8 0
7.9 0
8 0
8.1 0
8.2 0
8.3 0
8.4 0
8.5 0
8.6 0
8.7 0
8.8 0
8.9 0
9 0
9.1 0
9.2 0
9.3 0
9.4 0
9.5 0
9.6 0
9.7 0
9.8 0
9.9 0
10 0
10.1 0
10.2 0
