-10.2 5.98069
-10.1 5.98835
-10 6.23604
-9.9 6.10812
-9.8 6.22513
-9.7 6.29842
-9.6 6.24917
-9.5 6.39891
-9.4 6.35558
-9.3 6.40118
-9.2 6.51014
-9.1 6.43607
-9 6.5198
-8.9 6.51733
-8.8 6.55306
-8.7 6.68155
-8.6 6.62562
-8.5 6.70748
-8.4 6.65586
-8.3 6.70881
-8.2 6.79903
-8.1 6.79958
-8 6.91324
-7.9 6.8544
-7.8 6.95007
-7.7 6.90653
-7.6 6.95454
-7.5 7.02274
-7.4 7.04095
-7.3 7.09372
-7.2 7.15545
-7.1 7.19687
-7 7.19235
-6.9 7.26915
-6.8 7.26618
-6.7 7.36013
-6.6 7.38514
-6.5 7.46078
-6.4 7.47669
-6.3 7.57082
-6.2 7.55306
-6.1 7.63965
-6 7.67717
-5.9 7.76688
-5.8 7.78953
-5.7 7.92108
-5.6 7.89596
-5.5 8.04228
-5.4 8.11442
-5.3 8.19469
-5.2 8.26877
-5.1 8.35685
-5 8.48311
-4.9 8.6025
-4.8 8.76243
-4.7 8.7655
-4.6 8.80648
-4.5 8.82927
-4.4 8.88331
-4.3 8.91085
-4.2 8.92175
-4.1 8.96942
-4 9.00661
-3.9 9.03172
-3.8 9.07239
-3.7 9.09139
-3.6 9.19834
-3.5 9.24411
-3.4 9.28246
-3.3 9.35803
-3.2 9.41194
-3.1 9.45104
-3 9.46854
-2.9 9.47987
-2.8 9.57854
-2.7 9.63688
-2.6 9.69185
-2.5 9.70911
-2.4 9.80436
-2.3 9.88652
-2.2 9.95296
-2.1 9.94607
-2 10.0336
-1.9 10.1381
-1.8 10.1158
-1.7 10.1696
-1.6 10.2177
-1.5 10.354
-1.4 10.4199
-1.3 10.4958
-1.2 10.5463
-1.1 10.5745
-1 10.7257
-0.9 10.8252
-0.8 10.9433
-0.7 10.9757
-0.6 11.1141
-0.5 11.269
-0.4 11.3592
-0.3 11.3955
-0.2 11.4987
-0.1 11.7186
0 11.7638
0.1 11.8408
0.2 11.9363
0.3 12.072
0.4 12.1212
0.5 12.2829
0.6 12.3807
0.7 12.4897
0.8 12.5365
0.9 12.7866
1 12.8835
1.1 13.0739
1.2 13.1477
1.3 13.3517
1.4 13.5305
1.5 13.8232
1.6 13.9384
1.7 14.0084
1.8 14.1656
1.9 14.4983
2 14.8472
2.1 15.0574
2.2 15.2204
2.3 15.3906
2.4 15.5756
2.5 15.9843
2.6 16.4508
2.7 16.6403
2.8 16.8856
2.9 17.1292
3 17.5165
3.1 18.012
3.2 18.4551
3.3 18.815
3.4 19.147
3.5 19.6881
3.6 20.2609
3.7 21.0653
3.8 21.7867
3.9 22.3632
4 22.9624
4.1 23.8163
4.2 25.1437
4.3 26.7834
4.4 28.2898
4.5 30.2788
4.6 33.0393
4.7 36.9156
4.8 42.2656
4.9 48.2996
5 55.0902
5.1 62.1299
5.2 68.9987
5.3 74.5705
5.4 77.6031
5.5 85.8758
5.6 92.456
5.7 135.899
5.8 0
5.9 0
6 0
6.1 0
6.2 0
6.3 0
6.4 0
6.5 0
6.6 0
6.7 0
6.8 0
6.9 0
7 0
7.1 0
7.2 0
7.3 0
7.4 0
7.5 0
7.6 0
7.7 0
7.8 0
7.9 0
8 0
8.1 0
8.2 0
8.3 0
8.4 0
8.5 0
8.6 0
8.7 0
8.8 0
8.9 0
9 0
9.1 0
9.2 0
9.3 0
9.4 0
9.5 0
9.6 0
9.7 0
9.8 0
9.9 0
10 0
10.1 0
10.2 0
