-10.2 0.068048
-10.1 0.0677651
-10 0.0708735
-9.9 0.0694191
-9.8 0.0707885
-9.7 0.0715398
-9.6 0.0708229
-9.5 0.0725527
-9.4 0.0720704
-9.3 0.0725322
-9.2 0.0736405
-9.1 0.0726307
-9 0.0736184
-8.9 0.0734898
-8.8 0.0737401
-8.7 0.0752034
-8.6 0.0743994
-8.5 0.0752272
-8.4 0.0744378
-8.3 0.0749473
-8.2 0.0759003
-8.1 0.075779
-8 0.0770025
-7.9 0.0761518
-7.8 0.0771129
-7.7 0.0764563
-7.6 0.0769422
-7.5 0.0776021
-7.4 0.0776885
-7.3 0.078148
-7.2 0.0787388
-7.1 0.0790327
-7 0.0787466
-6.9 0.0795125
-6.8 0.0793689
-6.7 0.0803658
-6.6 0.0804456
-6.5 0.0811688
-6.4 0.0811999
-6.3 0.0821423
-6.2 0.0816726
-6.1 0.0825517
-6 0.0828903
-5.9 0.0836451
-5.8 0.0837091
-5.7 0.0850614
-5.6 0.0844942
-5.5 0.0859149
-5.4 0.0865257
-5.3 0.0872203
-5.2 0.0877761
-5.1 0.0884036
-5 0.0894817
-4.9 0.0904773
-4.8 0.0919026
-4.7 0.0914585
-4.6 0.0913851
-4.5 0.091238
-4.4 0.0913856
-4.3 0.0911893
-4.2 0.0908181
-4.1 0.090883
-4 0.0907502
-3.9 0.090465
-3.8 0.0903016
-3.7 0.0901659
-3.6 0.0908886
-3.5 0.0906891
-3.4 0.0906106
-3.3 0.0909139
-3.2 0.0908341
-3.1 0.0907085
-3 0.0902693
-2.9 0.0897955
-2.8 0.0902058
-2.7 0.0902543
-2.6 0.0902547
-2.5 0.089746
-2.4 0.0901008
-2.3 0.0903971
-2.2 0.0903288
-2.1 0.0896891
-2 0.0899468
-1.9 0.0902401
-1.8 0.0893583
-1.7 0.0891995
-1.6 0.089251
-1.5 0.0898217
-1.4 0.0898666
-1.3 0.089905
-1.2 0.0896263
-1.1 0.0892266
-1 0.0899819
-0.9 0.0901234
-0.8 0.090531
-0.7 0.0901418
-0.6 0.0905557
-0.5 0.0910595
-0.4 0.0910558
-0.3 0.0901899
-0.2 0.0882733
-0.1 0.0891366
0 0.088505
0.1 0.0881522
0.2 0.0878204
0.3 0.09028
0.4 0.0897277
0.5 0.0901647
0.6 0.0899576
0.7 0.0898144
0.8 0.0893723
0.9 0.0904631
1 0.0900812
1.1 0.090354
1.2 0.089782
1.3 0.0902521
1.4 0.090505
1.5 0.0914721
1.6 0.0908651
1.7 0.090033
1.8 0.089949
1.9 0.0909908
2 0.0919289
2.1 0.0916414
2.2 0.0911345
2.3 0.0905755
2.4 0.0901597
2.5 0.0912538
2.6 0.0923121
2.7 0.0915696
2.8 0.090943
2.9 0.090248
3 0.0904027
3.1 0.090974
3.2 0.0910466
3.3 0.0903277
3.4 0.0893472
3.5 0.0893562
3.6 0.089484
3.7 0.0903668
3.8 0.0901278
3.9 0.0889093
4 0.0877441
4.1 0.0874736
4.2 0.0886774
4.3 0.0902679
4.4 0.0898594
4.5 0.0899509
4.6 0.0907572
4.7 0.0917884
4.8 0.0908723
4.9 0.0828216
5 0.0679167
5.1 0.0471138
5.2 0.0273837
5.3 0.0128925
5.4 0.00497404
5.5 0.00176093
5.6 0.000479924
5.7 9.10009e-05
5.8 0
5.9 0
6 0
6.1 0
6.2 0
6.3 0
6.4 0
6.5 0
6.6 0
6.7 0
6.8 0
6.9 0
7 0
7.1 0
7.2 0
7.3 0
7.4 0
7.5 0
7.6 0
7.7 0
7.8 0
7.9 0
8 0
8.1 0
8.2 0
8.3 0
8.4 0
8.5 0
8.6 0
8.7 0
8.8 0
8.9 0
9 0
9.1 0
9.2 0
9.3 0
9.4 0
9.5 0
9.6 0
9.7 0
9.8 0
9.9 0
10 0
10.1 0
10.2 0
