-10.2 6.01183
-10.1 6.01963
-10 6.04579
-9.9 6.0717
-9.8 6.09056
-9.7 6.12123
-9.6 6.1427
-9.5 6.16777
-9.4 6.19854
-9.3 6.22096
-9.2 6.2513
-9.1 6.27924
-9 6.30535
-8.9 6.33992
-8.8 6.36643
-8.7 6.39655
-8.6 6.42776
-8.5 6.4572
-8.4 6.49624
-8.3 6.56392
-8.2 6.55754
-8.1 6.6274
-8 6.6158
-7.9 6.65599
-7.8 6.69007
-7.7 6.73195
-7.6 6.76876
-7.5 6.81393
-7.4 6.85783
-7.3 6.90544
-7.2 6.96147
-7.1 7.04436
-7 7.06963
-6.9 7.15936
-6.8 7.21532
-6.7 7.24847
-6.6 7.27857
-6.5 7.41477
-6.4 7.45815
-6.3 7.6252
-6.2 7.59449
-6.1 7.62408
-6 7.77035
-5.9 7.8679
-5.8 7.90476
-5.7 8.09299
-5.6 8.20794
-5.5 8.38753
-5.4 8.47246
-5.3 8.70876
-5.2 9.09532
-5.1 9.30665
-5 10.1735
-4.9 11.1501
-4.8 13.0586
-4.7 14.0605
-4.6 14.4844
-4.5 13.2226
-4.4 14.0304
-4.3 14.7245
-4.2 13.9517
-4.1 13.5197
-4 13.7533
-3.9 14.5681
-3.8 14.1122
-3.7 12.9775
-3.6 13.6414
-3.5 14.0191
-3.4 14.6396
-3.3 14.1801
-3.2 13.9965
-3.1 14.8431
-3 14.6305
-2.9 14.1057
-2.8 14.1587
-2.7 14.5604
-2.6 14.7393
-2.5 15.1172
-2.4 14.4607
-2.3 15.2065
-2.2 15.1698
-2.1 15.6677
-2 15.6091
-1.9 14.9649
-1.8 16.0753
-1.7 15.2817
-1.6 15.491
-1.5 15.2349
-1.4 15.0828
-1.3 16.3856
-1.2 16.3406
-1.1 16.5753
-1 15.881
-0.9 16.0714
-0.8 16.8633
-0.7 16.3866
-0.6 17.3453
-0.5 17.1602
-0.4 17.7323
-0.3 17.9495
-0.2 18.6462
-0.1 17.9917
0 17.8143
0.1 18.1819
0.2 19.0257
0.3 19.231
0.4 18.6757
0.5 19.1819
0.6 18.8205
0.7 19.2249
0.8 19.802
0.9 19.7404
1 19.3397
1.1 20.3377
1.2 20.7822
1.3 21.377
1.4 20.2935
1.5 20.4984
1.6 21.5491
1.7 23.2156
1.8 23.5724
1.9 22.5473
2 22.1059
2.1 22.6575
2.2 24.9274
2.3 25.8166
2.4 25.1834
2.5 24.7666
2.6 23.8041
2.7 25.796
2.8 28.1384
2.9 28.4432
3 28.1157
3.1 27.077
3.2 28.551
3.3 30.2265
3.4 31.1951
3.5 31.5644
3.6 31.6541
3.7 30.9568
3.8 32.4394
3.9 35.211
4 36.8464
4.1 36.8929
4.2 35.8852
4.3 36.4166
4.4 38.4266
4.5 41.6672
4.6 45.1263
4.7 47.4248
4.8 52.1794
4.9 58.2217
5 70.0293
5.1 81.3425
5.2 95.2322
5.3 108.707
5.4 118.956
5.5 131.638
5.6 139.32
5.7 148.085
5.8 161.01
5.9 222.171
6 0
6.1 0
6.2 0
6.3 0
6.4 0
6.5 0
6.6 0
6.7 0
6.8 0
6.9 0
7 0
7.1 0
7.2 0
7.3 0
7.4 0
7.5 0
7.6 0
7.7 0
7.8 0
7.9 0
8 0
8.1 0
8.2 0
8.3 0
8.4 0
8.5 0
8.6 0
8.7 0
8.8 0
8.9 0
9 0
9.1 0
9.2 0
9.3 0
9.4 0
9.5 0
9.6 0
9.7 0
9.8 0
9.9 0
10 0
10.1 0
10.2 0
