-10.2 6.31239
-10.1 6.32526
-10 8.31079
-9.9 7.07452
-9.8 7.93425
-9.7 8.41248
-9.6 8.02082
-9.5 8.76486
-9.4 8.5352
-9.3 8.76283
-9.2 9.41303
-9.1 8.81643
-9 9.01692
-8.9 8.74272
-8.8 8.94399
-8.7 9.71099
-8.6 9.17774
-8.5 9.38232
-8.4 8.92729
-8.3 8.91392
-8.2 9.45177
-8.1 9.64237
-8 10.4293
-7.9 9.42498
-7.8 10.0575
-7.7 9.72296
-7.6 9.62828
-7.5 9.81895
-7.4 9.61404
-7.3 9.89256
-7.2 10.2442
-7.1 10.2417
-7 10.1667
-6.9 10.2481
-6.8 9.87942
-6.7 10.4345
-6.6 10.6962
-6.5 10.892
-6.4 10.828
-6.3 10.7422
-6.2 10.4437
-6.1 10.7185
-6 10.8269
-5.9 11.0492
-5.8 11.2686
-5.7 11.6543
-5.6 11.0518
-5.5 11.3962
-5.4 12.221
-5.3 12.1847
-5.2 12.553
-5.1 12.557
-5 13.8159
-4.9 14.8663
-4.8 16.4411
-4.7 16.8757
-4.6 16.2115
-4.5 16.2703
-4.4 17.0304
-4.3 16.7401
-4.2 16.2704
-4.1 16.0784
-4 16.701
-3.9 16.5861
-3.8 15.8796
-3.7 16.0903
-3.6 16.754
-3.5 17.156
-3.4 16.7713
-3.3 16.7679
-3.2 17.2609
-3.1 17.5789
-3 16.6576
-2.9 16.6399
-2.8 16.8353
-2.7 17.5588
-2.6 17.6962
-2.5 17.3712
-2.4 17.6342
-2.3 18.1577
-2.2 18.3442
-2.1 17.9629
-2 18.0259
-1.9 18.8414
-1.8 17.9211
-1.7 18.0099
-1.6 17.1363
-1.5 18.3446
-1.4 18.4552
-1.3 18.8027
-1.2 18.9846
-1.1 17.8756
-1 19.1858
-0.9 18.8113
-0.8 19.4902
-0.7 19.0765
-0.6 19.771
-0.5 20.5344
-0.4 20.9776
-0.3 20.631
-0.2 20.1191
-0.1 21.2293
0 21.3304
0.1 21.4447
0.2 21.1564
0.3 21.6162
0.4 21.2873
0.5 21.9948
0.6 22.235
0.7 21.8263
0.8 21.1245
0.9 22.0935
1 22.6992
1.1 22.958
1.2 22.5377
1.3 22.8766
1.4 22.8009
1.5 24.5675
1.6 25.2558
1.7 24.319
1.8 24.0983
1.9 24.3414
2 25.9358
2.1 27.3021
2.2 27.2745
2.3 26.9031
2.4 26.1595
2.5 27.0396
2.6 29.299
2.7 29.7885
2.8 29.8568
2.9 29.0405
3 29.8329
3.1 31.7693
3.2 32.3528
3.3 32.9804
3.4 33.0783
3.5 33.3778
3.6 33.9655
3.7 35.946
3.8 38.3992
3.9 38.6915
4 38.1526
4.1 38.5164
4.2 40.4614
4.3 44.6696
4.4 46.4156
4.5 49.2002
4.6 53.1955
4.7 59.8756
4.8 71.5145
4.9 83.9309
5 96.3945
5.1 109.631
5.2 122.13
5.3 131.204
5.4 134.679
5.5 147.35
5.6 154.602
5.7 207.068
5.8 0
5.9 0
6 0
6.1 0
6.2 0
6.3 0
6.4 0
6.5 0
6.6 0
6.7 0
6.8 0
6.9 0
7 0
7.1 0
7.2 0
7.3 0
7.4 0
7.5 0
7.6 0
7.7 0
7.8 0
7.9 0
8 0
8.1 0
8.2 0
8.3 0
8.4 0
8.5 0
8.6 0
8.7 0
8.8 0
8.9 0
9 0
9.1 0
9.2 0
9.3 0
9.4 0
9.5 0
9.6 0
9.7 0
9.8 0
9.9 0
10 0
10.1 0
10.2 0
