-10.2 4.35615
-10.1 4.35107
-10 4.47997
-9.9 4.47558
-9.8 4.51151
-9.7 4.61027
-9.6 4.58775
-9.5 4.648
-9.4 4.69026
-9.3 4.71446
-9.2 4.76671
-9.1 4.74184
-9 4.77668
-8.9 4.84152
-8.8 4.84382
-8.7 4.90925
-8.6 4.8929
-8.5 4.91402
-8.4 4.95891
-8.3 4.97288
-8.2 5.04509
-8.1 5.04312
-8 5.08603
-7.9 5.11143
-7.8 5.10535
-7.7 5.19778
-7.6 5.16519
-7.5 5.25987
-7.4 5.23785
-7.3 5.26898
-7.2 5.3352
-7.1 5.39347
-7 5.44483
-6.9 5.47161
-6.8 5.49022
-6.7 5.53458
-6.6 5.59685
-6.5 5.60486
-6.4 5.65791
-6.3 5.71169
-6.2 5.72934
-6.1 5.7885
-6 5.84583
-5.9 5.8756
-5.8 5.91144
-5.7 5.95681
-5.6 6.03328
-5.5 6.08977
-5.4 6.17873
-5.3 6.23518
-5.2 6.35494
-5.1 6.44739
-5 6.5508
-4.9 6.70823
-4.8 6.88852
-4.7 7.01587
-4.6 7.01342
-4.5 7.01225
-4.4 7.08034
-4.3 7.15688
-4.2 7.14642
-4.1 7.1317
-4 7.19282
-3.9 7.2741
-3.8 7.26026
-3.7 7.24412
-3.6 7.32237
-3.5 7.42072
-3.4 7.48709
-3.3 7.42794
-3.2 7.52655
-3.1 7.63536
-3 7.60902
-2.9 7.59533
-2.8 7.64693
-2.7 7.75271
-2.6 7.80358
-2.5 7.85809
-2.4 7.84738
-2.3 7.93718
-2.2 8.0601
-2.1 8.1052
-2 8.10282
-1.9 8.18068
-1.8 8.28496
-1.7 8.26087
-1.6 8.29969
-1.5 8.36931
-1.4 8.46586
-1.3 8.58865
-1.2 8.65639
-1.1 8.68811
-1 8.67223
-0.9 8.80359
-0.8 8.91288
-0.7 9.00607
-0.6 9.15172
-0.5 9.20973
-0.4 9.33953
-0.3 9.44043
-0.2 9.56527
-0.1 9.626
0 9.7636
0.1 9.8339
0.2 10.0488
0.3 10.0465
0.4 10.1063
0.5 10.2911
0.6 10.3031
0.7 10.4465
0.8 10.5837
0.9 10.7166
1 10.7876
1.1 11.0183
1.2 11.1762
1.3 11.3248
1.4 11.3371
1.5 11.5036
1.6 11.8623
1.7 12.1861
1.8 12.2801
1.9 12.2931
2 12.4183
2.1 12.7646
2.2 13.227
2.3 13.5319
2.4 13.5526
2.5 13.6595
2.6 13.8491
2.7 14.4532
2.8 14.99
2.9 15.1781
3 15.4085
3.1 15.604
3.2 16.1363
3.3 16.6962
3.4 17.17
3.5 17.5841
3.6 17.9086
3.7 18.2492
3.8 19.0311
3.9 20.149
4 20.8588
4.1 21.4029
4.2 21.8637
4.3 22.8771
4.4 24.3899
4.5 26.4248
4.6 28.598
4.7 30.8863
4.8 34.588
4.9 39.4448
5 47.3989
5.1 56.5143
5.2 67.937
5.3 80.1355
5.4 91.4313
5.5 104.527
5.6 114.471
5.7 126.165
5.8 151.034
5.9 256.897
6 0
6.1 0
6.2 0
6.3 0
6.4 0
6.5 0
6.6 0
6.7 0
6.8 0
6.9 0
7 0
7.1 0
7.2 0
7.3 0
7.4 0
7.5 0
7.6 0
7.7 0
7.8 0
7.9 0
8 0
8.1 0
8.2 0
8.3 0
8.4 0
8.5 0
8.6 0
8.7 0
8.8 0
8.9 0
9 0
9.1 0
9.2 0
9.3 0
9.4 0
9.5 0
9.6 0
9.7 0
9.8 0
9.9 0
10 0
10.1 0
10.2 0
