-10.2 15.1046
-10.1 15.0842
-10 66.428
-9.9 13.9014
-9.8 36.5911
-9.7 41.34
-9.6 15.9961
-9.5 40.3452
-9.4 29.5704
-9.3 32.9713
-9.2 49.9318
-9.1 23.6989
-9 27.7408
-8.9 31.0898
-8.8 29.757
-8.7 44.3303
-8.6 20.3942
-8.5 34.9421
-8.4 32.1393
-8.3 27.8686
-8.2 43.0227
-8.1 26.4768
-8 37.5556
-7.9 23.3598
-7.8 34.4466
-7.7 37.4148
-7.6 19.1622
-7.5 31.1691
-7.4 22.0288
-7.3 33.6302
-7.2 27.8308
-7.1 36.6844
-7 25.3372
-6.9 31.4509
-6.8 34.5503
-6.7 30.2751
-6.6 35.8531
-6.5 27.3008
-6.4 30.7221
-6.3 29.0092
-6.2 45.7463
-6.1 26.6141
-6 37.8478
-5.9 24.0079
-5.8 36.9711
-5.7 30.768
-5.6 31.2853
-5.5 28.3501
-5.4 32.6489
-5.3 37.2859
-5.2 29.0718
-5.1 31.6565
-5 28.9936
-4.9 33.6315
-4.8 27.5953
-4.7 38.991
-4.6 37.7286
-4.5 33.9455
-4.4 32.0552
-4.3 31.6499
-4.2 37.5235
-4.1 35.9632
-4 33.8037
-3.9 32.9481
-3.8 35.3919
-3.7 31.9207
-3.6 30.9953
-3.5 32.6456
-3.4 35.9331
-3.3 38.4101
-3.2 40.1941
-3.1 32.5684
-3 35.641
-2.9 37.8795
-2.8 25.0285
-2.7 32.2553
-2.6 38.5823
-2.5 29.0171
-2.4 30.0003
-2.3 35.4264
-2.2 37.4596
-2.1 38.0065
-2 33.6816
-1.9 30.6559
-1.8 35.5749
-1.7 33.198
-1.6 32.8252
-1.5 33.1568
-1.4 36.6364
-1.3 34.7034
-1.2 29.3988
-1.1 33.7528
-1 37.034
-0.9 36.8434
-0.8 34.4426
-0.7 42.1945
-0.6 34.8417
-0.5 38.8869
-0.4 38.7317
-0.3 38.2864
-0.2 35.7167
-0.1 33.3862
0 43.4503
0.1 36.4603
0.2 36.621
0.3 38.7325
0.4 34.9389
0.5 38.644
0.6 36.9689
0.7 41.2275
0.8 37.917
0.9 39.7369
1 35.5211
1.1 31.0179
1.2 35.9898
1.3 36.8107
1.4 34.2847
1.5 37.4477
1.6 34.1153
1.7 39.4809
1.8 33.0932
1.9 39.3922
2 32.9995
2.1 37.3271
2.2 37.8633
2.3 35.7639
2.4 35.2186
2.5 37.5566
2.6 38.9601
2.7 36.7514
2.8 41.8732
2.9 42.596
3 48.8763
3.1 43.6714
3.2 38.5369
3.3 40.8937
3.4 45.9086
3.5 43.9804
3.6 42.9451
3.7 45.3754
3.8 42.8183
3.9 43.4612
4 43.7189
4.1 50.4478
4.2 48.6272
4.3 47.7269
4.4 53.9215
4.5 47.7748
4.6 54.9488
4.7 55.7949
4.8 62.9603
4.9 64.6923
5 75.0177
5.1 85.0122
5.2 95.7308
5.3 109.85
5.4 119.368
5.5 131.602
5.6 139.341
5.7 148.085
5.8 161.01
5.9 222.171
6 0
6.1 0
6.2 0
6.3 0
6.4 0
6.5 0
6.6 0
6.7 0
6.8 0
6.9 0
7 0
7.1 0
7.2 0
7.3 0
7.4 0
7.5 0
7.6 0
7.7 0
7.8 0
7.9 0
8 0
8.1 0
8.2 0
8.3 0
8.4 0
8.5 0
8.6 0
8.7 0
8.8 0
8.9 0
9 0
9.1 0
9.2 0
9.3 0
9.4 0
9.5 0
9.6 0
9.7 0
9.8 0
9.9 0
10 0
10.1 0
10.2 0
