-10.2 4.32926
-10.1 4.33501
-10 4.38522
-9.9 4.40094
-9.8 4.42177
-9.7 4.48215
-9.6 4.47991
-9.5 4.57682
-9.4 4.55763
-9.3 4.55687
-9.2 4.63555
-9.1 4.61531
-9 4.70355
-8.9 4.70073
-8.8 4.69421
-8.7 4.7858
-8.6 4.76407
-8.5 4.81218
-8.4 4.81411
-8.3 4.85219
-8.2 4.87792
-8.1 4.88948
-8 4.95761
-7.9 4.95679
-7.8 5.03639
-7.7 5.02964
-7.6 5.09279
-7.5 5.11765
-7.4 5.12239
-7.3 5.17791
-7.2 5.20737
-7.1 5.26092
-7 5.23639
-6.9 5.31636
-6.8 5.33408
-6.7 5.38651
-6.6 5.41096
-6.5 5.4461
-6.4 5.516
-6.3 5.59728
-6.2 5.61335
-6.1 5.67689
-6 5.70247
-5.9 5.7517
-5.8 5.80118
-5.7 5.87918
-5.6 5.91574
-5.5 6.03749
-5.4 6.08116
-5.3 6.20854
-5.2 6.28734
-5.1 6.4327
-5 6.54597
-4.9 6.75117
-4.8 6.84374
-4.7 6.86934
-4.6 6.85094
-4.5 6.93697
-4.4 6.96669
-4.3 7.02002
-4.2 7.02149
-4.1 7.04151
-4 7.11239
-3.9 7.04838
-3.8 7.08894
-3.7 7.13552
-3.6 7.23518
-3.5 7.36963
-3.4 7.35895
-3.3 7.4279
-3.2 7.50893
-3.1 7.53342
-3 7.57901
-2.9 7.56062
-2.8 7.60085
-2.7 7.66137
-2.6 7.72128
-2.5 7.8346
-2.4 7.8906
-2.3 8.0143
-2.2 7.97871
-2.1 7.93193
-2 7.97213
-1.9 8.10651
-1.8 8.22839
-1.7 8.27733
-1.6 8.31856
-1.5 8.38471
-1.4 8.47615
-1.3 8.58683
-1.2 8.61105
-1.1 8.6626
-1 8.88192
-0.9 8.98236
-0.8 8.98637
-0.7 8.97765
-0.6 9.04041
-0.5 9.2073
-0.4 9.35983
-0.3 9.36986
-0.2 9.44914
-0.1 9.58198
0 9.76041
0.1 9.91636
0.2 9.97605
0.3 10.097
0.4 10.1507
0.5 10.4358
0.6 10.5558
0.7 10.5959
0.8 10.6316
0.9 10.8419
1 11.0919
1.1 11.2399
1.2 11.3397
1.3 11.3014
1.4 11.5622
1.5 11.9436
1.6 12.1713
1.7 12.2348
1.8 12.384
1.9 12.6818
2 13.0848
2.1 13.3785
2.2 13.5035
2.3 13.5908
2.4 13.8503
2.5 14.2676
2.6 14.6001
2.7 14.9647
2.8 15.0966
2.9 15.3554
3 15.7497
3.1 16.4037
3.2 16.9896
3.3 17.224
3.4 17.352
3.5 17.8626
3.6 18.8064
3.7 19.844
3.8 20.747
3.9 20.9866
4 21.4365
4.1 22.4001
4.2 23.975
4.3 26.0134
4.4 27.8821
4.5 30.0347
4.6 33.3926
4.7 38.52
4.8 46.8195
4.9 57.0207
5 68.0663
5.1 77.218
5.2 89.2451
5.3 100.367
5.4 110.716
5.5 119.971
5.6 127.128
5.7 131.166
5.8 84.5009
5.9 200.432
6 0
6.1 0
6.2 0
6.3 0
6.4 0
6.5 0
6.6 0
6.7 0
6.8 0
6.9 0
7 0
7.1 0
7.2 0
7.3 0
7.4 0
7.5 0
7.6 0
7.7 0
7.8 0
7.9 0
8 0
8.1 0
8.2 0
8.3 0
8.4 0
8.5 0
8.6 0
8.7 0
8.8 0
8.9 0
9 0
9.1 0
9.2 0
9.3 0
9.4 0
9.5 0
9.6 0
9.7 0
9.8 0
9.9 0
10 0
10.1 0
10.2 0
