-10.2 6.18177
-10.1 6.23682
-10 6.30648
-9.9 6.67826
-9.8 6.74545
-9.7 6.85073
-9.6 6.69294
-9.5 6.94789
-9.4 7.0864
-9.3 7.09335
-9.2 7.72119
-9.1 7.30775
-9 7.63122
-8.9 7.76787
-8.8 7.85737
-8.7 7.90071
-8.6 7.36154
-8.5 7.94635
-8.4 8.26967
-8.3 8.06434
-8.2 8.06465
-8.1 8.29754
-8 8.22648
-7.9 8.15313
-7.8 8.48831
-7.7 8.55024
-7.6 8.3345
-7.5 8.61836
-7.4 9.07548
-7.3 8.84078
-7.2 8.56637
-7.1 8.63117
-7 8.47834
-6.9 8.90957
-6.8 8.63868
-6.7 8.75384
-6.6 9.01156
-6.5 8.81563
-6.4 8.95035
-6.3 8.81755
-6.2 9.42879
-6.1 9.6908
-6 9.6013
-5.9 9.54218
-5.8 9.68086
-5.7 10.1411
-5.6 9.92219
-5.5 10.1928
-5.4 10.4403
-5.3 10.699
-5.2 11.0713
-5.1 11.5188
-5 12.5761
-4.9 13.4582
-4.8 15.1384
-4.7 15.9716
-4.6 15.0721
-4.5 15.1442
-4.4 15.7244
-4.3 15.7686
-4.2 16.1008
-4.1 16.3062
-4 16.2396
-3.9 16.3793
-3.8 16.0197
-3.7 15.6665
-3.6 16.736
-3.5 16.558
-3.4 16.0903
-3.3 16.1062
-3.2 17.1083
-3.1 16.8726
-3 16.6741
-2.9 16.181
-2.8 16.6232
-2.7 16.6736
-2.6 17.4745
-2.5 17.554
-2.4 17.9295
-2.3 18.065
-2.2 17.7595
-2.1 17.4949
-2 17.6867
-1.9 18.1236
-1.8 17.7392
-1.7 17.6678
-1.6 18.1528
-1.5 17.8618
-1.4 18.3505
-1.3 18.0575
-1.2 17.9437
-1.1 18.0437
-1 18.5571
-0.9 19.7285
-0.8 19.9066
-0.7 19.4338
-0.6 19.2815
-0.5 20.4947
-0.4 20.8956
-0.3 19.6083
-0.2 22.0066
-0.1 22.2228
0 24.0065
0.1 23.5462
0.2 23.0915
0.3 21.0834
0.4 20.7096
0.5 22.3972
0.6 22.3358
0.7 22.2093
0.8 21.9767
0.9 22.1607
1 23.1253
1.1 23.8701
1.2 23.1126
1.3 22.3462
1.4 23.8489
1.5 25.8277
1.6 25.6225
1.7 25.8807
1.8 24.3304
1.9 25.3302
2 26.7203
2.1 27.8001
2.2 28.3718
2.3 27.518
2.4 26.3688
2.5 27.295
2.6 30.0517
2.7 30.8588
2.8 30.3722
2.9 28.6538
3 28.754
3.1 32.8414
3.2 34.149
3.3 34.8545
3.4 33.2957
3.5 33.0095
3.6 35.2025
3.7 37.8193
3.8 39.6127
3.9 39.0745
4 38.4814
4.1 38.546
4.2 40.2822
4.3 43.5573
4.4 46.8337
4.5 48.3615
4.6 51.3783
4.7 60.5221
4.8 72.7718
4.9 87.5128
5 101.131
5.1 115.088
5.2 126.441
5.3 140.66
5.4 145.009
5.5 161.096
5.6 148.132
5.7 154.546
5.8 176.715
5.9 0
6 0
6.1 0
6.2 0
6.3 0
6.4 0
6.5 0
6.6 0
6.7 0
6.8 0
6.9 0
7 0
7.1 0
7.2 0
7.3 0
7.4 0
7.5 0
7.6 0
7.7 0
7.8 0
7.9 0
8 0
8.1 0
8.2 0
8.3 0
8.4 0
8.5 0
8.6 0
8.7 0
8.8 0
8.9 0
9 0
9.1 0
9.2 0
9.3 0
9.4 0
9.5 0
9.6 0
9.7 0
9.8 0
9.9 0
10 0
10.1 0
10.2 0
