-10.2 4.33029
-10.1 4.33454
-10 4.3547
-9.9 4.37536
-9.8 4.38807
-9.7 4.41355
-9.6 4.42827
-9.5 4.44734
-9.4 4.47271
-9.3 4.4866
-9.2 4.51133
-9.1 4.53001
-9 4.55052
-8.9 4.57617
-8.8 4.59476
-8.7 4.61829
-8.6 4.64141
-8.5 4.66433
-8.4 4.68964
-8.3 4.70819
-8.2 4.7363
-8.1 4.76163
-8 4.78585
-7.9 4.81239
-7.8 4.83776
-7.7 4.86795
-7.6 4.89264
-7.5 4.92544
-7.4 4.94903
-7.3 4.98344
-7.2 5.01372
-7.1 5.04724
-7 5.07946
-6.9 5.11659
-6.8 5.15113
-6.7 5.18575
-6.6 5.22286
-6.5 5.26239
-6.4 5.30673
-6.3 5.34349
-6.2 5.38936
-6.1 5.43587
-6 5.48461
-5.9 5.5333
-5.8 5.58976
-5.7 5.6422
-5.6 5.70039
-5.5 5.7609
-5.4 5.83709
-5.3 5.91948
-5.2 6.00161
-5.1 6.12343
-5 6.2714
-4.9 6.40537
-4.8 6.53685
-4.7 6.62071
-4.6 6.60025
-4.5 6.68379
-4.4 6.73837
-4.3 6.76783
-4.2 6.80384
-4.1 6.85749
-4 6.88319
-3.9 6.9215
-3.8 6.91945
-3.7 6.94178
-3.6 7.04265
-3.5 7.05113
-3.4 7.05142
-3.3 7.1218
-3.2 7.20634
-3.1 7.21058
-3 7.24532
-2.9 7.29127
-2.8 7.34538
-2.7 7.4326
-2.6 7.50833
-2.5 7.55673
-2.4 7.60696
-2.3 7.68325
-2.2 7.69068
-2.1 7.72367
-2 7.77928
-1.9 7.88032
-1.8 7.87969
-1.7 7.91481
-1.6 8.01812
-1.5 8.0727
-1.4 8.19189
-1.3 8.19223
-1.2 8.24672
-1.1 8.34019
-1 8.47871
-0.9 8.63438
-0.8 8.65827
-0.7 8.69875
-0.6 8.81918
-0.5 8.94159
-0.4 9.03575
-0.3 9.03678
-0.2 9.14295
-0.1 9.27824
0 9.50389
0.1 9.52496
0.2 9.56979
0.3 9.66291
0.4 9.80375
0.5 10.0313
0.6 10.1232
0.7 10.1994
0.8 10.3102
0.9 10.4531
1 10.6848
1.1 10.8508
1.2 10.8425
1.3 10.9716
1.4 11.3317
1.5 11.6388
1.6 11.7512
1.7 11.9035
1.8 11.904
1.9 12.2603
2 12.5914
2.1 12.9155
2.2 13.0692
2.3 13.1518
2.4 13.293
2.5 13.6925
2.6 14.2753
2.7 14.5645
2.8 14.6389
2.9 14.7395
3 15.2413
3.1 16.1384
3.2 16.6111
3.3 17.0276
3.4 17.1601
3.5 17.6873
3.6 18.5286
3.7 19.5944
3.8 20.2996
3.9 20.6963
4 21.1824
4.1 22.0752
4.2 23.5005
4.3 25.4245
4.4 27.4743
4.5 29.4819
4.6 32.6993
4.7 38.5927
4.8 46.4907
4.9 56.6491
5 67.3151
5.1 79.1488
5.2 89.8233
5.3 103.615
5.4 109.818
5.5 126.153
5.6 115.306
5.7 115.207
5.8 167.172
5.9 0
6 0
6.1 0
6.2 0
6.3 0
6.4 0
6.5 0
6.6 0
6.7 0
6.8 0
6.9 0
7 0
7.1 0
7.2 0
7.3 0
7.4 0
7.5 0
7.6 0
7.7 0
7.8 0
7.9 0
8 0
8.1 0
8.2 0
8.3 0
8.4 0
8.5 0
8.6 0
8.7 0
8.8 0
8.9 0
9 0
9.1 0
9.2 0
9.3 0
9.4 0
9.5 0
9.6 0
9.7 0
9.8 0
9.9 0
10 0
10.1 0
10.2 0
