-10.2 0.00690469
-10.1 0.00689687
-10 0.00688031
-9.9 0.00686404
-9.8 0.00685246
-9.7 0.00683456
-9.6 0.00682133
-9.5 0.00680865
-9.4 0.00679032
-9.3 0.00677673
-9.2 0.00675827
-9.1 0.00674377
-9 0.00673255
-8.9 0.00671372
-8.8 0.00670119
-8.7 0.00668426
-8.6 0.00667181
-8.5 0.00665512
-8.4 0.00663705
-8.3 0.00662196
-8.2 0.00660695
-8.1 0.00659163
-8 0.00657334
-7.9 0.00656165
-7.8 0.00654633
-7.7 0.00653077
-7.6 0.0065166
-7.5 0.00649849
-7.4 0.00648443
-7.3 0.00646254
-7.2 0.00644617
-7.1 0.00642807
-7 0.00641201
-6.9 0.00639434
-6.8 0.00637773
-6.7 0.00636352
-6.6 0.00634968
-6.5 0.00633512
-6.4 0.00632328
-6.3 0.00630963
-6.2 0.00629481
-6.1 0.00628474
-6 0.00626987
-5.9 0.00625648
-5.8 0.00624189
-5.7 0.00622955
-5.6 0.00621399
-5.5 0.00619709
-5.4 0.00618205
-5.3 0.00616886
-5.2 0.00615353
-5.1 0.00614025
-5 0.00612689
-4.9 0.00610902
-4.8 0.0060829
-4.7 0.0060517
-4.6 0.0060219
-4.5 0.0059929
-4.4 0.0059614
-4.3 0.00592638
-4.2 0.00589267
-4.1 0.00586692
-4 0.00583303
-3.9 0.00580101
-3.8 0.00576804
-3.7 0.0057409
-3.6 0.00570606
-3.5 0.00567113
-3.4 0.00564067
-3.3 0.00561086
-3.2 0.00557904
-3.1 0.00554469
-3 0.0055088
-2.9 0.00547833
-2.8 0.00545236
-2.7 0.00541703
-2.6 0.00538422
-2.5 0.00535632
-2.4 0.00532425
-2.3 0.00529164
-2.2 0.00525447
-2.1 0.00521697
-2 0.00518337
-1.9 0.00515418
-1.8 0.00511872
-1.7 0.00508241
-1.6 0.0050505
-1.5 0.00502345
-1.4 0.00499156
-1.3 0.00495281
-1.2 0.00491994
-1.1 0.00488881
-1 0.00485376
-0.9 0.00481963
-0.8 0.00478229
-0.7 0.00474832
-0.6 0.00471573
-0.5 0.00467942
-0.4 0.00464264
-0.3 0.00460427
-0.2 0.00456266
-0.1 0.00452559
0 0.0044828
0.1 0.00443708
0.2 0.00439525
0.3 0.00435712
0.4 0.00431718
0.5 0.00427726
0.6 0.00423616
0.7 0.00419498
0.8 0.00415589
0.9 0.0041198
1 0.0040776
1.1 0.00403281
1.2 0.0039892
1.3 0.00394662
1.4 0.0039054
1.5 0.00386303
1.6 0.00381295
1.7 0.00376005
1.8 0.00371228
1.9 0.00367231
2 0.00362897
2.1 0.00358254
2.2 0.00352442
2.3 0.00346438
2.4 0.00340971
2.5 0.00336309
2.6 0.00330871
2.7 0.00324123
2.8 0.00317598
2.9 0.00311416
3 0.00305314
3.1 0.00299486
3.2 0.00292728
3.3 0.0028524
3.4 0.00277767
3.5 0.00271532
3.6 0.00264697
3.7 0.00257062
3.8 0.00248332
3.9 0.00238809
4 0.00230953
4.1 0.00224013
4.2 0.0021697
4.3 0.00208373
4.4 0.00197619
4.5 0.0018574
4.6 0.00174604
4.7 0.00160898
4.8 0.0014115
4.9 0.00114264
5 0.000808642
5.1 0.000488889
5.2 0.000252305
5.3 0.000104451
5.4 3.82098e-05
5.5 1.07034e-05
5.6 2.18545e-06
5.7 2.19329e-07
5.8 0
5.9 0
6 0
6.1 0
6.2 0
6.3 0
6.4 0
6.5 0
6.6 0
6.7 0
6.8 0
6.9 0
7 0
7.1 0
7.2 0
7.3 0
7.4 0
7.5 0
7.6 0
7.7 0
7.8 0
7.9 0
8 0
8.1 0
8.2 0
8.3 0
8.4 0
8.5 0
8.6 0
8.7 0
8.8 0
8.9 0
9 0
9.1 0
9.2 0
9.3 0
9.4 0
9.5 0
9.6 0
9.7 0
9.8 0
9.9 0
10 0
10.1 0
10.2 0
