-10.2 0.0671738
-10.1 0.0671873
-10 0.0676012
-9.9 0.067936
-9.8 0.0679459
-9.7 0.0681606
-9.6 0.0682359
-9.5 0.068869
-9.4 0.0691107
-9.3 0.0689534
-9.2 0.0693136
-9.1 0.0693453
-9 0.0698478
-8.9 0.070107
-8.8 0.0700742
-8.7 0.0705763
-8.6 0.070628
-8.5 0.0707956
-8.4 0.0711725
-8.3 0.0711022
-8.2 0.0714654
-8.1 0.0716293
-8 0.0720519
-7.9 0.0722331
-7.8 0.0725015
-7.7 0.0726905
-7.6 0.0729242
-7.5 0.0733005
-7.4 0.0733765
-7.3 0.073796
-7.2 0.0740547
-7.1 0.0743511
-7 0.0742805
-6.9 0.0747523
-6.8 0.0750874
-6.7 0.0754172
-6.6 0.0755921
-6.5 0.0759575
-6.4 0.0765256
-6.3 0.0770354
-6.2 0.0772125
-6.1 0.0776628
-6 0.0780982
-5.9 0.0784625
-5.8 0.078915
-5.7 0.0794223
-5.6 0.0799404
-5.5 0.0806555
-5.4 0.081232
-5.3 0.0822311
-5.2 0.0830254
-5.1 0.0839347
-5 0.0848723
-4.9 0.0863734
-4.8 0.086702
-4.7 0.0863998
-4.6 0.0860876
-4.5 0.0862986
-4.4 0.0861208
-4.3 0.0862101
-4.2 0.0857359
-4.1 0.0855276
-4 0.0857409
-3.9 0.0849091
-3.8 0.0848383
-3.7 0.0849849
-3.6 0.085577
-3.5 0.0860508
-3.4 0.085712
-3.3 0.0856664
-3.2 0.0858647
-3.1 0.085693
-3 0.0853615
-2.9 0.0849893
-2.8 0.0852203
-2.7 0.0852676
-2.6 0.085423
-2.5 0.0856947
-2.4 0.0856612
-2.3 0.0859198
-2.2 0.0852764
-2.1 0.084808
-2 0.0847004
-1.9 0.0851172
-1.8 0.0855052
-1.7 0.0850996
-1.6 0.085079
-1.5 0.0851596
-1.4 0.0855912
-1.3 0.0858008
-1.2 0.0856365
-1.1 0.0856849
-1 0.0864398
-0.9 0.0864969
-0.8 0.0859879
-0.7 0.0856431
-0.6 0.0854984
-0.5 0.0862643
-0.4 0.0863692
-0.3 0.0857657
-0.2 0.0840494
-0.1 0.0843836
0 0.0847812
0.1 0.0847964
0.2 0.0843528
0.3 0.0866289
0.4 0.0867515
0.5 0.087322
0.6 0.0874829
0.7 0.0869396
0.8 0.0867057
0.9 0.0872769
1 0.0879653
1.1 0.0877669
1.2 0.0871643
1.3 0.086713
1.4 0.0875142
1.5 0.0883965
1.6 0.0886963
1.7 0.0881545
1.8 0.0881722
1.9 0.0885278
2 0.0894842
2.1 0.0893946
2.2 0.0886354
2.3 0.0879878
2.4 0.0881914
2.5 0.0888314
2.6 0.089012
2.7 0.0889735
2.8 0.0880185
2.9 0.0876944
3 0.0879818
3.1 0.0890482
3.2 0.0892082
3.3 0.0879066
3.4 0.0867341
3.5 0.0866889
3.6 0.0884918
3.7 0.0897871
3.8 0.0894274
3.9 0.0871483
4 0.0858834
4.1 0.0863614
4.2 0.0882573
4.3 0.0900622
4.4 0.0901464
4.5 0.0903215
4.6 0.0921361
4.7 0.0945078
4.8 0.0963778
4.9 0.0900245
5 0.0723397
5.1 0.0491909
5.2 0.0290687
5.3 0.0138462
5.4 0.00549001
5.5 0.00162887
5.6 0.000446788
5.7 9.38855e-05
5.8 1.76734e-05
5.9 1.22672e-05
6 0
6.1 0
6.2 0
6.3 0
6.4 0
6.5 0
6.6 0
6.7 0
6.8 0
6.9 0
7 0
7.1 0
7.2 0
7.3 0
7.4 0
7.5 0
7.6 0
7.7 0
7.8 0
7.9 0
8 0
8.1 0
8.2 0
8.3 0
8.4 0
8.5 0
8.6 0
8.7 0
8.8 0
8.9 0
9 0
9.1 0
9.2 0
9.3 0
9.4 0
9.5 0
9.6 0
9.7 0
9.8 0
9.9 0
10 0
10.1 0
10.2 0
