-10.2 4.39595
-10.1 4.40298
-10 4.4255
-9.9 4.44723
-9.8 4.46329
-9.7 4.48887
-9.6 4.50565
-9.5 4.52622
-9.4 4.55209
-9.3 4.57098
-9.2 4.59581
-9.1 4.61829
-9 4.64076
-8.9 4.67025
-8.8 4.68988
-8.7 4.71919
-8.6 4.74469
-8.5 4.76858
-8.4 4.79805
-8.3 4.82346
-8.2 4.85571
-8.1 4.88298
-8 4.91387
-7.9 4.94573
-7.8 4.97683
-7.7 5.01046
-7.6 5.04345
-7.5 5.08095
-7.4 5.11499
-7.3 5.15629
-7.2 5.19421
-7.1 5.23502
-7 5.27812
-6.9 5.32267
-6.8 5.37033
-6.7 5.41815
-6.6 5.47201
-6.5 5.52621
-6.4 5.5826
-6.3 5.64182
-6.2 5.70827
-6.1 5.77805
-6 5.85691
-5.9 5.93491
-5.8 6.02771
-5.7 6.12649
-5.6 6.24487
-5.5 6.38153
-5.4 6.53653
-5.3 6.74823
-5.2 7.12148
-5.1 7.87396
-5 9.30645
-4.9 11.6149
-4.8 14.628
-4.7 14.1699
-4.6 13.2192
-4.5 14.3386
-4.4 15.4411
-4.3 15.6439
-4.2 14.4005
-4.1 14.4375
-4 14.7632
-3.9 15.6871
-3.8 14.6676
-3.7 15.9766
-3.6 15.5834
-3.5 15.1907
-3.4 15.2024
-3.3 14.2812
-3.2 15.2501
-3.1 16.2148
-3 15.5533
-2.9 14.6377
-2.8 16.5589
-2.7 15.8575
-2.6 16.0754
-2.5 15.3333
-2.4 15.8071
-2.3 15.9321
-2.2 16.9579
-2.1 15.9829
-2 16.8669
-1.9 17.1356
-1.8 17.7365
-1.7 18.2538
-1.6 16.5692
-1.5 15.9363
-1.4 16.8595
-1.3 18.2598
-1.2 17.0626
-1.1 17.5078
-1 18.0003
-0.9 19.0122
-0.8 19.1982
-0.7 18.4429
-0.6 17.5372
-0.5 18.5575
-0.4 19.9708
-0.3 19.9507
-0.2 18.401
-0.1 19.1087
0 20.7947
0.1 21.9866
0.2 20.5381
0.3 20.7467
0.4 21.4689
0.5 21.5536
0.6 22.5953
0.7 22.2532
0.8 21.1995
0.9 21.0055
1 24.8811
1.1 24.5454
1.2 25.472
1.3 23.9125
1.4 23.519
1.5 26.5913
1.6 28.2745
1.7 27.7176
1.8 26.1394
1.9 25.7539
2 28.0439
2.1 31.1594
2.2 31.6138
2.3 28.8379
2.4 28.4565
2.5 29.5056
2.6 33.4357
2.7 34.475
2.8 33.1996
2.9 31.4617
3 31.7055
3.1 36.0165
3.2 38.604
3.3 39.5742
3.4 37.678
3.5 36.5122
3.6 39.2948
3.7 44.9603
3.8 46.7576
3.9 46.5207
4 42.9284
4.1 44.0004
4.2 47.1053
4.3 53.3473
4.4 59.0431
4.5 60.4715
4.6 64.9283
4.7 76.4943
4.8 99.295
4.9 124.102
5 152.425
5.1 178.911
5.2 199.825
5.3 225.665
5.4 241.329
5.5 267.157
5.6 327.637
5.7 249.113
5.8 69.3907
5.9 401.987
6 0
6.1 0
6.2 0
6.3 0
6.4 0
6.5 0
6.6 0
6.7 0
6.8 0
6.9 0
7 0
7.1 0
7.2 0
7.3 0
7.4 0
7.5 0
7.6 0
7.7 0
7.8 0
7.9 0
8 0
8.1 0
8.2 0
8.3 0
8.4 0
8.5 0
8.6 0
8.7 0
8.8 0
8.9 0
9 0
9.1 0
9.2 0
9.3 0
9.4 0
9.5 0
9.6 0
9.7 0
9.8 0
9.9 0
10 0
10.1 0
10.2 0
