-10.2 0.00104657
-10.1 0.000457498
-10 0.00283652
-9.9 0.000931452
-9.8 0.00171778
-9.7 0.00241145
-9.6 0.00122098
-9.5 0.00229855
-9.4 0.00207129
-9.3 0.00224576
-9.2 0.00297046
-9.1 0.00167802
-9 0.00206222
-8.9 0.0024939
-8.8 0.00230496
-8.7 0.00322072
-8.6 0.00180838
-8.5 0.00252739
-8.4 0.00237059
-8.3 0.00209738
-8.2 0.00330931
-8.1 0.00225294
-8 0.00271911
-7.9 0.00230612
-7.8 0.0023053
-7.7 0.00289706
-7.6 0.00198285
-7.5 0.00288415
-7.4 0.0021506
-7.3 0.00249971
-7.2 0.00250922
-7.1 0.0030286
-7 0.00275557
-6.9 0.00287763
-6.8 0.00302965
-6.7 0.00286012
-6.6 0.00321146
-6.5 0.00264407
-6.4 0.00307773
-6.3 0.00300895
-6.2 0.00340499
-6.1 0.0028349
-6 0.00335921
-5.9 0.00261241
-5.8 0.002921
-5.7 0.00287491
-5.6 0.00290014
-5.5 0.00272598
-5.4 0.00322093
-5.3 0.00346296
-5.2 0.00359575
-5.1 0.00391634
-5 0.00489534
-4.9 0.00642522
-4.8 0.00724119
-4.7 0.00836262
-4.6 0.00793098
-4.5 0.00779148
-4.4 0.00795103
-4.3 0.0081474
-4.2 0.00820569
-4.1 0.00781046
-4 0.00801575
-3.9 0.00787821
-3.8 0.00750192
-3.7 0.00718259
-3.6 0.00759781
-3.5 0.00800422
-3.4 0.00808689
-3.3 0.0077607
-3.2 0.00846807
-3.1 0.00850895
-3 0.00793586
-2.9 0.007756
-2.8 0.0074534
-2.7 0.00807682
-2.6 0.00823043
-2.5 0.00802237
-2.4 0.00767061
-2.3 0.00839172
-2.2 0.00894355
-2.1 0.00882156
-2 0.00809526
-1.9 0.00850384
-1.8 0.00889557
-1.7 0.00799185
-1.6 0.00793921
-1.5 0.00825771
-1.4 0.00882877
-1.3 0.0090819
-1.2 0.00870154
-1.1 0.00863569
-1 0.00818687
-0.9 0.00860892
-0.8 0.00877051
-0.7 0.0092496
-0.6 0.00939956
-0.5 0.00964385
-0.4 0.0101373
-0.3 0.0102608
-0.2 0.0102624
-0.1 0.0100676
0 0.0108053
0.1 0.0105933
0.2 0.0111366
0.3 0.0104633
0.4 0.0102737
0.5 0.010908
0.6 0.0103253
0.7 0.0105745
0.8 0.0106233
0.9 0.0108971
1 0.0109014
1.1 0.0113122
1.2 0.0114978
1.3 0.0113329
1.4 0.0107331
1.5 0.0115208
1.6 0.0128937
1.7 0.0135497
1.8 0.0126244
1.9 0.012132
2 0.0121266
2.1 0.0139072
2.2 0.0153263
2.3 0.0151106
2.4 0.0138827
2.5 0.0135637
2.6 0.0144584
2.7 0.0164738
2.8 0.0177634
2.9 0.0170246
3 0.0168376
3.1 0.0168451
3.2 0.0181158
3.3 0.0193371
3.4 0.019568
3.5 0.0192474
3.6 0.0187449
3.7 0.0196382
3.8 0.0214133
3.9 0.0235631
4 0.023155
4.1 0.0226627
4.2 0.0217357
4.3 0.0236003
4.4 0.0266749
4.5 0.0300288
4.6 0.0337376
4.7 0.0389211
4.8 0.0489977
4.9 0.0604913
5 0.0724389
5.1 0.0752703
5.2 0.0674982
5.3 0.0499274
5.4 0.0304069
5.5 0.01519
5.6 0.00608787
5.7 0.00199733
5.8 0.000556659
5.9 7.6383e-05
6 0
6.1 0
6.2 0
6.3 0
6.4 0
6.5 0
6.6 0
6.7 0
6.8 0
6.9 0
7 0
7.1 0
7.2 0
7.3 0
7.4 0
7.5 0
7.6 0
7.7 0
7.8 0
7.9 0
8 0
8.1 0
8.2 0
8.3 0
8.4 0
8.5 0
8.6 0
8.7 0
8.8 0
8.9 0
9 0
9.1 0
9.2 0
9.3 0
9.4 0
9.5 0
9.6 0
9.7 0
9.8 0
9.9 0
10 0
10.1 0
10.2 0
