-10.2 0.0114158
-10.1 0.0114036
-10 0.0114146
-9.9 0.0114104
-9.8 0.0114046
-9.7 0.0114076
-9.6 0.0113921
-9.5 0.0113825
-9.4 0.0113848
-9.3 0.0113667
-9.2 0.0113562
-9.1 0.0113368
-9 0.0113243
-8.9 0.0113176
-8.8 0.0112972
-8.7 0.0112879
-8.6 0.0112682
-8.5 0.011254
-8.4 0.011239
-8.3 0.0112228
-8.2 0.0112112
-8.1 0.0111868
-8 0.01117
-7.9 0.0111485
-7.8 0.0111357
-7.7 0.0111192
-7.6 0.0111055
-7.5 0.0110937
-7.4 0.0110765
-7.3 0.0110609
-7.2 0.0110483
-7.1 0.0110336
-7 0.0110168
-6.9 0.0109996
-6.8 0.010982
-6.7 0.0109686
-6.6 0.0109448
-6.5 0.0109302
-6.4 0.0109123
-6.3 0.0108888
-6.2 0.0108671
-6.1 0.0108552
-6 0.010837
-5.9 0.0108096
-5.8 0.0107936
-5.7 0.0107754
-5.6 0.0107492
-5.5 0.0107278
-5.4 0.0107071
-5.3 0.0106878
-5.2 0.0106592
-5.1 0.0106253
-5 0.0105934
-4.9 0.0105682
-4.8 0.010528
-4.7 0.0104726
-4.6 0.0104163
-4.5 0.0103762
-4.4 0.0103273
-4.3 0.0102718
-4.2 0.0102218
-4.1 0.0101712
-4 0.0101201
-3.9 0.0100659
-3.8 0.0100121
-3.7 0.00996282
-3.6 0.00991406
-3.5 0.00986096
-3.4 0.00979881
-3.3 0.00975169
-3.2 0.00969127
-3.1 0.00962384
-3 0.00956206
-2.9 0.0095069
-2.8 0.00945176
-2.7 0.00940491
-2.6 0.00934362
-2.5 0.00928939
-2.4 0.0092398
-2.3 0.00918435
-2.2 0.00912365
-2.1 0.00906292
-2 0.00901829
-1.9 0.00895923
-1.8 0.00889688
-1.7 0.0088441
-1.6 0.0087937
-1.5 0.00874095
-1.4 0.00869392
-1.3 0.00863859
-1.2 0.00856737
-1.1 0.00851466
-1 0.00845471
-0.9 0.00839418
-0.8 0.00834002
-0.7 0.00827702
-0.6 0.00821169
-0.5 0.00814243
-0.4 0.00808267
-0.3 0.00800672
-0.2 0.00793369
-0.1 0.00786482
0 0.00778581
0.1 0.00770878
0.2 0.00763269
0.3 0.00755962
0.4 0.00748688
0.5 0.0074208
0.6 0.00735797
0.7 0.00729465
0.8 0.0072265
0.9 0.00716529
1 0.00708808
1.1 0.00700546
1.2 0.00692456
1.3 0.00685493
1.4 0.00678912
1.5 0.0067176
1.6 0.00662497
1.7 0.00653387
1.8 0.00645578
1.9 0.00638005
2 0.00629209
2.1 0.00619254
2.2 0.00608848
2.3 0.00598684
2.4 0.0058971
2.5 0.0058179
2.6 0.0057232
2.7 0.00560926
2.8 0.00548834
2.9 0.00537091
3 0.00526366
3.1 0.00515518
3.2 0.00503578
3.3 0.00490761
3.4 0.004768
3.5 0.00464189
3.6 0.00452281
3.7 0.00439427
3.8 0.00423524
3.9 0.004068
4 0.00391415
4.1 0.0037747
4.2 0.00363049
4.3 0.00347584
4.4 0.00328481
4.5 0.00308129
4.6 0.00286146
4.7 0.00260257
4.8 0.0022656
4.9 0.00181873
5 0.00131169
5.1 0.000810288
5.2 0.000422471
5.3 0.000183663
5.4 6.65048e-05
5.5 2.03318e-05
5.6 4.99308e-06
5.7 6.38217e-07
5.8 0
5.9 0
6 0
6.1 0
6.2 0
6.3 0
6.4 0
6.5 0
6.6 0
6.7 0
6.8 0
6.9 0
7 0
7.1 0
7.2 0
7.3 0
7.4 0
7.5 0
7.6 0
7.7 0
7.8 0
7.9 0
8 0
8.1 0
8.2 0
8.3 0
8.4 0
8.5 0
8.6 0
8.7 0
8.8 0
8.9 0
9 0
9.1 0
9.2 0
9.3 0
9.4 0
9.5 0
9.6 0
9.7 0
9.8 0
9.9 0
10 0
10.1 0
10.2 0
