-10.2 0.0115104
-10.1 0.0114941
-10 0.0114691
-9.9 0.0114434
-9.8 0.0114248
-9.7 0.0113913
-9.6 0.0113691
-9.5 0.0113478
-9.4 0.0113213
-9.3 0.0113047
-9.2 0.0112759
-9.1 0.0112519
-9 0.0112318
-8.9 0.0112044
-8.8 0.0111841
-8.7 0.0111561
-8.6 0.0111325
-8.5 0.0111078
-8.4 0.0110795
-8.3 0.0110593
-8.2 0.0110304
-8.1 0.011007
-8 0.0109775
-7.9 0.0109567
-7.8 0.0109369
-7.7 0.0109057
-7.6 0.0108843
-7.5 0.0108558
-7.4 0.0108359
-7.3 0.0108082
-7.2 0.0107819
-7.1 0.0107567
-7 0.0107358
-6.9 0.0107124
-6.8 0.0106904
-6.7 0.0106633
-6.6 0.0106371
-6.5 0.0106174
-6.4 0.0105911
-6.3 0.0105658
-6.2 0.0105398
-6.1 0.0105194
-6 0.0104884
-5.9 0.010463
-5.8 0.0104394
-5.7 0.0104152
-5.6 0.0103937
-5.5 0.0103676
-5.4 0.0103393
-5.3 0.0103157
-5.2 0.0102933
-5.1 0.0102707
-5 0.0102398
-4.9 0.0102063
-4.8 0.0101616
-4.7 0.0101086
-4.6 0.0100597
-4.5 0.0100143
-4.4 0.00996383
-4.3 0.0099062
-4.2 0.00984859
-4.1 0.00980283
-4 0.00975146
-3.9 0.00969438
-3.8 0.0096349
-3.7 0.00957771
-3.6 0.00952077
-3.5 0.00946576
-3.4 0.00941333
-3.3 0.00936574
-3.2 0.00931203
-3.1 0.00925926
-3 0.00919931
-2.9 0.00914576
-2.8 0.00908929
-2.7 0.00902698
-2.6 0.00897503
-2.5 0.00892603
-2.4 0.00887414
-2.3 0.00881601
-2.2 0.00875905
-2.1 0.00870284
-2 0.00865078
-1.9 0.00859192
-1.8 0.00853096
-1.7 0.00847072
-1.6 0.00841503
-1.5 0.00836234
-1.4 0.00831364
-1.3 0.00825749
-1.2 0.00819716
-1.1 0.00814509
-1 0.00808892
-0.9 0.00803056
-0.8 0.00796844
-0.7 0.00791039
-0.6 0.0078566
-0.5 0.00779835
-0.4 0.00773547
-0.3 0.00767235
-0.2 0.00761034
-0.1 0.00754299
0 0.00747719
0.1 0.00740233
0.2 0.00733101
0.3 0.00726379
0.4 0.00720395
0.5 0.00713968
0.6 0.00707073
0.7 0.00699957
0.8 0.00693661
0.9 0.00687748
1 0.00681409
1.1 0.00673729
1.2 0.00665903
1.3 0.00658209
1.4 0.00651681
1.5 0.00644143
1.6 0.00635233
1.7 0.00626115
1.8 0.00618027
1.9 0.00611025
2 0.00603684
2.1 0.00594891
2.2 0.00584446
2.3 0.00574715
2.4 0.00566393
2.5 0.00558415
2.6 0.00548822
2.7 0.00537566
2.8 0.00526825
2.9 0.00516599
3 0.00508433
3.1 0.00499128
3.2 0.00487849
3.3 0.00475384
3.4 0.00462777
3.5 0.00451947
3.6 0.00441739
3.7 0.00429243
3.8 0.00413986
3.9 0.00399195
4 0.00385705
4.1 0.00374239
4.2 0.00360774
4.3 0.00346087
4.4 0.00327805
4.5 0.00308329
4.6 0.00289013
4.7 0.00265876
4.8 0.00233559
4.9 0.00188825
5 0.00135761
5.1 0.000829653
5.2 0.000433548
5.3 0.000185435
5.4 6.3165e-05
5.5 1.87855e-05
5.6 2.90561e-06
5.7 8.39256e-07
5.8 2.5005e-07
5.9 6.3025e-08
6 0
6.1 0
6.2 0
6.3 0
6.4 0
6.5 0
6.6 0
6.7 0
6.8 0
6.9 0
7 0
7.1 0
7.2 0
7.3 0
7.4 0
7.5 0
7.6 0
7.7 0
7.8 0
7.9 0
8 0
8.1 0
8.2 0
8.3 0
8.4 0
8.5 0
8.6 0
8.7 0
8.8 0
8.9 0
9 0
9.1 0
9.2 0
9.3 0
9.4 0
9.5 0
9.6 0
9.7 0
9.8 0
9.9 0
10 0
10.1 0
10.2 0
