-10.2 5.08476
-10.1 4.88605
-10 8.51611
-9.9 6.08722
-9.8 7.13234
-9.7 8.91359
-9.6 7.18755
-9.5 9.23904
-9.4 8.51098
-9.3 8.93694
-9.2 9.79906
-9.1 8.77906
-9 8.17657
-8.9 9.54189
-8.8 8.68271
-8.7 10.9093
-8.6 8.75896
-8.5 9.38186
-8.4 8.90718
-8.3 9.69281
-8.2 10.2771
-8.1 9.84608
-8 10.8476
-7.9 8.90394
-7.8 9.71079
-7.7 10.2938
-7.6 9.39756
-7.5 10.4388
-7.4 9.49942
-7.3 10.1527
-7.2 10.1275
-7.1 10.8818
-7 11.1994
-6.9 11.4335
-6.8 10.0512
-6.7 11.051
-6.6 11.2997
-6.5 10.6173
-6.4 11.569
-6.3 11.3714
-6.2 10.6032
-6.1 11.0615
-6 11.7042
-5.9 10.4658
-5.8 10.6773
-5.7 11.9193
-5.6 11.4982
-5.5 11.9614
-5.4 12.0938
-5.3 12.613
-5.2 12.8816
-5.1 12.9295
-5 14.5647
-4.9 16.8886
-4.8 20.3842
-4.7 21.448
-4.6 19.4786
-4.5 19.9828
-4.4 21.6024
-4.3 21.7209
-4.2 19.4929
-4.1 19.4776
-4 20.8513
-3.9 21.4496
-3.8 19.1307
-3.7 19.3543
-3.6 20.7832
-3.5 22.1502
-3.4 20.2018
-3.3 21.234
-3.2 21.707
-3.1 22.1667
-3 20.3862
-2.9 19.6548
-2.8 20.0261
-2.7 21.7366
-2.6 21.8625
-2.5 21.1632
-2.4 21.4696
-2.3 22.3906
-2.2 23.0217
-2.1 22.1867
-2 22.0341
-1.9 23.648
-1.8 21.9657
-1.7 22.393
-1.6 21.0473
-1.5 22.6154
-1.4 23.5876
-1.3 24.4823
-1.2 24.7111
-1.1 21.2941
-1 23.806
-0.9 23.4855
-0.8 24.4103
-0.7 24.2043
-0.6 25.1894
-0.5 25.1664
-0.4 26.6224
-0.3 26.5727
-0.2 25.4227
-0.1 25.9816
0 25.7945
0.1 27.0522
0.2 26.9167
0.3 27.6624
0.4 27.1358
0.5 27.4041
0.6 27.7522
0.7 27.8361
0.8 26.8382
0.9 28.5571
1 29.6497
1.1 30.0515
1.2 29.4293
1.3 28.8666
1.4 28.1063
1.5 32.2468
1.6 33.8361
1.7 32.0458
1.8 30.894
1.9 30.9899
2 33.2585
2.1 37.2921
2.2 37.3245
2.3 36.0182
2.4 33.1627
2.5 35.3006
2.6 39.1331
2.7 40.8174
2.8 41.4764
2.9 38.6926
3 39.5688
3.1 43.9436
3.2 44.1841
3.3 45.6968
3.4 46.3174
3.5 44.9358
3.6 45.8522
3.7 50.8157
3.8 55.6576
3.9 56.3361
4 51.821
4.1 52.1361
4.2 55.3264
4.3 63.0411
4.4 66.7103
4.5 70.1831
4.6 78.2081
4.7 89.9838
4.8 114.091
4.9 142.429
5 171.253
5.1 201.991
5.2 233.959
5.3 258.924
5.4 270.929
5.5 301.601
5.6 305.607
5.7 456.433
5.8 0
5.9 0
6 0
6.1 0
6.2 0
6.3 0
6.4 0
6.5 0
6.6 0
6.7 0
6.8 0
6.9 0
7 0
7.1 0
7.2 0
7.3 0
7.4 0
7.5 0
7.6 0
7.7 0
7.8 0
7.9 0
8 0
8.1 0
8.2 0
8.3 0
8.4 0
8.5 0
8.6 0
8.7 0
8.8 0
8.9 0
9 0
9.1 0
9.2 0
9.3 0
9.4 0
9.5 0
9.6 0
9.7 0
9.8 0
9.9 0
10 0
10.1 0
10.2 0
