-10.2 6.81814 0
-10.1 7.75923 0
-10 7.69306 0
-9.9 7.6624 0
-9.8 7.76702 0
-9.7 7.74773 0
-9.6 7.89309 0
-9.5 7.8408 0
-9.4 7.79605 0
-9.3 7.89884 0
-9.2 7.87405 0
-9.1 7.95422 0
-9 8.03097 0
-8.9 7.91017 0
-8.8 8.00824 0
-8.7 7.97971 0
-8.6 8.04531 0
-8.5 8.05704 0
-8.4 8.05647 0
-8.3 8.14158 0
-8.2 8.08081 0
-8.1 8.17384 0
-8 8.18155 0
-7.9 8.32922 0
-7.8 8.3079 0
-7.7 8.39178 0
-7.6 8.48486 0
-7.5 8.40935 0
-7.4 8.57004 0
-7.3 8.58895 0
-7.2 8.65992 0
-7.1 8.76668 0
-7 8.67094 0
-6.9 8.79487 0
-6.8 8.59962 0
-6.7 8.87751 0
-6.6 8.65314 0
-6.5 8.79043 0
-6.4 8.95968 0
-6.3 8.93262 0
-6.2 9.0055 0
-6.1 9.14233 0
-6 9.34132 0
-5.9 9.19508 0
-5.8 9.50814 0
-5.7 9.44342 0
-5.6 9.49581 0
-5.5 9.65716 0
-5.4 9.91808 0
-5.3 10.0089 0
-5.2 10.3986 0
-5.1 11.062 0
-5 12.0228 0
-4.9 13.4189 0
-4.8 14.2124 0
-4.7 14.6912 0
-4.6 14.462 0
-4.5 14.0174 0
-4.4 14.7549 0
-4.3 15.2325 0
-4.2 14.6856 0
-4.1 14.5425 0
-4 14.8712 0
-3.9 14.9669 0
-3.8 15.0406 0
-3.7 14.7863 0
-3.6 15.0708 0
-3.5 15.0992 0
-3.4 15.5801 0
-3.3 15.2842 0
-3.2 15.3649 0
-3.1 15.6875 0
-3 15.6113 0
-2.9 15.6401 0
-2.8 16.3269 0
-2.7 16.5763 0
-2.6 15.9694 0
-2.5 16.0611 0
-2.4 15.8176 0
-2.3 16.1946 0
-2.2 16.4183 0
-2.1 16.2844 0
-2 16.3023 0
-1.9 16.6251 0
-1.8 17.0324 0
-1.7 17.108 0
-1.6 17.0845 0
-1.5 16.4433 0
-1.4 16.9399 0
-1.3 17.5894 0
-1.2 17.2729 0
-1.1 17.057 0
-1 17.7346 0
-0.9 18.4713 0
-0.8 18.3027 0
-0.7 17.369 0
-0.6 18.0068 0
-0.5 18.1863 0
-0.4 18.9148 0
-0.3 18.8405 0
-0.2 18.3695 0
-0.1 18.3898 0
8.88178e-16 18.6658 0
0.1 19.6716 0
0.2 19.6575 0
0.3 19.7544 0
0.4 19.415 0
0.5 19.5606 0
0.6 20.4597 0
0.7 20.5778 0
0.8 20.6602 0
0.9 20.0263 0
1 20.7998 0
1.1 22.4374 0
1.2 22.2278 0
1.3 22.6702 0
1.4 22.5571 0
1.5 21.4989 0
1.6 23.7602 0
1.7 23.4007 0
1.8 23.9803 0
1.9 23.285 0
2 23.7126 0
2.1 24.6582 0
2.2 25.9887 0
2.3 25.5716 0
2.4 25.6093 0
2.5 25.2822 0
2.6 26.8662 0
2.7 27.6404 0
2.8 29.1099 0
2.9 28.7286 0
3 28.3015 0
3.1 28.9468 0
3.2 30.3228 0
3.3 32.1287 0
3.4 32.5556 0
3.5 31.0494 0
3.6 30.8571 0
3.7 33.2594 0
3.8 35.3138 0
3.9 36.6664 0
4 37.1049 0
4.1 36.4449 0
4.2 37.1577 0
4.3 39.1875 0
4.4 43.2908 0
4.5 44.8346 0
4.6 48.0337 0
4.7 51.9442 0
4.8 58.615 0
4.9 69.0975 0
5 82.1029 0
5.1 95.2689 0
5.2 107.936 0
5.3 118.379 0
5.4 130.729 0
5.5 148.008 0
5.6 146.793 0
5.7 153.782 0
5.8 291.314 0
5.9 5.17275e-12 0
6 0 0
6.1 0 0
6.2 0 0
6.3 0 0
6.4 0 0
6.5 0 0
6.6 0 0
6.7 0 0
6.8 0 0
6.9 0 0
7 0 0
7.1 0 0
7.2 0 0
7.3 0 0
7.4 0 0
7.5 0 0
7.6 0 0
7.7 0 0
7.8 0 0
7.9 0 0
8 0 0
8.1 0 0
8.2 0 0
8.3 0 0
8.4 0 0
8.5 0 0
8.6 0 0
8.7 0 0
8.8 0 0
8.9 0 0
9 0 0
9.1 0 0
9.2 0 0
9.3 0 0
9.4 0 0
9.5 0 0
9.6 0 0
9.7 0 0
9.8 0 0
9.9 0 0
10 0 0
10.1 0 0
10.2 0 0
