-10.2 1.13356e-06 0
-10.1 1.13698e-06 0
-10 6.34748e-07 0
-9.9 1.33248e-06 0
-9.8 2.08496e-06 0
-9.7 1.51276e-06 0
-9.6 1.6253e-06 0
-9.5 1.92858e-06 0
-9.4 1.84833e-06 0
-9.3 1.06201e-06 0
-9.2 1.38153e-06 0
-9.1 1.54057e-06 0
-9 1.23169e-06 0
-8.9 1.53956e-06 0
-8.8 1.4994e-06 0
-8.7 1.40868e-06 0
-8.6 1.8947e-06 0
-8.5 1.77103e-06 0
-8.4 2.43916e-06 0
-8.3 1.34421e-06 0
-8.2 6.49416e-07 0
-8.1 1.71965e-06 0
-8 1.31418e-06 0
-7.9 2.43148e-06 0
-7.8 1.55766e-06 0
-7.7 1.67495e-06 0
-7.6 1.88727e-06 0
-7.5 1.20808e-06 0
-7.4 2.91092e-06 0
-7.3 1.47529e-06 0
-7.2 1.50622e-06 0
-7.1 1.19331e-06 0
-7 1.70336e-06 0
-6.9 1.18945e-06 0
-6.8 1.9511e-06 0
-6.7 2.67641e-06 0
-6.6 2.5575e-06 0
-6.5 1.80781e-06 0
-6.4 1.40931e-06 0
-6.3 1.28249e-06 0
-6.2 1.67898e-06 0
-6.1 1.41256e-06 0
-6 8.28446e-07 0
-5.9 1.46397e-06 0
-5.8 2.41134e-06 0
-5.7 1.06988e-06 0
-5.6 1.54492e-06 0
-5.5 9.43061e-07 0
-5.4 9.589e-07 0
-5.3 9.12999e-07 0
-5.2 9.59892e-07 0
-5.1 7.15309e-07 0
-5 9.92151e-07 0
-4.9 1.44469e-06 0
-4.8 1.52081e-06 0
-4.7 1.0014e-06 0
-4.6 9.2354e-07 0
-4.5 6.48303e-07 0
-4.4 1.46548e-06 0
-4.3 1.28895e-06 0
-4.2 1.32653e-06 0
-4.1 1.36601e-06 0
-4 6.86023e-07 0
-3.9 1.15625e-06 0
-3.8 1.54567e-06 0
-3.7 1.53671e-06 0
-3.6 1.30746e-06 0
-3.5 1.48503e-06 0
-3.4 1.86544e-06 0
-3.3 1.38193e-06 0
-3.2 1.72923e-06 0
-3.1 5.8835e-07 0
-3 6.64601e-07 0
-2.9 1.35306e-06 0
-2.8 2.17565e-07 0
-2.7 2.72593e-07 0
-2.6 1.43869e-06 0
-2.5 1.02187e-06 0
-2.4 1.43092e-06 0
-2.3 1.61093e-06 0
-2.2 1.44649e-06 0
-2.1 1.42237e-06 0
-2 7.26292e-07 0
-1.9 7.47646e-07 0
-1.8 6.16137e-07 0
-1.7 6.20546e-07 0
-1.6 8.76128e-07 0
-1.5 7.37623e-07 0
-1.4 5.04431e-07 0
-1.3 1.36652e-06 0
-1.2 9.42084e-07 0
-1.1 1.46539e-06 0
-1 1.40085e-06 0
-0.9 1.62088e-06 0
-0.8 6.80128e-07 0
-0.7 8.38579e-08 0
-0.6 4.06746e-07 0
-0.5 5.50824e-07 0
-0.4 6.28607e-07 0
-0.3 9.39919e-07 0
-0.2 1.48242e-06 0
-0.1 1.77079e-06 0
8.88178e-16 1.2329e-06 0
0.1 1.08278e-06 0
0.2 6.36182e-07 0
0.3 1.1463e-06 0
0.4 3.07156e-07 0
0.5 1.24201e-06 0
0.6 1.19675e-06 0
0.7 1.59265e-07 0
0.8 5.58054e-07 0
0.9 8.24418e-07 0
1 2.89987e-07 0
1.1 1.29815e-06 0
1.2 1.16246e-06 0
1.3 8.7778e-07 0
1.4 9.8157e-07 0
1.5 7.75869e-07 0
1.6 5.67883e-07 0
1.7 2.09294e-06 0
1.8 1.72517e-06 0
1.9 1.55497e-06 0
2 1.43661e-06 0
2.1 8.26836e-07 0
2.2 1.90717e-06 0
2.3 1.39474e-06 0
2.4 8.02436e-07 0
2.5 8.11818e-07 0
2.6 8.38529e-07 0
2.7 2.79737e-07 0
2.8 6.47436e-07 0
2.9 2.55023e-07 0
3 5.58955e-07 0
3.1 1.29413e-06 0
3.2 1.88837e-06 0
3.3 1.41292e-06 0
3.4 1.95917e-06 0
3.5 1.80539e-06 0
3.6 2.92655e-06 0
3.7 1.85633e-06 0
3.8 1.56263e-06 0
3.9 1.54649e-06 0
4 1.41086e-06 0
4.1 1.10872e-06 0
4.2 6.46891e-07 0
4.3 1.24985e-07 0
4.4 4.69024e-08 0
4.5 3.53745e-11 0
4.6 3.10193e-25 0
4.7 9.07675e-11 0
4.8 0 0
4.9 3.9966e-25 0
5 4.49978e-11 0
5.1 7.64272e-08 0
5.2 1.15493e-10 0
5.3 4.21996e-11 0
5.4 7.03366e-08 0
5.5 2.69664e-08 0
5.6 2.38228e-22 0
5.7 0 0
5.8 0 0
5.9 7.98639e-11 0
6 0 0
6.1 4.96904e-11 0
6.2 9.41915e-11 0
6.3 4.53117e-11 0
6.4 3.69934e-11 0
6.5 0 0
6.6 0 0
6.7 1.80262e-07 0
6.8 4.91711e-07 0
6.9 8.68209e-21 0
7 0 0
7.1 0 0
7.2 9.59481e-11 0
7.3 0 0
7.4 0 0
7.5 0 0
7.6 0 0
7.7 0 0
7.8 0 0
7.9 0 0
8 4.99114e-11 0
8.1 0 0
8.2 3.40084e-07 0
8.3 4.66595e-08 0
8.4 4.98911e-11 0
8.5 0 0
8.6 0 0
8.7 0 0
8.8 0 0
8.9 0 0
9 0 0
9.1 0 0
9.2 8.77046e-08 0
9.3 2.2864e-07 0
9.4 0 0
9.5 0 0
9.6 0 0
9.7 0 0
9.8 0 0
9.9 0 0
10 0 0
10.1 0 0
10.2 0 0
