-10.2 0.0625646 0
-10.1 0.063613 0
-10 0.0639652 0
-9.9 0.0643781 0
-9.8 0.0646401 0
-9.7 0.0647097 0
-9.6 0.0652867 0
-9.5 0.0653231 0
-9.4 0.065645 0
-9.3 0.0660316 0
-9.2 0.0661645 0
-9.1 0.0666548 0
-9 0.0667163 0
-8.9 0.0671059 0
-8.8 0.067446 0
-8.7 0.0682437 0
-8.6 0.068072 0
-8.5 0.0682154 0
-8.4 0.06909 0
-8.3 0.0686984 0
-8.2 0.0688565 0
-8.1 0.0691078 0
-8 0.0690877 0
-7.9 0.0694105 0
-7.8 0.0695048 0
-7.7 0.0698492 0
-7.6 0.0704175 0
-7.5 0.0706063 0
-7.4 0.0712534 0
-7.3 0.071703 0
-7.2 0.0714313 0
-7.1 0.0718473 0
-7 0.0722959 0
-6.9 0.0725571 0
-6.8 0.0727001 0
-6.7 0.0730701 0
-6.6 0.0736157 0
-6.5 0.0742752 0
-6.4 0.0743085 0
-6.3 0.0747391 0
-6.2 0.0753242 0
-6.1 0.0756357 0
-6 0.0759333 0
-5.9 0.076355 0
-5.8 0.0769124 0
-5.7 0.0778298 0
-5.6 0.0781947 0
-5.5 0.0783543 0
-5.4 0.079304 0
-5.3 0.0794448 0
-5.2 0.0804677 0
-5.1 0.0817934 0
-5 0.0828445 0
-4.9 0.0839502 0
-4.8 0.0850347 0
-4.7 0.0854531 0
-4.6 0.0840244 0
-4.5 0.0843647 0
-4.4 0.0846502 0
-4.3 0.0847656 0
-4.2 0.0843012 0
-4.1 0.0843895 0
-4 0.0841061 0
-3.9 0.0841245 0
-3.8 0.0843297 0
-3.7 0.0844497 0
-3.6 0.0846748 0
-3.5 0.0846728 0
-3.4 0.084756 0
-3.3 0.0840518 0
-3.2 0.0846183 0
-3.1 0.0846265 0
-3 0.0848607 0
-2.9 0.0851888 0
-2.8 0.0848456 0
-2.7 0.0851473 0
-2.6 0.0848333 0
-2.5 0.0849553 0
-2.4 0.08475 0
-2.3 0.084765 0
-2.2 0.0847477 0
-2.1 0.0848778 0
-2 0.0847324 0
-1.9 0.0849807 0
-1.8 0.0846412 0
-1.7 0.0849261 0
-1.6 0.084502 0
-1.5 0.0844568 0
-1.4 0.0849022 0
-1.3 0.0849253 0
-1.2 0.0849541 0
-1.1 0.0847287 0
-1 0.085408 0
-0.9 0.0855587 0
-0.8 0.0850206 0
-0.7 0.085042 0
-0.6 0.0851857 0
-0.5 0.0850854 0
-0.4 0.0854803 0
-0.3 0.0855678 0
-0.2 0.0853691 0
-0.1 0.0858662 0
8.88178e-16 0.0860915 0
0.1 0.0866897 0
0.2 0.086264 0
0.3 0.0859532 0
0.4 0.0855875 0
0.5 0.0861708 0
0.6 0.0863275 0
0.7 0.0860455 0
0.8 0.0859822 0
0.9 0.0863574 0
1 0.0871976 0
1.1 0.0879929 0
1.2 0.0875881 0
1.3 0.0876288 0
1.4 0.0874535 0
1.5 0.0870132 0
1.6 0.0879807 0
1.7 0.0875917 0
1.8 0.0873978 0
1.9 0.0873462 0
2 0.0881851 0
2.1 0.0881138 0
2.2 0.0884245 0
2.3 0.0882369 0
2.4 0.0880808 0
2.5 0.0885425 0
2.6 0.0891068 0
2.7 0.0896715 0
2.8 0.0896901 0
2.9 0.0885613 0
3 0.0885369 0
3.1 0.0890761 0
3.2 0.0899174 0
3.3 0.0899757 0
3.4 0.0891735 0
3.5 0.0880753 0
3.6 0.088857 0
3.7 0.0899965 0
3.8 0.090724 0
3.9 0.0903814 0
4 0.0890432 0
4.1 0.0889217 0
4.2 0.089495 0
4.3 0.0906123 0
4.4 0.0925482 0
4.5 0.0925581 0
4.6 0.0935839 0
4.7 0.0938355 0
4.8 0.09547 0
4.9 0.0945012 0
5 0.0863575 0
5.1 0.0670973 0
5.2 0.0423463 0
5.3 0.0218989 0
5.4 0.00904219 0
5.5 0.00274986 0
5.6 0.00074588 0
5.7 0.000236067 0
5.8 4.03408e-05 0
5.9 6.68105e-05 0
6 4.506e-05 0
6.1 4.56639e-05 0
6.2 5.7468e-05 0
6.3 5.16223e-05 0
6.4 7.31635e-05 0
6.5 5.55588e-05 0
6.6 2.75769e-05 0
6.7 5.62626e-05 0
6.8 0.000102445 0
6.9 7.01548e-05 0
7 2.90604e-05 0
7.1 2.56365e-05 0
7.2 2.15825e-05 0
7.3 1.57771e-05 0
7.4 2.20949e-05 0
7.5 3.22999e-05 0
7.6 2.14048e-05 0
7.7 0.000116478 0
7.8 6.13298e-05 0
7.9 5.68298e-05 0
8 6.23774e-05 0
8.1 5.89269e-05 0
8.2 3.86248e-05 0
8.3 2.0542e-05 0
8.4 6.17053e-05 0
8.5 4.73745e-05 0
8.6 7.3997e-06 0
8.7 5.61872e-06 0
8.8 5.07048e-06 0
8.9 6.76442e-06 0
9 3.54912e-05 0
9.1 6.74307e-05 0
9.2 2.4908e-05 0
9.3 1.91709e-05 0
9.4 2.60395e-05 0
9.5 4.79744e-05 0
9.6 2.72239e-05 0
9.7 1.0517e-05 0
9.8 1.35021e-05 0
9.9 3.60992e-05 0
10 2.39757e-05 0
10.1 1.08819e-05 0
10.2 1.10052e-05 0
