-10.2 0.000934582 0
-10.1 0.000736854 0
-10 0.000619031 0
-9.9 0.000485254 0
-9.8 0.00122879 0
-9.7 0.000637506 0
-9.6 0.000839417 0
-9.5 0.000760774 0
-9.4 0.000710923 0
-9.3 0.000841359 0
-9.2 0.000988389 0
-9.1 0.00114366 0
-9 0.00129266 0
-8.9 0.000836587 0
-8.8 0.00106096 0
-8.7 0.000858818 0
-8.6 0.00103373 0
-8.5 0.000615301 0
-8.4 0.00124955 0
-8.3 0.00102819 0
-8.2 0.000770623 0
-8.1 0.00096364 0
-8 0.000842343 0
-7.9 0.00088118 0
-7.8 0.000834817 0
-7.7 0.000831272 0
-7.6 0.00125652 0
-7.5 0.000848532 0
-7.4 0.000855024 0
-7.3 0.00101574 0
-7.2 0.000665784 0
-7.1 0.000558853 0
-7 0.000742402 0
-6.9 0.000712685 0
-6.8 0.00076947 0
-6.7 0.000655929 0
-6.6 0.000563254 0
-6.5 0.000654694 0
-6.4 0.000952208 0
-6.3 0.0011345 0
-6.2 0.00114912 0
-6.1 0.00106564 0
-6 0.000828576 0
-5.9 0.000908324 0
-5.8 0.000942579 0
-5.7 0.000898303 0
-5.6 0.000688313 0
-5.5 0.000778703 0
-5.4 0.00103082 0
-5.3 0.00100237 0
-5.2 0.00057093 0
-5.1 0.000948902 0
-5 0.000766074 0
-4.9 0.000841081 0
-4.8 0.000826273 0
-4.7 0.000681618 0
-4.6 0.00125847 0
-4.5 0.00102998 0
-4.4 0.000643169 0
-4.3 0.00107202 0
-4.2 0.000722596 0
-4.1 0.000709002 0
-4 0.000926552 0
-3.9 0.000759166 0
-3.8 0.000609854 0
-3.7 0.00095334 0
-3.6 0.00143221 0
-3.5 0.000843749 0
-3.4 0.00100693 0
-3.3 0.000654175 0
-3.2 0.000880024 0
-3.1 0.000729486 0
-3 0.00107512 0
-2.9 0.00131289 0
-2.8 0.000940154 0
-2.7 0.00071551 0
-2.6 0.000728339 0
-2.5 0.00125889 0
-2.4 0.00078091 0
-2.3 0.00100509 0
-2.2 0.00102448 0
-2.1 0.000946548 0
-2 0.000748701 0
-1.9 0.000577255 0
-1.8 0.00111467 0
-1.7 0.000630079 0
-1.6 0.000636789 0
-1.5 0.00067065 0
-1.4 0.00091298 0
-1.3 0.00076835 0
-1.2 0.000875786 0
-1.1 0.00070604 0
-1 0.000723367 0
-0.9 0.000989236 0
-0.8 0.000626967 0
-0.7 0.000743054 0
-0.6 0.000651397 0
-0.5 0.000493024 0
-0.4 0.000629586 0
-0.3 0.000788286 0
-0.2 0.000682182 0
-0.1 0.00114812 0
8.88178e-16 0.000920974 0
0.1 0.000967519 0
0.2 0.000722314 0
0.3 0.000564814 0
0.4 0.000744271 0
0.5 0.000617487 0
0.6 0.000769686 0
0.7 0.000396285 0
0.8 0.000778736 0
0.9 0.000994592 0
1 0.00066079 0
1.1 0.000749677 0
1.2 0.000820854 0
1.3 0.000790486 0
1.4 0.000595398 0
1.5 0.000859903 0
1.6 0.0008275 0
1.7 0.000825244 0
1.8 0.000490989 0
1.9 0.00107546 0
2 0.000931122 0
2.1 0.00083903 0
2.2 0.000436121 0
2.3 0.000475396 0
2.4 0.000713795 0
2.5 0.000763603 0
2.6 0.000800798 0
2.7 0.000437426 0
2.8 0.000877432 0
2.9 0.00086139 0
3 0.00110891 0
3.1 0.000665195 0
3.2 0.000608702 0
3.3 0.00103326 0
3.4 0.000613382 0
3.5 0.000699703 0
3.6 0.000433504 0
3.7 0.000732844 0
3.8 0.000745727 0
3.9 0.000716367 0
4 0.000713476 0
4.1 0.000722655 0
4.2 0.00100107 0
4.3 0.000567587 0
4.4 0.000380117 0
4.5 0.000412692 0
4.6 0.000485065 0
4.7 0.000381649 0
4.8 0.000238594 0
4.9 0.000158842 0
5 6.97178e-05 0
5.1 8.41656e-05 0
5.2 3.23145e-05 0
5.3 1.99394e-05 0
5.4 2.04119e-05 0
5.5 0 0
5.6 0 0
5.7 0 0
5.8 3.01312e-05 0
5.9 5.35325e-19 0
6 0 0
6.1 0 0
6.2 0 0
6.3 0 0
6.4 3.12765e-05 0
6.5 0 0
6.6 6.11941e-05 0
6.7 1.05957e-05 0
6.8 2.0531e-05 0
6.9 3.65918e-19 0
7 0 0
7.1 0 0
7.2 0 0
7.3 0 0
7.4 0 0
7.5 0 0
7.6 2.51898e-05 0
7.7 2.58244e-05 0
7.8 7.31837e-05 0
7.9 1.30104e-18 0
8 0 0
8.1 2.17834e-06 0
8.2 2.70688e-05 0
8.3 1.10566e-05 0
8.4 1.96512e-19 0
8.5 0 0
8.6 0 0
8.7 0 0
8.8 0 0
8.9 0 0
9 2.88992e-05 0
9.1 0 0
9.2 0 0
9.3 0 0
9.4 0 0
9.5 0 0
9.6 0 0
9.7 3.76337e-05 0
9.8 0 0
9.9 0 0
10 0 0
10.1 0 0
10.2 3.28306e-05 0
