-10.2 7.87775 0
-10.1 9.91456 0
-10 9.6864 0
-9.9 9.59522 0
-9.8 10.179 0
-9.7 9.80743 0
-9.6 10.0221 0
-9.5 10.0591 0
-9.4 9.97219 0
-9.3 10.2239 0
-9.2 9.9978 0
-9.1 10.5142 0
-9 10.4279 0
-8.9 10.5868 0
-8.8 10.6878 0
-8.7 11.3901 0
-8.6 11.1299 0
-8.5 11.0483 0
-8.4 11.7306 0
-8.3 10.9534 0
-8.2 10.785 0
-8.1 11.2777 0
-8 10.8064 0
-7.9 11.0518 0
-7.8 11.1209 0
-7.7 11.2128 0
-7.6 11.4162 0
-7.5 11.0505 0
-7.4 11.4791 0
-7.3 11.8901 0
-7.2 11.506 0
-7.1 11.2778 0
-7 11.4782 0
-6.9 11.5164 0
-6.8 11.5055 0
-6.7 11.2935 0
-6.6 11.6216 0
-6.5 11.9833 0
-6.4 11.8133 0
-6.3 11.9429 0
-6.2 12.0331 0
-6.1 12.1867 0
-6 12.622 0
-5.9 12.1468 0
-5.8 12.1103 0
-5.7 12.8852 0
-5.6 12.8605 0
-5.5 12.1104 0
-5.4 13.2391 0
-5.3 12.441 0
-5.2 13.0303 0
-5.1 14.0977 0
-5 14.7401 0
-4.9 15.9264 0
-4.8 16.9493 0
-4.7 17.8892 0
-4.6 16.6028 0
-4.5 16.493 0
-4.4 17.3895 0
-4.3 17.833 0
-4.2 17.116 0
-4.1 17.5226 0
-4 17.115 0
-3.9 17.3346 0
-3.8 17.2216 0
-3.7 17.5924 0
-3.6 18.0708 0
-3.5 17.9567 0
-3.4 18.1707 0
-3.3 17.4273 0
-3.2 17.7656 0
-3.1 17.8841 0
-3 18.142 0
-2.9 18.0818 0
-2.8 18.2097 0
-2.7 18.9236 0
-2.6 18.2186 0
-2.5 18.7551 0
-2.4 18.5027 0
-2.3 18.6919 0
-2.2 18.6009 0
-2.1 18.821 0
-2 18.5936 0
-1.9 19.0826 0
-1.8 19.2197 0
-1.7 19.6837 0
-1.6 19.2069 0
-1.5 18.5769 0
-1.4 18.9806 0
-1.3 19.8441 0
-1.2 19.7633 0
-1.1 19.4549 0
-1 20.1789 0
-0.9 20.5519 0
-0.8 20.1674 0
-0.7 19.7781 0
-0.6 20.4088 0
-0.5 20.2516 0
-0.4 21.0708 0
-0.3 20.757 0
-0.2 21.091 0
-0.1 21.5662 0
8.88178e-16 21.0507 0
0.1 22.232 0
0.2 22.0864 0
0.3 22.4233 0
0.4 21.341 0
0.5 22.4099 0
0.6 22.7996 0
0.7 22.8447 0
0.8 22.971 0
0.9 22.0528 0
1 22.8355 0
1.1 24.417 0
1.2 24.4121 0
1.3 24.9418 0
1.4 24.4974 0
1.5 23.5037 0
1.6 25.5854 0
1.7 25.6198 0
1.8 25.7321 0
1.9 25.5602 0
2 25.752 0
2.1 26.5058 0
2.2 27.7364 0
2.3 27.5146 0
2.4 27.3323 0
2.5 27.1228 0
2.6 28.8614 0
2.7 29.7208 0
2.8 30.9172 0
2.9 30.4859 0
3 30.684 0
3.1 30.21 0
3.2 31.8433 0
3.3 33.7405 0
3.4 34.4855 0
3.5 32.5221 0
3.6 32.9105 0
3.7 34.521 0
3.8 36.8973 0
3.9 38.2147 0
4 38.4129 0
4.1 37.4404 0
4.2 38.324 0
4.3 40.328 0
4.4 44.3588 0
4.5 45.811 0
4.6 48.7108 0
4.7 52.6542 0
4.8 59.5526 0
4.9 69.4501 0
5 82.6766 0
5.1 95.543 0
5.2 108.184 0
5.3 118.494 0
5.4 130.751 0
5.5 147.311 0
5.6 145.499 0
5.7 147.659 0
5.8 181.588 0
5.9 139.416 0
6 122.825 0
6.1 186.611 0
6.2 135.18 0
6.3 96.6377 0
6.4 121.423 0
6.5 126.413 0
6.6 235.007 0
6.7 124.037 0
6.8 197.053 0
6.9 158.324 0
7 225.458 0
7.1 257.799 0
7.2 228.041 0
7.3 141.604 0
7.4 96.1626 0
7.5 188.696 0
7.6 158.957 0
7.7 85.8751 0
7.8 121.847 0
7.9 133.275 0
8 125.578 0
8.1 195.436 0
8.2 179.809 0
8.3 200.747 0
8.4 139.56 0
8.5 157.165 0
8.6 239.859 0
8.7 293.447 0
8.8 423.545 0
8.9 243.811 0
9 160.029 0
9.1 128.352 0
9.2 172.095 0
9.3 74.5173 0
9.4 62.6237 0
9.5 122.852 0
9.6 106.641 0
9.7 27.1119 0
9.8 47.2163 0
9.9 151.324 0
10 187.077 0
10.1 151.936 0
10.2 175.365 0
