-10.2 0.0699349 0
-10.1 0.0710908 0
-10 0.0712291 0
-9.9 0.0717318 0
-9.8 0.0729275 0
-9.7 0.0720369 0
-9.6 0.0730498 0
-9.5 0.0728808 0
-9.4 0.0731245 0
-9.3 0.0737021 0
-9.2 0.0738851 0
-9.1 0.0746328 0
-9 0.0748142 0
-8.9 0.0747722 0
-8.8 0.0751835 0
-8.7 0.075882 0
-8.6 0.0759872 0
-8.5 0.0756606 0
-8.4 0.0772817 0
-8.3 0.0765889 0
-8.2 0.0763668 0
-8.1 0.0767928 0
-8 0.0764635 0
-7.9 0.0770942 0
-7.8 0.0770738 0
-7.7 0.0775534 0
-7.6 0.0784056 0
-7.5 0.0781106 0
-7.4 0.078877 0
-7.3 0.0794945 0
-7.2 0.0788454 0
-7.1 0.0790359 0
-7 0.079621 0
-6.9 0.0797344 0
-6.8 0.0801334 0
-6.7 0.0804815 0
-6.6 0.0806367 0
-6.5 0.0815719 0
-6.4 0.081996 0
-6.3 0.0825087 0
-6.2 0.0831318 0
-6.1 0.0833066 0
-6 0.0832333 0
-5.9 0.0838739 0
-5.8 0.0845568 0
-5.7 0.0853045 0
-5.6 0.0854064 0
-5.5 0.0856064 0
-5.4 0.0867079 0
-5.3 0.0868504 0
-5.2 0.0871554 0
-5.1 0.0891427 0
-5 0.0900432 0
-4.9 0.0912569 0
-4.8 0.0924344 0
-4.7 0.0924094 0
-4.6 0.0915659 0
-4.5 0.0916073 0
-4.4 0.0916536 0
-4.3 0.0920168 0
-4.2 0.0911426 0
-4.1 0.0911193 0
-4 0.0910247 0
-3.9 0.0907539 0
-3.8 0.090786 0
-3.7 0.0914709 0
-3.6 0.0920762 0
-3.5 0.0914679 0
-3.4 0.0915958 0
-3.3 0.0905564 0
-3.2 0.0914885 0
-3.1 0.0910947 0
-3 0.0916077 0
-2.9 0.0924291 0
-2.8 0.0914619 0
-2.7 0.0913501 0
-2.6 0.0912952 0
-2.5 0.0919083 0
-2.4 0.0910785 0
-2.3 0.0913835 0
-2.2 0.0913248 0
-2.1 0.0915321 0
-2 0.0909239 0
-1.9 0.0909845 0
-1.8 0.0909541 0
-1.7 0.0907504 0
-1.6 0.090513 0
-1.5 0.0903805 0
-1.4 0.090928 0
-1.3 0.090771 0
-1.2 0.0909126 0
-1.1 0.0906244 0
-1 0.0912301 0
-0.9 0.0916029 0
-0.8 0.0905594 0
-0.7 0.0906292 0
-0.6 0.0906663 0
-0.5 0.0904841 0
-0.4 0.0908565 0
-0.3 0.0910007 0
-0.2 0.0907976 0
-0.1 0.0916657 0
8.88178e-16 0.0916442 0
0.1 0.0922505 0
0.2 0.0915288 0
0.3 0.0911265 0
0.4 0.0906632 0
0.5 0.0911667 0
0.6 0.0914696 0
0.7 0.0905786 0
0.8 0.0909142 0
0.9 0.091468 0
1 0.0918858 0
1.1 0.0927702 0
1.2 0.092373 0
1.3 0.0922045 0
1.4 0.0918147 0
1.5 0.091563 0
1.6 0.092424 0
1.7 0.0922317 0
1.8 0.0914835 0
1.9 0.0919284 0
2 0.0924987 0
2.1 0.0923119 0
2.2 0.0921744 0
2.3 0.0918185 0
2.4 0.0918511 0
2.5 0.0922357 0
2.6 0.0927063 0
2.7 0.0927549 0
2.8 0.0931564 0
2.9 0.0919539 0
3 0.0921591 0
3.1 0.0921171 0
3.2 0.0927767 0
3.3 0.0931725 0
3.4 0.0918812 0
3.5 0.0907385 0
3.6 0.0911639 0
3.7 0.0924868 0
3.8 0.0929479 0
3.9 0.0924148 0
4 0.0908811 0
4.1 0.0905377 0
4.2 0.0913289 0
4.3 0.0917223 0
4.4 0.0933058 0
4.5 0.0932399 0
4.6 0.0942869 0
4.7 0.0944028 0
4.8 0.0958433 0
4.9 0.0947917 0
5 0.0865171 0
5.1 0.0672591 0
5.2 0.0424129 0
5.3 0.0219511 0
5.4 0.00911807 0
5.5 0.0027733 0
5.6 0.000756588 0
5.7 0.000249385 0
5.8 8.82114e-05 0
5.9 8.46953e-05 0
6 5.01788e-05 0
6.1 5.50724e-05 0
6.2 7.2874e-05 0
6.3 6.91572e-05 0
6.4 0.000122718 0
6.5 6.29023e-05 0
6.6 9.539e-05 0
6.7 8.92188e-05 0
6.8 0.000188206 0
6.9 8.40682e-05 0
7 3.43868e-05 0
7.1 4.0846e-05 0
7.2 3.3073e-05 0
7.3 3.12478e-05 0
7.4 3.68124e-05 0
7.5 4.95119e-05 0
7.6 5.75169e-05 0
7.7 0.000157141 0
7.8 0.000143538 0
7.9 6.76198e-05 0
8 7.20768e-05 0
8.1 8.43424e-05 0
8.2 0.000107709 0
8.3 5.14262e-05 0
8.4 7.08375e-05 0
8.5 5.27832e-05 0
8.6 1.72133e-05 0
8.7 1.28053e-05 0
8.8 8.5665e-06 0
8.9 1.81166e-05 0
9 7.52059e-05 0
9.1 7.45061e-05 0
9.2 4.205e-05 0
9.3 5.7357e-05 0
9.4 2.98753e-05 0
9.5 5.63965e-05 0
9.6 3.36815e-05 0
9.7 5.07961e-05 0
9.8 1.80424e-05 0
9.9 5.04963e-05 0
10 4.15793e-05 0
10.1 1.57874e-05 0
10.2 4.88064e-05 0
