1.09967 1.72017e-12 4.76403e-13
3.099 3.07297e-12 6.45504e-13
5.09833 2.12022e-12 5.40063e-13
7.09767 1.49362e-12 4.4486e-13
9.097 2.5024e-12 5.39753e-13
11.0963 1.59866e-12 4.92684e-13
13.0957 2.29859e-12 5.93241e-13
15.095 1.56187e-12 4.7548e-13
17.0943 2.52652e-12 5.50605e-13
19.0937 3.62293e-12 6.31019e-13
21.093 2.8979e-12 5.51696e-13
23.0923 3.83972e-12 6.63661e-13
25.0917 2.31754e-12 5.36381e-13
27.091 3.26085e-12 5.99684e-13
29.0903 2.98039e-12 6.71741e-13
31.0897 3.3821e-12 6.19611e-13
33.089 4.33013e-12 7.27337e-13
35.0883 4.47357e-12 7.46185e-13
37.0877 3.67149e-12 5.92907e-13
39.087 4.78325e-12 8.13388e-13
41.0863 3.85699e-12 6.86909e-13
43.0857 5.9756e-12 8.28021e-13
45.085 5.76518e-12 8.47049e-13
47.0843 5.54973e-12 8.08102e-13
49.0837 4.60952e-12 7.98891e-13
51.083 7.161e-12 9.16427e-13
53.0823 8.16887e-12 1.06629e-12
55.0817 7.25493e-12 1.08457e-12
57.081 8.0205e-12 9.18704e-13
59.0803 9.27423e-12 1.12108e-12
61.0797 8.53479e-12 1.15539e-12
63.079 1.16023e-11 1.21336e-12
65.0783 1.08831e-11 1.31538e-12
67.0777 1.11716e-11 1.23066e-12
69.077 1.3266e-11 1.54196e-12
71.0763 1.31143e-11 1.48446e-12
73.0757 1.56411e-11 1.62536e-12
75.075 1.65257e-11 1.71215e-12
77.0743 1.89871e-11 1.9873e-12
79.0737 1.92171e-11 1.80022e-12
81.073 2.31734e-11 2.10119e-12
83.0723 2.22165e-11 2.14048e-12
85.0717 2.50764e-11 2.36472e-12
87.071 2.89186e-11 2.31108e-12
89.0703 3.18447e-11 2.63623e-12
91.0697 3.16701e-11 2.61063e-12
93.069 3.65964e-11 2.99412e-12
95.0683 3.84775e-11 3.05354e-12
97.0677 4.21677e-11 3.14312e-12
99.067 4.58047e-11 3.44868e-12
101.066 4.92687e-11 3.58765e-12
103.066 5.39296e-11 4.3272e-12
105.065 6.056e-11 4.86868e-12
107.064 5.95606e-11 4.707e-12
109.064 6.48311e-11 5.26768e-12
111.063 7.53018e-11 6.43519e-12
113.062 7.37758e-11 6.13485e-12
115.062 7.9993e-11 7.20476e-12
117.061 8.36593e-11 7.17194e-12
119.06 9.61459e-11 8.2301e-12
121.06 9.93175e-11 8.87966e-12
123.059 1.04287e-10 9.27826e-12
125.058 1.12407e-10 1.03616e-11
127.058 1.22849e-10 1.09305e-11
129.057 1.32239e-10 1.16471e-11
131.056 1.37532e-10 1.29056e-11
133.056 1.47261e-10 1.34849e-11
135.055 1.56351e-10 1.46358e-11
137.054 1.67195e-10 1.55197e-11
139.054 1.78949e-10 1.70096e-11
141.053 1.84497e-10 1.69849e-11
143.052 1.86445e-10 1.83276e-11
145.052 1.98753e-10 2.01351e-11
147.051 2.10982e-10 2.23266e-11
149.05 2.35069e-10 2.48255e-11
151.05 2.48081e-10 2.68798e-11
153.049 2.56388e-10 3.00324e-11
155.048 2.71343e-10 3.24533e-11
157.048 2.71647e-10 3.43447e-11
159.047 2.71966e-10 3.54168e-11
161.046 2.66436e-10 3.56116e-11
163.046 2.67529e-10 3.55854e-11
165.045 2.6858e-10 3.54315e-11
167.044 2.77295e-10 3.70531e-11
169.044 2.86926e-10 4.21387e-11
171.043 2.82818e-10 4.49142e-11
173.042 2.94791e-10 4.9405e-11
175.042 2.50489e-10 4.67092e-11
177.041 2.30301e-10 4.85016e-11
179.04 2.05621e-10 4.66578e-11
181.04 2.25345e-10 4.90971e-11
183.039 2.18454e-10 4.88886e-11
185.038 1.98073e-10 5.10813e-11
187.038 1.9733e-10 5.64431e-11
189.037 1.81423e-10 5.64002e-11
191.036 2.07068e-10 6.17578e-11
193.036 2.28661e-10 6.93763e-11
195.035 2.59713e-10 7.67622e-11
197.034 2.34128e-10 7.77425e-11
199.034 2.16116e-10 7.30535e-11
201.033 2.06565e-10 7.57947e-11
203.032 2.37791e-10 9.07761e-11
205.032 1.35264e-10 6.53837e-11
207.031 1.31597e-10 7.48797e-11
209.03 1.54434e-10 8.78437e-11
211.03 1.10073e-10 7.71839e-11
213.029 1.55847e-10 8.87722e-11
215.028 1.8103e-10 1.02712e-10
217.028 1.30962e-10 8.70187e-11
219.027 7.26771e-11 7.21249e-11
221.026 9.60129e-11 9.52835e-11
223.026 8.88713e-11 8.8196e-11
225.025 0 0
227.024 0 0
229.024 0 0
231.023 0 0
233.022 0 0
235.022 0 0
237.021 0 0
239.02 0 0
241.02 0 0
243.019 0 0
245.018 0 0
247.018 0 0
249.017 0 0
251.016 0 0
253.016 0 0
255.015 0 0
257.014 0 0
259.014 0 0
261.013 0 0
263.012 0 0
265.012 0 0
267.011 0 0
269.01 0 0
271.01 0 0
273.009 0 0
275.008 0 0
277.008 0 0
279.007 0 0
281.006 0 0
283.006 0 0
285.005 0 0
287.004 0 0
289.004 0 0
291.003 0 0
293.002 0 0
295.002 0 0
297.001 0 0
299 0 0
