1 1.48883e-12 3.62658e-14
3 4.20274e-12 9.90142e-14
5 7.6676e-12 1.71647e-13
7 1.09201e-11 2.51977e-13
9 1.47392e-11 3.39961e-13
11 1.89273e-11 4.11308e-13
13 2.24239e-10 1.92273e-10
15 2.42213e-10 2.13525e-10
17 3.20306e-11 6.9219e-13
19 1.8168e-06 1.35104e-08
21 0.000104868 1.2861e-07
23 0.000125532 1.29557e-07
25 0.000109617 1.40224e-07
27 0.000110383 1.17399e-07
29 8.13747e-05 9.33418e-08
31 7.19377e-05 7.5693e-08
33 6.3679e-05 7.25917e-08
35 4.93719e-05 5.89954e-08
37 3.93517e-05 4.9907e-08
39 3.45978e-05 4.61571e-08
41 3.1603e-05 3.92514e-08
43 2.85058e-05 3.73136e-08
45 2.50585e-05 3.22341e-08
47 2.16089e-05 2.77978e-08
49 1.84692e-05 2.55348e-08
51 1.57537e-05 2.14959e-08
53 1.34873e-05 1.91054e-08
55 1.16791e-05 1.55388e-08
57 1.02153e-05 1.3975e-08
59 9.02484e-06 1.1965e-08
61 8.02512e-06 1.09098e-08
63 7.16693e-06 1.02583e-08
65 6.45303e-06 8.81446e-09
67 5.84783e-06 7.87365e-09
69 5.32172e-06 7.03535e-09
71 4.86953e-06 6.51561e-09
73 4.47525e-06 6.00387e-09
75 4.12504e-06 5.70422e-09
77 3.81202e-06 4.89643e-09
79 3.53472e-06 4.82575e-09
81 3.29019e-06 4.62945e-09
83 3.05634e-06 4.18704e-09
85 2.8403e-06 3.86275e-09
87 2.64522e-06 3.77925e-09
89 2.46763e-06 3.58956e-09
91 2.30337e-06 3.21484e-09
93 2.15379e-06 3.09431e-09
95 2.01728e-06 2.88082e-09
97 1.88921e-06 2.71168e-09
99 1.77316e-06 2.52909e-09
101 1.66519e-06 2.35677e-09
103 1.5647e-06 2.2123e-09
105 1.47171e-06 2.06359e-09
107 1.38697e-06 1.98038e-09
109 1.30748e-06 1.84645e-09
111 1.23485e-06 1.66166e-09
113 1.16556e-06 1.61075e-09
115 1.10264e-06 1.52665e-09
117 1.04435e-06 1.48158e-09
119 9.8878e-07 1.39268e-09
121 9.37679e-07 1.30573e-09
123 8.89365e-07 1.29307e-09
125 8.4396e-07 1.26005e-09
127 8.01936e-07 1.16088e-09
129 7.62573e-07 1.09084e-09
131 7.25482e-07 1.08612e-09
133 6.90925e-07 9.74184e-10
135 6.58496e-07 9.28261e-10
137 6.28152e-07 9.24229e-10
139 5.99774e-07 8.61278e-10
141 5.72318e-07 8.08782e-10
143 5.46659e-07 7.7516e-10
145 5.22626e-07 7.29092e-10
147 4.99116e-07 7.22543e-10
149 4.78151e-07 6.74124e-10
151 4.57606e-07 6.79257e-10
153 4.38337e-07 6.15225e-10
155 4.20162e-07 6.41089e-10
157 4.03252e-07 5.61268e-10
159 3.8697e-07 5.66641e-10
161 3.71639e-07 5.25556e-10
163 3.57115e-07 5.33152e-10
165 3.4306e-07 5.06737e-10
167 3.30009e-07 4.51691e-10
169 3.17082e-07 4.76454e-10
171 3.0504e-07 4.41896e-10
173 2.9352e-07 4.23125e-10
175 2.82672e-07 4.12769e-10
177 2.72049e-07 3.95233e-10
179 2.6234e-07 3.93393e-10
181 2.52657e-07 3.72772e-10
183 2.43859e-07 3.49886e-10
185 2.3529e-07 3.43735e-10
187 2.27132e-07 3.40868e-10
189 2.19535e-07 3.34491e-10
191 2.12055e-07 2.98282e-10
193 2.042e-07 3.03437e-10
195 1.97441e-07 3.0398e-10
197 1.9131e-07 2.7294e-10
199 1.85024e-07 2.76162e-10
201 1.79319e-07 2.6337e-10
203 1.73731e-07 2.51704e-10
205 1.68134e-07 2.52527e-10
207 1.63038e-07 2.42799e-10
209 1.57772e-07 2.31032e-10
211 1.5284e-07 2.33864e-10
213 1.48313e-07 2.06318e-10
215 1.43507e-07 2.13566e-10
217 1.39418e-07 1.97763e-10
219 1.35195e-07 2.05356e-10
221 1.31156e-07 1.85088e-10
223 1.27383e-07 1.92909e-10
225 1.23663e-07 1.86227e-10
227 1.20101e-07 1.73249e-10
229 1.16717e-07 1.70587e-10
231 1.13555e-07 1.71569e-10
233 1.10072e-07 1.61246e-10
235 1.07251e-07 1.54915e-10
237 1.04416e-07 1.5631e-10
239 1.01326e-07 1.51901e-10
241 9.85273e-08 1.42139e-10
243 9.58909e-08 1.38528e-10
245 9.34137e-08 1.2876e-10
247 9.07869e-08 1.27213e-10
249 8.83928e-08 1.29221e-10
251 8.61364e-08 1.2427e-10
253 8.39928e-08 1.20301e-10
255 8.15966e-08 1.16073e-10
257 7.96401e-08 1.13148e-10
259 7.76959e-08 1.10389e-10
261 7.58226e-08 1.06716e-10
263 7.37114e-08 1.05131e-10
265 7.18978e-08 1.008e-10
267 7.02858e-08 9.72915e-11
269 6.87259e-08 1.00364e-10
271 6.68632e-08 9.65286e-11
273 6.52307e-08 9.46547e-11
275 6.3692e-08 9.39366e-11
277 6.22948e-08 9.07945e-11
279 6.08106e-08 9.31567e-11
281 5.92786e-08 9.00606e-11
283 5.77797e-08 8.35348e-11
285 5.6504e-08 8.18567e-11
287 5.52805e-08 9.33177e-11
289 5.39787e-08 7.93204e-11
291 5.27584e-08 8.04839e-11
293 5.14696e-08 7.69474e-11
295 5.03121e-08 7.66661e-11
297 4.92216e-08 7.72348e-11
299 4.8239e-08 6.93597e-11
301 4.72335e-08 7.66138e-11
303 4.60714e-08 7.71126e-11
305 4.49674e-08 6.94445e-11
307 4.41188e-08 7.39404e-11
309 4.31512e-08 6.74937e-11
311 4.23691e-08 7.15137e-11
313 4.14909e-08 6.35897e-11
315 4.05296e-08 6.96389e-11
317 3.96503e-08 6.48303e-11
319 3.88652e-08 6.56732e-11
321 3.80681e-08 6.54102e-11
323 3.74153e-08 6.86972e-11
325 3.66588e-08 5.96759e-11
327 3.59477e-08 6.86273e-11
329 3.52162e-08 5.83958e-11
331 3.43127e-08 6.18237e-11
333 3.37727e-08 5.84713e-11
335 3.29956e-08 5.85175e-11
337 3.249e-08 6.31376e-11
339 3.18085e-08 5.54027e-11
341 3.13462e-08 6.55306e-11
343 3.0614e-08 5.66042e-11
345 2.99731e-08 6.04455e-11
347 2.92477e-08 5.53327e-11
349 2.87873e-08 5.45458e-11
351 2.81736e-08 5.2714e-11
353 2.77545e-08 5.27871e-11
355 2.71831e-08 5.20569e-11
357 2.67604e-08 4.74103e-11
359 2.62313e-08 5.20849e-11
361 2.57006e-08 4.84559e-11
363 2.51371e-08 5.08099e-11
365 2.46967e-08 4.64902e-11
367 2.4313e-08 5.20262e-11
369 2.38157e-08 4.82555e-11
371 2.35133e-08 5.00534e-11
373 2.30544e-08 4.46736e-11
375 2.27179e-08 4.68013e-11
377 2.23085e-08 5.26722e-11
379 2.18822e-08 4.50747e-11
381 2.14839e-08 4.13575e-11
383 2.10851e-08 4.65359e-11
385 2.08066e-08 4.11563e-11
387 2.04013e-08 4.75247e-11
389 2.01028e-08 4.17866e-11
391 1.97204e-08 3.89608e-11
393 1.93858e-08 4.44346e-11
395 1.91153e-08 3.5565e-11
397 1.87742e-08 3.90706e-11
399 1.84925e-08 4.19934e-11
401 1.82251e-08 3.65033e-11
403 1.78398e-08 3.81901e-11
405 1.76262e-08 3.99761e-11
407 1.73499e-08 3.44965e-11
409 1.70731e-08 3.73153e-11
411 1.68159e-08 3.86645e-11
413 1.65306e-08 3.79447e-11
415 1.63191e-08 3.63244e-11
417 1.6038e-08 3.64326e-11
419 1.58249e-08 3.21847e-11
421 1.55872e-08 3.4636e-11
423 1.53588e-08 3.53296e-11
425 1.50864e-08 3.07072e-11
427 1.48715e-08 3.14609e-11
429 1.46578e-08 3.3996e-11
431 1.44421e-08 2.94223e-11
433 1.4226e-08 3.15868e-11
435 1.40369e-08 3.51117e-11
437 1.38113e-08 3.25399e-11
439 1.35839e-08 2.84609e-11
441 1.33887e-08 3.25252e-11
443 1.31764e-08 2.89829e-11
445 1.3008e-08 3.3209e-11
447 1.28417e-08 2.92042e-11
449 1.2643e-08 2.91743e-11
451 1.24345e-08 3.05078e-11
453 1.22715e-08 3.12194e-11
455 1.21007e-08 3.03146e-11
457 1.19224e-08 2.51765e-11
459 1.17593e-08 3.10959e-11
461 1.1626e-08 2.83423e-11
463 1.14186e-08 2.79847e-11
465 1.13117e-08 2.81987e-11
467 1.11254e-08 2.61141e-11
469 1.09754e-08 2.6556e-11
471 1.07675e-08 2.61015e-11
473 1.07008e-08 2.84427e-11
475 1.05297e-08 2.58943e-11
477 1.04086e-08 2.24321e-11
479 1.02622e-08 2.67784e-11
481 1.01233e-08 2.57126e-11
483 9.97444e-09 2.57994e-11
485 9.85873e-09 2.35101e-11
487 9.72469e-09 2.40534e-11
489 9.60206e-09 2.42563e-11
491 9.45527e-09 2.28668e-11
493 9.36831e-09 2.27889e-11
495 9.25404e-09 2.39973e-11
497 9.17081e-09 2.33899e-11
499 8.98048e-09 2.2835e-11
501 8.8772e-09 2.44292e-11
503 8.75767e-09 2.24394e-11
505 8.69607e-09 2.24186e-11
507 8.57603e-09 2.44853e-11
509 8.42571e-09 2.21975e-11
511 8.34052e-09 2.24895e-11
513 8.25784e-09 2.38517e-11
515 8.18735e-09 2.03939e-11
517 8.08121e-09 2.32419e-11
519 7.92587e-09 2.20224e-11
521 7.83359e-09 1.98497e-11
523 7.78026e-09 2.22878e-11
525 7.72247e-09 2.24996e-11
527 7.58449e-09 1.94558e-11
529 7.46884e-09 2.11544e-11
531 7.412e-09 2.03649e-11
533 7.3411e-09 2.16658e-11
535 7.27675e-09 2.12696e-11
537 7.18976e-09 1.88384e-11
539 7.06808e-09 1.99367e-11
541 6.98849e-09 2.24571e-11
543 6.93572e-09 1.99168e-11
545 6.85087e-09 2.23336e-11
547 6.81528e-09 1.87805e-11
549 6.68991e-09 1.86792e-11
551 6.61812e-09 2.00981e-11
553 6.55308e-09 1.83684e-11
555 6.48902e-09 1.83876e-11
557 6.45412e-09 2.02407e-11
559 6.38912e-09 1.86139e-11
561 6.29252e-09 1.9579e-11
563 6.21063e-09 1.86557e-11
565 6.14671e-09 1.83503e-11
567 6.09818e-09 1.92654e-11
569 6.04452e-09 1.79854e-11
571 5.97413e-09 1.65892e-11
573 5.93641e-09 1.67275e-11
575 5.82013e-09 1.6975e-11
577 5.77873e-09 1.68576e-11
579 5.73407e-09 1.756e-11
581 5.71692e-09 1.80335e-11
583 5.63414e-09 1.72298e-11
585 5.59872e-09 1.84263e-11
587 5.51518e-09 1.47283e-11
589 5.43266e-09 1.71454e-11
591 5.4101e-09 1.70848e-11
593 5.38397e-09 1.62799e-11
595 5.30226e-09 1.5302e-11
597 5.29933e-09 1.5484e-11
599 5.22997e-09 1.50676e-11
601 5.14988e-09 1.53786e-11
603 5.10404e-09 1.71947e-11
605 5.07369e-09 1.75179e-11
607 5.02768e-09 1.5291e-11
609 4.995e-09 1.45631e-11
611 4.93248e-09 1.62105e-11
613 4.88411e-09 1.57515e-11
615 4.82795e-09 1.66434e-11
617 4.83349e-09 1.67076e-11
619 4.77181e-09 1.61248e-11
621 4.75829e-09 1.46577e-11
623 4.71529e-09 1.34114e-11
625 4.67875e-09 1.23382e-11
627 4.62459e-09 1.48485e-11
629 4.59707e-09 1.47215e-11
631 4.55513e-09 1.36433e-11
633 4.51579e-09 1.58817e-11
635 4.51399e-09 1.41863e-11
637 4.47545e-09 1.41603e-11
639 4.44106e-09 1.35774e-11
641 4.40369e-09 1.48516e-11
643 4.38829e-09 1.34863e-11
645 4.36158e-09 1.3483e-11
647 4.33339e-09 1.38518e-11
649 4.32546e-09 1.33573e-11
651 4.27781e-09 1.35e-11
653 4.26164e-09 1.35812e-11
655 4.21215e-09 1.35667e-11
657 4.20526e-09 1.32908e-11
659 4.17806e-09 1.24724e-11
661 4.17116e-09 1.33773e-11
663 4.09592e-09 1.2056e-11
665 4.0747e-09 1.48478e-11
667 4.04985e-09 1.35585e-11
669 4.08041e-09 1.40583e-11
671 4.07049e-09 1.11929e-11
673 4.07092e-09 1.32705e-11
675 4.06618e-09 1.18595e-11
677 4.03467e-09 1.30795e-11
679 4.03067e-09 1.26101e-11
681 4.01817e-09 1.23313e-11
683 3.99746e-09 1.2676e-11
685 3.98663e-09 1.17572e-11
687 3.96003e-09 1.31859e-11
689 3.95699e-09 1.24464e-11
691 3.95182e-09 1.13292e-11
693 3.94818e-09 1.23457e-11
695 3.94219e-09 1.2761e-11
697 3.97414e-09 1.16682e-11
699 4.07503e-09 1.26402e-11
701 4.09691e-09 1.28964e-11
703 4.0843e-09 1.25506e-11
705 4.11855e-09 1.22956e-11
707 4.14704e-09 1.18641e-11
709 4.17611e-09 1.2185e-11
711 4.16962e-09 1.27623e-11
713 4.19095e-09 1.24208e-11
715 4.23883e-09 1.23617e-11
717 4.24369e-09 1.16897e-11
719 4.30603e-09 1.3136e-11
721 4.32734e-09 1.35115e-11
723 4.38133e-09 1.20294e-11
725 4.67007e-09 1.29536e-11
727 5.01382e-09 1.36881e-11
729 5.16925e-09 1.51056e-11
731 5.38191e-09 1.22958e-11
733 5.6057e-09 1.27126e-11
735 5.84177e-09 1.50581e-11
737 7.32848e-09 1.66099e-11
739 8.97585e-09 1.70959e-11
741 1.05813e-08 1.92463e-11
743 2.12287e-08 3.38392e-11
745 5.79391e-09 1.27498e-11
747 0 0
749 0 0
751 0 0
753 0 0
755 0 0
757 0 0
759 0 0
761 0 0
763 0 0
765 0 0
767 0 0
769 0 0
771 0 0
773 0 0
775 0 0
777 0 0
779 0 0
781 0 0
783 0 0
785 0 0
787 0 0
789 0 0
791 0 0
793 0 0
795 0 0
797 0 0
799 0 0
801 0 0
803 0 0
805 0 0
807 0 0
809 0 0
811 0 0
813 0 0
815 0 0
817 0 0
819 0 0
821 0 0
823 0 0
825 0 0
827 0 0
829 0 0
831 0 0
833 0 0
835 0 0
837 0 0
839 0 0
841 0 0
843 0 0
845 0 0
847 0 0
849 0 0
851 0 0
853 0 0
855 0 0
857 0 0
859 0 0
861 0 0
863 0 0
865 0 0
867 0 0
869 0 0
871 0 0
873 0 0
875 0 0
877 0 0
879 0 0
881 0 0
883 0 0
885 0 0
887 0 0
889 0 0
891 0 0
893 0 0
895 0 0
897 0 0
899 0 0
901 0 0
903 0 0
905 0 0
907 0 0
909 0 0
911 0 0
913 0 0
915 0 0
917 0 0
919 0 0
921 0 0
923 0 0
925 0 0
927 0 0
929 0 0
931 0 0
933 0 0
935 0 0
937 0 0
939 0 0
941 0 0
943 0 0
945 0 0
947 0 0
949 0 0
951 0 0
953 0 0
955 0 0
957 0 0
959 0 0
961 0 0
963 0 0
965 0 0
967 0 0
969 0 0
971 0 0
973 0 0
975 0 0
977 0 0
979 0 0
981 0 0
983 0 0
985 0 0
987 0 0
989 0 0
991 0 0
993 0 0
995 0 0
997 0 0
999 0 0
1001 0 0
1003 0 0
1005 0 0
1007 0 0
1009 0 0
1011 0 0
1013 0 0
1015 0 0
1017 0 0
1019 0 0
1021 0 0
1023 0 0
1025 0 0
1027 0 0
1029 0 0
1031 0 0
1033 0 0
1035 0 0
1037 0 0
1039 0 0
1041 0 0
1043 0 0
1045 0 0
1047 0 0
1049 0 0
1051 0 0
1053 0 0
1055 0 0
1057 0 0
1059 0 0
1061 0 0
1063 0 0
1065 0 0
1067 0 0
1069 0 0
1071 0 0
1073 0 0
1075 0 0
1077 0 0
1079 0 0
1081 0 0
1083 0 0
1085 0 0
1087 0 0
1089 0 0
1091 0 0
1093 0 0
1095 0 0
1097 0 0
1099 0 0
1101 0 0
1103 0 0
1105 0 0
1107 0 0
1109 0 0
1111 0 0
1113 0 0
1115 0 0
1117 0 0
1119 0 0
1121 0 0
1123 0 0
1125 0 0
1127 0 0
1129 0 0
1131 0 0
1133 0 0
1135 0 0
1137 0 0
1139 0 0
1141 0 0
1143 0 0
1145 0 0
1147 0 0
1149 0 0
1151 0 0
1153 0 0
1155 0 0
1157 0 0
1159 0 0
1161 0 0
1163 0 0
1165 0 0
1167 0 0
1169 0 0
1171 0 0
1173 0 0
1175 0 0
1177 0 0
1179 0 0
1181 0 0
1183 0 0
1185 0 0
1187 0 0
1189 0 0
1191 0 0
1193 0 0
1195 0 0
1197 0 0
1199 0 0
1201 0 0
1203 0 0
1205 0 0
1207 0 0
1209 0 0
1211 0 0
1213 0 0
1215 0 0
1217 0 0
1219 0 0
1221 0 0
1223 0 0
1225 0 0
1227 0 0
1229 0 0
1231 0 0
1233 0 0
1235 0 0
1237 0 0
1239 0 0
1241 0 0
1243 0 0
1245 0 0
1247 0 0
1249 0 0
1251 0 0
1253 0 0
1255 0 0
1257 0 0
1259 0 0
1261 0 0
1263 0 0
1265 0 0
1267 0 0
1269 0 0
1271 0 0
1273 0 0
1275 0 0
1277 0 0
1279 0 0
1281 0 0
1283 0 0
1285 0 0
1287 0 0
1289 0 0
1291 0 0
1293 0 0
1295 0 0
1297 0 0
1299 0 0
1301 0 0
1303 0 0
1305 0 0
1307 0 0
1309 0 0
1311 0 0
1313 0 0
1315 0 0
1317 0 0
1319 0 0
1321 0 0
1323 0 0
1325 0 0
1327 0 0
1329 0 0
1331 0 0
1333 0 0
1335 0 0
1337 0 0
1339 0 0
1341 0 0
1343 0 0
1345 0 0
1347 0 0
1349 0 0
1351 0 0
1353 0 0
1355 0 0
1357 0 0
1359 0 0
1361 0 0
1363 0 0
1365 0 0
1367 0 0
1369 0 0
1371 0 0
1373 0 0
1375 0 0
1377 0 0
1379 0 0
1381 0 0
1383 0 0
1385 0 0
1387 0 0
1389 0 0
1391 0 0
1393 0 0
1395 0 0
1397 0 0
1399 0 0
1401 0 0
1403 0 0
1405 0 0
1407 0 0
1409 0 0
1411 0 0
1413 0 0
1415 0 0
1417 0 0
1419 0 0
1421 0 0
1423 0 0
1425 0 0
1427 0 0
1429 0 0
1431 0 0
1433 0 0
1435 0 0
1437 0 0
1439 0 0
1441 0 0
1443 0 0
1445 0 0
1447 0 0
1449 0 0
1451 0 0
1453 0 0
1455 0 0
1457 0 0
1459 0 0
1461 0 0
1463 0 0
1465 0 0
1467 0 0
1469 0 0
1471 0 0
1473 0 0
1475 0 0
1477 0 0
1479 0 0
1481 0 0
1483 0 0
1485 0 0
1487 0 0
1489 0 0
1491 0 0
1493 0 0
1495 0 0
1497 0 0
1499 0 0
1501 0 0
1503 0 0
1505 0 0
1507 0 0
1509 0 0
1511 0 0
1513 0 0
1515 0 0
1517 0 0
1519 0 0
1521 0 0
1523 0 0
1525 0 0
1527 0 0
1529 0 0
1531 0 0
1533 0 0
1535 0 0
1537 0 0
1539 0 0
1541 0 0
1543 0 0
1545 0 0
1547 0 0
1549 0 0
1551 0 0
1553 0 0
1555 0 0
1557 0 0
1559 0 0
1561 0 0
1563 0 0
1565 0 0
1567 0 0
1569 0 0
1571 0 0
1573 0 0
1575 0 0
1577 0 0
1579 0 0
1581 0 0
1583 0 0
1585 0 0
1587 0 0
1589 0 0
1591 0 0
1593 0 0
1595 0 0
1597 0 0
1599 0 0
1601 0 0
1603 0 0
1605 0 0
1607 0 0
1609 0 0
1611 0 0
1613 0 0
1615 0 0
1617 0 0
1619 0 0
1621 0 0
1623 0 0
1625 0 0
1627 0 0
1629 0 0
1631 0 0
1633 0 0
1635 0 0
1637 0 0
1639 0 0
1641 0 0
1643 0 0
1645 0 0
1647 0 0
1649 0 0
1651 0 0
1653 0 0
1655 0 0
1657 0 0
1659 0 0
1661 0 0
1663 0 0
1665 0 0
1667 0 0
1669 0 0
1671 0 0
1673 0 0
1675 0 0
1677 0 0
1679 0 0
1681 0 0
1683 0 0
1685 0 0
1687 0 0
1689 0 0
1691 0 0
1693 0 0
1695 0 0
1697 0 0
1699 0 0
1701 0 0
1703 0 0
1705 0 0
1707 0 0
1709 0 0
1711 0 0
1713 0 0
1715 0 0
1717 0 0
1719 0 0
1721 0 0
1723 0 0
1725 0 0
1727 0 0
1729 0 0
1731 0 0
1733 0 0
1735 0 0
1737 0 0
1739 0 0
1741 0 0
1743 0 0
1745 0 0
1747 0 0
1749 0 0
1751 0 0
1753 0 0
1755 0 0
1757 0 0
1759 0 0
1761 0 0
1763 0 0
1765 0 0
1767 0 0
1769 0 0
1771 0 0
1773 0 0
1775 0 0
1777 0 0
1779 0 0
1781 0 0
1783 0 0
1785 0 0
1787 0 0
1789 0 0
1791 0 0
1793 0 0
1795 0 0
1797 0 0
1799 0 0
1801 0 0
1803 0 0
1805 0 0
1807 0 0
1809 0 0
1811 0 0
1813 0 0
1815 0 0
1817 0 0
1819 0 0
1821 0 0
1823 0 0
1825 0 0
1827 0 0
1829 0 0
1831 0 0
1833 0 0
1835 0 0
1837 0 0
1839 0 0
1841 0 0
1843 0 0
1845 0 0
1847 0 0
1849 0 0
1851 0 0
1853 0 0
1855 0 0
1857 0 0
1859 0 0
1861 0 0
1863 0 0
1865 0 0
1867 0 0
1869 0 0
1871 0 0
1873 0 0
1875 0 0
1877 0 0
1879 0 0
1881 0 0
1883 0 0
1885 0 0
1887 0 0
1889 0 0
1891 0 0
1893 0 0
1895 0 0
1897 0 0
1899 0 0
1901 0 0
1903 0 0
1905 0 0
1907 0 0
1909 0 0
1911 0 0
1913 0 0
1915 0 0
1917 0 0
1919 0 0
1921 0 0
1923 0 0
1925 0 0
1927 0 0
1929 0 0
1931 0 0
1933 0 0
1935 0 0
1937 0 0
1939 0 0
1941 0 0
1943 0 0
1945 0 0
1947 0 0
1949 0 0
1951 0 0
1953 0 0
1955 0 0
1957 0 0
1959 0 0
1961 0 0
1963 0 0
1965 0 0
1967 0 0
1969 0 0
1971 0 0
1973 0 0
1975 0 0
1977 0 0
1979 0 0
1981 0 0
1983 0 0
1985 0 0
1987 0 0
1989 0 0
1991 0 0
1993 0 0
1995 0 0
1997 0 0
1999 0 0
