1.09967 1.30706e-11 1.06283e-12
3.099 1.52762e-11 1.22686e-12
5.09833 1.44043e-11 1.12985e-12
7.09767 1.42116e-11 1.14915e-12
9.097 1.77718e-11 1.42588e-12
11.0963 1.83201e-11 1.20064e-12
13.0957 1.88012e-11 1.22855e-12
15.095 2.00449e-11 1.18552e-12
17.0943 2.15557e-11 1.36462e-12
19.0937 1.99537e-11 1.33958e-12
21.093 2.34477e-11 1.46821e-12
23.0923 2.38174e-11 1.31299e-12
25.0917 2.78136e-11 1.36342e-12
27.091 2.75909e-11 1.65655e-12
29.0903 2.78783e-11 1.49444e-12
31.0897 3.23684e-11 1.58866e-12
33.089 3.37371e-11 1.60944e-12
35.0883 3.65417e-11 1.89216e-12
37.0877 3.68258e-11 1.90859e-12
39.087 4.22524e-11 1.7754e-12
41.0863 4.56172e-11 1.97687e-12
43.0857 4.5522e-11 2.29348e-12
45.085 5.17939e-11 1.91678e-12
47.0843 5.76407e-11 2.50392e-12
49.0837 5.81782e-11 2.74779e-12
51.083 6.57345e-11 2.37267e-12
53.0823 7.07629e-11 3.01961e-12
55.0817 7.59538e-11 2.64681e-12
57.081 8.45833e-11 3.08737e-12
59.0803 9.10453e-11 2.91916e-12
61.0797 9.82688e-11 3.51276e-12
63.079 1.08323e-10 3.52842e-12
65.0783 1.17202e-10 4.05046e-12
67.0777 1.32836e-10 4.55194e-12
69.077 1.39053e-10 4.41309e-12
71.0763 1.55098e-10 4.77497e-12
73.0757 1.68121e-10 5.35248e-12
75.075 1.84337e-10 5.46379e-12
77.0743 2.00997e-10 5.65544e-12
79.0737 2.17165e-10 6.28781e-12
81.073 2.39764e-10 6.2476e-12
83.0723 2.62194e-10 7.13325e-12
85.0717 2.85005e-10 7.70638e-12
87.071 3.11465e-10 8.57412e-12
89.0703 3.40306e-10 9.31796e-12
91.0697 3.69189e-10 1.00141e-11
93.069 3.97064e-10 1.17617e-11
95.0683 4.4153e-10 1.25119e-11
97.0677 4.7966e-10 1.3387e-11
99.067 5.16962e-10 1.44304e-11
101.066 5.67517e-10 1.56316e-11
103.066 6.28907e-10 1.81751e-11
105.065 6.65117e-10 1.87702e-11
107.064 7.36595e-10 1.90904e-11
109.064 7.99439e-10 2.24853e-11
111.063 8.67674e-10 2.38343e-11
113.062 9.37756e-10 2.59346e-11
115.062 1.00827e-09 2.6994e-11
117.061 1.11222e-09 3.12253e-11
119.06 1.16297e-09 3.21958e-11
121.06 1.28037e-09 3.62673e-11
123.059 1.38126e-09 3.9767e-11
125.058 1.48976e-09 4.18547e-11
127.058 1.58617e-09 4.62273e-11
129.057 1.71118e-09 5.00527e-11
131.056 1.83817e-09 5.27186e-11
133.056 1.94176e-09 5.70874e-11
135.055 2.06442e-09 6.28624e-11
137.054 2.21006e-09 6.82158e-11
139.054 2.38498e-09 7.31657e-11
141.053 2.48608e-09 7.73291e-11
143.052 2.63145e-09 8.48855e-11
145.052 2.79366e-09 8.77462e-11
147.051 2.92537e-09 9.58119e-11
149.05 3.11547e-09 1.00091e-10
151.05 3.23368e-09 1.10988e-10
153.049 3.4032e-09 1.16258e-10
155.048 3.57063e-09 1.22167e-10
157.048 3.68574e-09 1.25316e-10
159.047 3.80723e-09 1.29978e-10
161.046 3.93834e-09 1.49115e-10
163.046 4.00089e-09 1.64296e-10
165.045 4.15056e-09 1.7237e-10
167.044 4.23064e-09 1.80567e-10
169.044 4.34431e-09 1.94328e-10
171.043 4.41005e-09 2.04455e-10
173.042 4.50883e-09 2.10918e-10
175.042 4.4977e-09 2.17208e-10
177.041 4.45848e-09 2.39703e-10
179.04 4.37025e-09 2.3301e-10
181.04 4.08546e-09 2.47608e-10
183.039 3.74855e-09 2.43412e-10
185.038 3.70143e-09 2.47294e-10
187.038 3.5843e-09 2.6874e-10
189.037 3.53776e-09 2.77594e-10
191.036 3.50143e-09 2.91295e-10
193.036 3.42363e-09 3.19243e-10
195.035 3.41481e-09 3.48749e-10
197.034 3.31799e-09 3.66566e-10
199.034 3.25659e-09 3.79234e-10
201.033 2.80149e-09 3.49879e-10
203.032 2.17902e-09 3.03044e-10
205.032 1.88967e-09 2.92508e-10
207.031 1.54687e-09 2.829e-10
209.03 1.46052e-09 2.99812e-10
211.03 1.33801e-09 3.09665e-10
213.029 9.51239e-10 2.73894e-10
215.028 8.52523e-10 2.86336e-10
217.028 6.96376e-10 2.42215e-10
219.027 6.55366e-10 2.46722e-10
221.026 7.17739e-10 2.61413e-10
223.026 4.62376e-10 2.16977e-10
225.025 5.30995e-10 2.50667e-10
227.024 3.22386e-10 1.53055e-10
229.024 1.30988e-10 1.27558e-10
231.023 1.02479e-10 1.00713e-10
233.022 2.01976e-10 1.98495e-10
235.022 4.26178e-11 4.18833e-11
237.021 0 0
239.02 0 0
241.02 0 0
243.019 0 0
245.018 0 0
247.018 0 0
249.017 0 0
251.016 0 0
253.016 0 0
255.015 0 0
257.014 0 0
259.014 0 0
261.013 0 0
263.012 0 0
265.012 0 0
267.011 0 0
269.01 0 0
271.01 0 0
273.009 0 0
275.008 0 0
277.008 0 0
279.007 0 0
281.006 0 0
283.006 0 0
285.005 0 0
287.004 0 0
289.004 0 0
291.003 0 0
293.002 0 0
295.002 0 0
297.001 0 0
299 0 0
