-10.2 7.93062 0.020099
-10.1 8.36983 0.0284
-10 8.68668 0.0250248
-9.9 8.86728 0.02866
-9.8 9.06931 0.0295426
-9.7 9.19976 0.0264376
-9.6 9.34905 0.030996
-9.5 9.48015 0.0290502
-9.4 9.5755 0.0341454
-9.3 9.68869 0.0311974
-9.2 9.77375 0.0283626
-9.1 9.90073 0.0335465
-9 9.97606 0.0318611
-8.9 10.1301 0.0330848
-8.8 10.1637 0.0292211
-8.7 10.2586 0.0330901
-8.6 10.4043 0.0294591
-8.5 10.4218 0.0318894
-8.4 10.4358 0.0334544
-8.3 10.6072 0.0309133
-8.2 10.6261 0.0320589
-8.1 10.7501 0.0305827
-8 10.825 0.0309042
-7.9 10.9329 0.0293213
-7.8 10.987 0.0300092
-7.7 11.098 0.0340677
-7.6 11.1993 0.0337915
-7.5 11.2179 0.030089
-7.4 11.3385 0.0299952
-7.3 11.4551 0.0335717
-7.2 11.5719 0.0334771
-7.1 11.5988 0.0309025
-7 11.6733 0.0318212
-6.9 11.7785 0.0298302
-6.8 11.8821 0.0310685
-6.7 11.9617 0.0329153
-6.6 12.1161 0.0300149
-6.5 12.1614 0.0284867
-6.4 12.3046 0.0321071
-6.3 12.3918 0.02979
-6.2 12.4991 0.0292354
-6.1 12.6623 0.030667
-6 12.8008 0.0315932
-5.9 12.9307 0.0335156
-5.8 13.0605 0.0325134
-5.7 13.17 0.0311821
-5.6 13.3397 0.0295361
-5.5 13.5298 0.0276465
-5.4 13.7993 0.0316991
-5.3 14.0255 0.0321919
-5.2 14.2976 0.02886
-5.1 14.6713 0.0272069
-5 15.1252 0.0257422
-4.9 15.8468 0.0254665
-4.8 17.1953 0.0335246
-4.7 19.1894 0.0337357
-4.6 21.4895 0.0347658
-4.5 22.9225 0.0415806
-4.4 23.6199 0.0406261
-4.3 24.086 0.0429559
-4.2 24.4923 0.0461042
-4.1 24.5855 0.0523791
-4 24.6979 0.0452556
-3.9 25.0908 0.0472442
-3.8 25.5719 0.0451952
-3.7 25.9738 0.0435773
-3.6 26.7111 0.0468374
-3.5 27.3406 0.0486447
-3.4 27.5048 0.0431262
-3.3 27.745 0.0452883
-3.2 28.2605 0.048352
-3.1 29.0926 0.0543756
-3 29.6497 0.0498849
-2.9 30.7968 0.050981
-2.8 32.4517 0.0557686
-2.7 33.8124 0.0540336
-2.6 34.2809 0.0558566
-2.5 34.9436 0.0598526
-2.4 36.293 0.0557671
-2.3 37.1995 0.0595551
-2.2 36.8877 0.0548764
-2.1 36.357 0.060062
-2 36.9411 0.0585972
-1.9 37.8348 0.0593653
-1.8 37.7765 0.0590881
-1.7 37.3026 0.0664136
-1.6 37.983 0.0663109
-1.5 39.3155 0.0590079
-1.4 39.782 0.063314
-1.3 38.9391 0.0686299
-1.2 38.7648 0.06665
-1.1 40.0851 0.0746072
-1 41.5677 0.0776954
-0.9 41.5889 0.0793108
-0.8 40.5838 0.0686444
-0.7 40.5279 0.0692579
-0.6 41.841 0.0852464
-0.5 43.2756 0.0811873
-0.4 43.4601 0.0793525
-0.3 44.0616 0.0882921
-0.2 47.3905 0.0836085
-0.1 52.099 0.0988088
0 53.2211 0.0945591
0.1 51.8925 0.0954976
0.2 52.3013 0.0980425
0.3 48.55 0.0970667
0.4 50.8685 0.10441
0.5 51.2195 0.100371
0.6 49.7526 0.0921105
0.7 49.6079 0.0845356
0.8 52.1531 0.0972417
0.9 55.3777 0.115762
1 56.2521 0.13153
1.1 54.9841 0.111188
1.2 54.3207 0.12556
1.3 57.3579 0.114398
1.4 62.2527 0.113987
1.5 64.5468 0.145195
1.6 64.1479 0.154077
1.7 62.2134 0.150587
1.8 62.8056 0.153683
1.9 67.2824 0.160321
2 71.9761 0.18466
2.1 73.8056 0.197664
2.2 74.0483 0.196772
2.3 75.5872 0.211219
2.4 83.4645 0.205333
2.5 95.8667 0.264476
2.6 109.405 0.294996
2.7 122.087 0.378058
2.8 131.564 0.536958
2.9 141.411 0.766693
3 140.363 1.1605
3.1 128.976 2.03956
3.2 98.7064 3.17329
3.3 84.9393 3.31917
3.4 84.6563 3.90618
3.5 78.4715 3.21534
3.6 79.1837 3.37229
3.7 83.6185 3.74725
3.8 76.4362 3.33167
3.9 83.2906 3.5075
4 80.2943 2.92471
4.1 72.4422 2.99832
4.2 82.03 3.01205
4.3 78.7779 3.1867
4.4 79.4908 3.33056
4.5 80.5927 3.33332
4.6 72.6492 3.36888
4.7 70.477 3.39761
4.8 77.9028 3.61793
4.9 80.7632 3.00824
5 74.0072 3.57311
5.1 72.0915 2.86495
5.2 80.268 3.02619
5.3 82.8554 4.24834
5.4 79.3093 4.75737
5.5 78.3274 3.91157
5.6 77.504 3.56738
5.7 75.6091 3.46039
5.8 70.9144 3.21222
5.9 74.2666 3.88914
6 79.5372 4.31995
6.1 82.6673 3.33426
6.2 83.2371 3.71559
6.3 69.7335 3.72774
6.4 78.2167 3.59098
6.5 78.9276 3.81241
6.6 74.5315 3.5498
6.7 77.7522 3.54215
6.8 76.3478 4.04383
6.9 71.9914 3.76218
7 72.5443 3.74719
7.1 70.5676 3.85464
7.2 70.0541 3.68333
7.3 77.8627 3.87942
7.4 78.2505 4.03584
7.5 83.6472 3.86411
7.6 73.1583 3.95291
7.7 74.4952 4.02302
7.8 76.4478 4.2674
7.9 77.0273 4.1116
8 74.051 4.23112
8.1 71.1664 4.04665
8.2 71.6133 3.9972
8.3 76.0596 4.07731
8.4 77.7916 4.29294
8.5 73.9556 3.90602
8.6 76.9074 4.12446
8.7 75.9993 4.97469
8.8 74.2664 5.54992
8.9 73.7584 4.37546
9 68.7583 4.42011
9.1 70.3677 4.19165
9.2 68.3817 4.05102
9.3 76.2764 3.90233
9.4 67.9831 4.42883
9.5 66.0484 4.21083
9.6 67.0973 4.07271
9.7 67.6628 4.0995
9.8 75.2392 4.06531
9.9 69.1158 4.40196
10 76.9081 4.72659
10.1 68.1882 4.05138
10.2 85.7135 7.07494
