-10.2 33.8937 0.548859
-10.1 35.7228 0.647597
-10 35.9017 0.619109
-9.9 35.0883 0.535915
-9.8 35.8856 0.538079
-9.7 36.1816 0.561664
-9.6 35.7325 0.556224
-9.5 35.2808 0.578153
-9.4 35.844 0.62267
-9.3 36.364 0.502465
-9.2 36.2781 0.607406
-9.1 35.3032 0.572159
-9 35.3966 0.49115
-8.9 35.5173 0.561709
-8.8 36.1408 0.59789
-8.7 36.9459 0.603771
-8.6 36.4898 0.573384
-8.5 36.602 0.609581
-8.4 37.0642 0.639134
-8.3 36.7225 0.604182
-8.2 36.4061 0.620049
-8.1 35.8232 0.479644
-8 36.2187 0.531567
-7.9 35.7946 0.595095
-7.8 36.2619 0.586007
-7.7 37.4555 0.552979
-7.6 37.059 0.490602
-7.5 35.8995 0.596773
-7.4 35.7708 0.612363
-7.3 37.1694 0.527451
-7.2 36.7967 0.58506
-7.1 36.048 0.507032
-7 36.8684 0.531212
-6.9 36.8165 0.585425
-6.8 37.5987 0.559088
-6.7 36.9175 0.490901
-6.6 37.4796 0.552165
-6.5 36.9105 0.506963
-6.4 36.9014 0.587136
-6.3 37.927 0.580888
-6.2 37.7138 0.525665
-6.1 37.299 0.543395
-6 36.9514 0.531695
-5.9 36.5223 0.551646
-5.8 38.3322 0.549251
-5.7 37.4438 0.579063
-5.6 36.9289 0.50348
-5.5 37.346 0.459607
-5.4 37.1962 0.494602
-5.3 38.3099 0.53852
-5.2 36.8018 0.546736
-5.1 37.4554 0.505262
-5 38.5783 0.512297
-4.9 39.4112 0.424249
-4.8 39.786 0.483451
-4.7 40.8367 0.533941
-4.6 41.0227 0.506209
-4.5 40.7328 0.446304
-4.4 40.1846 0.446823
-4.3 41.8116 0.55434
-4.2 40.9911 0.51866
-4.1 40.6202 0.468114
-4 40.3804 0.463487
-3.9 40.5194 0.498897
-3.8 41.4362 0.49617
-3.7 40.5315 0.47262
-3.6 40.5767 0.518021
-3.5 41.3337 0.475257
-3.4 41.0595 0.472555
-3.3 40.1245 0.490975
-3.2 41.4757 0.461579
-3.1 41.4728 0.507318
-3 41.3014 0.470473
-2.9 41.4488 0.493761
-2.8 41.0822 0.609741
-2.7 41.7354 0.554732
-2.6 41.5826 0.533558
-2.5 41.8884 0.48433
-2.4 42.4057 0.441489
-2.3 40.9711 0.457178
-2.2 41.6973 0.441966
-2.1 41.8764 0.44705
-2 40.9984 0.480314
-1.9 41.0419 0.46946
-1.8 42.0599 0.548867
-1.7 42.0678 0.454783
-1.6 42.002 0.473055
-1.5 42.0369 0.545848
-1.4 41.0927 0.49431
-1.3 42.3427 0.449843
-1.2 43.1832 0.556757
-1.1 41.9901 0.479331
-1 43.0572 0.517843
-0.9 42.1448 0.529543
-0.8 43.2567 0.560057
-0.7 42.4254 0.481764
-0.6 43.2037 0.506555
-0.5 43.2067 0.478045
-0.4 43.5335 0.509425
-0.3 43.568 0.472976
-0.2 43.3762 0.50737
-0.1 42.9029 0.457632
0 44.0745 0.512778
0.1 43.9247 0.489982
0.2 44.5641 0.477718
0.3 44.1949 0.459217
0.4 44.7474 0.436247
0.5 44.3013 0.51117
0.6 44.2068 0.476543
0.7 44.9537 0.508942
0.8 44.9455 0.448896
0.9 44.4142 0.465407
1 44.0399 0.442944
1.1 44.4193 0.415352
1.2 44.9002 0.46228
1.3 46.9491 0.491596
1.4 46.2339 0.514472
1.5 45.5688 0.438077
1.6 45.4159 0.502151
1.7 46.5957 0.461934
1.8 47.0712 0.474606
1.9 47.0885 0.515702
2 46.6544 0.486803
2.1 46.2773 0.452715
2.2 47.72 0.451766
2.3 48.0122 0.46107
2.4 49.0982 0.430512
2.5 48.1839 0.382403
2.6 48.1665 0.384618
2.7 48.6269 0.458091
2.8 49.9997 0.425725
2.9 51.1944 0.440616
3 50.7422 0.448352
3.1 50.0686 0.422836
3.2 50.2043 0.492812
3.3 50.6021 0.40794
3.4 52.6442 0.434925
3.5 54.3528 0.416977
3.6 52.9951 0.433957
3.7 52.6741 0.442106
3.8 53.236 0.408288
3.9 53.8382 0.373405
4 57.0891 0.371381
4.1 57.484 0.388841
4.2 56.7528 0.425125
4.3 55.4413 0.405023
4.4 57.483 0.399373
4.5 59.831 0.377175
4.6 63.1601 0.318391
4.7 64.5392 0.28988
4.8 62.8197 0.316803
4.9 69.1842 0.277954
5 79.8092 0.222883
5.1 92.6077 0.191801
5.2 106.568 0.225886
5.3 119.243 0.300958
5.4 131.557 0.463335
5.5 145.266 0.720451
5.6 169.017 2.05224
5.7 215.447 6.16134
5.8 354.708 18.5102
5.9 514.231 30.7036
6 701.341 49.1899
6.1 693.462 50.3877
6.2 659.818 48.063
6.3 605.995 44.2702
6.4 794.01 53.0861
6.5 740.95 50.7433
6.6 828.904 58.9734
6.7 702.981 55.1838
6.8 658.596 49.0041
6.9 592.42 39.1108
7 756.065 53.2
7.1 727.943 55.5437
7.2 636.022 52.7137
7.3 743.853 58.4462
7.4 817.309 63.8407
7.5 756.891 59.3642
7.6 661.029 57.0736
7.7 714.311 55.7635
7.8 653.821 48.7356
7.9 723.06 61.5923
8 633.617 59.2071
8.1 606.556 46.3993
8.2 565.826 40.0527
8.3 653.104 55.008
8.4 683.724 52.9982
8.5 527.954 48.0227
8.6 733.579 56.343
8.7 661.282 61.892
8.8 557.356 46.4916
8.9 803.568 69.7945
9 606.493 52.2164
9.1 660.183 55.084
9.2 631.916 59.7328
9.3 626.552 51.3038
9.4 549.717 40.0067
9.5 743.505 68.2477
9.6 639.982 62.368
9.7 631.751 58.6693
9.8 664.174 63.2627
9.9 726.341 62.7177
10 568.78 54.8188
10.1 657.12 64.1444
10.2 581.777 51.4236
