-10.2 5.96596 0.000296523
-10.1 5.97161 0.000305719
-10 5.99665 0.000308073
-9.9 6.02237 0.00030961
-9.8 6.03678 0.000315522
-9.7 6.0675 0.000317539
-9.6 6.08634 0.000322765
-9.5 6.10646 0.000329256
-9.4 6.13781 0.000333124
-9.3 6.1548 0.000338818
-9.2 6.18226 0.000341993
-9.1 6.2068 0.000349725
-9 6.22747 0.000360889
-8.9 6.2596 0.00036096
-8.8 6.28003 0.000373398
-8.7 6.30803 0.000382334
-8.6 6.33532 0.000399232
-8.5 6.35821 0.000412974
-8.4 6.39172 0.000419935
-8.3 6.41453 0.000432927
-8.2 6.44588 0.000443782
-8.1 6.47367 0.00045324
-8 6.50144 0.000461198
-7.9 6.53485 0.000473858
-7.8 6.56062 0.000489776
-7.7 6.59679 0.000499045
-7.6 6.62433 0.000510299
-7.5 6.65946 0.000526518
-7.4 6.69102 0.000542205
-7.3 6.72464 0.000553135
-7.2 6.76074 0.000568841
-7.1 6.79353 0.000588065
-7 6.83293 0.000603595
-6.9 6.8665 0.000622706
-6.8 6.90824 0.000634347
-6.7 6.94358 0.000649912
-6.6 6.98735 0.00067215
-6.5 7.02569 0.000692748
-6.4 7.0709 0.000726046
-6.3 7.1132 0.000754529
-6.2 7.16019 0.000788903
-6.1 7.20649 0.000826629
-6 7.25713 0.000866316
-5.9 7.30717 0.000913937
-5.8 7.36291 0.000941555
-5.7 7.41755 0.000970324
-5.6 7.48002 0.00102357
-5.5 7.54142 0.00111193
-5.4 7.61312 0.00118946
-5.3 7.68678 0.00130413
-5.2 7.7732 0.0014157
-5.1 7.86941 0.00163597
-5 7.98575 0.00186383
-4.9 8.1148 0.00227773
-4.8 8.23083 0.00261294
-4.7 8.30129 0.00268431
-4.6 8.33105 0.00282437
-4.5 8.36323 0.00279693
-4.4 8.41356 0.00266394
-4.3 8.45594 0.00258496
-4.2 8.47895 0.00243417
-4.1 8.51154 0.00275504
-4 8.5667 0.00273689
-3.9 8.61142 0.00295038
-3.8 8.63668 0.00284331
-3.7 8.66964 0.00270813
-3.6 8.72329 0.00280762
-3.5 8.77342 0.00304661
-3.4 8.80245 0.00292085
-3.3 8.8345 0.00296841
-3.2 8.88654 0.00278925
-3.1 8.94304 0.00266014
-3 8.97964 0.002798
-2.9 9.01265 0.00301808
-2.8 9.06761 0.00316962
-2.7 9.13767 0.00290579
-2.6 9.18813 0.00284838
-2.5 9.21496 0.00262899
-2.4 9.25842 0.00250728
-2.3 9.32735 0.00304158
-2.2 9.40011 0.00311511
-2.1 9.43804 0.00323156
-2 9.48252 0.00309424
-1.9 9.54914 0.00278269
-1.8 9.62961 0.00301888
-1.7 9.69568 0.00321137
-1.6 9.73834 0.00322748
-1.5 9.79017 0.00314781
-1.4 9.87836 0.00326422
-1.3 9.96777 0.00335477
-1.2 10.0326 0.00301445
-1.1 10.0791 0.00292168
-1 10.1509 0.00303011
-0.9 10.2515 0.00342363
-0.8 10.3445 0.00360658
-0.7 10.4118 0.00382138
-0.6 10.4693 0.00387395
-0.5 10.5568 0.00376714
-0.4 10.6722 0.00429066
-0.3 10.7773 0.00382326
-0.2 10.849 0.00355887
-0.1 10.9146 0.00340288
0 11.0167 0.00353517
0.1 11.155 0.00344477
0.2 11.2766 0.00323023
0.3 11.3626 0.00403781
0.4 11.4337 0.00386943
0.5 11.5481 0.00399485
0.6 11.703 0.00441755
0.7 11.8623 0.00447744
0.8 11.9634 0.00467199
0.9 12.0484 0.00450369
1 12.1761 0.00455874
1.1 12.3664 0.00476562
1.2 12.5556 0.00536803
1.3 12.6924 0.00553827
1.4 12.7882 0.00498506
1.5 12.9166 0.00537744
1.6 13.1233 0.0053017
1.7 13.3696 0.00543592
1.8 13.5633 0.00515235
1.9 13.6888 0.00544976
2 13.8156 0.00535922
2.1 14.0467 0.00613511
2.2 14.3438 0.00714138
2.3 14.6163 0.00688498
2.4 14.8111 0.00684286
2.5 14.9534 0.00647213
2.6 15.1839 0.00642114
2.7 15.5358 0.00638668
2.8 15.9288 0.00707509
2.9 16.2294 0.00688378
3 16.427 0.00711007
3.1 16.6562 0.00719614
3.2 17.043 0.00663508
3.3 17.5658 0.00691232
3.4 18.0745 0.00762862
3.5 18.4538 0.00844435
3.6 18.7579 0.00786731
3.7 19.1729 0.00906726
3.8 19.8156 0.00803258
3.9 20.6253 0.00911153
4 21.3701 0.0106923
4.1 21.9239 0.0101899
4.2 22.4347 0.00880245
4.3 23.2182 0.00919772
4.4 24.4443 0.0110814
4.5 25.9991 0.0121973
4.6 27.8013 0.0138727
4.7 29.9972 0.0148652
4.8 31.5097 0.0165027
4.9 35.9727 0.0188764
5 41.9326 0.0232732
5.1 48.9932 0.0311729
5.2 56.6616 0.0381926
5.3 63.8951 0.0488586
5.4 70.3106 0.0728307
5.5 76.553 0.116543
5.6 82.6713 0.211678
5.7 88.5288 0.413793
5.8 93.0268 0.720956
5.9 104.856 2.77829
6 85.5556 8.91759
6.1 19.8272 6.67704
6.2 3.44598 2.53277
6.3 0 0
6.4 0 0
6.5 0 0
6.6 0 0
6.7 0 0
6.8 0 0
6.9 0 0
7 0 0
7.1 0 0
7.2 0 0
7.3 0 0
7.4 0 0
7.5 0 0
7.6 0 0
7.7 0 0
7.8 0 0
7.9 0 0
8 0 0
8.1 0 0
8.2 0 0
8.3 0 0
8.4 0 0
8.5 0 0
8.6 0 0
8.7 0 0
8.8 0 0
8.9 0 0
9 0 0
9.1 0 0
9.2 0 0
9.3 0 0
9.4 0 0
9.5 0 0
9.6 0 0
9.7 0 0
9.8 0 0
9.9 0 0
10 0 0
10.1 0 0
10.2 0 0
