-10.2 0.0703816 3.43955e-05
-10.1 0.070883 3.42605e-05
-10 0.0714409 3.66736e-05
-9.9 0.0718998 3.31593e-05
-9.8 0.072197 3.67162e-05
-9.7 0.0726904 4.47503e-05
-9.6 0.0729713 4.00389e-05
-9.5 0.0732522 3.91838e-05
-9.4 0.0736412 4.06963e-05
-9.3 0.0738955 3.55594e-05
-9.2 0.0742033 3.9019e-05
-9.1 0.0745433 3.8807e-05
-9 0.0747835 4.16085e-05
-8.9 0.075148 4.06835e-05
-8.8 0.0754019 4.23399e-05
-8.7 0.0756874 4.2261e-05
-8.6 0.075954 3.89716e-05
-8.5 0.0762184 3.98112e-05
-8.4 0.0765397 3.93381e-05
-8.3 0.0767896 4.25568e-05
-8.2 0.0770846 4.06985e-05
-8.1 0.0773701 3.80955e-05
-8 0.0776214 4.07116e-05
-7.9 0.0779633 4.10179e-05
-7.8 0.0781713 4.29064e-05
-7.7 0.0784926 4.15355e-05
-7.6 0.0787285 4.21002e-05
-7.5 0.0790719 4.25042e-05
-7.4 0.0793293 4.2901e-05
-7.3 0.0796087 4.55941e-05
-7.2 0.0798846 4.32836e-05
-7.1 0.0801845 4.54865e-05
-7 0.0805327 4.44627e-05
-6.9 0.0808385 4.29295e-05
-6.8 0.0812196 4.08751e-05
-6.7 0.0814816 4.04282e-05
-6.6 0.0818614 4.0705e-05
-6.5 0.082155 4.40904e-05
-6.4 0.0825227 4.72907e-05
-6.3 0.0828791 5.00463e-05
-6.2 0.0832051 4.88038e-05
-6.1 0.0835304 4.76932e-05
-6 0.0839739 4.69729e-05
-5.9 0.0843933 4.65865e-05
-5.8 0.0848624 4.84889e-05
-5.7 0.0852708 4.56616e-05
-5.6 0.0857769 4.58085e-05
-5.5 0.086275 4.66491e-05
-5.4 0.0868788 4.79422e-05
-5.3 0.0874925 4.5863e-05
-5.2 0.0882292 4.69962e-05
-5.1 0.0890544 4.90481e-05
-5 0.0900877 5.04653e-05
-4.9 0.0912291 5.41993e-05
-4.8 0.0921171 5.21336e-05
-4.7 0.0924677 5.80721e-05
-4.6 0.092317 5.26244e-05
-4.5 0.0921806 5.30746e-05
-4.4 0.0922633 5.56548e-05
-4.3 0.0922559 5.73678e-05
-4.2 0.0919944 5.58303e-05
-4.1 0.0919068 5.64265e-05
-4 0.0919474 5.54075e-05
-3.9 0.0918882 5.20665e-05
-3.8 0.0916862 6.09124e-05
-3.7 0.0915459 5.93015e-05
-3.6 0.0915878 5.5783e-05
-3.5 0.0915577 6.0533e-05
-3.4 0.0913574 5.45828e-05
-3.3 0.0911321 5.27581e-05
-3.2 0.0911399 5.51661e-05
-3.1 0.0911725 5.60686e-05
-3 0.0909854 6.01834e-05
-2.9 0.0908047 5.78228e-05
-2.8 0.0908599 6.02633e-05
-2.7 0.0909714 5.82147e-05
-2.6 0.0908945 5.72228e-05
-2.5 0.0905131 5.43923e-05
-2.4 0.090384 5.51305e-05
-2.3 0.0904808 5.5569e-05
-2.2 0.0906188 5.15348e-05
-2.1 0.090345 5.69096e-05
-2 0.0901232 5.57673e-05
-1.9 0.0901392 5.64047e-05
-1.8 0.0902742 5.82414e-05
-1.7 0.0902657 5.66236e-05
-1.6 0.0900441 5.71015e-05
-1.5 0.0898447 5.39232e-05
-1.4 0.0899826 5.66641e-05
-1.3 0.0901834 5.67517e-05
-1.2 0.0900838 5.92528e-05
-1.1 0.0898258 5.51486e-05
-1 0.0898198 5.26414e-05
-0.9 0.0900491 5.12859e-05
-0.8 0.0901502 5.26966e-05
-0.7 0.0899443 5.56335e-05
-0.6 0.0897216 5.76687e-05
-0.5 0.0897768 6.08028e-05
-0.4 0.0900591 6.55379e-05
-0.3 0.0902004 6.37144e-05
-0.2 0.0899997 6.06e-05
-0.1 0.0897893 6.52923e-05
0 0.0898757 6.6135e-05
0.1 0.0902165 6.65674e-05
0.2 0.0903475 6.14752e-05
0.3 0.0901788 6.22256e-05
0.4 0.0898971 6.77705e-05
0.5 0.0899818 6.21759e-05
0.6 0.0903116 7.01561e-05
0.7 0.0905995 6.92879e-05
0.8 0.0904169 7.38905e-05
0.9 0.0901171 6.95129e-05
1 0.0901348 6.80824e-05
1.1 0.0905557 7.36859e-05
1.2 0.0909579 7.58355e-05
1.3 0.0908792 7.31191e-05
1.4 0.0904735 7.13249e-05
1.5 0.0903407 7.25963e-05
1.6 0.0907234 7.13607e-05
1.7 0.0913302 7.39224e-05
1.8 0.091387 7.11753e-05
1.9 0.0909322 7.16423e-05
2 0.0905279 6.76838e-05
2.1 0.0908809 7.6362e-05
2.2 0.0915077 7.60375e-05
2.3 0.0918333 7.45486e-05
2.4 0.0914979 7.47272e-05
2.5 0.0908663 7.00914e-05
2.6 0.0907813 6.67959e-05
2.7 0.0914068 6.93597e-05
2.8 0.0921066 6.8989e-05
2.9 0.0919903 7.24214e-05
3 0.0911685 7.39249e-05
3.1 0.0905719 7.41335e-05
3.2 0.0908974 7.59e-05
3.3 0.0917642 8.18912e-05
3.4 0.0922539 7.93088e-05
3.5 0.0916854 7.89715e-05
3.6 0.0906715 7.35334e-05
3.7 0.0902471 7.48269e-05
3.8 0.0908376 7.58304e-05
3.9 0.0918544 8.35704e-05
4 0.0919679 8.53108e-05
4.1 0.0907735 8.37473e-05
4.2 0.0893033 8.09375e-05
4.3 0.0889555 8.0661e-05
4.4 0.0901183 8.72611e-05
4.5 0.0917756 9.15985e-05
4.6 0.0932049 9.94772e-05
4.7 0.0951215 9.17818e-05
4.8 0.0894024 9.95502e-05
4.9 0.0926664 9.9421e-05
5 0.0926817 0.000105824
5.1 0.0842133 0.000109193
5.2 0.0657435 0.000111476
5.3 0.0440379 8.13984e-05
5.4 0.0247823 5.75751e-05
5.5 0.0117021 4.20119e-05
5.6 0.00458818 2.6144e-05
5.7 0.00151284 1.41553e-05
5.8 0.000479573 7.93701e-06
5.9 0.000202177 4.92655e-06
6 0.000136379 4.10703e-06
6.1 0.000118023 3.94486e-06
6.2 0.000116779 4.11735e-06
6.3 0.000121442 4.02999e-06
6.4 0.00011225 4.43586e-06
6.5 0.000111245 4.0449e-06
6.6 0.000110257 4.37748e-06
6.7 0.000111678 3.93033e-06
6.8 0.000108504 3.67578e-06
6.9 0.000109861 3.40948e-06
7 0.000110734 3.24524e-06
7.1 0.000103805 3.31346e-06
7.2 0.000101408 3.17461e-06
7.3 0.000109351 3.99136e-06
7.4 0.000103416 3.853e-06
7.5 0.000101985 3.84132e-06
7.6 9.35196e-05 3.34731e-06
7.7 9.53975e-05 3.57974e-06
7.8 9.86787e-05 3.99266e-06
7.9 9.88919e-05 3.55753e-06
8 9.87833e-05 3.92658e-06
8.1 0.000104065 4.53596e-06
8.2 9.69417e-05 3.89556e-06
8.3 9.54097e-05 3.5609e-06
8.4 9.50296e-05 3.89953e-06
8.5 9.7324e-05 3.8597e-06
8.6 9.55388e-05 3.67914e-06
8.7 8.7252e-05 3.19171e-06
8.8 8.76478e-05 3.6327e-06
8.9 8.41903e-05 3.349e-06
9 8.68458e-05 2.97348e-06
9.1 8.76359e-05 3.35105e-06
9.2 8.95293e-05 4.25341e-06
9.3 8.72409e-05 3.58118e-06
9.4 8.66493e-05 3.69779e-06
9.5 8.37976e-05 3.51681e-06
9.6 7.92274e-05 3.20601e-06
9.7 8.44901e-05 3.07722e-06
9.8 8.31599e-05 3.33244e-06
9.9 8.31341e-05 3.18043e-06
10 8.24513e-05 3.10971e-06
10.1 8.13927e-05 3.27051e-06
10.2 7.81388e-05 3.3586e-06
