-10.2 6.09016 0.00148631
-10.1 6.10099 0.00184893
-10 6.13069 0.00173402
-9.9 6.15749 0.00166362
-9.8 6.17366 0.00186117
-9.7 6.20645 0.00151076
-9.6 6.22903 0.00196917
-9.5 6.25382 0.00174458
-9.4 6.28769 0.00173656
-9.3 6.30909 0.00178803
-9.2 6.33862 0.00177328
-9.1 6.36639 0.00164747
-9 6.39116 0.00188937
-8.9 6.4235 0.00178191
-8.8 6.45093 0.00183216
-8.7 6.47933 0.00152085
-8.6 6.51337 0.00185179
-8.5 6.54073 0.00181345
-8.4 6.57997 0.00194193
-8.3 6.60789 0.00196845
-8.2 6.64724 0.00194187
-8.1 6.67713 0.00179153
-8 6.71314 0.00187446
-7.9 6.75171 0.00192301
-7.8 6.78196 0.00203414
-7.7 6.82557 0.00205612
-7.6 6.86012 0.00189784
-7.5 6.9033 0.00180994
-7.4 6.94462 0.00215402
-7.3 6.99033 0.00227956
-7.2 7.03349 0.00192535
-7.1 7.08015 0.002229
-7 7.12807 0.00214292
-6.9 7.17303 0.00204507
-6.8 7.23021 0.00216201
-6.7 7.27664 0.00205084
-6.6 7.33245 0.00226762
-6.5 7.3929 0.00211048
-6.4 7.45715 0.00223107
-6.3 7.52294 0.00197232
-6.2 7.59365 0.0023509
-6.1 7.66504 0.00236353
-6 7.74734 0.00221692
-5.9 7.83216 0.00277794
-5.8 7.92643 0.00257496
-5.7 8.0252 0.00266089
-5.6 8.14983 0.00330735
-5.5 8.28313 0.00359471
-5.4 8.44326 0.00436268
-5.3 8.64198 0.00565006
-5.2 8.9107 0.00657809
-5.1 9.32338 0.0101965
-5 10.0271 0.0150691
-4.9 11.1852 0.0204919
-4.8 12.5271 0.0295753
-4.7 13.3702 0.0307397
-4.6 13.415 0.0324037
-4.5 13.2718 0.0328052
-4.4 13.5398 0.0322489
-4.3 13.8249 0.0337088
-4.2 13.7077 0.0296613
-4.1 13.4968 0.0342406
-4 13.8237 0.0319177
-3.9 14.1007 0.03511
-3.8 14.0093 0.0373099
-3.7 13.8091 0.0305741
-3.6 14.0364 0.0343489
-3.5 14.3515 0.0315079
-3.4 14.3344 0.0330948
-3.3 14.0977 0.0343068
-3.2 14.1977 0.0324605
-3.1 14.5454 0.0323887
-3 14.6025 0.0323348
-2.9 14.4035 0.0318583
-2.8 14.3732 0.0353393
-2.7 14.8564 0.0322435
-2.6 15.1282 0.0354094
-2.5 14.9218 0.0352931
-2.4 14.6997 0.0283168
-2.3 14.8987 0.0340657
-2.2 15.392 0.0315353
-2.1 15.3434 0.0348636
-2 15.122 0.0383061
-1.9 15.1655 0.0338771
-1.8 15.5324 0.0345316
-1.7 15.882 0.0342516
-1.6 15.7507 0.0351204
-1.5 15.4619 0.0310034
-1.4 15.7427 0.0377711
-1.3 16.2107 0.0371839
-1.2 16.4701 0.0367239
-1.1 16.1919 0.0316528
-1 16.0932 0.0299606
-0.9 16.4706 0.0348461
-0.8 16.9137 0.035436
-0.7 17.0534 0.0411077
-0.6 16.7938 0.040436
-0.5 16.7753 0.0326267
-0.4 17.199 0.0398537
-0.3 17.7536 0.0391343
-0.2 17.8038 0.037881
-0.1 17.5208 0.034988
0 17.4619 0.0391042
0.1 18.0427 0.0352345
0.2 18.6377 0.0330271
0.3 18.8006 0.0382077
0.4 18.4194 0.0312441
0.5 18.3702 0.0340397
0.6 18.8304 0.0367093
0.7 19.6956 0.0409468
0.8 19.9108 0.0435191
0.9 19.5818 0.0424798
1 19.3909 0.0428171
1.1 20.0125 0.0379023
1.2 20.952 0.0433065
1.3 21.4124 0.0506476
1.4 21.1688 0.0449193
1.5 20.7936 0.0466451
1.6 21.1165 0.0442169
1.7 22.2421 0.0458102
1.8 23.1099 0.0405819
1.9 23.0906 0.0482441
2 22.4798 0.042818
2.1 22.6702 0.0408184
2.2 23.7277 0.0516937
2.3 24.9089 0.0494774
2.4 25.416 0.0483216
2.5 24.9083 0.0508326
2.6 24.6183 0.0469654
2.7 25.4398 0.0430294
2.8 27.0401 0.0486838
2.9 28.171 0.0473895
3 28.0495 0.0461047
3.1 27.4358 0.0497735
3.2 27.6786 0.0451251
3.3 29.1962 0.0469433
3.4 31.0399 0.0529091
3.5 31.9796 0.061118
3.6 31.681 0.0487043
3.7 31.3318 0.0561235
3.8 32.2511 0.0524218
3.9 34.5422 0.0569669
4 36.8536 0.0614693
4.1 37.7138 0.0628777
4.2 37.1021 0.0514606
4.3 36.8418 0.0495281
4.4 38.6602 0.054373
4.5 41.9972 0.0623077
4.6 46.1034 0.0608102
4.7 50.4627 0.0658069
4.8 48.663 0.058838
4.9 57.5627 0.0638017
5 70.167 0.0665121
5.1 84.7353 0.0826868
5.2 99.6952 0.0927586
5.3 112.656 0.103136
5.4 123.874 0.131276
5.5 133.726 0.231645
5.6 143.055 0.3654
5.7 152.266 0.650553
5.8 157.401 1.02849
5.9 169.98 3.76694
6 120.311 11.7502
6.1 25.5988 8.2524
6.2 4.66454 3.37987
6.3 0 0
6.4 0 0
6.5 0 0
6.6 0 0
6.7 0 0
6.8 0 0
6.9 0 0
7 0 0
7.1 0 0
7.2 0 0
7.3 0 0
7.4 0 0
7.5 0 0
7.6 0 0
7.7 0 0
7.8 0 0
7.9 0 0
8 0 0
8.1 0 0
8.2 0 0
8.3 0 0
8.4 0 0
8.5 0 0
8.6 0 0
8.7 0 0
8.8 0 0
8.9 0 0
9 0 0
9.1 0 0
9.2 0 0
9.3 0 0
9.4 0 0
9.5 0 0
9.6 0 0
9.7 0 0
9.8 0 0
9.9 0 0
10 0 0
10.1 0 0
10.2 0 0
