-10.2 4.25531 0.000378946
-10.1 4.26022 0.000336836
-10 4.2775 0.000388865
-9.9 4.29995 0.000347331
-9.8 4.3108 0.000392488
-9.7 4.33196 0.000401191
-9.6 4.35038 0.000397191
-9.5 4.36478 0.000380127
-9.4 4.38803 0.000396719
-9.3 4.40446 0.000430207
-9.2 4.42138 0.000435144
-9.1 4.44549 0.000442425
-9 4.46106 0.000426125
-8.9 4.48221 0.000471085
-8.8 4.50425 0.000478132
-8.7 4.52205 0.000528326
-8.6 4.54621 0.000467041
-8.5 4.56647 0.000526991
-8.4 4.5876 0.000533811
-8.3 4.61301 0.000515011
-8.2 4.63273 0.000563875
-8.1 4.65838 0.000593263
-8 4.68136 0.0006083
-7.9 4.70534 0.000588457
-7.8 4.73241 0.000613151
-7.7 4.75571 0.000620452
-7.6 4.78342 0.000653962
-7.5 4.80985 0.000679216
-7.4 4.8368 0.000705336
-7.3 4.86658 0.000699027
-7.2 4.89439 0.000748308
-7.1 4.92591 0.000722828
-7 4.95604 0.000836773
-6.9 4.98764 0.00084848
-6.8 5.02118 0.000867002
-6.7 5.05427 0.000923612
-6.6 5.09111 0.000893972
-6.5 5.12611 0.000995205
-6.4 5.166 0.00101626
-6.3 5.20479 0.00106799
-6.2 5.24805 0.00108587
-6.1 5.29165 0.00121832
-6 5.33876 0.00123112
-5.9 5.39004 0.00135009
-5.8 5.4432 0.00137589
-5.7 5.50527 0.00158647
-5.6 5.57188 0.00162888
-5.5 5.65413 0.00207441
-5.4 5.74245 0.00233795
-5.3 5.84085 0.00244214
-5.2 5.93644 0.00297528
-5.1 6.05834 0.00339061
-5 6.17722 0.00413023
-4.9 6.25686 0.00455456
-4.8 6.27462 0.0041341
-4.7 6.29676 0.00382704
-4.6 6.34679 0.00445976
-4.5 6.37479 0.00445916
-4.4 6.3746 0.00438856
-4.3 6.3993 0.00411636
-4.2 6.46252 0.0041307
-4.1 6.4936 0.00395112
-4 6.51321 0.00374296
-3.9 6.53908 0.0040055
-3.8 6.59558 0.00384195
-3.7 6.63684 0.00410129
-3.6 6.66044 0.00395556
-3.5 6.68642 0.00463498
-3.4 6.74913 0.00476159
-3.3 6.79809 0.00464549
-3.2 6.81391 0.00460849
-3.1 6.83327 0.00502911
-3 6.88542 0.00504852
-2.9 6.94407 0.00557917
-2.8 6.98273 0.00509505
-2.7 7.00283 0.00497733
-2.6 7.05327 0.00447742
-2.5 7.12084 0.00575246
-2.4 7.17282 0.00543551
-2.3 7.18709 0.00472811
-2.2 7.21786 0.00496394
-2.1 7.27972 0.00552519
-2 7.34343 0.00539215
-1.9 7.37789 0.00593914
-1.8 7.39603 0.00541806
-1.7 7.45079 0.00509587
-1.6 7.53767 0.0069013
-1.5 7.59306 0.00581001
-1.4 7.61992 0.00525452
-1.3 7.65211 0.00497286
-1.2 7.73235 0.00525633
-1.1 7.82442 0.00485578
-1 7.89458 0.00459862
-0.9 7.92386 0.00501615
-0.8 7.96113 0.00502833
-0.7 8.04196 0.00486739
-0.6 8.15438 0.00594861
-0.5 8.21445 0.00508443
-0.4 8.25127 0.00588168
-0.3 8.30623 0.00594032
-0.2 8.41068 0.00547378
-0.1 8.53661 0.00573062
0 8.59398 0.00681885
0.1 8.62945 0.00630288
0.2 8.69825 0.00626876
0.3 8.81583 0.00660741
0.4 8.95166 0.00641334
0.5 9.04079 0.00630259
0.6 9.07965 0.00663609
0.7 9.14003 0.00629339
0.8 9.27452 0.0061498
0.9 9.44939 0.00713301
1 9.56356 0.00785275
1.1 9.6172 0.00751243
1.2 9.68666 0.0069401
1.3 9.82562 0.0068319
1.4 10.0373 0.00883819
1.5 10.1994 0.0078115
1.6 10.2724 0.00775428
1.7 10.3246 0.00912751
1.8 10.466 0.00850465
1.9 10.699 0.00881562
2 10.9244 0.00851891
2.1 11.0482 0.00862808
2.2 11.1028 0.00875669
2.3 11.213 0.00782324
2.4 11.4732 0.0066357
2.5 11.7767 0.00881627
2.6 12.008 0.00997198
2.7 12.1189 0.00874643
2.8 12.2344 0.00829405
2.9 12.4482 0.00934234
3 12.8352 0.0100337
3.1 13.204 0.0100938
3.2 13.421 0.0101827
3.3 13.5242 0.0113365
3.4 13.6993 0.0109967
3.5 14.0915 0.0108542
3.6 14.6165 0.0124116
3.7 15.0565 0.0129408
3.8 15.2759 0.0146233
3.9 15.4617 0.0127439
4 15.8218 0.0124393
4.1 16.4324 0.0132341
4.2 17.1787 0.0168268
4.3 17.722 0.0152247
4.4 18.0445 0.015456
4.5 18.3669 0.0146693
4.6 19.0039 0.0160504
4.7 20.0302 0.0185816
4.8 21.2187 0.0180642
4.9 22.2844 0.0207331
5 23.2239 0.0245272
5.1 24.5207 0.0219229
5.2 26.5258 0.024436
5.3 28.4575 0.0260782
5.4 31.9838 0.0278163
5.5 34.5007 0.044244
5.6 36.6096 0.0383473
5.7 40.2084 0.0409007
5.8 46.1805 0.0558384
5.9 54.2662 0.0674689
6 64.4839 0.0815119
6.1 76.0189 0.130631
6.2 87.8646 0.178105
6.3 99.9922 0.264157
6.4 112.613 0.388974
6.5 124.121 0.717401
6.6 136.9 1.50726
6.7 155.997 5.0458
6.8 198.955 14.4664
6.9 133.744 37.6786
7 36.1884 13.903
7.1 0.996171 0.996171
7.2 1.69323 1.69323
7.3 0 0
7.4 0 0
7.5 0 0
7.6 0 0
7.7 0 0
7.8 0 0
7.9 0 0
8 0 0
8.1 0 0
8.2 0 0
8.3 0 0
8.4 0 0
8.5 0 0
8.6 0 0
8.7 0 0
8.8 0 0
8.9 0 0
9 0 0
9.1 0 0
9.2 0 0
9.3 0 0
9.4 0 0
9.5 0 0
9.6 0 0
9.7 0 0
9.8 0 0
9.9 0 0
10 0 0
10.1 0 0
10.2 0 0
