-10.2 4.68197 0.00496833
-10.1 4.74966 0.00602509
-10 4.79729 0.00533155
-9.9 4.8276 0.00510742
-9.8 4.86314 0.0044365
-9.7 4.91037 0.00494064
-9.6 4.94068 0.0054169
-9.5 4.95911 0.00536628
-9.4 4.99822 0.00523115
-9.3 5.03761 0.00464822
-9.2 5.06308 0.00598147
-9.1 5.09227 0.00591053
-9 5.12065 0.00553945
-8.9 5.15657 0.00627076
-8.8 5.18236 0.00631404
-8.7 5.22164 0.00631307
-8.6 5.24758 0.00588828
-8.5 5.27494 0.00520119
-8.4 5.31205 0.00627386
-8.3 5.33906 0.00587642
-8.2 5.37305 0.00637405
-8.1 5.40147 0.00559299
-8 5.4325 0.00539846
-7.9 5.46575 0.00614002
-7.8 5.4866 0.00635521
-7.7 5.53671 0.00528954
-7.6 5.56372 0.00542055
-7.5 5.59899 0.0064593
-7.4 5.62457 0.00539146
-7.3 5.67068 0.0056647
-7.2 5.6975 0.00607455
-7.1 5.73152 0.00605488
-7 5.77558 0.00575525
-6.9 5.81593 0.005636
-6.8 5.87032 0.00569014
-6.7 5.8918 0.00584436
-6.6 5.94705 0.00592589
-6.5 5.97803 0.00568217
-6.4 6.02164 0.00644358
-6.3 6.0791 0.00662772
-6.2 6.11721 0.00615647
-6.1 6.15916 0.00584569
-6 6.21109 0.00648313
-5.9 6.25539 0.00647021
-5.8 6.3258 0.00650808
-5.7 6.36767 0.00625684
-5.6 6.43028 0.00608148
-5.5 6.49896 0.00639748
-5.4 6.56728 0.0066647
-5.3 6.6507 0.00613277
-5.2 6.72941 0.00687088
-5.1 6.8282 0.00669477
-5 6.96617 0.00637766
-4.9 7.12881 0.00713501
-4.8 7.27892 0.00704018
-4.7 7.3835 0.00798424
-4.6 7.41292 0.00657278
-4.5 7.43507 0.00706998
-4.4 7.49776 0.00690947
-4.3 7.55392 0.00759882
-4.2 7.57282 0.00737846
-4.1 7.60282 0.00752557
-4 7.65772 0.00701752
-3.9 7.70377 0.00731072
-3.8 7.74115 0.00869932
-3.7 7.76449 0.00809837
-3.6 7.81279 0.00695811
-3.5 7.87595 0.00822365
-3.4 7.91391 0.00758693
-3.3 7.93004 0.00717179
-3.2 7.98927 0.00753762
-3.1 8.06301 0.00761797
-3 8.09636 0.0079927
-2.9 8.1268 0.00757387
-2.8 8.19234 0.00949533
-2.7 8.27234 0.00936459
-2.6 8.32624 0.00846523
-2.5 8.34524 0.00797831
-2.4 8.39341 0.00785845
-2.3 8.44557 0.00747697
-2.2 8.54408 0.00822497
-2.1 8.58206 0.00814867
-2 8.60473 0.00888603
-1.9 8.66764 0.00818277
-1.8 8.76736 0.0082102
-1.7 8.84565 0.00755886
-1.6 8.88292 0.00886714
-1.5 8.91321 0.00843955
-1.4 8.99543 0.00916547
-1.3 9.11439 0.00859667
-1.2 9.19254 0.00924451
-1.1 9.22056 0.00735119
-1 9.29618 0.0094164
-0.9 9.40145 0.00905872
-0.8 9.51634 0.0100416
-0.7 9.56826 0.00958893
-0.6 9.62354 0.00937196
-0.5 9.70667 0.00961937
-0.4 9.84033 0.0104743
-0.3 9.96289 0.0100391
-0.2 10.0382 0.0098513
-0.1 10.0761 0.00888857
0 10.1879 0.00921387
0.1 10.3468 0.00960541
0.2 10.4927 0.00886156
0.3 10.5734 0.00972654
0.4 10.6361 0.0107139
0.5 10.7485 0.0114672
0.6 10.9137 0.0111669
0.7 11.1016 0.0114756
0.8 11.2055 0.0124541
0.9 11.2663 0.01121
1 11.3829 0.00978986
1.1 11.5811 0.00948715
1.2 11.8145 0.0123835
1.3 12.0006 0.013007
1.4 12.0649 0.0114801
1.5 12.1724 0.0114819
1.6 12.3822 0.0119838
1.7 12.6907 0.0118075
1.8 12.9283 0.0117853
1.9 13.0398 0.0130945
2 13.1319 0.0132354
2.1 13.3681 0.0131433
2.2 13.7262 0.0135555
2.3 14.0552 0.0147124
2.4 14.3054 0.0150988
2.5 14.3994 0.0125129
2.6 14.6046 0.0121443
2.7 15.0041 0.0135556
2.8 15.5109 0.0137857
2.9 15.8936 0.0142799
3 16.0849 0.0146857
3.1 16.2516 0.0143007
3.2 16.6608 0.0156919
3.3 17.288 0.0155605
3.4 17.9564 0.0161268
3.5 18.4383 0.0147529
3.6 18.6979 0.0162006
3.7 19.0931 0.0171918
3.8 19.8281 0.0178572
3.9 20.8509 0.0178041
4 21.8511 0.020156
4.1 22.5352 0.0199843
4.2 22.9884 0.0207434
4.3 23.7437 0.0198682
4.4 25.2411 0.0220853
4.5 27.2837 0.0231385
4.6 29.7113 0.0255445
4.7 32.6071 0.0270964
4.8 34.1321 0.0306648
4.9 40.4365 0.0336778
5 49.6163 0.042419
5.1 61.3284 0.0565855
5.2 74.9556 0.0787431
5.3 88.404 0.104601
5.4 100.961 0.147689
5.5 112.911 0.254282
5.6 123.55 0.496463
5.7 127.003 1.00382
5.8 112.53 1.89718
5.9 93.7261 2.62788
6 91.9668 3.84138
6.1 82.5651 3.60327
6.2 82.1215 3.19211
6.3 81.0693 3.46048
6.4 83.5474 3.47118
6.5 84.2836 3.54947
6.6 87.4231 3.51222
6.7 77.6962 3.15405
6.8 82.9965 3.75294
6.9 79.4967 3.57078
7 85.096 3.75564
7.1 86.1045 4.63693
7.2 80.6791 3.86978
7.3 83.8123 3.31252
7.4 83.8682 3.55013
7.5 86.3776 3.53151
7.6 78.1905 3.90408
7.7 79.205 3.65637
7.8 79.0453 3.7009
7.9 77.4078 3.6293
8 77.0002 3.90996
8.1 80.2473 3.65617
8.2 79.0243 3.50869
8.3 78.7477 4.28604
8.4 81.0105 3.82423
8.5 74.7083 3.62343
8.6 86.6547 4.28768
8.7 74.9709 3.8432
8.8 71.6324 3.53061
8.9 85.508 4.89003
9 77.5824 3.69842
9.1 75.1713 3.24465
9.2 75.1581 4.94156
9.3 76.7563 4.18342
9.4 77.2917 3.87282
9.5 80.9992 4.75648
9.6 84.1095 10.7512
9.7 75.3701 3.78029
9.8 75.2092 4.27887
9.9 83.933 5.26041
10 73.0555 4.22965
10.1 77.551 4.04113
10.2 77.2022 3.95462
