-10.2 37.3874 0.922009
-10.1 35.7414 0.761617
-10 37.4921 0.713464
-9.9 36.7775 0.807457
-9.8 37.2706 0.770199
-9.7 37.9981 0.770433
-9.6 38.7402 0.846801
-9.5 38.7278 0.826162
-9.4 37.5922 0.818919
-9.3 36.7161 0.759572
-9.2 36.3493 0.768368
-9.1 38.4174 0.742216
-9 39.3242 0.798388
-8.9 38.4546 0.745846
-8.8 37.3451 0.658779
-8.7 38.7348 0.805733
-8.6 36.8359 0.700081
-8.5 38.569 0.760755
-8.4 37.5131 0.64093
-8.3 38.649 0.736466
-8.2 37.8845 0.771106
-8.1 38.2515 0.809708
-8 39.7457 0.700757
-7.9 38.6258 0.790783
-7.8 37.6498 0.719338
-7.7 39.1551 0.721806
-7.6 38.1264 0.783565
-7.5 39.2747 0.798474
-7.4 38.6461 0.735649
-7.3 38.3536 0.727583
-7.2 40.6174 0.759774
-7.1 38.5138 0.758335
-7 39.119 0.69484
-6.9 39.0151 0.764304
-6.8 39.5257 0.708582
-6.7 38.5152 0.777587
-6.6 37.891 0.748952
-6.5 38.3137 0.78941
-6.4 38.4263 0.718028
-6.3 38.6662 0.623083
-6.2 39.5151 0.752089
-6.1 38.4703 0.739875
-6 39.0831 0.716215
-5.9 38.4533 0.645591
-5.8 38.9064 0.704211
-5.7 39.2164 0.650054
-5.6 39.5917 0.668967
-5.5 38.6707 0.615126
-5.4 39.6756 0.641995
-5.3 41.068 0.700545
-5.2 40.817 0.654541
-5.1 41.4491 0.722742
-5 41.3566 0.689822
-4.9 42.6284 0.643318
-4.8 41.5335 0.587309
-4.7 41.372 0.651673
-4.6 41.7863 0.672241
-4.5 43.4601 0.661395
-4.4 42.8388 0.688734
-4.3 41.6653 0.68812
-4.2 42.5657 0.582552
-4.1 42.1578 0.668173
-4 41.7491 0.603959
-3.9 41.6217 0.609685
-3.8 43.1871 0.656253
-3.7 44.7378 0.699151
-3.6 43.0577 0.722411
-3.5 43.5281 0.68601
-3.4 42.0207 0.659063
-3.3 42.463 0.675404
-3.2 42.3664 0.660744
-3.1 42.6904 0.648115
-3 43.4687 0.686904
-2.9 42.9484 0.615353
-2.8 43.0816 0.63344
-2.7 41.8967 0.687402
-2.6 43.4326 0.68226
-2.5 43.8344 0.673039
-2.4 43.4659 0.665684
-2.3 43.4111 0.689142
-2.2 43.7138 0.644205
-2.1 43.9504 0.613325
-2 43.855 0.716007
-1.9 43.3554 0.635098
-1.8 43.1536 0.598544
-1.7 44.5237 0.662807
-1.6 43.6819 0.669392
-1.5 43.2495 0.599836
-1.4 43.5746 0.708572
-1.3 43.9768 0.659365
-1.2 42.7985 0.652701
-1.1 44.5134 0.621924
-1 42.5662 0.589316
-0.9 44.4945 0.677171
-0.8 42.8927 0.546473
-0.7 45.7636 0.607223
-0.6 44.3558 0.690336
-0.5 44.3286 0.639851
-0.4 43.7723 0.573923
-0.3 44.0863 0.583394
-0.2 44.2242 0.570822
-0.1 44.0451 0.588306
0 45.8302 0.614713
0.1 45.7721 0.659419
0.2 43.7516 0.56553
0.3 46.1768 0.62218
0.4 44.9327 0.592905
0.5 46.3753 0.616535
0.6 45.981 0.622335
0.7 45.9636 0.631244
0.8 46.6278 0.630286
0.9 44.8546 0.628808
1 46.7751 0.675362
1.1 46.6282 0.731384
1.2 46.2593 0.663916
1.3 46.5255 0.597671
1.4 46.3035 0.66751
1.5 47.5525 0.628906
1.6 47.1331 0.596229
1.7 47.2761 0.637828
1.8 46.949 0.54263
1.9 47.1345 0.573495
2 47.0698 0.571092
2.1 47.4572 0.516146
2.2 47.5697 0.577497
2.3 47.0561 0.6272
2.4 47.8747 0.671257
2.5 48.4312 0.627147
2.6 49.5548 0.659754
2.7 48.8458 0.575759
2.8 48.635 0.585143
2.9 48.1855 0.614435
3 50.4879 0.692835
3.1 50.3758 0.663821
3.2 51.5629 0.621056
3.3 51.7195 0.585831
3.4 50.4435 0.619932
3.5 50.2176 0.633112
3.6 51.6244 0.596147
3.7 52.8096 0.55175
3.8 52.9942 0.628885
3.9 52.8686 0.540412
4 52.7735 0.604544
4.1 51.6314 0.563218
4.2 55.0863 0.549914
4.3 55.1733 0.528398
4.4 55.1111 0.523625
4.5 54.5631 0.472335
4.6 54.8085 0.557666
4.7 55.8798 0.506058
4.8 57.7635 0.543515
4.9 60.538 0.524781
5 60.4216 0.484642
5.1 59.8017 0.505609
5.2 61.9212 0.490844
5.3 65.6349 0.460908
5.4 71.3504 0.381091
5.5 76.2922 0.392447
5.6 82.2737 0.495877
5.7 84.1811 0.492599
5.8 91.3841 0.45257
5.9 100.987 0.470992
6 117.055 0.495779
6.1 113.766 0.372933
6.2 126.575 0.629706
6.3 140.223 1.03562
6.4 157.409 1.71392
6.5 192.765 3.94839
6.6 280.988 11.8336
6.7 429.775 32.2652
6.8 635.963 52.6846
6.9 684.347 57.9327
7 701.885 58.9533
7.1 713.529 53.249
7.2 758.169 56.0455
7.3 881.98 78.0777
7.4 713.569 61.0082
7.5 605.64 51.2713
7.6 743.928 71.7669
7.7 690.872 54.04
7.8 592.702 49.585
7.9 805.924 73.9938
8 718.641 64.5142
8.1 670.384 54.0429
8.2 701.422 73.4324
8.3 664.531 58.3655
8.4 713.515 68.958
8.5 709.884 67.3189
8.6 650.08 54.5111
8.7 671.832 66.2624
8.8 703.756 62.4496
8.9 669.117 62.5501
9 762.229 66.4856
9.1 668.242 53.7758
9.2 765.855 73.6837
9.3 695.265 63.5391
9.4 657.296 73.7435
9.5 655.218 53.5397
9.6 683.38 61.0533
9.7 764.341 67.3387
9.8 665.359 64.7514
9.9 829.721 84.8351
10 718.364 65.3547
10.1 679.405 78.2863
10.2 603.276 66.8543
