-10.2 7.23393 0.0306361
-10.1 7.74768 0.0360066
-10 7.97946 0.0380778
-9.9 8.22905 0.0357918
-9.8 8.38091 0.0339703
-9.7 8.52878 0.0366286
-9.6 8.75182 0.0424134
-9.5 8.74004 0.0349009
-9.4 8.90154 0.0370207
-9.3 8.96152 0.0400556
-9.2 9.11372 0.0406813
-9.1 9.18158 0.037826
-9 9.33293 0.0382172
-8.9 9.35735 0.0379189
-8.8 9.45498 0.0459285
-8.7 9.5381 0.0422125
-8.6 9.55345 0.0437136
-8.5 9.65104 0.0393702
-8.4 9.6767 0.04154
-8.3 9.79754 0.0419164
-8.2 9.81727 0.0391874
-8.1 9.88921 0.0411331
-8 9.96115 0.0371766
-7.9 10.0497 0.0451468
-7.8 10.0905 0.0419086
-7.7 10.145 0.0430088
-7.6 10.1857 0.039328
-7.5 10.2575 0.0423699
-7.4 10.3734 0.0449065
-7.3 10.4208 0.0391946
-7.2 10.5576 0.0380645
-7.1 10.523 0.0378086
-7 10.5988 0.0411564
-6.9 10.6323 0.0377674
-6.8 10.7423 0.0358915
-6.7 10.7684 0.0381905
-6.6 10.8388 0.0471418
-6.5 10.9319 0.0406853
-6.4 11.008 0.0367797
-6.3 11.1122 0.034975
-6.2 11.1432 0.0353926
-6.1 11.256 0.0445648
-6 11.4095 0.0443135
-5.9 11.4812 0.0368567
-5.8 11.5923 0.0415154
-5.7 11.7421 0.0402787
-5.6 12.0139 0.0410672
-5.5 12.3561 0.0402738
-5.4 12.7403 0.0393151
-5.3 13.2605 0.0391781
-5.2 13.7977 0.043677
-5.1 14.5903 0.0436855
-5 15.6165 0.0565667
-4.9 16.3106 0.0475046
-4.8 16.2735 0.051742
-4.7 16.0914 0.0426327
-4.6 16.4326 0.0499671
-4.5 16.6729 0.0530145
-4.4 16.3637 0.053871
-4.3 16.1698 0.050932
-4.2 16.6066 0.0489073
-4.1 16.7947 0.0513739
-4 16.5759 0.053111
-3.9 16.5586 0.0521908
-3.8 16.7197 0.0471841
-3.7 17.0206 0.0551718
-3.6 17.0099 0.0477776
-3.5 16.8726 0.0555326
-3.4 17.0295 0.0529515
-3.3 17.3375 0.0531447
-3.2 17.3324 0.0632775
-3.1 17.0972 0.0498359
-3 17.1455 0.0508829
-2.9 17.5709 0.0556614
-2.8 17.5847 0.0542507
-2.7 17.4167 0.0584163
-2.6 17.4178 0.053011
-2.5 17.8157 0.055668
-2.4 18.0003 0.0514812
-2.3 17.9597 0.0522281
-2.2 17.7488 0.0483601
-2.1 17.9218 0.0525237
-2 18.1296 0.0542919
-1.9 18.1348 0.049729
-1.8 18.0443 0.0514643
-1.7 17.9269 0.050993
-1.6 18.3553 0.0602441
-1.5 18.5998 0.0599249
-1.4 18.5384 0.0551491
-1.3 18.3457 0.054592
-1.2 18.3716 0.0542686
-1.1 18.8505 0.0543671
-1 19.1645 0.05283
-0.9 18.9617 0.0511804
-0.8 18.8204 0.0483938
-0.7 19.0483 0.047376
-0.6 19.4684 0.0624744
-0.5 19.7079 0.0575811
-0.4 19.5642 0.0563243
-0.3 19.362 0.0441329
-0.2 19.6663 0.0461188
-0.1 20.2059 0.0521987
0 20.4308 0.056592
0.1 20.2564 0.0529359
0.2 19.9245 0.048023
0.3 20.1825 0.051104
0.4 20.803 0.0534747
0.5 21.1111 0.050049
0.6 20.9092 0.052683
0.7 20.6162 0.0562198
0.8 20.9349 0.0584716
0.9 21.6659 0.0575019
1 22.1692 0.0620175
1.1 21.8745 0.0614704
1.2 21.5508 0.0545805
1.3 21.7194 0.0661116
1.4 22.4418 0.0524438
1.5 23.1722 0.0618786
1.6 23.196 0.0635331
1.7 22.7439 0.0650868
1.8 22.8487 0.0538549
1.9 23.5191 0.0537744
2 24.3889 0.0571959
2.1 24.6824 0.0612965
2.2 24.1792 0.0543869
2.3 23.9569 0.0582505
2.4 24.5092 0.0584727
2.5 25.6052 0.0594431
2.6 26.4022 0.0604046
2.7 26.323 0.0657045
2.8 25.8075 0.0700024
2.9 25.8646 0.0612567
3 27.0779 0.0664731
3.1 28.3638 0.0628138
3.2 28.8514 0.0572317
3.3 28.2946 0.0618016
3.4 27.9298 0.0648024
3.5 28.5249 0.0636313
3.6 29.9654 0.0722305
3.7 31.3441 0.072248
3.8 31.5443 0.0705046
3.9 30.8029 0.060317
4 30.8545 0.0623523
4.1 32.1153 0.0675244
4.2 34.2979 0.0748215
4.3 35.652 0.081351
4.4 35.5152 0.076014
4.5 34.9717 0.0633943
4.6 35.1403 0.0807167
4.7 36.9814 0.0783009
4.8 39.6062 0.0873694
4.9 41.5698 0.0788878
5 42.2675 0.0747121
5.1 43.1659 0.0861968
5.2 45.7509 0.0738716
5.3 50.7401 0.0796544
5.4 57.013 0.105974
5.5 63.3951 0.104045
5.6 67.0032 0.0887873
5.7 71.0979 0.101028
5.8 78.7882 0.130217
5.9 91.9001 0.117417
6 108.437 0.12708
6.1 107.747 0.135515
6.2 119.253 0.188135
6.3 129.955 0.254563
6.4 139.474 0.33317
6.5 145.861 0.616035
6.6 149.417 0.984599
6.7 130.71 1.89719
6.8 100.604 2.8013
6.9 82.5803 2.77015
7 75.7549 2.84112
7.1 72.3808 2.71013
7.2 76.9318 2.83348
7.3 71.4562 2.85958
7.4 78.8109 2.94435
7.5 75.2614 2.68513
7.6 74.5821 2.98015
7.7 76.2884 2.69815
7.8 74.7011 2.94707
7.9 77.9455 3.01041
8 78.3991 3.19748
8.1 76.0756 3.3409
8.2 72.268 3.26626
8.3 67.2689 2.90561
8.4 72.2975 2.84641
8.5 72.8962 2.89971
8.6 70.5581 3.41135
8.7 74.9343 2.87201
8.8 78.0563 3.53804
8.9 74.0525 3.32711
9 77.327 3.30794
9.1 69.3956 3.25877
9.2 67.4386 3.0385
9.3 67.5809 3.42983
9.4 72.87 3.04883
9.5 72.3458 2.92718
9.6 73.2032 3.36281
9.7 68.0471 3.3575
9.8 76.2522 2.91436
9.9 75.595 3.0435
10 72.9592 3.01221
10.1 66.5825 3.14534
10.2 72.0675 3.33475
