-10.2 4.32123 0.000322454
-10.1 4.32651 0.000340783
-10 4.34676 0.000359136
-9.9 4.36703 0.000333162
-9.8 4.37939 0.000346782
-9.7 4.40392 0.000389493
-9.6 4.41921 0.00037687
-9.5 4.43591 0.00038584
-9.4 4.46101 0.000376953
-9.3 4.47542 0.00040226
-9.2 4.49747 0.000407823
-9.1 4.51771 0.000387077
-9 4.53489 0.000415795
-8.9 4.56083 0.000402991
-8.8 4.57829 0.000418338
-8.7 4.60165 0.000423515
-8.6 4.62418 0.000416237
-8.5 4.64352 0.000465289
-8.4 4.67106 0.000456281
-8.3 4.69057 0.000461692
-8.2 4.71662 0.000466414
-8.1 4.74024 0.000478353
-8 4.76392 0.000496976
-7.9 4.79176 0.000535325
-7.8 4.81402 0.000523662
-7.7 4.84465 0.000550066
-7.6 4.86844 0.000567257
-7.5 4.89854 0.000554289
-7.4 4.92588 0.000571817
-7.3 4.95503 0.000587512
-7.2 4.98567 0.000616687
-7.1 5.01449 0.000614445
-7 5.04832 0.000653232
-6.9 5.07796 0.000668642
-6.8 5.11433 0.000693838
-6.7 5.14576 0.000693015
-6.6 5.18441 0.00072903
-6.5 5.2185 0.000741372
-6.4 5.25846 0.000736131
-6.3 5.29654 0.000843537
-6.2 5.33906 0.000860707
-6.1 5.38096 0.00091306
-6 5.42634 0.000951465
-5.9 5.47233 0.000989408
-5.8 5.52365 0.00101815
-5.7 5.57508 0.00105563
-5.6 5.63302 0.00111657
-5.5 5.69204 0.00123185
-5.4 5.76011 0.00125621
-5.3 5.83254 0.00130876
-5.2 5.91933 0.0015117
-5.1 6.01983 0.00180445
-5 6.15148 0.00213521
-4.9 6.31061 0.00266053
-4.8 6.46938 0.00319461
-4.7 6.56813 0.00366304
-4.6 6.59162 0.00315726
-4.5 6.61777 0.00332018
-4.4 6.66974 0.00356511
-4.3 6.71718 0.00328498
-4.2 6.7343 0.00364344
-4.1 6.75631 0.00371801
-4 6.8251 0.0042015
-3.9 6.8764 0.00388622
-3.8 6.8933 0.00367441
-3.7 6.91351 0.00341165
-3.6 6.97289 0.00390849
-3.5 7.02114 0.00417994
-3.4 7.05064 0.00438328
-3.3 7.07042 0.00426965
-3.2 7.1308 0.00420617
-3.1 7.19945 0.0041782
-3 7.23551 0.00447453
-2.9 7.25592 0.00432125
-2.8 7.30741 0.00422004
-2.7 7.37943 0.00454577
-2.6 7.43673 0.00462052
-2.5 7.4522 0.00422262
-2.4 7.48184 0.0043415
-2.3 7.55795 0.00433799
-2.2 7.63179 0.00386332
-2.1 7.67214 0.00439943
-2 7.69601 0.00462572
-1.9 7.75616 0.00444902
-1.8 7.84537 0.00461981
-1.7 7.918 0.00422198
-1.6 7.95012 0.00439273
-1.5 7.98151 0.00472016
-1.4 8.0728 0.0046195
-1.3 8.17346 0.00461692
-1.2 8.24495 0.00502743
-1.1 8.28257 0.00438924
-1 8.32949 0.00457517
-0.9 8.43948 0.00457545
-0.8 8.5446 0.00499201
-0.7 8.61818 0.0051556
-0.6 8.6473 0.00503312
-0.5 8.7235 0.0049952
-0.4 8.85563 0.00543195
-0.3 8.97921 0.00620996
-0.2 9.05532 0.00562354
-0.1 9.09874 0.00562704
0 9.18649 0.00542496
0.1 9.34182 0.00530349
0.2 9.48951 0.00561777
0.3 9.57427 0.00633702
0.4 9.61565 0.0063257
0.5 9.7133 0.00617472
0.6 9.88444 0.0059782
0.7 10.0707 0.00633518
0.8 10.1768 0.00684014
0.9 10.2383 0.00620989
1 10.3357 0.00553122
1.1 10.5383 0.00598677
1.2 10.7811 0.00603874
1.3 10.9376 0.00676314
1.4 11.017 0.00703445
1.5 11.1034 0.00622273
1.6 11.3321 0.00649041
1.7 11.622 0.00829975
1.8 11.8343 0.00814292
1.9 11.9671 0.00777667
2 12.0645 0.00782568
2.1 12.2853 0.00789686
2.2 12.6182 0.00809485
2.3 12.9741 0.00889852
2.4 13.1736 0.00824119
2.5 13.2825 0.00898806
2.6 13.4849 0.0088802
2.7 13.8852 0.00997398
2.8 14.3604 0.0118475
2.9 14.7371 0.0115517
3 14.9363 0.00970573
3.1 15.1151 0.0106709
3.2 15.5222 0.0100568
3.3 16.1281 0.0107728
3.4 16.8007 0.0124181
3.5 17.2435 0.0119719
3.6 17.5203 0.0126193
3.7 17.8962 0.0130063
3.8 18.6446 0.013511
3.9 19.6551 0.0150153
4 20.6318 0.0148233
4.1 21.2992 0.0146009
4.2 21.7678 0.015156
4.3 22.5301 0.0168274
4.4 24.005 0.019011
4.5 25.9943 0.020377
4.6 28.1673 0.0209645
4.7 30.5514 0.0215808
4.8 33.77 0.026116
4.9 38.7466 0.030442
5 44.932 0.03535
5.1 56.6415 0.0456615
5.2 69.8231 0.0678216
5.3 84.1759 0.0984248
5.4 98.7387 0.152408
5.5 112.042 0.273629
5.6 125.248 0.457352
5.7 137.6 0.835857
5.8 149.527 1.91288
5.9 182.956 6.98171
6 203.435 35.0118
6.1 23.994 9.43522
6.2 11.3291 6.57414
6.3 0 0
6.4 0 0
6.5 0 0
6.6 0 0
6.7 0 0
6.8 0 0
6.9 0 0
7 0 0
7.1 0 0
7.2 0 0
7.3 0 0
7.4 0 0
7.5 0 0
7.6 0 0
7.7 0 0
7.8 0 0
7.9 0 0
8 0 0
8.1 0 0
8.2 0 0
8.3 0 0
8.4 0 0
8.5 0 0
8.6 0 0
8.7 0 0
8.8 0 0
8.9 0 0
9 0 0
9.1 0 0
9.2 0 0
9.3 0 0
9.4 0 0
9.5 0 0
9.6 0 0
9.7 0 0
9.8 0 0
9.9 0 0
10 0 0
10.1 0 0
10.2 0 0
