-10.2 0.0481478 4.02533e-05
-10.1 0.0484874 3.95917e-05
-10 0.0488711 4.29926e-05
-9.9 0.0491605 3.74085e-05
-9.8 0.0493948 4.25874e-05
-9.7 0.0497078 4.03214e-05
-9.6 0.0499784 4.23254e-05
-9.5 0.0501526 4.19137e-05
-9.4 0.0504016 3.78355e-05
-9.3 0.0505728 4.43461e-05
-9.2 0.0507985 3.98459e-05
-9.1 0.0510939 4.17288e-05
-9 0.0512824 4.2094e-05
-8.9 0.0514844 4.28607e-05
-8.8 0.0516668 3.84925e-05
-8.7 0.0518584 3.95117e-05
-8.6 0.0520465 4.57766e-05
-8.5 0.0522389 3.89495e-05
-8.4 0.0523953 3.8247e-05
-8.3 0.0526651 4.28749e-05
-8.2 0.0527984 4.07737e-05
-8.1 0.0530387 4.37421e-05
-8 0.053244 4.25461e-05
-7.9 0.0534478 4.37767e-05
-7.8 0.0536293 4.70328e-05
-7.7 0.0538247 4.56774e-05
-7.6 0.0539998 4.35526e-05
-7.5 0.054219 4.49801e-05
-7.4 0.0544728 4.62088e-05
-7.3 0.0546883 4.24842e-05
-7.2 0.0549406 4.20417e-05
-7.1 0.0550798 4.28898e-05
-7 0.0553412 4.05052e-05
-6.9 0.055541 4.25642e-05
-6.8 0.0558254 3.97032e-05
-6.7 0.0559975 4.21174e-05
-6.6 0.0562712 4.13917e-05
-6.5 0.0565315 4.58301e-05
-6.4 0.0568129 4.73825e-05
-6.3 0.0570727 4.32793e-05
-6.2 0.0573787 4.47671e-05
-6.1 0.0576477 4.282e-05
-6 0.0580256 4.50533e-05
-5.9 0.0583287 4.58935e-05
-5.8 0.0586678 4.47269e-05
-5.7 0.0590915 4.46344e-05
-5.6 0.0595424 5.03944e-05
-5.5 0.0600077 4.62541e-05
-5.4 0.0604976 4.71335e-05
-5.3 0.0610402 4.72596e-05
-5.2 0.0615641 4.7229e-05
-5.1 0.0621425 5.04546e-05
-5 0.0625844 5.36442e-05
-4.9 0.0628832 5.08064e-05
-4.8 0.0626839 5.14561e-05
-4.7 0.0626671 4.98468e-05
-4.6 0.0627623 5.39924e-05
-4.5 0.0627316 5.3665e-05
-4.4 0.0625246 5.34211e-05
-4.3 0.0624696 5.12226e-05
-4.2 0.0626088 5.55225e-05
-4.1 0.0625547 5.58341e-05
-4 0.0624208 5.37178e-05
-3.9 0.0624105 5.44026e-05
-3.8 0.06251 5.0827e-05
-3.7 0.0625689 5.54202e-05
-3.6 0.0624433 5.64389e-05
-3.5 0.0624021 5.77746e-05
-3.4 0.0624016 5.54207e-05
-3.3 0.0624273 5.54321e-05
-3.2 0.0622786 5.78138e-05
-3.1 0.062151 5.41604e-05
-3 0.0621786 5.45057e-05
-2.9 0.0622645 5.28488e-05
-2.8 0.0622059 5.31328e-05
-2.7 0.0620625 5.2925e-05
-2.6 0.0621445 5.44276e-05
-2.5 0.0622191 5.20142e-05
-2.4 0.0621683 5.49075e-05
-2.3 0.062049 5.20378e-05
-2.2 0.0619411 5.04032e-05
-2.1 0.0620015 5.78584e-05
-2 0.0619786 5.6825e-05
-1.9 0.0618735 5.4227e-05
-1.8 0.061815 5.26689e-05
-1.7 0.0618109 5.74456e-05
-1.6 0.061945 6.16221e-05
-1.5 0.061881 5.67501e-05
-1.4 0.0617929 5.22687e-05
-1.3 0.0617407 5.31273e-05
-1.2 0.061779 5.76654e-05
-1.1 0.061985 5.69208e-05
-1 0.0619308 5.11607e-05
-0.9 0.0618475 4.98087e-05
-0.8 0.0618173 4.93444e-05
-0.7 0.0620006 5.16357e-05
-0.6 0.0620917 5.52469e-05
-0.5 0.0620199 5.20727e-05
-0.4 0.061902 5.62992e-05
-0.3 0.0618763 5.0689e-05
-0.2 0.0620216 5.50483e-05
-0.1 0.0621725 5.56326e-05
0 0.0621499 5.51256e-05
0.1 0.0619931 5.62849e-05
0.2 0.0619105 5.77334e-05
0.3 0.0620952 5.57054e-05
0.4 0.0622485 5.92272e-05
0.5 0.062296 6.05077e-05
0.6 0.0620943 5.9775e-05
0.7 0.0620571 5.63666e-05
0.8 0.0623193 5.96259e-05
0.9 0.0625237 6.42757e-05
1 0.0625278 6.68135e-05
1.1 0.0622836 6.4436e-05
1.2 0.062205 5.88892e-05
1.3 0.062408 5.64461e-05
1.4 0.0627097 5.46218e-05
1.5 0.0628491 5.92415e-05
1.6 0.0626378 5.318e-05
1.7 0.062455 5.05852e-05
1.8 0.0626191 5.43816e-05
1.9 0.0629403 5.19066e-05
2 0.0630996 5.27999e-05
2.1 0.0629569 5.18466e-05
2.2 0.0626566 4.59157e-05
2.3 0.0626784 5.7749e-05
2.4 0.0630287 5.37928e-05
2.5 0.0633631 5.52499e-05
2.6 0.0633926 5.87754e-05
2.7 0.0630539 5.28709e-05
2.8 0.0628637 5.91586e-05
2.9 0.0629982 6.39641e-05
3 0.0635419 5.79864e-05
3.1 0.0637244 5.65468e-05
3.2 0.0634815 6.06117e-05
3.3 0.0629783 5.82145e-05
3.4 0.0628344 5.8422e-05
3.5 0.063164 6.25616e-05
3.6 0.0636512 6.34072e-05
3.7 0.0637368 6.52082e-05
3.8 0.0632319 6.24327e-05
3.9 0.0627432 6.71556e-05
4 0.0628544 6.72497e-05
4.1 0.0633495 6.71935e-05
4.2 0.0638778 7.16575e-05
4.3 0.0635918 6.49203e-05
4.4 0.0628046 6.68378e-05
4.5 0.0622862 6.65712e-05
4.6 0.0624257 7.63114e-05
4.7 0.0631231 7.06168e-05
4.8 0.0637207 7.17668e-05
4.9 0.063633 7.12345e-05
5 0.0630038 7.78406e-05
5.1 0.0627996 8.00651e-05
5.2 0.0633781 8.65474e-05
5.3 0.0640599 8.74724e-05
5.4 0.0640972 8.97755e-05
5.5 0.063676 9.1646e-05
5.6 0.0545459 7.01019e-05
5.7 0.0523622 7.06309e-05
5.8 0.050568 8.2351e-05
5.9 0.0474652 7.40367e-05
6 0.0405669 7.12422e-05
6.1 0.0302874 6.13191e-05
6.2 0.0197929 5.41306e-05
6.3 0.0110888 4.1144e-05
6.4 0.00518167 2.88967e-05
6.5 0.00206005 1.77859e-05
6.6 0.000750753 1.21261e-05
6.7 0.000274197 7.32484e-06
6.8 0.00016179 6.4668e-06
6.9 0.000133773 5.7219e-06
7 0.000120351 5.57295e-06
7.1 0.000123206 4.60812e-06
7.2 0.000129992 5.5801e-06
7.3 0.000123274 4.40502e-06
7.4 0.000130359 4.84901e-06
7.5 0.000117031 4.9206e-06
7.6 0.000124137 5.76346e-06
7.7 0.000123513 4.72849e-06
7.8 0.000116755 4.72229e-06
7.9 0.000119724 4.50572e-06
8 0.000111299 4.96108e-06
8.1 0.000113862 5.3009e-06
8.2 0.000105354 4.61511e-06
8.3 0.000104039 4.57158e-06
8.4 0.000113276 5.89036e-06
8.5 0.000111319 4.78603e-06
8.6 0.000107408 4.57298e-06
8.7 0.000104373 4.40463e-06
8.8 0.000106064 4.63299e-06
8.9 0.000103846 5.31742e-06
9 0.000102426 4.97779e-06
9.1 9.25722e-05 4.77867e-06
9.2 0.000101189 5.06819e-06
9.3 0.000100508 4.45639e-06
9.4 9.44799e-05 3.90457e-06
9.5 9.85182e-05 4.17627e-06
9.6 0.000102654 4.24723e-06
9.7 0.000104732 5.10188e-06
9.8 0.000101741 4.38626e-06
9.9 9.72002e-05 4.56422e-06
10 9.43681e-05 4.67691e-06
10.1 8.48025e-05 4.45288e-06
10.2 9.05584e-05 4.18882e-06
