-10.2 5.88342 0.000417763
-10.1 5.88897 0.000429171
-10 5.90994 0.000435779
-9.9 5.93663 0.000442726
-9.8 5.94941 0.000452592
-9.7 5.97536 0.000460581
-9.6 5.99701 0.000468367
-9.5 6.01378 0.000476355
-9.4 6.04262 0.000479343
-9.3 6.06204 0.000485644
-9.2 6.08279 0.000499183
-9.1 6.11288 0.000504269
-9 6.1318 0.000516359
-8.9 6.1574 0.000517537
-8.8 6.18479 0.000517086
-8.7 6.20578 0.000532667
-8.6 6.23556 0.000537948
-8.5 6.25955 0.000557056
-8.4 6.28481 0.000565283
-8.3 6.31576 0.000570712
-8.2 6.3394 0.000593769
-8.1 6.36979 0.000603524
-8 6.39738 0.000615633
-7.9 6.42523 0.000633218
-7.8 6.45808 0.000635721
-7.7 6.48539 0.000657071
-7.6 6.51803 0.00066978
-7.5 6.54883 0.000681218
-7.4 6.58042 0.00069935
-7.3 6.61552 0.000706992
-7.2 6.64729 0.000738293
-7.1 6.68406 0.000754887
-7 6.71862 0.000784192
-6.9 6.75523 0.000809727
-6.8 6.79378 0.000831298
-6.7 6.83122 0.000860717
-6.6 6.87326 0.000893008
-6.5 6.91293 0.000926184
-6.4 6.95832 0.000957746
-6.3 7.00148 0.00101404
-6.2 7.04986 0.00107449
-6.1 7.09843 0.00111479
-6 7.14996 0.00116376
-5.9 7.2058 0.00122173
-5.8 7.26275 0.00129609
-5.7 7.32925 0.00135992
-5.6 7.39765 0.00147776
-5.5 7.47847 0.00162171
-5.4 7.55966 0.0018861
-5.3 7.64892 0.00190835
-5.2 7.73577 0.00224066
-5.1 7.83823 0.00268484
-5 7.9301 0.00298971
-4.9 7.98681 0.00306523
-4.8 8.00788 0.00300393
-4.7 8.03726 0.00269279
-4.6 8.08574 0.00291254
-4.5 8.1144 0.00298487
-4.4 8.13106 0.00282617
-4.3 8.16439 0.00293135
-4.2 8.21628 0.0029198
-4.1 8.24608 0.00291731
-4 8.26879 0.0028472
-3.9 8.30417 0.00299522
-3.8 8.35093 0.00267319
-3.7 8.39203 0.00293811
-3.6 8.41818 0.00310095
-3.5 8.45221 0.00329508
-3.4 8.50484 0.00329522
-3.3 8.55238 0.00355346
-3.2 8.58278 0.00369165
-3.1 8.60849 0.00330988
-3 8.6529 0.00320731
-2.9 8.7079 0.00364599
-2.8 8.74123 0.0035375
-2.7 8.77265 0.00342726
-2.6 8.82358 0.00352418
-2.5 8.88533 0.00375216
-2.4 8.92773 0.00353873
-2.3 8.95579 0.00310066
-2.2 8.98802 0.00300765
-2.1 9.05005 0.00362143
-2 9.1031 0.00366205
-1.9 9.14287 0.00349464
-1.8 9.1791 0.00364951
-1.7 9.23668 0.00379961
-1.6 9.31079 0.00389467
-1.5 9.36654 0.00381169
-1.4 9.40659 0.00388581
-1.3 9.45362 0.00401714
-1.2 9.52537 0.00415377
-1.1 9.60858 0.0041773
-1 9.6702 0.00391451
-0.9 9.71327 0.00381834
-0.8 9.77325 0.00387651
-0.7 9.8607 0.00388397
-0.6 9.95357 0.0042537
-0.5 10.0174 0.00426171
-0.4 10.0674 0.0039166
-0.3 10.1346 0.00399059
-0.2 10.235 0.00449313
-0.1 10.3334 0.00487047
0 10.3985 0.00485045
0.1 10.4511 0.00466171
0.2 10.5247 0.00407177
0.3 10.6358 0.00401234
0.4 10.7536 0.00430463
0.5 10.8385 0.00408094
0.6 10.8999 0.00398589
0.7 10.9815 0.00451053
0.8 11.1123 0.00474803
0.9 11.2583 0.00526046
1 11.3605 0.00557413
1.1 11.4294 0.00530409
1.2 11.5172 0.00520364
1.3 11.6579 0.00500993
1.4 11.8311 0.00502473
1.5 11.972 0.00552523
1.6 12.0632 0.00571971
1.7 12.1533 0.00555785
1.8 12.3025 0.00541886
1.9 12.5018 0.00526103
2 12.6823 0.00517455
2.1 12.8001 0.00548347
2.2 12.8966 0.00469277
2.3 13.0478 0.00545932
2.4 13.2748 0.00631768
2.5 13.5195 0.00624814
2.6 13.7141 0.00685108
2.7 13.8384 0.00635412
2.8 13.9778 0.00587831
2.9 14.2168 0.00697144
3 14.5389 0.00806099
3.1 14.8255 0.00769724
3.2 15.0175 0.00697258
3.3 15.1574 0.0070412
3.4 15.3816 0.00717996
3.5 15.7232 0.00673568
3.6 16.1297 0.00853038
3.7 16.4753 0.00809866
3.8 16.7004 0.00789329
3.9 16.9251 0.00791976
4 17.3165 0.00873926
4.1 17.8452 0.00966083
4.2 18.4265 0.0106616
4.3 18.8686 0.0102919
4.4 19.1858 0.00968296
4.5 19.5693 0.0101101
4.6 20.1716 0.0120968
4.7 21.0121 0.0117761
4.8 21.9413 0.0129656
4.9 22.7939 0.012495
5 23.5855 0.0141033
5.1 24.6162 0.0159828
5.2 26.0752 0.016219
5.3 27.9434 0.0193266
5.4 30.0386 0.0228889
5.5 32.3018 0.0247798
5.6 32.1914 0.0181294
5.7 34.8156 0.0214607
5.8 38.7994 0.0285124
5.9 44.4592 0.0306188
6 51.3009 0.0428885
6.1 58.0283 0.0539767
6.2 64.2718 0.0730762
6.3 70.696 0.116688
6.4 76.8094 0.17348
6.5 82.4237 0.338653
6.6 89.8321 0.654761
6.7 93.415 1.56444
6.8 114.224 8.4051
6.9 52.5449 9.10035
7 17.4793 5.91228
7.1 1.02777 1.02777
7.2 0 0
7.3 0 0
7.4 0 0
7.5 0 0
7.6 0 0
7.7 0 0
7.8 0 0
7.9 0 0
8 0 0
8.1 0 0
8.2 0 0
8.3 0 0
8.4 0 0
8.5 0 0
8.6 0 0
8.7 0 0
8.8 0 0
8.9 0 0
9 0 0
9.1 0 0
9.2 0 0
9.3 0 0
9.4 0 0
9.5 0 0
9.6 0 0
9.7 0 0
9.8 0 0
9.9 0 0
10 0 0
10.1 0 0
10.2 0 0
