-10.2 6.15662 0.0026162
-10.1 6.20355 0.00301625
-10 6.24655 0.00281407
-9.9 6.29855 0.00289371
-9.8 6.32714 0.00274818
-9.7 6.36844 0.00276638
-9.6 6.39829 0.00286409
-9.5 6.43035 0.00304612
-9.4 6.47346 0.00303533
-9.3 6.49926 0.00293414
-9.2 6.53569 0.00289047
-9.1 6.56776 0.00303722
-9 6.59341 0.00329168
-8.9 6.63139 0.00304016
-8.8 6.6635 0.00285025
-8.7 6.69998 0.00330765
-8.6 6.7347 0.00313612
-8.5 6.75739 0.00299244
-8.4 6.79815 0.00295552
-8.3 6.82334 0.0028652
-8.2 6.85978 0.00304578
-8.1 6.89702 0.00341954
-8 6.93071 0.00308312
-7.9 6.96867 0.00321813
-7.8 7.00331 0.00335203
-7.7 7.03845 0.00272156
-7.6 7.07315 0.00320118
-7.5 7.11282 0.00345125
-7.4 7.15519 0.00316908
-7.3 7.18959 0.0028966
-7.2 7.23147 0.00321576
-7.1 7.26707 0.0033305
-7 7.30882 0.00318004
-6.9 7.34704 0.00283142
-6.8 7.3895 0.00322739
-6.7 7.42871 0.00266344
-6.6 7.47845 0.00298601
-6.5 7.52756 0.00341355
-6.4 7.57098 0.00334256
-6.3 7.61716 0.00354442
-6.2 7.66155 0.00291109
-6.1 7.71698 0.00338694
-6 7.77147 0.00371464
-5.9 7.82249 0.00376319
-5.8 7.87995 0.00342046
-5.7 7.9422 0.00371556
-5.6 8.00933 0.00312999
-5.5 8.07293 0.00341333
-5.4 8.14569 0.0034575
-5.3 8.22109 0.00347599
-5.2 8.30852 0.00348728
-5.1 8.40702 0.0033623
-5 8.52437 0.0037277
-4.9 8.66182 0.00392003
-4.8 8.77941 0.00410263
-4.7 8.85209 0.00474049
-4.6 8.88544 0.00396385
-4.5 8.92713 0.00431038
-4.4 8.98294 0.0035216
-4.3 9.02805 0.00395776
-4.2 9.05319 0.00356762
-4.1 9.09183 0.00365645
-4 9.14903 0.00411995
-3.9 9.19639 0.0044089
-3.8 9.22473 0.00351939
-3.7 9.25919 0.00426307
-3.6 9.31885 0.00427495
-3.5 9.3651 0.00424075
-3.4 9.39757 0.00480888
-3.3 9.43479 0.00488124
-3.2 9.4956 0.00485552
-3.1 9.55356 0.00502884
-3 9.58926 0.00445969
-2.9 9.63316 0.00481207
-2.8 9.68581 0.00450507
-2.7 9.7549 0.00362511
-2.6 9.81214 0.00499564
-2.5 9.85835 0.00511748
-2.4 9.89868 0.00452564
-2.3 9.9651 0.00460371
-2.2 10.0356 0.00459623
-2.1 10.0781 0.00491785
-2 10.124 0.00432342
-1.9 10.1885 0.00452747
-1.8 10.2695 0.00477589
-1.7 10.3429 0.0043926
-1.6 10.3848 0.00547212
-1.5 10.4442 0.00473182
-1.4 10.5249 0.00447613
-1.3 10.622 0.00472797
-1.2 10.6937 0.00518363
-1.1 10.7413 0.004577
-1 10.8065 0.00529287
-0.9 10.9073 0.00527554
-0.8 11.0029 0.00548481
-0.7 11.0722 0.00494108
-0.6 11.1325 0.00498656
-0.5 11.2261 0.0053741
-0.4 11.3398 0.00508094
-0.3 11.4488 0.00556644
-0.2 11.5269 0.00595685
-0.1 11.5992 0.00629314
0 11.6984 0.00532505
0.1 11.8295 0.00509916
0.2 11.9558 0.00534606
0.3 12.0413 0.00532872
0.4 12.1084 0.0057421
0.5 12.2261 0.00645904
0.6 12.3881 0.00571162
0.7 12.5536 0.00644183
0.8 12.6565 0.00580033
0.9 12.7386 0.00640204
1 12.8683 0.00619158
1.1 13.0463 0.00585911
1.2 13.2436 0.00591366
1.3 13.3904 0.00584403
1.4 13.5007 0.00592582
1.5 13.6275 0.00589758
1.6 13.8313 0.00659258
1.7 14.0793 0.00668722
1.8 14.2682 0.00680587
1.9 14.3937 0.00614095
2 14.529 0.00685385
2.1 14.7538 0.00776645
2.2 15.0552 0.0064354
2.3 15.3412 0.00747618
2.4 15.5328 0.00849011
2.5 15.6806 0.00846051
2.6 15.911 0.00765797
2.7 16.2642 0.00754151
2.8 16.651 0.00747678
2.9 16.9613 0.00827647
3 17.1918 0.00916248
3.1 17.4152 0.00830564
3.2 17.8016 0.00885549
3.3 18.3253 0.00807749
3.4 18.8627 0.00922451
3.5 19.2625 0.00837572
3.6 19.5354 0.0083829
3.7 19.9589 0.00918106
3.8 20.6116 0.0104286
3.9 21.4338 0.0111992
4 22.1731 0.0110916
4.1 22.7594 0.010342
4.2 23.2787 0.0109964
4.3 24.0789 0.0118838
4.4 25.3227 0.0132284
4.5 26.884 0.0126774
4.6 28.5923 0.0135797
4.7 30.4938 0.0151014
4.8 33.0006 0.0153007
4.9 36.6278 0.0167252
5 46.8769 0.0251046
5.1 55.2444 0.0306814
5.2 64.1698 0.0387956
5.3 73.1034 0.0565618
5.4 81.875 0.093683
5.5 78.5949 0.141727
5.6 82.4266 0.230644
5.7 81.7805 0.482844
5.8 67.6003 0.885949
5.9 52.447 1.12493
6 42.014 1.1499
6.1 41.3864 1.30388
6.2 42.4701 1.42458
6.3 39.794 1.13044
6.4 38.3653 1.29712
6.5 39.7156 1.21302
6.6 38.7616 1.22146
6.7 37.7897 1.06822
6.8 39.3665 1.0368
6.9 40.5851 1.1183
7 39.9684 1.06021
7.1 40.5482 1.38528
7.2 41.8526 1.18909
7.3 39.962 1.17695
7.4 42.09 1.54148
7.5 40.7323 1.14113
7.6 41.25 1.43614
7.7 40.4337 1.77411
7.8 42.4308 1.53618
7.9 40.6261 1.32623
8 39.4685 1.48272
8.1 39.782 1.23575
8.2 39.861 1.38202
8.3 37.5244 1.16261
8.4 36.9464 1.22592
8.5 38.416 1.42051
8.6 39.2128 1.27128
8.7 37.8173 1.10674
8.8 39.7573 1.40055
8.9 36.3055 1.02686
9 37.1328 1.15968
9.1 38.8084 1.34535
9.2 39.0392 1.72449
9.3 41.9402 1.60227
9.4 38.7597 1.52699
9.5 38.8966 1.37779
9.6 38.6572 1.28662
9.7 41.3386 1.53398
9.8 37.6452 1.25719
9.9 40.3243 1.36175
10 40.2243 1.37044
10.1 40.9639 1.80572
10.2 41.6215 2.10809
