-10.2 6.13763 0.00190041
-10.1 6.14977 0.00160903
-10 6.17284 0.00185608
-9.9 6.20044 0.00191751
-9.8 6.22232 0.00163315
-9.7 6.25072 0.00163113
-9.6 6.27154 0.00186052
-9.5 6.29507 0.00172947
-9.4 6.32687 0.00166383
-9.3 6.34902 0.0017037
-9.2 6.37846 0.00174003
-9.1 6.40404 0.00179959
-9 6.43292 0.00168385
-8.9 6.46619 0.00189032
-8.8 6.48929 0.00214207
-8.7 6.52248 0.00191435
-8.6 6.55166 0.00198571
-8.5 6.58066 0.00206656
-8.4 6.61535 0.00185147
-8.3 6.64399 0.00176809
-8.2 6.68075 0.00183923
-8.1 6.71593 0.00203291
-8 6.75502 0.00185388
-7.9 6.7904 0.00198578
-7.8 6.82526 0.00209545
-7.7 6.86443 0.00184456
-7.6 6.90642 0.00187655
-7.5 6.9475 0.00163964
-7.4 6.9865 0.00190065
-7.3 7.03013 0.00200806
-7.2 7.0758 0.00206984
-7.1 7.12116 0.00214855
-7 7.16837 0.00193637
-6.9 7.21859 0.0019713
-6.8 7.27373 0.00255621
-6.7 7.32225 0.0020519
-6.6 7.38084 0.00222932
-6.5 7.44122 0.00228935
-6.4 7.50575 0.00212428
-6.3 7.56935 0.00209427
-6.2 7.64322 0.0024349
-6.1 7.71793 0.00242861
-6 7.79743 0.0024301
-5.9 7.88664 0.002782
-5.8 7.98274 0.00253466
-5.7 8.0867 0.00344559
-5.6 8.207 0.00363357
-5.5 8.3459 0.0042332
-5.4 8.50372 0.00436844
-5.3 8.70854 0.00577499
-5.2 8.98781 0.00664881
-5.1 9.4122 0.0100658
-5 10.1217 0.015764
-4.9 11.3173 0.0198196
-4.8 12.7191 0.0293715
-4.7 13.6198 0.0326234
-4.6 13.6518 0.0338824
-4.5 13.5541 0.0318227
-4.4 13.8515 0.0346892
-4.3 14.1318 0.0331523
-4.2 13.9904 0.0355177
-4.1 13.8656 0.0329018
-4 14.1196 0.0352151
-3.9 14.3932 0.0325718
-3.8 14.3421 0.0350923
-3.7 14.057 0.0361688
-3.6 14.2914 0.0321057
-3.5 14.5718 0.0387759
-3.4 14.5498 0.0314263
-3.3 14.3779 0.0350687
-3.2 14.4594 0.0362462
-3.1 14.8671 0.0374756
-3 14.9187 0.040508
-2.9 14.724 0.0369964
-2.8 14.7347 0.0348943
-2.7 15.0721 0.0344487
-2.6 15.3605 0.0337396
-2.5 15.2373 0.0329215
-2.4 15.051 0.040867
-2.3 15.2401 0.0319755
-2.2 15.6593 0.0348118
-2.1 15.6705 0.031392
-2 15.438 0.0319099
-1.9 15.4122 0.0373001
-1.8 15.862 0.0340134
-1.7 16.1798 0.0397159
-1.6 16.0359 0.0427132
-1.5 15.8621 0.039347
-1.4 15.9301 0.0311387
-1.3 16.4487 0.0338574
-1.2 16.7738 0.035602
-1.1 16.5323 0.0385912
-1 16.359 0.0373561
-0.9 16.7088 0.0409338
-0.8 17.2347 0.0382426
-0.7 17.3594 0.03809
-0.6 17.0602 0.0397673
-0.5 16.9867 0.0386276
-0.4 17.4417 0.0330175
-0.3 18.0455 0.0423049
-0.2 18.11 0.0406006
-0.1 17.9137 0.0414855
0 17.8578 0.0336274
0.1 18.386 0.0415506
0.2 19.0188 0.0463663
0.3 19.1707 0.0380275
0.4 18.7627 0.040131
0.5 18.5994 0.0389426
0.6 19.2128 0.039372
0.7 20.1219 0.0449138
0.8 20.3225 0.0381615
0.9 19.968 0.0384609
1 19.8549 0.0404076
1.1 20.3061 0.0377976
1.2 21.2489 0.0446716
1.3 21.7719 0.0407884
1.4 21.6032 0.0455489
1.5 21.2889 0.0474857
1.6 21.5986 0.0448388
1.7 22.7263 0.0406112
1.8 23.6229 0.0441491
1.9 23.5015 0.0427956
2 22.9999 0.0408608
2.1 23.1288 0.0443737
2.2 24.1478 0.0465205
2.3 25.446 0.0430577
2.4 25.8446 0.0524319
2.5 25.4413 0.0540195
2.6 25.1518 0.0459404
2.7 25.9392 0.0527624
2.8 27.5029 0.055139
2.9 28.6441 0.0487402
3 28.6533 0.0559961
3.1 28.0746 0.0496114
3.2 28.2775 0.0534849
3.3 29.8376 0.0483157
3.4 31.7933 0.0539907
3.5 32.8798 0.0509399
3.6 32.3692 0.0513399
3.7 32.0798 0.0435967
3.8 32.9789 0.059524
3.9 35.4468 0.0540114
4 37.7514 0.0572468
4.1 38.5365 0.0552327
4.2 38.0008 0.0520706
4.3 37.7906 0.0585481
4.4 39.6073 0.0617189
4.5 42.8847 0.0626796
4.6 46.4017 0.0671702
4.7 49.3757 0.0647877
4.8 53.2459 0.0554711
4.9 59.9403 0.0599284
5 76.8244 0.0778162
5.1 95.3211 0.0836723
5.2 113.432 0.0931177
5.3 130.265 0.126485
5.4 146.263 0.172357
5.5 138.503 0.231271
5.6 147.503 0.380231
5.7 158.231 0.629666
5.8 166.063 1.40479
5.9 178.021 3.55029
6 97.9038 11.8616
6.1 24.7856 7.86706
6.2 5.55184 3.91548
6.3 0 0
6.4 0 0
6.5 0 0
6.6 0 0
6.7 0 0
6.8 0 0
6.9 0 0
7 0 0
7.1 0 0
7.2 0 0
7.3 0 0
7.4 0 0
7.5 0 0
7.6 0 0
7.7 0 0
7.8 0 0
7.9 0 0
8 0 0
8.1 0 0
8.2 0 0
8.3 0 0
8.4 0 0
8.5 0 0
8.6 0 0
8.7 0 0
8.8 0 0
8.9 0 0
9 0 0
9.1 0 0
9.2 0 0
9.3 0 0
9.4 0 0
9.5 0 0
9.6 0 0
9.7 0 0
9.8 0 0
9.9 0 0
10 0 0
10.1 0 0
10.2 0 0
