-8.2 0.000529433 0
-8.1 0.000559949 0
-8 0.000586112 0
-7.9 0.000486129 0
-7.8 0.000435299 0
-7.7 0.000730528 0
-7.6 0.000799672 0
-7.5 0.000698107 0
-7.4 0.000657431 0
-7.3 0.000520789 0
-7.2 0.000591284 0
-7.1 0.00074752 0
-7 0.000554798 0
-6.9 0.000703147 0
-6.8 0.000720733 0
-6.7 0.000373564 0
-6.6 0.000514591 0
-6.5 0.000414312 0
-6.4 0.000510177 0
-6.3 0.000396971 0
-6.2 0.000344615 0
-6.1 0.000504702 0
-6 0.000603435 0
-5.9 0.000740875 0
-5.8 0.000615315 0
-5.7 0.000946404 0
-5.6 0.000471414 0
-5.5 0.000545093 0
-5.4 0.000348732 0
-5.3 0.000454889 0
-5.2 0.000825239 0
-5.1 0.00040266 0
-5 0.000418025 0
-4.9 0.0010023 0
-4.8 0.00054897 0
-4.7 0.000684344 0
-4.6 0.000541932 0
-4.5 0.000992621 0
-4.4 0.000754271 0
-4.3 0.000910429 0
-4.2 0.00060191 0
-4.1 0.000663016 0
-4 0.000454723 0
-3.9 0.000583118 0
-3.8 0.000367135 0
-3.7 0.000642414 0
-3.6 0.00103553 0
-3.5 0.00055895 0
-3.4 0.000844145 0
-3.3 0.000430717 0
-3.2 0.000611479 0
-3.1 0.000621738 0
-3 0.000637049 0
-2.9 0.000615835 0
-2.8 0.000417884 0
-2.7 0.000386306 0
-2.6 0.000789389 0
-2.5 0.000590081 0
-2.4 0.000634992 0
-2.3 0.000486989 0
-2.2 0.000781648 0
-2.1 0.000963294 0
-2 0.000725339 0
-1.9 0.000332964 0
-1.8 0.000506303 0
-1.7 0.000333615 0
-1.6 0.000223516 0
-1.5 0.000267215 0
-1.4 0.000298433 0
-1.3 0.000587887 0
-1.2 0.000489698 0
-1.1 0.000579815 0
-1 0.000419993 0
-0.9 0.000412093 0
-0.8 0.000440084 0
-0.7 0.000606787 0
-0.6 0.000762139 0
-0.5 0.000476045 0
-0.4 0.000353637 0
-0.3 0.000306675 0
-0.2 0.000415538 0
-0.1 0.000743144 0
8.88178e-16 0.000356232 0
0.1 0.000614208 0
0.2 0.000528359 0
0.3 0.000406768 0
0.4 0.000716558 0
0.5 0.000578869 0
0.6 0.000466767 0
0.7 0.00064071 0
0.8 0.000343696 0
0.9 0.000449771 0
1 0.00055267 0
1.1 0.000389444 0
1.2 0.000556639 0
1.3 0.000544676 0
1.4 0.000549402 0
1.5 0.000818458 0
1.6 0.000243708 0
1.7 0.000414764 0
1.8 0.000786125 0
1.9 0.000308359 0
2 0.000368072 0
2.1 0.000255459 0
2.2 0.000412215 0
2.3 0.000585355 0
2.4 0.000363601 0
2.5 0.000719025 0
2.6 0.000462897 0
2.7 0.000278403 0
2.8 0.00040461 0
2.9 0.000582639 0
3 0.0002923 0
3.1 0.000347717 0
3.2 0.000632646 0
3.3 0.000456774 0
3.4 0.000727527 0
3.5 0.000254198 0
3.6 0.000256049 0
3.7 0.000342753 0
3.8 0.000398284 0
3.9 0.000550506 0
4 0.000667947 0
4.1 0.00090171 0
4.2 0.0002836 0
4.3 0.000393897 0
4.4 0.000529355 0
4.5 0.000544435 0
4.6 0.000420163 0
4.7 0.000500902 0
4.8 0.000535359 0
4.9 0.0004113 0
5 0.00033352 0
5.1 0.000399729 0
5.2 0.000300636 0
5.3 0.000380345 0
5.4 0.000327011 0
5.5 0.000425565 0
5.6 0.000464015 0
5.7 0.000607932 0
5.8 0.000403964 0
5.9 0.000481185 0
6 0.000538247 0
6.1 0.000507015 0
6.2 0.000545202 0
6.3 0.000394487 0
6.4 0.000461116 0
6.5 0.000267014 0
6.6 0.000347003 0
6.7 0.000161796 0
6.8 0.000223084 0
6.9 0.000193983 0
7 0.000230952 0
7.1 0.000193783 0
7.2 9.39991e-05 0
7.3 0.00018284 0
7.4 7.08247e-05 0
7.5 1.53975e-05 0
7.6 8.39724e-05 0
7.7 1.45262e-05 0
7.8 2.82027e-05 0
7.9 4.55431e-05 0
8 0 0
8.1 0 0
8.2 4.88776e-05 0
8.3 0 0
8.4 0 0
8.5 7.80864e-06 0
8.6 3.58765e-05 0
8.7 0 0
8.8 0 0
8.9 2.27983e-05 0
9 3.83931e-05 0
9.1 3.3255e-05 0
9.2 1.32147e-05 0
9.3 3.24897e-05 0
9.4 5.75982e-19 0
9.5 3.1691e-05 0
9.6 7.59889e-05 0
9.7 0 0
9.8 0 0
9.9 0 0
10 0 0
10.1 0 0
10.2 0 0
10.3 0 0
10.4 0 0
10.5 0 0
10.6 0 0
10.7 0 0
10.8 0 0
10.9 0 0
11 0 0
11.1 0 0
11.2 0 0
11.3 0 0
11.4 1.35805e-05 0
11.5 1.16136e-18 0
11.6 6.53786e-05 0
11.7 1.16552e-18 0
11.8 0 0
11.9 0 0
12 0 0
12.1 0 0
12.2 5.69686e-06 0
