-8.2 2.19106e-07 0
-8.1 8.27219e-08 0
-8 7.36046e-08 0
-7.9 3.50922e-08 0
-7.8 5.3286e-08 0
-7.7 1.51813e-07 0
-7.6 0 0
-7.5 8.34986e-08 0
-7.4 2.46078e-08 0
-7.3 9.00771e-08 0
-7.2 2.21433e-08 0
-7.1 3.55432e-07 0
-7 1.4532e-08 0
-6.9 1.47163e-07 0
-6.8 3.82489e-08 0
-6.7 7.95276e-08 0
-6.6 5.32379e-08 0
-6.5 1.87119e-07 0
-6.4 3.77676e-08 0
-6.3 3.04406e-08 0
-6.2 1.24967e-07 0
-6.1 1.55789e-07 0
-6 1.69272e-07 0
-5.9 2.19244e-07 0
-5.8 1.51019e-07 0
-5.7 1.19353e-07 0
-5.6 7.84779e-08 0
-5.5 2.53922e-07 0
-5.4 4.55029e-07 0
-5.3 2.86938e-08 0
-5.2 2.34309e-07 0
-5.1 2.46402e-07 0
-5 2.18233e-07 0
-4.9 1.70643e-07 0
-4.8 5.08767e-10 0
-4.7 4.57686e-09 0
-4.6 1.11836e-07 0
-4.5 5.73239e-08 0
-4.4 3.40131e-07 0
-4.3 2.15429e-07 0
-4.2 3.26362e-07 0
-4.1 4.81273e-07 0
-4 9.19049e-08 0
-3.9 4.95904e-08 0
-3.8 2.42518e-08 0
-3.7 2.11805e-08 0
-3.6 2.42653e-07 0
-3.5 9.75034e-08 0
-3.4 7.06535e-08 0
-3.3 0 0
-3.2 1.50493e-07 0
-3.1 1.17354e-07 0
-3 1.52513e-07 0
-2.9 2.1806e-08 0
-2.8 2.71712e-08 0
-2.7 2.82813e-07 0
-2.6 1.76727e-07 0
-2.5 1.87818e-07 0
-2.4 1.40384e-08 0
-2.3 2.25459e-08 0
-2.2 9.92617e-23 0
-2.1 9.35544e-08 0
-2 1.36529e-07 0
-1.9 2.0015e-07 0
-1.8 8.00162e-08 0
-1.7 3.35485e-09 0
-1.6 1.11914e-08 0
-1.5 9.34685e-08 0
-1.4 8.11524e-08 0
-1.3 4.57808e-08 0
-1.2 1.38466e-08 0
-1.1 4.67443e-08 0
-1 3.80808e-08 0
-0.9 1.9966e-08 0
-0.8 1.32354e-08 0
-0.7 1.21328e-07 0
-0.6 3.25645e-09 0
-0.5 3.05412e-08 0
-0.4 3.23338e-07 0
-0.3 1.6101e-07 0
-0.2 1.29371e-07 0
-0.1 5.43295e-08 0
8.88178e-16 4.28982e-08 0
0.1 1.35938e-08 0
0.2 1.32504e-07 0
0.3 1.29467e-07 0
0.4 1.1858e-07 0
0.5 1.17434e-08 0
0.6 2.47224e-21 0
0.7 2.7835e-07 0
0.8 1.22756e-07 0
0.9 1.13476e-07 0
1 1.99124e-07 0
1.1 1.25614e-07 0
1.2 2.90731e-08 0
1.3 1.17714e-08 0
1.4 4.89431e-08 0
1.5 2.08117e-07 0
1.6 3.56214e-08 0
1.7 1.35977e-08 0
1.8 4.63193e-08 0
1.9 6.7258e-08 0
2 1.43239e-08 0
2.1 9.45055e-09 0
2.2 1.15175e-07 0
2.3 0 0
2.4 1.91113e-08 0
2.5 1.94138e-08 0
2.6 1.37548e-08 0
2.7 2.95613e-08 0
2.8 2.18618e-08 0
2.9 2.10431e-08 0
3 9.2013e-08 0
3.1 8.07328e-22 0
3.2 1.18595e-07 0
3.3 0 0
3.4 4.01746e-08 0
3.5 3.6396e-08 0
3.6 6.58866e-08 0
3.7 5.82335e-22 0
3.8 1.12818e-08 0
3.9 1.60626e-09 0
4 1.73237e-08 0
4.1 1.12681e-08 0
4.2 6.13736e-08 0
4.3 6.65952e-09 0
4.4 4.36987e-22 0
4.5 4.92004e-08 0
4.6 4.43369e-22 0
4.7 6.23068e-08 0
4.8 0 0
4.9 0 0
5 0 0
5.1 0 0
5.2 2.98456e-08 0
5.3 0 0
5.4 7.07969e-09 0
5.5 3.59168e-08 0
5.6 3.71402e-08 0
5.7 3.30872e-22 0
5.8 7.4129e-09 0
5.9 7.66115e-09 0
6 0 0
6.1 0 0
6.2 0 0
6.3 0 0
6.4 4.29185e-09 0
6.5 3.21382e-08 0
6.6 2.8455e-22 0
6.7 0 0
6.8 0 0
6.9 0 0
7 0 0
7.1 0 0
7.2 0 0
7.3 0 0
7.4 0 0
7.5 0 0
7.6 0 0
7.7 0 0
7.8 0 0
7.9 0 0
8 0 0
8.1 0 0
8.2 0 0
8.3 0 0
8.4 0 0
8.5 0 0
8.6 0 0
8.7 0 0
8.8 0 0
8.9 0 0
9 0 0
9.1 0 0
9.2 0 0
9.3 0 0
9.4 0 0
9.5 0 0
9.6 0 0
9.7 0 0
9.8 0 0
9.9 0 0
10 0 0
10.1 0 0
10.2 0 0
10.3 0 0
10.4 0 0
10.5 0 0
10.6 0 0
10.7 0 0
10.8 0 0
10.9 0 0
11 0 0
11.1 0 0
11.2 0 0
11.3 0 0
11.4 0 0
11.5 0 0
11.6 0 0
11.7 0 0
11.8 0 0
11.9 0 0
12 0 0
12.1 0 0
12.2 0 0
