-8.2 0.0422246 0
-8.1 0.0423183 0
-8 0.0425385 0
-7.9 0.0426724 0
-7.8 0.0429025 0
-7.7 0.0430351 0
-7.6 0.043227 0
-7.5 0.0433247 0
-7.4 0.0434722 0
-7.3 0.043606 0
-7.2 0.0438575 0
-7.1 0.0440132 0
-7 0.0442577 0
-6.9 0.0445587 0
-6.8 0.0448712 0
-6.7 0.0451826 0
-6.6 0.0456062 0
-6.5 0.0461959 0
-6.4 0.0467151 0
-6.3 0.0466634 0
-6.2 0.0465857 0
-6.1 0.0466667 0
-6 0.0467379 0
-5.9 0.046527 0
-5.8 0.046557 0
-5.7 0.0465222 0
-5.6 0.0465289 0
-5.5 0.0465103 0
-5.4 0.0465697 0
-5.3 0.0468478 0
-5.2 0.0465792 0
-5.1 0.0461978 0
-5 0.0463372 0
-4.9 0.0465031 0
-4.8 0.0464994 0
-4.7 0.0465801 0
-4.6 0.046621 0
-4.5 0.0466601 0
-4.4 0.0465814 0
-4.3 0.0466814 0
-4.2 0.046793 0
-4.1 0.0469497 0
-4 0.0466591 0
-3.9 0.0465717 0
-3.8 0.0466356 0
-3.7 0.0468085 0
-3.6 0.0466491 0
-3.5 0.0466689 0
-3.4 0.0465495 0
-3.3 0.0465802 0
-3.2 0.046811 0
-3.1 0.0466049 0
-3 0.0467516 0
-2.9 0.0468209 0
-2.8 0.0470269 0
-2.7 0.0470383 0
-2.6 0.0469626 0
-2.5 0.0470834 0
-2.4 0.0471064 0
-2.3 0.0472046 0
-2.2 0.04722 0
-2.1 0.0469571 0
-2 0.0469299 0
-1.9 0.0473185 0
-1.8 0.0473912 0
-1.7 0.0476402 0
-1.6 0.0475186 0
-1.5 0.0475415 0
-1.4 0.0478248 0
-1.3 0.0481714 0
-1.2 0.0480655 0
-1.1 0.0476356 0
-1 0.0474258 0
-0.9 0.047725 0
-0.8 0.0478008 0
-0.7 0.0482402 0
-0.6 0.0483723 0
-0.5 0.0482751 0
-0.4 0.0483149 0
-0.3 0.0485627 0
-0.2 0.0485492 0
-0.1 0.0485733 0
8.88178e-16 0.0485932 0
0.1 0.0486065 0
0.2 0.0484948 0
0.3 0.0483439 0
0.4 0.0485446 0
0.5 0.0484255 0
0.6 0.048609 0
0.7 0.0487044 0
0.8 0.0484207 0
0.9 0.0488778 0
1 0.0490035 0
1.1 0.0489049 0
1.2 0.0488508 0
1.3 0.048952 0
1.4 0.0490964 0
1.5 0.049085 0
1.6 0.0489122 0
1.7 0.048911 0
1.8 0.0492703 0
1.9 0.0492926 0
2 0.0495324 0
2.1 0.0499289 0
2.2 0.0503127 0
2.3 0.0505103 0
2.4 0.0503418 0
2.5 0.0500803 0
2.6 0.0501445 0
2.7 0.0503054 0
2.8 0.0504226 0
2.9 0.0507539 0
3 0.0509622 0
3.1 0.0508392 0
3.2 0.0508 0
3.3 0.0509945 0
3.4 0.0510364 0
3.5 0.0511195 0
3.6 0.0510154 0
3.7 0.05103 0
3.8 0.051253 0
3.9 0.0513922 0
4 0.0518113 0
4.1 0.0518078 0
4.2 0.0521566 0
4.3 0.052035 0
4.4 0.051798 0
4.5 0.0514674 0
4.6 0.0519194 0
4.7 0.0522584 0
4.8 0.0526732 0
4.9 0.052738 0
5 0.0526836 0
5.1 0.052367 0
5.2 0.0526978 0
5.3 0.0529687 0
5.4 0.0537042 0
5.5 0.0538144 0
5.6 0.0536558 0
5.7 0.053468 0
5.8 0.0533428 0
5.9 0.0542527 0
6 0.0544359 0
6.1 0.0548581 0
6.2 0.0545635 0
6.3 0.0541643 0
6.4 0.0539779 0
6.5 0.0537342 0
6.6 0.0533731 0
6.7 0.0522182 0
6.8 0.0505921 0
6.9 0.0486617 0
7 0.045149 0
7.1 0.039799 0
7.2 0.034837 0
7.3 0.0295372 0
7.4 0.0245812 0
7.5 0.0195096 0
7.6 0.0171354 0
7.7 0.0145961 0
7.8 0.012177 0
7.9 0.00970383 0
8 0.00729511 0
8.1 0.00519711 0
8.2 0.00355646 0
8.3 0.00208777 0
8.4 0.00110011 0
8.5 0.000599381 0
8.6 0.000242926 0
8.7 0.000143167 0
8.8 3.44811e-05 0
8.9 6.42021e-06 0
9 0 0
9.1 0 0
9.2 0 0
9.3 0 0
9.4 0 0
9.5 0 0
9.6 0 0
9.7 0 0
9.8 0 0
9.9 0 0
10 0 0
10.1 0 0
10.2 0 0
10.3 0 0
10.4 0 0
10.5 0 0
10.6 0 0
10.7 0 0
10.8 0 0
10.9 0 0
11 0 0
11.1 0 0
11.2 0 0
11.3 0 0
11.4 0 0
11.5 0 0
11.6 0 0
11.7 0 0
11.8 0 0
11.9 0 0
12 0 0
12.1 0 0
12.2 0 0
