-8.2 0.0417805 0
-8.1 0.0418755 0
-8 0.0420965 0
-7.9 0.0422299 0
-7.8 0.0424606 0
-7.7 0.042594 0
-7.6 0.0427866 0
-7.5 0.0428847 0
-7.4 0.0430338 0
-7.3 0.0431668 0
-7.2 0.0434192 0
-7.1 0.0435765 0
-7 0.0438223 0
-6.9 0.0441255 0
-6.8 0.0444375 0
-6.7 0.0447499 0
-6.6 0.0451761 0
-6.5 0.0457732 0
-6.4 0.046306 0
-6.3 0.046256 0
-6.2 0.0461781 0
-6.1 0.0462603 0
-6 0.0463361 0
-5.9 0.0461256 0
-5.8 0.0461558 0
-5.7 0.0461215 0
-5.6 0.0461308 0
-5.5 0.0461119 0
-5.4 0.0461729 0
-5.3 0.0464623 0
-5.2 0.0461914 0
-5.1 0.0458017 0
-5 0.0459427 0
-4.9 0.0461136 0
-4.8 0.0461088 0
-4.7 0.0461919 0
-4.6 0.0462342 0
-4.5 0.0462733 0
-4.4 0.0461926 0
-4.3 0.0462927 0
-4.2 0.0464067 0
-4.1 0.0465686 0
-4 0.0462759 0
-3.9 0.0461851 0
-3.8 0.046249 0
-3.7 0.0464251 0
-3.6 0.0462636 0
-3.5 0.046282 0
-3.4 0.0461623 0
-3.3 0.0461885 0
-3.2 0.0464243 0
-3.1 0.0462118 0
-3 0.0463594 0
-2.9 0.0464298 0
-2.8 0.0466366 0
-2.7 0.0466487 0
-2.6 0.0465699 0
-2.5 0.0466892 0
-2.4 0.0467115 0
-2.3 0.0468095 0
-2.2 0.0468256 0
-2.1 0.046557 0
-2 0.0465263 0
-1.9 0.0469188 0
-1.8 0.0469902 0
-1.7 0.0472423 0
-1.6 0.0471168 0
-1.5 0.0471362 0
-1.4 0.0474206 0
-1.3 0.0477732 0
-1.2 0.0476687 0
-1.1 0.0472323 0
-1 0.0470124 0
-0.9 0.0473146 0
-0.8 0.0473894 0
-0.7 0.0478317 0
-0.6 0.0479637 0
-0.5 0.0478648 0
-0.4 0.0479047 0
-0.3 0.0481555 0
-0.2 0.0481415 0
-0.1 0.0481697 0
8.88178e-16 0.0481882 0
0.1 0.0482073 0
0.2 0.0480937 0
0.3 0.0479379 0
0.4 0.048143 0
0.5 0.0480239 0
0.6 0.0482096 0
0.7 0.04831 0
0.8 0.0480166 0
0.9 0.0484806 0
1 0.0486114 0
1.1 0.0485151 0
1.2 0.0484583 0
1.3 0.0485615 0
1.4 0.0487124 0
1.5 0.0487028 0
1.6 0.0485289 0
1.7 0.0485293 0
1.8 0.0488929 0
1.9 0.0489162 0
2 0.0491569 0
2.1 0.049556 0
2.2 0.049949 0
2.3 0.0501573 0
2.4 0.0499895 0
2.5 0.0497241 0
2.6 0.0497921 0
2.7 0.0499565 0
2.8 0.0500753 0
2.9 0.0504123 0
3 0.0506292 0
3.1 0.0505057 0
3.2 0.050465 0
3.3 0.050665 0
3.4 0.0507095 0
3.5 0.050796 0
3.6 0.0506945 0
3.7 0.0507083 0
3.8 0.0509345 0
3.9 0.051075 0
4 0.0515024 0
4.1 0.0515002 0
4.2 0.0518597 0
4.3 0.0517444 0
4.4 0.0515082 0
4.5 0.051167 0
4.6 0.0516289 0
4.7 0.0519764 0
4.8 0.0524038 0
4.9 0.0524758 0
5 0.0524257 0
5.1 0.0521114 0
5.2 0.0524484 0
5.3 0.052726 0
5.4 0.053482 0
5.5 0.0536091 0
5.6 0.0534604 0
5.7 0.0532798 0
5.8 0.0531241 0
5.9 0.0540532 0
6 0.0542581 0
6.1 0.0547088 0
6.2 0.054439 0
6.3 0.0541063 0
6.4 0.053952 0
6.5 0.0537409 0
6.6 0.0534212 0
6.7 0.0522986 0
6.8 0.0507058 0
6.9 0.0488237 0
7 0.0453419 0
7.1 0.0399871 0
7.2 0.0350265 0
7.3 0.0297091 0
7.4 0.0247323 0
7.5 0.0196124 0
7.6 0.017235 0
7.7 0.014695 0
7.8 0.012267 0
7.9 0.00978686 0
8 0.00736317 0
8.1 0.00524949 0
8.2 0.00359747 0
8.3 0.00211395 0
8.4 0.00111374 0
8.5 0.00060815 0
8.6 0.000246163 0
8.7 0.000145656 0
8.8 3.49983e-05 0
8.9 6.60377e-06 0
9 0 0
9.1 0 0
9.2 0 0
9.3 0 0
9.4 0 0
9.5 0 0
9.6 0 0
9.7 0 0
9.8 0 0
9.9 0 0
10 0 0
10.1 0 0
10.2 0 0
10.3 0 0
10.4 0 0
10.5 0 0
10.6 0 0
10.7 0 0
10.8 0 0
10.9 0 0
11 0 0
11.1 0 0
11.2 0 0
11.3 0 0
11.4 0 0
11.5 0 0
11.6 0 0
11.7 0 0
11.8 0 0
11.9 0 0
12 0 0
12.1 0 0
12.2 0 0
