-8.2 7.64502e-05 0
-8.1 0.000144239 0
-8 0.000102524 0
-7.9 0.00012672 0
-7.8 7.70163e-05 0
-7.7 0.000147701 0
-7.6 0.000117875 0
-7.5 0.00013692 0
-7.4 0.000152961 0
-7.3 3.73492e-05 0
-7.2 3.13842e-05 0
-7.1 7.3788e-05 0
-7 0.00016927 0
-6.9 0.000150461 0
-6.8 0.000113231 0
-6.7 8.67409e-05 0
-6.6 0.000109656 0
-6.5 0.000102632 0
-6.4 0.000233439 0
-6.3 0.000117679 0
-6.2 0.000145436 0
-6.1 0.000163805 0
-6 0.000153122 0
-5.9 0.000161234 0
-5.8 0.000183315 0
-5.7 8.85974e-05 0
-5.6 0.000180609 0
-5.5 0.000183918 0
-5.4 3.36016e-05 0
-5.3 0.00013884 0
-5.2 0.000145356 0
-5.1 0.000109847 0
-5 7.54929e-05 0
-4.9 0.000121815 0
-4.8 8.91065e-05 0
-4.7 0.000183522 0
-4.6 0.000111351 0
-4.5 7.1269e-05 0
-4.4 0.000101214 0
-4.3 0.000160803 0
-4.2 0.00028666 0
-4.1 0.00011271 0
-4 9.43977e-05 0
-3.9 0.000171288 0
-3.8 7.19731e-05 0
-3.7 9.57056e-05 0
-3.6 0.000170241 0
-3.5 0.000101658 0
-3.4 0.000136371 0
-3.3 7.37365e-05 0
-3.2 6.99417e-05 0
-3.1 8.05962e-05 0
-3 0.000169076 0
-2.9 0.000170751 0
-2.8 3.77539e-05 0
-2.7 4.88619e-05 0
-2.6 0.000116724 0
-2.5 7.41824e-05 0
-2.4 6.53323e-05 0
-2.3 7.85794e-05 0
-2.2 0.0001362 0
-2.1 0.000105374 0
-2 0.000164132 0
-1.9 0.000185937 0
-1.8 4.54275e-05 0
-1.7 5.17161e-05 0
-1.6 9.3231e-05 0
-1.5 0.000135664 0
-1.4 7.82101e-05 0
-1.3 5.24496e-05 0
-1.2 0.000102442 0
-1.1 5.86797e-05 0
-1 5.40534e-05 0
-0.9 0.000111851 0
-0.8 5.1372e-05 0
-0.7 2.23858e-05 0
-0.6 7.21222e-05 0
-0.5 2.23922e-06 0
-0.4 9.34119e-05 0
-0.3 6.96959e-05 0
-0.2 0.000100718 0
-0.1 0.000157748 0
8.88178e-16 5.80797e-05 0
0.1 8.93843e-05 0
0.2 5.05194e-05 0
0.3 6.47333e-05 0
0.4 0.00013222 0
0.5 7.32933e-05 0
0.6 9.33929e-05 0
0.7 0.000167461 0
0.8 0.00011553 0
0.9 7.45529e-05 0
1 5.90089e-05 0
1.1 0.000168057 0
1.2 0.000148637 0
1.3 8.13783e-05 0
1.4 0.000146768 0
1.5 6.01631e-05 0
1.6 8.02276e-05 0
1.7 9.08569e-05 0
1.8 9.66601e-05 0
1.9 3.93213e-05 0
2 7.87391e-05 0
2.1 0.000116519 0
2.2 0.000136727 0
2.3 6.05711e-05 0
2.4 3.65182e-05 0
2.5 5.68833e-05 0
2.6 5.99035e-05 0
2.7 0.000105013 0
2.8 7.19361e-05 0
2.9 5.28821e-05 0
3 1.49581e-05 0
3.1 6.62785e-05 0
3.2 2.49977e-05 0
3.3 6.86396e-05 0
3.4 5.69306e-05 0
3.5 3.52841e-05 0
3.6 9.87536e-05 0
3.7 6.00537e-05 0
3.8 0.000120117 0
3.9 0.00010522 0
4 7.14128e-05 0
4.1 4.73723e-05 0
4.2 7.1434e-05 0
4.3 3.33782e-05 0
4.4 6.98824e-05 0
4.5 3.72047e-05 0
4.6 1.0024e-05 0
4.7 3.43202e-05 0
4.8 0.000106201 0
4.9 0.000102155 0
5 4.41357e-05 0
5.1 9.64119e-05 0
5.2 6.76656e-05 0
5.3 9.5827e-05 0
5.4 9.16668e-05 0
5.5 0.000122185 0
5.6 0.000152122 0
5.7 6.46105e-05 0
5.8 0.000108963 0
5.9 9.83899e-05 0
6 5.19554e-05 0
6.1 9.64754e-05 0
6.2 6.99296e-05 0
6.3 0.000102483 0
6.4 2.34835e-05 0
6.5 2.51913e-05 0
6.6 3.34355e-05 0
6.7 3.28795e-05 0
6.8 5.09722e-05 0
6.9 5.78284e-05 0
7 1.52399e-05 0
7.1 1.37219e-19 0
7.2 5.42212e-06 0
7.3 0 0
7.4 2.11925e-09 0
7.5 0 0
7.6 0 0
7.7 0 0
7.8 1.81674e-09 0
7.9 1.99864e-09 0
8 0 0
8.1 0 0
8.2 1.52929e-19 0
8.3 8.60913e-06 0
8.4 3.17119e-05 0
8.5 1.47336e-05 0
8.6 5.21455e-07 0
8.7 1.50771e-05 0
8.8 2.75529e-05 0
8.9 7.09148e-06 0
9 0 0
9.1 0 0
9.2 1.60582e-06 0
9.3 0 0
9.4 0 0
9.5 0 0
9.6 2.12822e-09 0
9.7 6.56678e-23 0
9.8 3.69677e-09 0
9.9 6.53473e-23 0
10 0 0
10.1 0 0
10.2 2.81172e-23 0
10.3 1.58286e-09 0
10.4 4.18059e-09 0
10.5 0 0
10.6 0 0
10.7 0 0
10.8 0 0
10.9 0 0
11 4.95133e-23 0
11.1 2.78735e-09 0
11.2 1.36265e-06 0
11.3 4.0191e-05 0
11.4 3.60477e-05 0
11.5 2.40007e-05 0
11.6 6.21105e-06 0
11.7 1.10961e-19 0
11.8 0 0
11.9 1.96775e-05 0
12 0 0
12.1 0 0
12.2 0 0
