-8.2 17.8708 0
-8.1 10.3498 0
-8 9.83572 0
-7.9 9.85744 0
-7.8 10.8318 0
-7.7 10.6854 0
-7.6 11.3052 0
-7.5 11.5773 0
-7.4 11.8801 0
-7.3 11.5904 0
-7.2 11.119 0
-7.1 11.2045 0
-7 11.8068 0
-6.9 12.8732 0
-6.8 12.2224 0
-6.7 12.0624 0
-6.6 12.4422 0
-6.5 13.312 0
-6.4 15.0254 0
-6.3 14.9508 0
-6.2 15.0782 0
-6.1 14.5798 0
-6 15.2854 0
-5.9 14.8292 0
-5.8 14.9898 0
-5.7 14.6342 0
-5.6 15.146 0
-5.5 15.6568 0
-5.4 14.8217 0
-5.3 16.156 0
-5.2 16.1706 0
-5.1 14.2603 0
-5 14.3957 0
-4.9 15.8869 0
-4.8 15.3185 0
-4.7 15.5978 0
-4.6 15.8632 0
-4.5 16.0468 0
-4.4 15.429 0
-4.3 15.7959 0
-4.2 15.9208 0
-4.1 16.7019 0
-4 16.477 0
-3.9 15.3548 0
-3.8 15.0909 0
-3.7 16.1685 0
-3.6 16.1537 0
-3.5 16.0434 0
-3.4 16.378 0
-3.3 15.2304 0
-3.2 16.3094 0
-3.1 15.7591 0
-3 15.9797 0
-2.9 16.4696 0
-2.8 16.2674 0
-2.7 16.8785 0
-2.6 16.4756 0
-2.5 17.0481 0
-2.4 16.736 0
-2.3 17.0357 0
-2.2 16.366 0
-2.1 17.1171 0
-2 16.3427 0
-1.9 16.5618 0
-1.8 16.4043 0
-1.7 17.0422 0
-1.6 16.4735 0
-1.5 16.7554 0
-1.4 17.7011 0
-1.3 17.9081 0
-1.2 17.8432 0
-1.1 18.1267 0
-1 16.6115 0
-0.9 17.4371 0
-0.8 17.1028 0
-0.7 17.5469 0
-0.6 18.7119 0
-0.5 18.8824 0
-0.4 17.8189 0
-0.3 18.893 0
-0.2 18.0001 0
-0.1 19.4206 0
8.88178e-16 18.6182 0
0.1 20.6602 0
0.2 19.6822 0
0.3 18.5751 0
0.4 18.7897 0
0.5 19.0366 0
0.6 19.4288 0
0.7 20.9149 0
0.8 18.4672 0
0.9 19.534 0
1 20.8745 0
1.1 20.5373 0
1.2 20.558 0
1.3 19.8034 0
1.4 20.0045 0
1.5 21.6994 0
1.6 20.6145 0
1.7 20.2807 0
1.8 21.0681 0
1.9 20.7072 0
2 20.9115 0
2.1 20.6686 0
2.2 22.4798 0
2.3 22.9983 0
2.4 22.8045 0
2.5 22.7861 0
2.6 22.5293 0
2.7 23.3373 0
2.8 22.7282 0
2.9 22.8969 0
3 23.5097 0
3.1 24.1327 0
3.2 23.4759 0
3.3 23.7985 0
3.4 24.0623 0
3.5 23.9124 0
3.6 25.0713 0
3.7 24.6741 0
3.8 24.2709 0
3.9 25.3555 0
4 26.0388 0
4.1 25.6124 0
4.2 27.3524 0
4.3 27.5671 0
4.4 27.818 0
4.5 26.792 0
4.6 26.902 0
4.7 27.9602 0
4.8 29.4181 0
4.9 29.727 0
5 29.1033 0
5.1 29.1714 0
5.2 30.1787 0
5.3 30.2855 0
5.4 32.2329 0
5.5 33.4374 0
5.6 34.1364 0
5.7 34.6806 0
5.8 33.4665 0
5.9 36.2681 0
6 37.975 0
6.1 39.5673 0
6.2 40.5029 0
6.3 42.3341 0
6.4 45.3806 0
6.5 47.1984 0
6.6 50.132 0
6.7 53.0955 0
6.8 56.3178 0
6.9 61.4094 0
7 66.8901 0
7.1 68.5845 0
7.2 72.7499 0
7.3 74.7182 0
7.4 76.0788 0
7.5 70.2491 0
7.6 72.3738 0
7.7 80.2308 0
7.8 81.9803 0
7.9 89.4551 0
8 92.5888 0
8.1 97.3618 0
8.2 104.961 0
8.3 113.04 0
8.4 112.762 0
8.5 126.849 0
8.6 120.967 0
8.7 150.31 0
8.8 139.973 0
8.9 199.414 0
9 165.402 0
9.1 340.339 0
9.2 163.191 0
9.3 204.083 0
9.4 174.583 0
9.5 240.157 0
9.6 134.346 0
9.7 231.243 0
9.8 87.6313 0
9.9 151.929 0
10 109.478 0
10.1 425.834 0
10.2 198.148 0
10.3 516.451 0
10.4 182.511 0
10.5 318.022 0
10.6 282.807 0
10.7 212.399 0
10.8 155.926 0
10.9 153.383 0
11 92.9278 0
11.1 146.434 0
11.2 88.3784 0
11.3 117.721 0
11.4 82.2575 0
11.5 166.278 0
11.6 155.973 0
11.7 167.392 0
11.8 126.86 0
11.9 255.907 0
12 195.783 0
12.1 165.648 0
12.2 194.454 0
