-8.2 5.85391 0
-8.1 6.08284 0
-8 6.11231 0
-7.9 6.14365 0
-7.8 6.19076 0
-7.7 6.21011 0
-7.6 6.2537 0
-7.5 6.28167 0
-7.4 6.31244 0
-7.3 6.33995 0
-7.2 6.39273 0
-7.1 6.42058 0
-7 6.46413 0
-6.9 6.52651 0
-6.8 6.57882 0
-6.7 6.63469 0
-6.6 6.70515 0
-6.5 6.79704 0
-6.4 6.90023 0
-6.3 6.90609 0
-6.2 6.93437 0
-6.1 6.95645 0
-6 6.99609 0
-5.9 6.99587 0
-5.8 7.01896 0
-5.7 7.03748 0
-5.6 7.06273 0
-5.5 7.07645 0
-5.4 7.12165 0
-5.3 7.19688 0
-5.2 7.1792 0
-5.1 7.15051 0
-5 7.19211 0
-4.9 7.24712 0
-4.8 7.26398 0
-4.7 7.30662 0
-4.6 7.34197 0
-4.5 7.37728 0
-4.4 7.38434 0
-4.3 7.42653 0
-4.2 7.47309 0
-4.1 7.52079 0
-4 7.50913 0
-3.9 7.52038 0
-3.8 7.548 0
-3.7 7.60926 0
-3.6 7.61277 0
-3.5 7.64755 0
-3.4 7.66115 0
-3.3 7.6938 0
-3.2 7.75352 0
-3.1 7.75488 0
-3 7.80769 0
-2.9 7.86254 0
-2.8 7.91443 0
-2.7 7.95723 0
-2.6 7.96861 0
-2.5 8.01718 0
-2.4 8.04717 0
-2.3 8.10641 0
-2.2 8.13726 0
-2.1 8.13792 0
-2 8.17345 0
-1.9 8.26757 0
-1.8 8.32256 0
-1.7 8.3886 0
-1.6 8.40289 0
-1.5 8.44603 0
-1.4 8.55022 0
-1.3 8.61766 0
-1.2 8.65148 0
-1.1 8.62348 0
-1 8.62491 0
-0.9 8.71712 0
-0.8 8.76484 0
-0.7 8.87715 0
-0.6 8.93824 0
-0.5 8.9889 0
-0.4 9.03086 0
-0.3 9.12146 0
-0.2 9.1724 0
-0.1 9.24791 0
8.88178e-16 9.29921 0
0.1 9.37732 0
0.2 9.41181 0
0.3 9.43769 0
0.4 9.50478 0
0.5 9.55805 0
0.6 9.64286 0
0.7 9.73996 0
0.8 9.74025 0
0.9 9.87366 0
1 9.97102 0
1.1 10.0296 0
1.2 10.0722 0
1.3 10.1622 0
1.4 10.2541 0
1.5 10.3473 0
1.6 10.38 0
1.7 10.4471 0
1.8 10.601 0
1.9 10.6814 0
2 10.7839 0
2.1 10.9279 0
2.2 11.1 0
2.3 11.2534 0
2.4 11.3161 0
2.5 11.3451 0
2.6 11.4648 0
2.7 11.5807 0
2.8 11.7075 0
2.9 11.8792 0
3 12.0166 0
3.1 12.1155 0
3.2 12.2066 0
3.3 12.3685 0
3.4 12.5316 0
3.5 12.673 0
3.6 12.8055 0
3.7 12.9394 0
3.8 13.1094 0
3.9 13.333 0
4 13.5705 0
4.1 13.7081 0
4.2 14.0082 0
4.3 14.204 0
4.4 14.3342 0
4.5 14.447 0
4.6 14.782 0
4.7 15.0521 0
4.8 15.4688 0
4.9 15.6853 0
5 15.9325 0
5.1 16.1232 0
5.2 16.5173 0
5.3 16.9106 0
5.4 17.4551 0
5.5 17.9307 0
5.6 18.3328 0
5.7 18.778 0
5.8 19.1308 0
5.9 20.0441 0
6 20.8238 0
6.1 21.7976 0
6.2 22.688 0
6.3 23.6616 0
6.4 24.7927 0
6.5 26.0757 0
6.6 27.6261 0
6.7 29.1813 0
6.8 30.8586 0
6.9 33.0322 0
7 35.0154 0
7.1 36.1315 0
7.2 37.5589 0
7.3 38.5348 0
7.4 39.2559 0
7.5 38.3702 0
7.6 40.5376 0
7.7 43.2013 0
7.8 45.9067 0
7.9 49.3657 0
8 52.0472 0
8.1 55.4996 0
8.2 60.769 0
8.3 64.3876 0
8.4 65.0758 0
8.5 73.1276 0
8.6 68.7072 0
8.7 89.3655 0
8.8 81.9352 0
8.9 220.34 0
9 0 0
9.1 0 0
9.2 0 0
9.3 0 0
9.4 0 0
9.5 0 0
9.6 0 0
9.7 0 0
9.8 0 0
9.9 0 0
10 0 0
10.1 0 0
10.2 0 0
10.3 0 0
10.4 0 0
10.5 0 0
10.6 0 0
10.7 0 0
10.8 0 0
10.9 0 0
11 0 0
11.1 0 0
11.2 0 0
11.3 0 0
11.4 0 0
11.5 0 0
11.6 0 0
11.7 0 0
11.8 0 0
11.9 0 0
12 0 0
12.1 0 0
12.2 0 0
