-8.2 0.00766593 0
-8.1 0.00765823 0
-8 0.00765376 0
-7.9 0.00764858 0
-7.8 0.00765268 0
-7.7 0.00764952 0
-7.6 0.00764101 0
-7.5 0.00763224 0
-7.4 0.00761306 0
-7.3 0.00759111 0
-7.2 0.00757186 0
-7.1 0.00756713 0
-7 0.00754991 0
-6.9 0.00755213 0
-6.8 0.0075338 0
-6.7 0.00751554 0
-6.6 0.00750654 0
-6.5 0.00748891 0
-6.4 0.00746711 0
-6.3 0.00745435 0
-6.2 0.00742275 0
-6.1 0.00739867 0
-6 0.00737786 0
-5.9 0.00735314 0
-5.8 0.00732643 0
-5.7 0.00730335 0
-5.6 0.00727771 0
-5.5 0.0072644 0
-5.4 0.00721747 0
-5.3 0.00719537 0
-5.2 0.00716888 0
-5.1 0.00713193 0
-5 0.00711198 0
-4.9 0.00709167 0
-4.8 0.00706556 0
-4.7 0.00703755 0
-4.6 0.00700693 0
-4.5 0.00698615 0
-4.4 0.00695683 0
-4.3 0.00693019 0
-4.2 0.00691565 0
-4.1 0.0069019 0
-4 0.00686423 0
-3.9 0.00682746 0
-3.8 0.00680389 0
-3.7 0.00678165 0
-3.6 0.00675008 0
-3.5 0.00673035 0
-3.4 0.00669983 0
-3.3 0.00667544 0
-3.2 0.00664907 0
-3.1 0.0066229 0
-3 0.0065915 0
-2.9 0.00655682 0
-2.8 0.00652758 0
-2.7 0.00650483 0
-2.6 0.00648093 0
-2.5 0.00646375 0
-2.4 0.00643726 0
-2.3 0.00639942 0
-2.2 0.00636684 0
-2.1 0.00634495 0
-2 0.00631109 0
-1.9 0.00628627 0
-1.8 0.00626011 0
-1.7 0.00623075 0
-1.6 0.00619301 0
-1.5 0.00616028 0
-1.4 0.00613312 0
-1.3 0.00610874 0
-1.2 0.00608238 0
-1.1 0.0060495 0
-1 0.00602049 0
-0.9 0.00598982 0
-0.8 0.00595655 0
-0.7 0.00593228 0
-0.6 0.00590384 0
-0.5 0.0058605 0
-0.4 0.00582015 0
-0.3 0.00579656 0
-0.2 0.00575641 0
-0.1 0.00571442 0
8.88178e-16 0.00568329 0
0.1 0.00563489 0
0.2 0.00559721 0
0.3 0.00556143 0
0.4 0.00552801 0
0.5 0.00549122 0
0.6 0.00545407 0
0.7 0.00541592 0
0.8 0.00538038 0
0.9 0.00534882 0
1 0.00531242 0
1.1 0.00526869 0
1.2 0.00524132 0
1.3 0.0051996 0
1.4 0.00515964 0
1.5 0.00512444 0
1.6 0.00508137 0
1.7 0.00503443 0
1.8 0.00499942 0
1.9 0.0049566 0
2 0.00492744 0
2.1 0.00489716 0
2.2 0.00485789 0
2.3 0.00481494 0
2.4 0.00476878 0
2.5 0.004724 0
2.6 0.00467208 0
2.7 0.00463595 0
2.8 0.0045921 0
2.9 0.00455359 0
3 0.00450894 0
3.1 0.00446066 0
3.2 0.00442147 0
3.3 0.00437035 0
3.4 0.00431778 0
3.5 0.00427375 0
3.6 0.0042161 0
3.7 0.00416876 0
3.8 0.00412736 0
3.9 0.00407673 0
4 0.00402841 0
4.1 0.00396947 0
4.2 0.00391133 0
4.3 0.0038467 0
4.4 0.00378367 0
4.5 0.00373027 0
4.6 0.00367062 0
4.7 0.00361586 0
4.8 0.00355912 0
4.9 0.00350505 0
5 0.00344144 0
5.1 0.00336723 0
5.2 0.0033082 0
5.3 0.00324231 0
5.4 0.00317918 0
5.5 0.00309964 0
5.6 0.00301799 0
5.7 0.00293387 0
5.8 0.00284968 0
5.9 0.00276613 0
6 0.00266375 0
6.1 0.00256371 0
6.2 0.0024449 0
6.3 0.00232942 0
6.4 0.00222011 0
6.5 0.002096 0
6.6 0.00196201 0
6.7 0.00181603 0
6.8 0.00166169 0
6.9 0.00149386 0
7 0.00130889 0
7.1 0.00111579 0
7.2 0.000941017 0
7.3 0.000777543 0
7.4 0.000635283 0
7.5 0.000515557 0
7.6 0.00042975 0
7.7 0.000344196 0
7.8 0.000270517 0
7.9 0.000202305 0
8 0.00014443 0
8.1 9.66859e-05 0
8.2 6.14161e-05 0
8.3 3.47237e-05 0
8.4 1.87445e-05 0
8.5 9.32053e-06 0
8.6 4.57506e-06 0
8.7 2.72759e-06 0
8.8 1.17342e-06 0
8.9 4.27597e-07 0
9 2.80956e-07 0
9.1 6.6344e-08 0
9.2 8.38641e-07 0
9.3 3.32756e-07 0
9.4 3.1974e-07 0
9.5 6.74258e-07 0
9.6 5.35006e-07 0
9.7 4.00782e-07 0
9.8 7.23997e-07 0
9.9 8.54493e-07 0
10 5.62558e-07 0
10.1 7.08943e-08 0
10.2 1.93497e-07 0
10.3 3.92414e-09 0
10.4 4.60983e-07 0
10.5 1.8607e-07 0
10.6 2.73237e-07 0
10.7 3.19902e-07 0
10.8 6.36443e-07 0
10.9 4.5845e-07 0
11 4.34778e-07 0
11.1 8.34858e-07 0
11.2 9.52765e-07 0
11.3 1.26346e-06 0
11.4 1.13979e-06 0
11.5 7.7447e-07 0
11.6 6.61709e-07 0
11.7 6.92643e-07 0
11.8 8.45676e-07 0
11.9 5.21718e-07 0
12 3.11119e-07 0
12.1 4.78693e-07 0
12.2 4.23603e-07 0
