-8.2 0.0433826 0
-8.1 0.0437117 0
-8 0.0439901 0
-7.9 0.0441421 0
-7.8 0.0449105 0
-7.7 0.0450639 0
-7.6 0.0456154 0
-7.5 0.0459493 0
-7.4 0.0462321 0
-7.3 0.0461436 0
-7.2 0.0460837 0
-7.1 0.0465313 0
-7 0.0469767 0
-6.9 0.0478475 0
-6.8 0.0478037 0
-6.7 0.0479878 0
-6.6 0.0485392 0
-6.5 0.0490428 0
-6.4 0.0496242 0
-6.3 0.0496693 0
-6.2 0.0497354 0
-6.1 0.0496498 0
-6 0.0500599 0
-5.9 0.0496458 0
-5.8 0.0497 0
-5.7 0.049737 0
-5.6 0.0498532 0
-5.5 0.0502632 0
-5.4 0.0497579 0
-5.3 0.0501315 0
-5.2 0.0498957 0
-5.1 0.0491388 0
-5 0.0494299 0
-4.9 0.0500581 0
-4.8 0.0499267 0
-4.7 0.0499388 0
-4.6 0.0498407 0
-4.5 0.0500639 0
-4.4 0.049951 0
-4.3 0.0499606 0
-4.2 0.0503102 0
-4.1 0.0507983 0
-4 0.0502087 0
-3.9 0.049733 0
-3.8 0.0498136 0
-3.7 0.0501983 0
-3.6 0.0500631 0
-3.5 0.0500417 0
-3.4 0.0501612 0
-3.3 0.0499514 0
-3.2 0.050159 0
-3.1 0.0501283 0
-3 0.0502417 0
-2.9 0.0502523 0
-2.8 0.0501489 0
-2.7 0.050501 0
-2.6 0.0503756 0
-2.5 0.0506713 0
-2.4 0.0506227 0
-2.3 0.0504043 0
-2.2 0.0501493 0
-2.1 0.0505469 0
-2 0.0503123 0
-1.9 0.0504792 0
-1.8 0.0505383 0
-1.7 0.0508553 0
-1.6 0.050443 0
-1.5 0.0507408 0
-1.4 0.0508148 0
-1.3 0.0512751 0
-1.2 0.0512159 0
-1.1 0.0510727 0
-1 0.0505286 0
-0.9 0.0509674 0
-0.8 0.0508571 0
-0.7 0.051332 0
-0.6 0.0518063 0
-0.5 0.0515036 0
-0.4 0.0512915 0
-0.3 0.0516803 0
-0.2 0.0514751 0
-0.1 0.0515663 0
8.88178e-16 0.0516672 0
0.1 0.0517604 0
0.2 0.0513914 0
0.3 0.051133 0
0.4 0.0513163 0
0.5 0.0513042 0
0.6 0.0513798 0
0.7 0.0515837 0
0.8 0.0511742 0
0.9 0.0517114 0
1 0.0518875 0
1.1 0.051513 0
1.2 0.0518412 0
1.3 0.0516465 0
1.4 0.0517291 0
1.5 0.0520657 0
1.6 0.052006 0
1.7 0.0515884 0
1.8 0.0520399 0
1.9 0.0515813 0
2 0.0518672 0
2.1 0.0524618 0
2.2 0.0527671 0
2.3 0.0530323 0
2.4 0.0528083 0
2.5 0.0526067 0
2.6 0.0524188 0
2.7 0.052518 0
2.8 0.0526514 0
2.9 0.052925 0
3 0.0531401 0
3.1 0.0529889 0
3.2 0.0531164 0
3.3 0.0529932 0
3.4 0.0529169 0
3.5 0.0531671 0
3.6 0.0528538 0
3.7 0.0529052 0
3.8 0.0531684 0
3.9 0.0534573 0
4 0.0537873 0
4.1 0.053705 0
4.2 0.0539195 0
4.3 0.0536157 0
4.4 0.0532952 0
4.5 0.0530425 0
4.6 0.0532377 0
4.7 0.0536986 0
4.8 0.0539409 0
4.9 0.0539445 0
5 0.0539103 0
5.1 0.0534129 0
5.2 0.0538873 0
5.3 0.0540724 0
5.4 0.0548237 0
5.5 0.0548786 0
5.6 0.0547943 0
5.7 0.0545287 0
5.8 0.0543524 0
5.9 0.0550654 0
6 0.0551427 0
6.1 0.0557168 0
6.2 0.0553407 0
6.3 0.0548382 0
6.4 0.0549491 0
6.5 0.0545902 0
6.6 0.0539457 0
6.7 0.0528727 0
6.8 0.0512611 0
6.9 0.049339 0
7 0.045733 0
7.1 0.0402654 0
7.2 0.0352902 0
7.3 0.0299074 0
7.4 0.0248898 0
7.5 0.0197708 0
7.6 0.0174204 0
7.7 0.014901 0
7.8 0.0123468 0
7.9 0.00994091 0
8 0.00751609 0
8.1 0.00535269 0
8.2 0.00366818 0
8.3 0.00217906 0
8.4 0.00118552 0
8.5 0.00065845 0
8.6 0.000309702 0
8.7 0.000216657 0
8.8 8.2059e-05 0
8.9 3.9521e-05 0
9 2.64973e-05 0
9.1 1.25336e-05 0
9.2 7.89684e-05 0
9.3 1.33035e-05 0
9.4 9.66766e-06 0
9.5 2.8841e-05 0
9.6 1.74803e-05 0
9.7 1.60978e-05 0
9.8 2.1981e-05 0
9.9 4.57585e-05 0
10 2.61297e-05 0
10.1 1.00804e-05 0
10.2 2.57437e-05 0
10.3 2.00463e-06 0
10.4 6.30201e-05 0
10.5 8.98973e-06 0
10.6 6.22376e-06 0
10.7 1.38879e-05 0
10.8 3.65448e-05 0
10.9 2.34402e-05 0
11 5.93429e-06 0
11.1 2.22179e-05 0
11.2 2.05126e-05 0
11.3 4.132e-05 0
11.4 4.52133e-05 0
11.5 3.98169e-05 0
11.6 2.54846e-05 0
11.7 2.15322e-05 0
11.8 3.34081e-05 0
11.9 2.56489e-05 0
12 8.58122e-06 0
12.1 2.648e-05 0
12.2 2.5398e-05 0
