-8.2 6.79115e-07 0
-8.1 8.47472e-07 0
-8 7.40449e-07 0
-7.9 6.20895e-07 0
-7.8 4.50076e-07 0
-7.7 8.65244e-07 0
-7.6 1.10693e-06 0
-7.5 6.98978e-07 0
-7.4 7.84733e-07 0
-7.3 5.9615e-07 0
-7.2 7.58895e-07 0
-7.1 8.98904e-07 0
-7 6.60294e-07 0
-6.9 1.15358e-06 0
-6.8 1.17819e-06 0
-6.7 3.62797e-07 0
-6.6 5.20534e-07 0
-6.5 3.95967e-07 0
-6.4 6.14631e-07 0
-6.3 3.95917e-07 0
-6.2 3.45381e-07 0
-6.1 6.57045e-07 0
-6 7.19784e-07 0
-5.9 1.0158e-06 0
-5.8 6.53048e-07 0
-5.7 1.27719e-06 0
-5.6 6.01096e-07 0
-5.5 5.80881e-07 0
-5.4 4.76481e-07 0
-5.3 4.63185e-07 0
-5.2 9.68711e-07 0
-5.1 4.86746e-07 0
-5 4.79961e-07 0
-4.9 1.19182e-06 0
-4.8 7.08199e-07 0
-4.7 8.34329e-07 0
-4.6 5.93739e-07 0
-4.5 1.19725e-06 0
-4.4 9.18817e-07 0
-4.3 1.34195e-06 0
-4.2 6.0592e-07 0
-4.1 7.94206e-07 0
-4 5.35212e-07 0
-3.9 7.42036e-07 0
-3.8 4.65979e-07 0
-3.7 7.95812e-07 0
-3.6 1.21761e-06 0
-3.5 5.8213e-07 0
-3.4 9.74136e-07 0
-3.3 4.25271e-07 0
-3.2 7.18369e-07 0
-3.1 7.68328e-07 0
-3 8.88739e-07 0
-2.9 6.81809e-07 0
-2.8 4.61246e-07 0
-2.7 5.79236e-07 0
-2.6 1.01388e-06 0
-2.5 6.10063e-07 0
-2.4 7.6294e-07 0
-2.3 6.92965e-07 0
-2.2 9.85173e-07 0
-2.1 1.16199e-06 0
-2 7.81313e-07 0
-1.9 4.25109e-07 0
-1.8 6.44857e-07 0
-1.7 5.2758e-07 0
-1.6 1.95664e-07 0
-1.5 2.59275e-07 0
-1.4 3.77918e-07 0
-1.3 6.30946e-07 0
-1.2 5.07759e-07 0
-1.1 6.32051e-07 0
-1 4.8859e-07 0
-0.9 5.32395e-07 0
-0.8 4.81314e-07 0
-0.7 7.59052e-07 0
-0.6 9.43052e-07 0
-0.5 4.98615e-07 0
-0.4 3.13174e-07 0
-0.3 3.02738e-07 0
-0.2 4.60508e-07 0
-0.1 7.46473e-07 0
8.88178e-16 3.45433e-07 0
0.1 6.36608e-07 0
0.2 5.56578e-07 0
0.3 5.07695e-07 0
0.4 9.46365e-07 0
0.5 7.21388e-07 0
0.6 5.47855e-07 0
0.7 6.90282e-07 0
0.8 3.67286e-07 0
0.9 4.57981e-07 0
1 5.18146e-07 0
1.1 5.12771e-07 0
1.2 6.65473e-07 0
1.3 5.27561e-07 0
1.4 7.01364e-07 0
1.5 1.01037e-06 0
1.6 2.66685e-07 0
1.7 5.58393e-07 0
1.8 9.03583e-07 0
1.9 4.12944e-07 0
2 4.57447e-07 0
2.1 2.15831e-07 0
2.2 4.8076e-07 0
2.3 5.66016e-07 0
2.4 4.0362e-07 0
2.5 7.75081e-07 0
2.6 5.49019e-07 0
2.7 2.54529e-07 0
2.8 4.69567e-07 0
2.9 7.06996e-07 0
3 3.30858e-07 0
3.1 4.08486e-07 0
3.2 7.05664e-07 0
3.3 4.98223e-07 0
3.4 9.37109e-07 0
3.5 1.99979e-07 0
3.6 1.74938e-07 0
3.7 3.60499e-07 0
3.8 3.95644e-07 0
3.9 5.25997e-07 0
4 7.62437e-07 0
4.1 1.02092e-06 0
4.2 2.90984e-07 0
4.3 4.16426e-07 0
4.4 6.42506e-07 0
4.5 6.15994e-07 0
4.6 4.02871e-07 0
4.7 4.94125e-07 0
4.8 5.17321e-07 0
4.9 4.25311e-07 0
5 3.6028e-07 0
5.1 4.1679e-07 0
5.2 2.83958e-07 0
5.3 3.97586e-07 0
5.4 3.66692e-07 0
5.5 4.5407e-07 0
5.6 4.04393e-07 0
5.7 6.00361e-07 0
5.8 3.84471e-07 0
5.9 4.55938e-07 0
6 5.06078e-07 0
6.1 4.66271e-07 0
6.2 5.37175e-07 0
6.3 3.65821e-07 0
6.4 4.25645e-07 0
6.5 2.1164e-07 0
6.6 3.15162e-07 0
6.7 1.17476e-07 0
6.8 1.89157e-07 0
6.9 1.47538e-07 0
7 2.12672e-07 0
7.1 1.66765e-07 0
7.2 8.37579e-08 0
7.3 1.488e-07 0
7.4 4.40606e-08 0
7.5 9.39326e-09 0
7.6 5.93781e-08 0
7.7 1.04774e-08 0
7.8 1.75657e-08 0
7.9 3.54715e-08 0
8 0 0
8.1 0 0
8.2 3.34089e-08 0
8.3 0 0
8.4 0 0
8.5 1.55182e-08 0
8.6 5.3646e-08 0
8.7 0 0
8.8 0 0
8.9 2.46841e-08 0
9 2.90122e-08 0
9.1 3.13302e-08 0
9.2 7.48854e-09 0
9.3 2.38206e-08 0
9.4 4.23516e-22 0
9.5 2.43457e-08 0
9.6 7.27676e-08 0
9.7 0 0
9.8 0 0
9.9 0 0
10 0 0
10.1 0 0
10.2 0 0
10.3 0 0
10.4 0 0
10.5 0 0
10.6 0 0
10.7 0 0
10.8 0 0
10.9 0 0
11 0 0
11.1 0 0
11.2 0 0
11.3 0 0
11.4 1.11384e-08 0
11.5 1.41686e-21 0
11.6 7.97621e-08 0
11.7 1.41613e-21 0
11.8 0 0
11.9 0 0
12 0 0
12.1 0 0
12.2 3.08422e-09 0
