-8.2 1.03358e-07 0
-8.1 3.89535e-07 0
-8 1.38913e-07 0
-7.9 5.68504e-07 0
-7.8 4.64771e-07 0
-7.7 1.82896e-07 0
-7.6 8.77968e-08 0
-7.5 4.20251e-07 0
-7.4 4.21917e-07 0
-7.3 2.75989e-09 0
-7.2 2.44018e-23 0
-7.1 3.76231e-07 0
-7 0 0
-6.9 0 0
-6.8 1.23484e-22 0
-6.7 1.39031e-08 0
-6.6 6.0841e-08 0
-6.5 3.95159e-08 0
-6.4 1.21849e-07 0
-6.3 9.48686e-08 0
-6.2 1.66631e-08 0
-6.1 4.81026e-08 0
-6 1.72501e-08 0
-5.9 6.13033e-23 0
-5.8 6.90214e-09 0
-5.7 1.19389e-08 0
-5.6 1.34374e-08 0
-5.5 7.58537e-08 0
-5.4 0 0
-5.3 0 0
-5.2 0 0
-5.1 0 0
-5 4.33117e-08 0
-4.9 2.92377e-07 0
-4.8 9.10743e-08 0
-4.7 2.18706e-07 0
-4.6 7.46172e-09 0
-4.5 8.6833e-08 0
-4.4 1.27931e-07 0
-4.3 2.65998e-08 0
-4.2 9.82536e-08 0
-4.1 2.92229e-07 0
-4 3.31573e-07 0
-3.9 3.64882e-11 0
-3.8 1.01015e-07 0
-3.7 5.83406e-22 0
-3.6 1.31371e-07 0
-3.5 9.45859e-23 0
-3.4 2.12988e-08 0
-3.3 2.52441e-07 0
-3.2 1.16467e-21 0
-3.1 2.61811e-07 0
-3 1.61296e-07 0
-2.9 8.68493e-08 0
-2.8 0 0
-2.7 0 0
-2.6 9.00012e-08 0
-2.5 5.48498e-09 0
-2.4 1.89391e-07 0
-2.3 4.40406e-07 0
-2.2 5.73885e-08 0
-2.1 5.26055e-07 0
-2 2.01488e-07 0
-1.9 0 0
-1.8 1.56301e-07 0
-1.7 1.49215e-08 0
-1.6 1.23912e-07 0
-1.5 5.20036e-08 0
-1.4 0 0
-1.3 0 0
-1.2 0 0
-1.1 4.14841e-08 0
-1 1.32838e-21 0
-0.9 2.99124e-07 0
-0.8 2.01016e-07 0
-0.7 1.22224e-08 0
-0.6 1.77694e-07 0
-0.5 3.80488e-07 0
-0.4 0 0
-0.3 0 0
-0.2 0 0
-0.1 9.62236e-08 0
8.88178e-16 2.70388e-08 0
0.1 2.42281e-07 0
0.2 3.74678e-09 0
0.3 3.30872e-23 0
0.4 1.99079e-08 0
0.5 1.69819e-07 0
0.6 8.51744e-23 0
0.7 9.58979e-09 0
0.8 1.46427e-07 0
0.9 8.71558e-08 0
1 2.16166e-08 0
1.1 1.46751e-22 0
1.2 1.65227e-08 0
1.3 5.25572e-08 0
1.4 8.28632e-08 0
1.5 6.3004e-22 0
1.6 7.09362e-08 0
1.7 1.07639e-07 0
1.8 2.83198e-08 0
1.9 0 0
2 0 0
2.1 0 0
2.2 8.19656e-08 0
2.3 0 0
2.4 0 0
2.5 0 0
2.6 0 0
2.7 0 0
2.8 0 0
2.9 0 0
3 1.24451e-22 0
3.1 1.4012e-08 0
3.2 6.88349e-09 0
3.3 2.2719e-08 0
3.4 2.22556e-08 0
3.5 1.91563e-08 0
3.6 9.68567e-08 0
3.7 1.44213e-07 0
3.8 0 0
3.9 5.07938e-08 0
4 0 0
4.1 0 0
4.2 0 0
4.3 0 0
4.4 0 0
4.5 0 0
4.6 0 0
4.7 0 0
4.8 1.67881e-08 0
4.9 8.4709e-23 0
5 9.53738e-09 0
5.1 8.43724e-23 0
5.2 0 0
5.3 0 0
5.4 1.38336e-22 0
5.5 1.55753e-08 0
5.6 4.00849e-09 0
5.7 3.55688e-23 0
5.8 0 0
5.9 0 0
6 0 0
6.1 0 0
6.2 0 0
6.3 0 0
6.4 0 0
6.5 0 0
6.6 0 0
6.7 0 0
6.8 0 0
6.9 0 0
7 0 0
7.1 0 0
7.2 0 0
7.3 0 0
7.4 0 0
7.5 0 0
7.6 0 0
7.7 0 0
7.8 0 0
7.9 0 0
8 0 0
8.1 0 0
8.2 0 0
8.3 0 0
8.4 0 0
8.5 0 0
8.6 0 0
8.7 0 0
8.8 0 0
8.9 0 0
9 0 0
9.1 0 0
9.2 0 0
9.3 0 0
9.4 0 0
9.5 0 0
9.6 0 0
9.7 0 0
9.8 0 0
9.9 0 0
10 0 0
10.1 0 0
10.2 0 0
10.3 0 0
10.4 0 0
10.5 0 0
10.6 0 0
10.7 0 0
10.8 0 0
10.9 0 0
11 0 0
11.1 0 0
11.2 0 0
11.3 0 0
11.4 0 0
11.5 0 0
11.6 0 0
11.7 0 0
11.8 0 0
11.9 0 0
12 0 0
12.1 0 0
12.2 0 0
