-8.2 0.0090849 0
-8.1 0.00911607 0
-8 0.00914158 0
-7.9 0.00915004 0
-7.8 0.00921306 0
-7.7 0.00927335 0
-7.6 0.00926345 0
-7.5 0.00929484 0
-7.4 0.00930495 0
-7.3 0.00932797 0
-7.2 0.00930036 0
-7.1 0.00935309 0
-7 0.00935676 0
-6.9 0.00939098 0
-6.8 0.00938097 0
-6.7 0.00933799 0
-6.6 0.00932641 0
-6.5 0.00936202 0
-6.4 0.00937095 0
-6.3 0.00933283 0
-6.2 0.00931221 0
-6.1 0.00931685 0
-6 0.00931874 0
-5.9 0.009279 0
-5.8 0.00929615 0
-5.7 0.00929687 0
-5.6 0.00921589 0
-5.5 0.00923639 0
-5.4 0.00921029 0
-5.3 0.00915279 0
-5.2 0.00914776 0
-5.1 0.00910184 0
-5 0.00911304 0
-4.9 0.0090775 0
-4.8 0.00906995 0
-4.7 0.00901382 0
-4.6 0.00900891 0
-4.5 0.00900323 0
-4.4 0.00895608 0
-4.3 0.00896035 0
-4.2 0.00895843 0
-4.1 0.00895493 0
-4 0.00895687 0
-3.9 0.00886566 0
-3.8 0.00885528 0
-3.7 0.00880875 0
-3.6 0.00876502 0
-3.5 0.00874685 0
-3.4 0.00868493 0
-3.3 0.00866111 0
-3.2 0.00864419 0
-3.1 0.00865319 0
-3 0.0086133 0
-2.9 0.00860712 0
-2.8 0.00855719 0
-2.7 0.00855323 0
-2.6 0.00850636 0
-2.5 0.0085161 0
-2.4 0.00842673 0
-2.3 0.00842481 0
-2.2 0.00841906 0
-2.1 0.00840992 0
-2 0.00832243 0
-1.9 0.00831241 0
-1.8 0.00831045 0
-1.7 0.00828743 0
-1.6 0.00826845 0
-1.5 0.00821402 0
-1.4 0.00816109 0
-1.3 0.00813625 0
-1.2 0.00807408 0
-1.1 0.00805147 0
-1 0.00798994 0
-0.9 0.00799089 0
-0.8 0.00793175 0
-0.7 0.00791067 0
-0.6 0.00783183 0
-0.5 0.00786968 0
-0.4 0.00780934 0
-0.3 0.00779516 0
-0.2 0.00772198 0
-0.1 0.00762913 0
8.88178e-16 0.00753395 0
0.1 0.00754801 0
0.2 0.00753531 0
0.3 0.00747676 0
0.4 0.00744838 0
0.5 0.0074118 0
0.6 0.00732011 0
0.7 0.00726217 0
0.8 0.0072287 0
0.9 0.00721987 0
1 0.00719918 0
1.1 0.00712975 0
1.2 0.00710048 0
1.3 0.0069894 0
1.4 0.00690784 0
1.5 0.00690703 0
1.6 0.00687713 0
1.7 0.00676133 0
1.8 0.00675328 0
1.9 0.00670302 0
2 0.00667787 0
2.1 0.00661117 0
2.2 0.00655766 0
2.3 0.00651126 0
2.4 0.00641918 0
2.5 0.00638186 0
2.6 0.00631454 0
2.7 0.00627879 0
2.8 0.00622568 0
2.9 0.00615894 0
3 0.00607062 0
3.1 0.00605042 0
3.2 0.00596362 0
3.3 0.00588955 0
3.4 0.00582143 0
3.5 0.00579548 0
3.6 0.00575937 0
3.7 0.00572842 0
3.8 0.00565648 0
3.9 0.00551053 0
4 0.0054527 0
4.1 0.0053665 0
4.2 0.00530707 0
4.3 0.00523811 0
4.4 0.00513182 0
4.5 0.00512903 0
4.6 0.00503409 0
4.7 0.00492959 0
4.8 0.00487905 0
4.9 0.00480215 0
5 0.00468202 0
5.1 0.00460702 0
5.2 0.00449886 0
5.3 0.00438977 0
5.4 0.00434565 0
5.5 0.00420582 0
5.6 0.00410887 0
5.7 0.0040229 0
5.8 0.00387118 0
5.9 0.0037751 0
6 0.00362588 0
6.1 0.00347936 0
6.2 0.00337527 0
6.3 0.00323375 0
6.4 0.00311552 0
6.5 0.00295965 0
6.6 0.00283625 0
6.7 0.00266531 0
6.8 0.00245508 0
6.9 0.00227744 0
7 0.00208787 0
7.1 0.001868 0
7.2 0.00166341 0
7.3 0.00148299 0
7.4 0.00134434 0
7.5 0.00122761 0
7.6 0.00109973 0
7.7 0.00100122 0
7.8 0.000920072 0
7.9 0.000831337 0
8 0.000749924 0
8.1 0.000697775 0
8.2 0.000626057 0
8.3 0.000593341 0
8.4 0.000542598 0
8.5 0.000529993 0
8.6 0.000516465 0
8.7 0.000519724 0
8.8 0.000522214 0
8.9 0.000518519 0
9 0.00049939 0
9.1 0.000490268 0
9.2 0.00048856 0
9.3 0.000478682 0
9.4 0.000482968 0
9.5 0.000465874 0
9.6 0.000443374 0
9.7 0.000439761 0
9.8 0.000418231 0
9.9 0.000406922 0
10 0.000401781 0
10.1 0.000399197 0
10.2 0.000395343 0
10.3 0.000372101 0
10.4 0.000372869 0
10.5 0.000368348 0
10.6 0.000359665 0
10.7 0.000356938 0
10.8 0.000356306 0
10.9 0.000350352 0
11 0.000337669 0
11.1 0.000339994 0
11.2 0.000331717 0
11.3 0.000310387 0
11.4 0.000310648 0
11.5 0.000301812 0
11.6 0.000288105 0
11.7 0.000295589 0
11.8 0.00028453 0
11.9 0.000273826 0
12 0.000245109 0
12.1 0.000246645 0
12.2 0.000231001 0
