-8.2 7.3306 0
-8.1 8.11726 0
-8 8.1449 0
-7.9 8.08676 0
-7.8 8.29459 0
-7.7 8.20823 0
-7.6 8.42045 0
-7.5 8.36893 0
-7.4 8.61931 0
-7.3 8.48584 0
-7.2 8.64182 0
-7.1 8.688 0
-7 8.76963 0
-6.9 9.02857 0
-6.8 9.02595 0
-6.7 9.21109 0
-6.6 9.56695 0
-6.5 10.4769 0
-6.4 12.1317 0
-6.3 12.2184 0
-6.2 12.1191 0
-6.1 12.0285 0
-6 12.3563 0
-5.9 12.3417 0
-5.8 12.1808 0
-5.7 12.0626 0
-5.6 12.2813 0
-5.5 12.0861 0
-5.4 12.0746 0
-5.3 13.4498 0
-5.2 13.1514 0
-5.1 11.8207 0
-5 12.0265 0
-4.9 12.7253 0
-4.8 12.3395 0
-4.7 12.732 0
-4.6 12.7517 0
-4.5 12.8805 0
-4.4 12.7019 0
-4.3 12.5035 0
-4.2 12.8579 0
-4.1 13.4887 0
-4 13.3079 0
-3.9 12.8243 0
-3.8 12.8501 0
-3.7 13.3463 0
-3.6 13.2339 0
-3.5 13.0708 0
-3.4 13.2324 0
-3.3 12.4461 0
-3.2 13.5066 0
-3.1 12.6877 0
-3 12.9828 0
-2.9 13.2771 0
-2.8 13.5415 0
-2.7 13.79 0
-2.6 13.632 0
-2.5 13.6365 0
-2.4 13.6443 0
-2.3 13.8904 0
-2.2 14.1841 0
-2.1 13.4625 0
-2 13.2808 0
-1.9 13.9319 0
-1.8 14.0219 0
-1.7 14.4196 0
-1.6 14.3822 0
-1.5 14.1179 0
-1.4 14.9686 0
-1.3 15.4342 0
-1.2 15.7322 0
-1.1 15.0781 0
-1 13.892 0
-0.9 14.4842 0
-0.8 14.4677 0
-0.7 14.9605 0
-0.6 15.3272 0
-0.5 15.3706 0
-0.4 15.1894 0
-0.3 15.8584 0
-0.2 15.6367 0
-0.1 16.399 0
8.88178e-16 15.9938 0
0.1 16.8561 0
0.2 16.8142 0
0.3 15.9005 0
0.4 16.2703 0
0.5 16.234 0
0.6 16.5139 0
0.7 17.5194 0
0.8 15.9043 0
0.9 16.8547 0
1 17.1892 0
1.1 17.7027 0
1.2 17.1274 0
1.3 17.3267 0
1.4 17.7083 0
1.5 18.4414 0
1.6 17.6439 0
1.7 17.5158 0
1.8 17.9802 0
1.9 18.2122 0
2 18.0649 0
2.1 18.1617 0
2.2 19.4606 0
2.3 20.3645 0
2.4 20.5574 0
2.5 19.9393 0
2.6 19.7567 0
2.7 20.4266 0
2.8 20.2489 0
2.9 20.4898 0
3 21.6539 0
3.1 21.5299 0
3.2 21.0611 0
3.3 21.4348 0
3.4 21.7926 0
3.5 22.0393 0
3.6 22.6953 0
3.7 22.3433 0
3.8 22.1489 0
3.9 23.1731 0
4 23.7124 0
4.1 23.2771 0
4.2 25.0135 0
4.3 25.3649 0
4.4 25.4723 0
4.5 24.0212 0
4.6 25.1709 0
4.7 25.8874 0
4.8 27.3704 0
4.9 27.6351 0
5 27.6326 0
5.1 27.5381 0
5.2 28.1476 0
5.3 28.0921 0
5.4 30.0669 0
5.5 31.4412 0
5.6 32.0711 0
5.7 32.6485 0
5.8 31.4937 0
5.9 34.217 0
6 36.0339 0
6.1 38.0268 0
6.2 39.232 0
6.3 40.9204 0
6.4 43.1802 0
6.5 45.2838 0
6.6 49.1088 0
6.7 52.28 0
6.8 54.828 0
6.9 60.3986 0
7 66.1576 0
7.1 67.672 0
7.2 71.8416 0
7.3 73.2791 0
7.4 75.6717 0
7.5 70.5186 0
7.6 71.8627 0
7.7 78.758 0
7.8 81.1979 0
7.9 88.4771 0
8 92.0193 0
8.1 96.5787 0
8.2 105.088 0
8.3 112.547 0
8.4 111.52 0
8.5 123.841 0
8.6 112.466 0
8.7 145.267 0
8.8 112.128 0
8.9 256.221 0
9 0 0
9.1 0 0
9.2 0 0
9.3 0 0
9.4 0 0
9.5 0 0
9.6 0 0
9.7 0 0
9.8 0 0
9.9 0 0
10 0 0
10.1 0 0
10.2 0 0
10.3 0 0
10.4 0 0
10.5 0 0
10.6 0 0
10.7 0 0
10.8 0 0
10.9 0 0
11 0 0
11.1 0 0
11.2 0 0
11.3 0 0
11.4 0 0
11.5 0 0
11.6 0 0
11.7 0 0
11.8 0 0
11.9 0 0
12 0 0
12.1 0 0
12.2 0 0
