1.09967 0
3.099 0
5.09833 0
7.09767 0
9.097 2.16425e-09
11.0963 6.08631e-09
13.0957 0
15.095 0
17.0943 0
19.0937 1.56907e-09
21.093 0
23.0923 0
25.0917 0
27.091 3.71393e-09
29.0903 1.17155e-09
31.0897 0
33.089 1.05175e-09
35.0883 0
37.0877 0
39.087 3.62657e-09
41.0863 0
43.0857 8.2952e-10
45.085 0
47.0843 2.30934e-09
49.0837 7.34392e-10
51.083 7.07056e-10
53.0823 0
55.0817 2.62408e-09
57.081 6.33068e-10
59.0803 0
61.0797 2.38645e-09
63.079 5.77832e-10
65.0783 1.13619e-09
67.0777 1.64474e-09
69.077 0
71.0763 2.08312e-09
73.0757 5.06787e-10
75.075 1.9988e-09
77.0743 4.80571e-10
79.0737 2.39239e-09
81.073 1.43836e-09
83.0723 9.19741e-10
85.0717 2.29255e-09
87.071 9.10274e-10
89.0703 1.30419e-09
91.0697 2.15466e-09
93.069 2.13323e-09
95.0683 1.6744e-09
97.0677 2.05317e-09
99.067 2.01823e-09
101.066 1.58717e-09
103.066 1.55232e-09
105.065 1.90282e-09
107.064 1.49736e-09
109.064 1.47124e-09
111.063 1.07974e-09
113.062 1.76079e-09
115.062 1.38575e-09
117.061 1.69723e-09
119.06 2.01042e-09
121.06 1.64633e-09
123.059 1.93982e-09
125.058 1.90971e-09
127.058 2.19086e-09
129.057 1.84875e-09
131.056 2.116e-09
133.056 2.38034e-09
135.055 2.34685e-09
137.054 2.3073e-09
139.054 2.55287e-09
141.053 2.79568e-09
143.052 2.47977e-09
145.052 2.70707e-09
147.051 2.66941e-09
149.05 2.11291e-09
151.05 2.08105e-09
153.049 2.0467e-09
155.048 2.01729e-09
157.048 2.48347e-09
159.047 2.45433e-09
161.046 2.42142e-09
163.046 2.72691e-09
165.045 2.83849e-09
167.044 2.95974e-09
169.044 2.7941e-09
171.043 3.20237e-09
173.042 3.04145e-09
175.042 3.48644e-09
177.041 3.31197e-09
179.04 3.42745e-09
181.04 2.11674e-09
183.039 3.57589e-10
185.038 0
187.038 0
189.037 0
191.036 0
193.036 0
195.035 0
197.034 0
199.034 0
201.033 0
203.032 0
205.032 0
207.031 0
209.03 0
211.03 0
213.029 0
215.028 0
217.028 0
219.027 0
221.026 0
223.026 0
225.025 0
227.024 0
229.024 0
231.023 0
233.022 0
235.022 0
237.021 0
239.02 0
241.02 0
243.019 0
245.018 0
247.018 0
249.017 0
251.016 0
253.016 0
255.015 0
257.014 0
259.014 0
261.013 0
263.012 0
265.012 0
267.011 0
269.01 0
271.01 0
273.009 0
275.008 0
277.008 0
279.007 0
281.006 0
283.006 0
285.005 0
287.004 0
289.004 0
291.003 0
293.002 0
295.002 0
297.001 0
299 0
