1 0
3 0
5 0
7 0
9 0.000123081
11 0.000798512
13 0.000549853
15 0.000366679
17 0.000254798
19 0.000184372
21 0.000129888
23 9.21904e-05
25 7.80586e-05
27 6.23356e-05
29 4.67972e-05
31 3.57861e-05
33 2.84408e-05
35 2.31972e-05
37 1.96414e-05
39 1.70143e-05
41 1.48408e-05
43 1.30286e-05
45 1.15186e-05
47 1.00063e-05
49 8.81838e-06
51 7.8225e-06
53 6.99959e-06
55 6.22306e-06
57 5.61796e-06
59 5.0871e-06
61 4.60811e-06
63 4.14983e-06
65 3.73536e-06
67 3.36924e-06
69 3.06992e-06
71 2.79973e-06
73 2.5608e-06
75 2.34973e-06
77 2.1606e-06
79 1.99416e-06
81 1.84674e-06
83 1.7106e-06
85 1.58093e-06
87 1.46729e-06
89 1.36112e-06
91 1.27132e-06
93 1.18784e-06
95 1.10112e-06
97 1.02701e-06
99 9.62162e-07
101 8.97318e-07
103 8.43684e-07
105 7.89597e-07
107 7.46013e-07
109 7.01619e-07
111 6.68361e-07
113 6.32298e-07
115 5.91797e-07
117 5.62392e-07
119 5.29952e-07
121 4.99998e-07
123 4.73713e-07
125 4.51483e-07
127 4.25587e-07
129 4.05933e-07
131 3.82569e-07
133 3.66452e-07
135 3.49712e-07
137 3.36883e-07
139 3.22796e-07
141 3.08095e-07
143 2.94856e-07
145 2.81746e-07
147 2.65875e-07
149 2.55636e-07
151 2.45004e-07
153 2.33918e-07
155 2.25141e-07
157 2.17176e-07
159 2.0805e-07
161 1.99469e-07
163 1.90276e-07
165 1.85532e-07
167 1.75017e-07
169 1.70503e-07
171 1.63e-07
173 1.55707e-07
175 1.5189e-07
177 1.44065e-07
179 1.40963e-07
181 1.34857e-07
183 1.29603e-07
185 1.26648e-07
187 1.22682e-07
189 1.17888e-07
191 1.12957e-07
193 1.10353e-07
195 1.05415e-07
197 1.01059e-07
199 9.7838e-08
201 9.54674e-08
203 9.5234e-08
205 9.12353e-08
207 8.80392e-08
209 8.46957e-08
211 8.3151e-08
213 7.98943e-08
215 7.73972e-08
217 7.38736e-08
219 7.32145e-08
221 6.93772e-08
223 6.74758e-08
225 6.55445e-08
227 6.59018e-08
229 6.30746e-08
231 6.26935e-08
233 6.06755e-08
235 5.79573e-08
237 5.68804e-08
239 5.60379e-08
241 5.24435e-08
243 5.34782e-08
245 5.0184e-08
247 4.97858e-08
249 4.78529e-08
251 4.74341e-08
253 4.50873e-08
255 4.43285e-08
257 4.35555e-08
259 4.15531e-08
261 4.09154e-08
263 4.00929e-08
265 3.93278e-08
267 3.74396e-08
269 3.72331e-08
271 3.59878e-08
273 3.54142e-08
275 3.39745e-08
277 3.35379e-08
279 3.25012e-08
281 3.18647e-08
283 3.16616e-08
285 2.99664e-08
287 3.00618e-08
289 2.82156e-08
291 2.83504e-08
293 2.79245e-08
295 2.65773e-08
297 2.6324e-08
299 2.55825e-08
301 2.58748e-08
303 2.517e-08
305 2.41748e-08
307 2.41319e-08
309 2.32976e-08
311 2.25026e-08
313 2.23929e-08
315 2.18559e-08
317 2.17105e-08
319 2.0503e-08
321 2.05177e-08
323 2.05241e-08
325 1.9742e-08
327 1.95571e-08
329 1.93352e-08
331 1.86393e-08
333 1.82793e-08
335 1.81538e-08
337 1.73685e-08
339 1.75387e-08
341 1.6744e-08
343 1.67018e-08
345 1.61211e-08
347 1.61473e-08
349 1.5426e-08
351 1.54721e-08
353 1.53354e-08
355 1.48509e-08
357 1.47978e-08
359 1.40519e-08
361 1.46332e-08
363 1.34496e-08
365 1.32843e-08
367 1.33876e-08
369 1.33769e-08
371 1.26397e-08
373 1.22373e-08
375 1.27225e-08
377 1.21079e-08
379 1.19013e-08
381 1.16823e-08
383 1.13073e-08
385 1.14677e-08
387 1.13703e-08
389 1.10751e-08
391 1.07254e-08
393 1.02244e-08
395 1.05776e-08
397 1.04728e-08
399 1.0327e-08
401 9.44469e-09
403 9.34849e-09
405 9.92586e-09
407 9.64534e-09
409 9.38237e-09
411 8.9216e-09
413 8.44975e-09
415 8.9717e-09
417 9.01105e-09
419 8.56769e-09
421 8.46673e-09
423 7.77856e-09
425 7.87581e-09
427 8.48849e-09
429 8.42626e-09
431 7.65713e-09
433 7.88645e-09
435 6.6912e-09
437 7.68963e-09
439 7.53842e-09
441 7.54908e-09
443 7.04357e-09
445 7.06739e-09
447 6.38457e-09
449 6.60509e-09
451 7.30668e-09
453 6.47446e-09
455 6.57344e-09
457 6.41992e-09
459 6.0102e-09
461 6.01159e-09
463 5.96303e-09
465 6.35097e-09
467 6.03835e-09
469 5.8939e-09
471 5.55761e-09
473 5.3997e-09
475 5.35124e-09
477 5.38389e-09
479 5.63194e-09
481 5.23213e-09
483 5.06321e-09
485 5.32432e-09
487 4.66159e-09
489 4.5851e-09
491 4.69047e-09
493 4.93659e-09
495 4.80183e-09
497 4.82845e-09
499 4.1537e-09
501 4.8429e-09
503 4.63515e-09
505 4.10273e-09
507 4.20901e-09
509 4.15772e-09
511 3.99205e-09
513 4.32322e-09
515 4.16608e-09
517 3.95702e-09
519 4.15943e-09
521 3.97067e-09
523 4.03608e-09
525 3.59999e-09
527 3.65934e-09
529 3.65715e-09
531 3.5155e-09
533 3.71385e-09
535 3.52991e-09
537 3.54755e-09
539 3.46123e-09
541 3.65927e-09
543 3.49756e-09
545 3.33995e-09
547 3.30884e-09
549 2.95862e-09
551 2.85757e-09
553 3.11931e-09
555 3.36826e-09
557 2.90771e-09
559 2.95105e-09
561 2.9851e-09
563 3.04446e-09
565 2.92935e-09
567 2.80475e-09
569 2.83717e-09
571 2.74904e-09
573 2.57445e-09
575 2.42584e-09
577 2.90994e-09
579 2.64977e-09
581 2.46166e-09
583 2.60783e-09
585 2.58758e-09
587 2.57931e-09
589 2.37726e-09
591 2.58986e-09
593 2.42726e-09
595 2.42708e-09
597 2.42004e-09
599 2.11303e-09
601 2.22086e-09
603 2.38609e-09
605 2.39583e-09
607 1.87318e-09
609 2.373e-09
611 2.15861e-09
613 2.26601e-09
615 2.17081e-09
617 2.11517e-09
619 2.06651e-09
621 1.97102e-09
623 2.10969e-09
625 2.20122e-09
627 1.90655e-09
629 1.80342e-09
631 1.84503e-09
633 2.08575e-09
635 1.90625e-09
637 1.67141e-09
639 1.90014e-09
641 1.82469e-09
643 2.05305e-09
645 1.89155e-09
647 1.80719e-09
649 1.85557e-09
651 1.6663e-09
653 1.65403e-09
655 1.62593e-09
657 1.81729e-09
659 1.53203e-09
661 1.71504e-09
663 1.63645e-09
665 1.57859e-09
667 1.46094e-09
669 1.56221e-09
671 1.76628e-09
673 1.50039e-09
675 1.69664e-09
677 1.60192e-09
679 1.76705e-09
681 1.46057e-09
683 1.5151e-09
685 1.64196e-09
687 1.45356e-09
689 1.44346e-09
691 1.51177e-09
693 1.38476e-09
695 1.44595e-09
697 1.41287e-09
699 1.31539e-09
701 1.29049e-09
703 1.4934e-09
705 1.30507e-09
707 1.32187e-09
709 1.24725e-09
711 1.41949e-09
713 1.25495e-09
715 1.49634e-09
717 1.19967e-09
719 1.28505e-09
721 1.22729e-09
723 1.14826e-09
725 1.36592e-09
727 1.3207e-09
729 1.22035e-09
731 1.11454e-09
733 1.13924e-09
735 1.12975e-09
737 1.25567e-09
739 1.04194e-09
741 1.02567e-09
743 1.21178e-09
745 1.17524e-09
747 9.64619e-10
749 1.23541e-09
751 1.17185e-09
753 1.16273e-09
755 1.17294e-09
757 9.51914e-10
759 1.07811e-09
761 1.24247e-09
763 1.14734e-09
765 9.94056e-10
767 1.08277e-09
769 1.18348e-09
771 1.17352e-09
773 1.08675e-09
775 1.20022e-09
777 1.04886e-09
779 1.11033e-09
781 8.45161e-10
783 1.06601e-09
785 9.42734e-10
787 9.95838e-10
789 1.04573e-09
791 1.06824e-09
793 9.83123e-10
795 8.92869e-10
797 1.02889e-09
799 1.02015e-09
801 9.17725e-10
803 1.10806e-09
805 8.19539e-10
807 8.48669e-10
809 9.33258e-10
811 9.9217e-10
813 8.5449e-10
815 7.48097e-10
817 9.48569e-10
819 9.73591e-10
821 8.58589e-10
823 8.13707e-10
825 9.26822e-10
827 8.64419e-10
829 8.92963e-10
831 7.34001e-10
833 8.70329e-10
835 7.66245e-10
837 9.25776e-10
839 7.33214e-10
841 6.24373e-10
843 8.00624e-10
845 7.40021e-10
847 8.03418e-10
849 7.83902e-10
851 7.94133e-10
853 7.27643e-10
855 7.90668e-10
857 6.42815e-10
859 9.73646e-10
861 1.02981e-09
863 8.70241e-10
865 9.0842e-10
867 8.02403e-10
869 9.04213e-10
871 8.49995e-10
873 8.48169e-10
875 9.77319e-10
877 8.44043e-10
879 9.55619e-10
881 8.91121e-10
883 7.5856e-10
885 9.09555e-10
887 8.28968e-10
889 7.88734e-10
891 8.43233e-10
893 8.18177e-10
895 6.95801e-10
897 7.21692e-10
899 7.86771e-10
901 7.48975e-10
903 7.69831e-10
905 6.62455e-10
907 7.91374e-10
909 8.15353e-10
911 8.1606e-10
913 7.06218e-10
915 7.23217e-10
917 7.81276e-10
919 7.09561e-10
921 7.19361e-10
923 7.19691e-10
925 6.26873e-10
927 7.04367e-10
929 6.87117e-10
931 6.32548e-10
933 7.06657e-10
935 6.59713e-10
937 7.20786e-10
939 7.51593e-10
941 6.60109e-10
943 7.1343e-10
945 5.84161e-10
947 6.78563e-10
949 5.16345e-10
951 6.09719e-10
953 5.95633e-10
955 6.94256e-10
957 5.09512e-10
959 6.21157e-10
961 6.82841e-10
963 5.34938e-10
965 5.71757e-10
967 5.63403e-10
969 5.5976e-10
971 6.03612e-10
973 6.66259e-10
975 6.24279e-10
977 6.25428e-10
979 6.54097e-10
981 8.24892e-10
983 1.02665e-09
985 1.194e-09
987 1.13534e-09
989 1.20735e-09
991 1.19418e-09
993 1.21444e-09
995 1.19361e-09
997 1.22496e-09
999 1.22035e-09
1001 1.20514e-09
1003 1.05837e-09
1005 9.12074e-10
1007 1.0249e-09
1009 9.58289e-10
1011 1.08474e-09
1013 9.89385e-10
1015 1.12561e-09
1017 1.01451e-09
1019 9.9335e-10
1021 1.01576e-09
1023 9.30528e-10
1025 9.96917e-10
1027 9.71049e-10
1029 1.02659e-09
1031 1.03465e-09
1033 9.44834e-10
1035 9.69702e-10
1037 9.36914e-10
1039 9.06056e-10
1041 8.37085e-10
1043 9.84321e-10
1045 8.72497e-10
1047 9.81031e-10
1049 9.11811e-10
1051 1.04388e-09
1053 8.60929e-10
1055 9.78126e-10
1057 9.19618e-10
1059 8.70917e-10
1061 8.2171e-10
1063 9.47764e-10
1065 1.07844e-09
1067 9.5417e-10
1069 1.08326e-09
1071 1.09987e-09
1073 1.00916e-09
1075 1.02574e-09
1077 1.01048e-09
1079 1.02225e-09
1081 9.0487e-10
1083 1.01889e-09
1085 1.03564e-09
1087 1.10796e-09
1089 1.02321e-09
1091 1.19648e-09
1093 1.69468e-09
1095 1.98869e-09
1097 1.97497e-09
1099 2.07093e-09
1101 1.94838e-09
1103 2.1947e-09
1105 3.017e-09
1107 3.00067e-09
1109 6.11332e-09
1111 4.83275e-09
1113 0
1115 0
1117 0
1119 0
1121 0
1123 0
1125 0
1127 0
1129 0
1131 0
1133 0
1135 0
1137 0
1139 0
1141 0
1143 0
1145 0
1147 0
1149 0
1151 0
1153 0
1155 0
1157 0
1159 0
1161 0
1163 0
1165 0
1167 0
1169 0
1171 0
1173 0
1175 0
1177 0
1179 0
1181 0
1183 0
1185 0
1187 0
1189 0
1191 0
1193 0
1195 0
1197 0
1199 0
1201 0
1203 0
1205 0
1207 0
1209 0
1211 0
1213 0
1215 0
1217 0
1219 0
1221 0
1223 0
1225 0
1227 0
1229 0
1231 0
1233 0
1235 0
1237 0
1239 0
1241 0
1243 0
1245 0
1247 0
1249 0
1251 0
1253 0
1255 0
1257 0
1259 0
1261 0
1263 0
1265 0
1267 0
1269 0
1271 0
1273 0
1275 0
1277 0
1279 0
1281 0
1283 0
1285 0
1287 0
1289 0
1291 0
1293 0
1295 0
1297 0
1299 0
1301 0
1303 0
1305 0
1307 0
1309 0
1311 0
1313 0
1315 0
1317 0
1319 0
1321 0
1323 0
1325 0
1327 0
1329 0
1331 0
1333 0
1335 0
1337 0
1339 0
1341 0
1343 0
1345 0
1347 0
1349 0
1351 0
1353 0
1355 0
1357 0
1359 0
1361 0
1363 0
1365 0
1367 0
1369 0
1371 0
1373 0
1375 0
1377 0
1379 0
1381 0
1383 0
1385 0
1387 0
1389 0
1391 0
1393 0
1395 0
1397 0
1399 0
1401 0
1403 0
1405 0
1407 0
1409 0
1411 0
1413 0
1415 0
1417 0
1419 0
1421 0
1423 0
1425 0
1427 0
1429 0
1431 0
1433 0
1435 0
1437 0
1439 0
1441 0
1443 0
1445 0
1447 0
1449 0
1451 0
1453 0
1455 0
1457 0
1459 0
1461 0
1463 0
1465 0
1467 0
1469 0
1471 0
1473 0
1475 0
1477 0
1479 0
1481 0
1483 0
1485 0
1487 0
1489 0
1491 0
1493 0
1495 0
1497 0
1499 0
1501 0
1503 0
1505 0
1507 0
1509 0
1511 0
1513 0
1515 0
1517 0
1519 0
1521 0
1523 0
1525 0
1527 0
1529 0
1531 0
1533 0
1535 0
1537 0
1539 0
1541 0
1543 0
1545 0
1547 0
1549 0
1551 0
1553 0
1555 0
1557 0
1559 0
1561 0
1563 0
1565 0
1567 0
1569 0
1571 0
1573 0
1575 0
1577 0
1579 0
1581 0
1583 0
1585 0
1587 0
1589 0
1591 0
1593 0
1595 0
1597 0
1599 0
1601 0
1603 0
1605 0
1607 0
1609 0
1611 0
1613 0
1615 0
1617 0
1619 0
1621 0
1623 0
1625 0
1627 0
1629 0
1631 0
1633 0
1635 0
1637 0
1639 0
1641 0
1643 0
1645 0
1647 0
1649 0
1651 0
1653 0
1655 0
1657 0
1659 0
1661 0
1663 0
1665 0
1667 0
1669 0
1671 0
1673 0
1675 0
1677 0
1679 0
1681 0
1683 0
1685 0
1687 0
1689 0
1691 0
1693 0
1695 0
1697 0
1699 0
1701 0
1703 0
1705 0
1707 0
1709 0
1711 0
1713 0
1715 0
1717 0
1719 0
1721 0
1723 0
1725 0
1727 0
1729 0
1731 0
1733 0
1735 0
1737 0
1739 0
1741 0
1743 0
1745 0
1747 0
1749 0
1751 0
1753 0
1755 0
1757 0
1759 0
1761 0
1763 0
1765 0
1767 0
1769 0
1771 0
1773 0
1775 0
1777 0
1779 0
1781 0
1783 0
1785 0
1787 0
1789 0
1791 0
1793 0
1795 0
1797 0
1799 0
1801 0
1803 0
1805 0
1807 0
1809 0
1811 0
1813 0
1815 0
1817 0
1819 0
1821 0
1823 0
1825 0
1827 0
1829 0
1831 0
1833 0
1835 0
1837 0
1839 0
1841 0
1843 0
1845 0
1847 0
1849 0
1851 0
1853 0
1855 0
1857 0
1859 0
1861 0
1863 0
1865 0
1867 0
1869 0
1871 0
1873 0
1875 0
1877 0
1879 0
1881 0
1883 0
1885 0
1887 0
1889 0
1891 0
1893 0
1895 0
1897 0
1899 0
1901 0
1903 0
1905 0
1907 0
1909 0
1911 0
1913 0
1915 0
1917 0
1919 0
1921 0
1923 0
1925 0
1927 0
1929 0
1931 0
1933 0
1935 0
1937 0
1939 0
1941 0
1943 0
1945 0
1947 0
1949 0
1951 0
1953 0
1955 0
1957 0
1959 0
1961 0
1963 0
1965 0
1967 0
1969 0
1971 0
1973 0
1975 0
1977 0
1979 0
1981 0
1983 0
1985 0
1987 0
1989 0
1991 0
1993 0
1995 0
1997 0
1999 0
