0.102705 5.61585e-05
0.108336 5.44853e-05
0.114275 4.64826e-05
0.12054 5.5969e-05
0.127149 4.9254e-05
0.13412 4.51883e-05
0.141474 4.54124e-05
0.14923 5.00638e-05
0.157412 4.28679e-05
0.166042 4.12544e-05
0.175145 4.3244e-05
0.184748 4.29973e-05
0.194877 3.72629e-05
0.205561 3.69649e-05
0.216831 3.98451e-05
0.228719 3.65505e-05
0.241259 3.6041e-05
0.254486 3.75252e-05
0.268439 3.47067e-05
0.283156 3.37796e-05
0.29868 3.28245e-05
0.315056 3.26839e-05
0.332329 2.90179e-05
0.350549 2.88608e-05
0.369768 2.75724e-05
0.390041 2.82506e-05
0.411426 2.86019e-05
0.433983 2.65554e-05
0.457776 2.70011e-05
0.482874 2.59316e-05
0.509348 2.54522e-05
0.537274 2.68701e-05
0.56673 2.63637e-05
0.597802 2.5308e-05
0.630577 2.3831e-05
0.665149 2.38899e-05
0.701616 2.26238e-05
0.740083 2.39382e-05
0.780659 2.24653e-05
0.823459 2.16591e-05
0.868606 2.21937e-05
0.916228 2.18848e-05
0.966461 2.10457e-05
1.01945 2.15823e-05
1.07534 2.03303e-05
1.1343 2.01936e-05
1.19649 2.01606e-05
1.26208 2.08604e-05
1.33128 2.07041e-05
1.40427 1.98378e-05
1.48126 2.10161e-05
1.56247 2.17829e-05
1.64813 2.06456e-05
1.73849 2.14241e-05
1.83381 2.21116e-05
1.93435 1.99037e-05
2.0404 1.74835e-05
2.15227 1.69236e-05
2.27027 1.59982e-05
2.39474 1.59008e-05
2.52603 1.534e-05
2.66452 1.46196e-05
2.81061 1.33692e-05
2.9647 1.38509e-05
3.12725 1.39038e-05
3.2987 1.36576e-05
3.47956 1.37564e-05
3.67033 1.34789e-05
3.87155 1.32467e-05
4.08382 1.36813e-05
4.30772 1.35492e-05
4.54389 1.34212e-05
4.79301 1.36087e-05
5.05579 1.3653e-05
5.33298 1.38652e-05
5.62537 1.35664e-05
5.93379 1.42454e-05
6.25911 1.42994e-05
6.60227 1.4754e-05
6.96425 1.49292e-05
7.34607 1.53846e-05
7.74883 1.55893e-05
8.17366 1.6539e-05
8.62179 1.68702e-05
9.09449 1.76233e-05
9.5931 1.86037e-05
10.1191 1.92452e-05
10.6738 2.01444e-05
11.259 2.11691e-05
11.8763 2.24758e-05
12.5275 2.37342e-05
13.2143 2.47585e-05
13.9388 2.60853e-05
14.703 2.73082e-05
15.5091 2.84703e-05
16.3594 2.9377e-05
17.2563 3.00197e-05
18.2024 3.04374e-05
19.2004 3.08806e-05
20.253 3.13969e-05
21.3634 3.21894e-05
22.5347 3.38445e-05
23.7702 3.60636e-05
25.0734 3.87346e-05
26.4481 4.09862e-05
27.8981 4.17742e-05
29.4277 4.07823e-05
31.0411 3.92767e-05
32.7429 4.05619e-05
34.5381 4.50418e-05
36.4317 4.90127e-05
38.4291 4.67089e-05
40.536 4.42156e-05
42.7584 5.0126e-05
45.1027 5.31499e-05
47.5755 4.73288e-05
50.1839 5.40841e-05
52.9353 5.33434e-05
55.8375 5.30702e-05
58.8988 5.68007e-05
62.128 5.22814e-05
65.5342 5.52394e-05
69.1272 5.52469e-05
72.9172 4.79594e-05
76.9149 4.8975e-05
81.1319 4.9523e-05
85.58 7.27311e-06
90.272 8.45711e-07
95.2212 6.88085e-07
100.442 5.44195e-07
105.949 3.91801e-07
111.757 2.85282e-07
117.885 1.91866e-07
124.348 1.11297e-07
131.165 5.91959e-08
138.356 2.06661e-08
145.942 3.13437e-09
153.943 0
162.384 0
171.286 0
180.677 0
190.583 0
201.032 0
212.054 0
223.68 0
235.943 0
248.879 0
262.524 0
276.917 0
292.1 0
