1.09967 7.74268e-08
3.099 7.7994e-08
5.09833 8.09085e-08
7.09767 8.66021e-08
9.097 7.1631e-08
11.0963 7.36216e-08
13.0957 8.09287e-08
15.095 7.00967e-08
17.0943 6.72958e-08
19.0937 7.71102e-08
21.093 7.02423e-08
23.0923 6.01542e-08
25.0917 7.63907e-08
27.091 6.35266e-08
29.0903 6.67025e-08
31.0897 6.89412e-08
33.089 6.7377e-08
35.0883 6.59189e-08
37.0877 7.24645e-08
39.087 6.35524e-08
41.0863 7.32793e-08
43.0857 6.26965e-08
45.085 6.22602e-08
47.0843 6.28136e-08
49.0837 6.61487e-08
51.083 6.34562e-08
53.0823 6.4855e-08
55.0817 6.76569e-08
57.081 6.23358e-08
59.0803 6.37766e-08
61.0797 6.2222e-08
63.079 5.92274e-08
65.0783 5.83718e-08
67.0777 5.72163e-08
69.077 5.86034e-08
71.0763 5.6875e-08
73.0757 5.61478e-08
75.075 5.2386e-08
77.0743 5.34219e-08
79.0737 4.98298e-08
81.073 4.75942e-08
83.0723 4.58073e-08
85.0717 4.57265e-08
87.071 4.42959e-08
89.0703 4.2944e-08
91.0697 4.01497e-08
93.069 4.09776e-08
95.0683 4.15353e-08
97.0677 4.06215e-08
99.067 3.73993e-08
101.066 3.82214e-08
103.066 3.73002e-08
105.065 3.89437e-08
107.064 3.59541e-08
109.064 3.64989e-08
111.063 3.66981e-08
113.062 3.42056e-08
115.062 3.26706e-08
117.061 3.10217e-08
119.06 2.98135e-08
121.06 2.96594e-08
123.059 2.80568e-08
125.058 2.51879e-08
127.058 2.06174e-08
129.057 1.78286e-08
131.056 1.37705e-08
133.056 1.3427e-08
135.055 1.03798e-08
137.054 8.46853e-09
139.054 6.32221e-09
141.053 5.8595e-09
143.052 6.0491e-09
145.052 6.00631e-09
147.051 6.6631e-09
149.05 5.61429e-09
151.05 4.97556e-09
153.049 4.70734e-09
155.048 5.89199e-09
157.048 1.50538e-09
159.047 0
161.046 0
163.046 0
165.045 0
167.044 0
169.044 0
171.043 0
173.042 0
175.042 0
177.041 0
179.04 0
181.04 0
183.039 0
185.038 0
187.038 0
189.037 0
191.036 0
193.036 0
195.035 0
197.034 0
199.034 0
201.033 0
203.032 0
205.032 0
207.031 0
209.03 0
211.03 0
213.029 0
215.028 0
217.028 0
219.027 0
221.026 0
223.026 0
225.025 0
227.024 0
229.024 0
231.023 0
233.022 0
235.022 0
237.021 0
239.02 0
241.02 0
243.019 0
245.018 0
247.018 0
249.017 0
251.016 0
253.016 0
255.015 0
257.014 0
259.014 0
261.013 0
263.012 0
265.012 0
267.011 0
269.01 0
271.01 0
273.009 0
275.008 0
277.008 0
279.007 0
281.006 0
283.006 0
285.005 0
287.004 0
289.004 0
291.003 0
293.002 0
295.002 0
297.001 0
299 0
