1 0
3 0
5 0
7 0
9 0
11 0
13 0
15 8.75203e-05
17 0.000549347
19 0.00044523
21 0.000338584
23 0.000269142
25 0.000197242
27 0.000165745
29 0.000122753
31 0.000115442
33 8.67617e-05
35 6.57455e-05
37 5.75339e-05
39 5.23232e-05
41 4.57379e-05
43 3.89502e-05
45 3.22626e-05
47 2.68761e-05
49 2.27624e-05
51 1.96274e-05
53 1.69986e-05
55 1.50666e-05
57 1.3505e-05
59 1.22073e-05
61 1.10913e-05
63 1.01795e-05
65 9.31362e-06
67 8.58784e-06
69 7.93072e-06
71 7.30519e-06
73 6.63493e-06
75 6.14814e-06
77 5.63217e-06
79 5.19938e-06
81 4.84121e-06
83 4.49934e-06
85 4.17155e-06
87 3.87465e-06
89 3.63914e-06
91 3.40459e-06
93 3.17264e-06
95 2.97607e-06
97 2.77061e-06
99 2.61298e-06
101 2.40931e-06
103 2.2733e-06
105 2.12829e-06
107 1.99125e-06
109 1.88143e-06
111 1.77468e-06
113 1.67456e-06
115 1.58254e-06
117 1.49306e-06
119 1.41443e-06
121 1.3386e-06
123 1.27087e-06
125 1.20313e-06
127 1.14941e-06
129 1.09563e-06
131 1.03121e-06
133 9.86416e-07
135 9.42382e-07
137 8.94606e-07
139 8.55729e-07
141 8.10171e-07
143 7.68218e-07
145 7.41958e-07
147 7.06435e-07
149 6.78877e-07
151 6.40358e-07
153 6.19658e-07
155 5.85295e-07
157 5.69178e-07
159 5.46744e-07
161 5.25804e-07
163 4.9611e-07
165 4.79595e-07
167 4.67194e-07
169 4.43012e-07
171 4.29848e-07
173 4.10379e-07
175 3.94189e-07
177 3.84608e-07
179 3.64568e-07
181 3.53127e-07
183 3.44669e-07
185 3.27442e-07
187 3.17896e-07
189 3.08459e-07
191 2.95977e-07
193 2.8434e-07
195 2.77745e-07
197 2.66675e-07
199 2.59338e-07
201 2.51229e-07
203 2.41576e-07
205 2.33198e-07
207 2.29446e-07
209 2.19063e-07
211 2.13203e-07
213 2.0694e-07
215 2.01613e-07
217 1.92782e-07
219 1.8738e-07
221 1.83071e-07
223 1.77261e-07
225 1.72953e-07
227 1.68793e-07
229 1.60607e-07
231 1.58838e-07
233 1.53511e-07
235 1.47921e-07
237 1.45596e-07
239 1.40881e-07
241 1.38291e-07
243 1.32373e-07
245 1.29798e-07
247 1.26359e-07
249 1.22243e-07
251 1.20496e-07
253 1.16982e-07
255 1.14229e-07
257 1.09875e-07
259 1.08506e-07
261 1.04835e-07
263 1.03496e-07
265 1.00076e-07
267 9.75961e-08
269 9.56841e-08
271 9.37719e-08
273 8.80128e-08
275 8.8591e-08
277 8.54566e-08
279 8.4683e-08
281 8.16571e-08
283 7.85709e-08
285 7.73439e-08
287 7.65796e-08
289 7.39562e-08
291 7.13502e-08
293 7.06163e-08
295 7.15368e-08
297 6.96971e-08
299 6.6928e-08
301 6.64959e-08
303 6.55769e-08
305 6.33957e-08
307 6.19868e-08
309 6.14764e-08
311 5.85193e-08
313 5.78013e-08
315 5.71078e-08
317 5.45855e-08
319 5.40659e-08
321 5.35817e-08
323 5.12622e-08
325 5.1283e-08
327 4.97209e-08
329 4.8917e-08
331 4.79046e-08
333 4.7645e-08
335 4.54815e-08
337 4.63131e-08
339 4.313e-08
341 4.47064e-08
343 4.17255e-08
345 4.29185e-08
347 4.02794e-08
349 4.10575e-08
351 3.87406e-08
353 3.91751e-08
355 3.76254e-08
357 3.74841e-08
359 3.65494e-08
361 3.67653e-08
363 3.45296e-08
365 3.52962e-08
367 3.3094e-08
369 3.45718e-08
371 3.27824e-08
373 3.24799e-08
375 3.21742e-08
377 3.04222e-08
379 3.15106e-08
381 3.01424e-08
383 2.89981e-08
385 2.98499e-08
387 2.84715e-08
389 2.85782e-08
391 2.76075e-08
393 2.66815e-08
395 2.77935e-08
397 2.57018e-08
399 2.57569e-08
401 2.66662e-08
403 2.42769e-08
405 2.44811e-08
407 2.52002e-08
409 2.34876e-08
411 2.37364e-08
413 2.30508e-08
415 2.24856e-08
417 2.28238e-08
419 2.14953e-08
421 2.19131e-08
423 2.16049e-08
425 2.05749e-08
427 2.07435e-08
429 2.07171e-08
431 2.02994e-08
433 1.97396e-08
435 1.88562e-08
437 1.95509e-08
439 1.8683e-08
441 1.87463e-08
443 1.85802e-08
445 1.77064e-08
447 1.78632e-08
449 1.78212e-08
451 1.68206e-08
453 1.71433e-08
455 1.69468e-08
457 1.6832e-08
459 1.57754e-08
461 1.64407e-08
463 1.57378e-08
465 1.61774e-08
467 1.51087e-08
469 1.52617e-08
471 1.50026e-08
473 1.50639e-08
475 1.44487e-08
477 1.50046e-08
479 1.38904e-08
481 1.38906e-08
483 1.38534e-08
485 1.39643e-08
487 1.36215e-08
489 1.3232e-08
491 1.31112e-08
493 1.31531e-08
495 1.33574e-08
497 1.24148e-08
499 1.21966e-08
501 1.26457e-08
503 1.23967e-08
505 1.23058e-08
507 1.1492e-08
509 1.18514e-08
511 1.1557e-08
513 1.21222e-08
515 1.08037e-08
517 1.13128e-08
519 1.10534e-08
521 1.08458e-08
523 1.09749e-08
525 1.07628e-08
527 1.05068e-08
529 9.90099e-09
531 1.05126e-08
533 1.03954e-08
535 1.01495e-08
537 1.05208e-08
539 9.08182e-09
541 9.8821e-09
543 9.76591e-09
545 9.92617e-09
547 9.43471e-09
549 8.94269e-09
551 8.80937e-09
553 9.58801e-09
555 9.59971e-09
557 8.71461e-09
559 8.91975e-09
561 8.32844e-09
563 8.42752e-09
565 9.06947e-09
567 8.77654e-09
569 8.24358e-09
571 8.42216e-09
573 7.53046e-09
575 8.03876e-09
577 8.61174e-09
579 8.00037e-09
581 8.14311e-09
583 7.79511e-09
585 7.25937e-09
587 8.01941e-09
589 7.52982e-09
591 8.03979e-09
593 7.34135e-09
595 7.30143e-09
597 7.03745e-09
599 7.06528e-09
601 7.7406e-09
603 7.34033e-09
605 7.15392e-09
607 6.82973e-09
609 6.71617e-09
611 6.82661e-09
613 7.16129e-09
615 6.84952e-09
617 6.78897e-09
619 6.65162e-09
621 6.58149e-09
623 6.31626e-09
625 6.57199e-09
627 6.73043e-09
629 6.20526e-09
631 6.74598e-09
633 6.28738e-09
635 5.88867e-09
637 6.28768e-09
639 5.98894e-09
641 6.42433e-09
643 6.12393e-09
645 6.23562e-09
647 6.16253e-09
649 6.0002e-09
651 5.72779e-09
653 5.35474e-09
655 6.16458e-09
657 5.96019e-09
659 5.82785e-09
661 6.10002e-09
663 5.75815e-09
665 5.42025e-09
667 5.31357e-09
669 5.70204e-09
671 5.68967e-09
673 5.62389e-09
675 5.69167e-09
677 5.52075e-09
679 5.39894e-09
681 5.28424e-09
683 5.63552e-09
685 5.27372e-09
687 5.49843e-09
689 5.36954e-09
691 5.46871e-09
693 5.68263e-09
695 5.25163e-09
697 5.55052e-09
699 5.12629e-09
701 5.626e-09
703 5.60307e-09
705 5.48313e-09
707 5.96252e-09
709 5.22834e-09
711 5.90815e-09
713 5.70009e-09
715 6.22011e-09
717 5.85461e-09
719 5.99546e-09
721 6.16151e-09
723 6.14695e-09
725 6.5041e-09
727 7.08093e-09
729 7.16841e-09
731 7.3971e-09
733 7.53301e-09
735 8.12258e-09
737 9.46542e-09
739 1.04497e-08
741 1.1836e-08
743 1.61649e-08
745 2.98987e-08
747 0
749 0
751 0
753 0
755 0
757 0
759 0
761 0
763 0
765 0
767 0
769 0
771 0
773 0
775 0
777 0
779 0
781 0
783 0
785 0
787 0
789 0
791 0
793 0
795 0
797 0
799 0
801 0
803 0
805 0
807 0
809 0
811 0
813 0
815 0
817 0
819 0
821 0
823 0
825 0
827 0
829 0
831 0
833 0
835 0
837 0
839 0
841 0
843 0
845 0
847 0
849 0
851 0
853 0
855 0
857 0
859 0
861 0
863 0
865 0
867 0
869 0
871 0
873 0
875 0
877 0
879 0
881 0
883 0
885 0
887 0
889 0
891 0
893 0
895 0
897 0
899 0
901 0
903 0
905 0
907 0
909 0
911 0
913 0
915 0
917 0
919 0
921 0
923 0
925 0
927 0
929 0
931 0
933 0
935 0
937 0
939 0
941 0
943 0
945 0
947 0
949 0
951 0
953 0
955 0
957 0
959 0
961 0
963 0
965 0
967 0
969 0
971 0
973 0
975 0
977 0
979 0
981 0
983 0
985 0
987 0
989 0
991 0
993 0
995 0
997 0
999 0
1001 0
1003 0
1005 0
1007 0
1009 0
1011 0
1013 0
1015 0
1017 0
1019 0
1021 0
1023 0
1025 0
1027 0
1029 0
1031 0
1033 0
1035 0
1037 0
1039 0
1041 0
1043 0
1045 0
1047 0
1049 0
1051 0
1053 0
1055 0
1057 0
1059 0
1061 0
1063 0
1065 0
1067 0
1069 0
1071 0
1073 0
1075 0
1077 0
1079 0
1081 0
1083 0
1085 0
1087 0
1089 0
1091 0
1093 0
1095 0
1097 0
1099 0
1101 0
1103 0
1105 0
1107 0
1109 0
1111 0
1113 0
1115 0
1117 0
1119 0
1121 0
1123 0
1125 0
1127 0
1129 0
1131 0
1133 0
1135 0
1137 0
1139 0
1141 0
1143 0
1145 0
1147 0
1149 0
1151 0
1153 0
1155 0
1157 0
1159 0
1161 0
1163 0
1165 0
1167 0
1169 0
1171 0
1173 0
1175 0
1177 0
1179 0
1181 0
1183 0
1185 0
1187 0
1189 0
1191 0
1193 0
1195 0
1197 0
1199 0
1201 0
1203 0
1205 0
1207 0
1209 0
1211 0
1213 0
1215 0
1217 0
1219 0
1221 0
1223 0
1225 0
1227 0
1229 0
1231 0
1233 0
1235 0
1237 0
1239 0
1241 0
1243 0
1245 0
1247 0
1249 0
1251 0
1253 0
1255 0
1257 0
1259 0
1261 0
1263 0
1265 0
1267 0
1269 0
1271 0
1273 0
1275 0
1277 0
1279 0
1281 0
1283 0
1285 0
1287 0
1289 0
1291 0
1293 0
1295 0
1297 0
1299 0
1301 0
1303 0
1305 0
1307 0
1309 0
1311 0
1313 0
1315 0
1317 0
1319 0
1321 0
1323 0
1325 0
1327 0
1329 0
1331 0
1333 0
1335 0
1337 0
1339 0
1341 0
1343 0
1345 0
1347 0
1349 0
1351 0
1353 0
1355 0
1357 0
1359 0
1361 0
1363 0
1365 0
1367 0
1369 0
1371 0
1373 0
1375 0
1377 0
1379 0
1381 0
1383 0
1385 0
1387 0
1389 0
1391 0
1393 0
1395 0
1397 0
1399 0
1401 0
1403 0
1405 0
1407 0
1409 0
1411 0
1413 0
1415 0
1417 0
1419 0
1421 0
1423 0
1425 0
1427 0
1429 0
1431 0
1433 0
1435 0
1437 0
1439 0
1441 0
1443 0
1445 0
1447 0
1449 0
1451 0
1453 0
1455 0
1457 0
1459 0
1461 0
1463 0
1465 0
1467 0
1469 0
1471 0
1473 0
1475 0
1477 0
1479 0
1481 0
1483 0
1485 0
1487 0
1489 0
1491 0
1493 0
1495 0
1497 0
1499 0
1501 0
1503 0
1505 0
1507 0
1509 0
1511 0
1513 0
1515 0
1517 0
1519 0
1521 0
1523 0
1525 0
1527 0
1529 0
1531 0
1533 0
1535 0
1537 0
1539 0
1541 0
1543 0
1545 0
1547 0
1549 0
1551 0
1553 0
1555 0
1557 0
1559 0
1561 0
1563 0
1565 0
1567 0
1569 0
1571 0
1573 0
1575 0
1577 0
1579 0
1581 0
1583 0
1585 0
1587 0
1589 0
1591 0
1593 0
1595 0
1597 0
1599 0
1601 0
1603 0
1605 0
1607 0
1609 0
1611 0
1613 0
1615 0
1617 0
1619 0
1621 0
1623 0
1625 0
1627 0
1629 0
1631 0
1633 0
1635 0
1637 0
1639 0
1641 0
1643 0
1645 0
1647 0
1649 0
1651 0
1653 0
1655 0
1657 0
1659 0
1661 0
1663 0
1665 0
1667 0
1669 0
1671 0
1673 0
1675 0
1677 0
1679 0
1681 0
1683 0
1685 0
1687 0
1689 0
1691 0
1693 0
1695 0
1697 0
1699 0
1701 0
1703 0
1705 0
1707 0
1709 0
1711 0
1713 0
1715 0
1717 0
1719 0
1721 0
1723 0
1725 0
1727 0
1729 0
1731 0
1733 0
1735 0
1737 0
1739 0
1741 0
1743 0
1745 0
1747 0
1749 0
1751 0
1753 0
1755 0
1757 0
1759 0
1761 0
1763 0
1765 0
1767 0
1769 0
1771 0
1773 0
1775 0
1777 0
1779 0
1781 0
1783 0
1785 0
1787 0
1789 0
1791 0
1793 0
1795 0
1797 0
1799 0
1801 0
1803 0
1805 0
1807 0
1809 0
1811 0
1813 0
1815 0
1817 0
1819 0
1821 0
1823 0
1825 0
1827 0
1829 0
1831 0
1833 0
1835 0
1837 0
1839 0
1841 0
1843 0
1845 0
1847 0
1849 0
1851 0
1853 0
1855 0
1857 0
1859 0
1861 0
1863 0
1865 0
1867 0
1869 0
1871 0
1873 0
1875 0
1877 0
1879 0
1881 0
1883 0
1885 0
1887 0
1889 0
1891 0
1893 0
1895 0
1897 0
1899 0
1901 0
1903 0
1905 0
1907 0
1909 0
1911 0
1913 0
1915 0
1917 0
1919 0
1921 0
1923 0
1925 0
1927 0
1929 0
1931 0
1933 0
1935 0
1937 0
1939 0
1941 0
1943 0
1945 0
1947 0
1949 0
1951 0
1953 0
1955 0
1957 0
1959 0
1961 0
1963 0
1965 0
1967 0
1969 0
1971 0
1973 0
1975 0
1977 0
1979 0
1981 0
1983 0
1985 0
1987 0
1989 0
1991 0
1993 0
1995 0
1997 0
1999 0
