1 0
3 0
5 0
7 0
9 0
11 0
13 0
15 8.75693e-05
17 0.000551432
19 0.000448452
21 0.000342821
23 0.000274151
25 0.000202857
27 0.000170114
29 0.000127346
31 0.000119101
33 9.00663e-05
35 6.88512e-05
37 6.04888e-05
39 5.49929e-05
41 4.82485e-05
43 4.11741e-05
45 3.43063e-05
47 2.87666e-05
49 2.44567e-05
51 2.10817e-05
53 1.8303e-05
55 1.62054e-05
57 1.45188e-05
59 1.31298e-05
61 1.19155e-05
63 1.08997e-05
65 9.98029e-06
67 9.1942e-06
69 8.48673e-06
71 7.79173e-06
73 7.08775e-06
75 6.56396e-06
77 6.02937e-06
79 5.56532e-06
81 5.18573e-06
83 4.82179e-06
85 4.47481e-06
87 4.1653e-06
89 3.91677e-06
91 3.67094e-06
93 3.41922e-06
95 3.2083e-06
97 2.99432e-06
99 2.82661e-06
101 2.6097e-06
103 2.46656e-06
105 2.31419e-06
107 2.16946e-06
109 2.04876e-06
111 1.93349e-06
113 1.8242e-06
115 1.72585e-06
117 1.6334e-06
119 1.54392e-06
121 1.46114e-06
123 1.38958e-06
125 1.31803e-06
127 1.25834e-06
129 1.19875e-06
131 1.1298e-06
133 1.08208e-06
135 1.03238e-06
137 9.83404e-07
139 9.40027e-07
141 8.91824e-07
143 8.45601e-07
145 8.16616e-07
147 7.79184e-07
149 7.46851e-07
151 7.07568e-07
153 6.83088e-07
155 6.49023e-07
157 6.30379e-07
159 6.0686e-07
161 5.81815e-07
163 5.50489e-07
165 5.3276e-07
167 5.17306e-07
169 4.92572e-07
171 4.76252e-07
173 4.56582e-07
175 4.37748e-07
177 4.28099e-07
179 4.05644e-07
181 3.93993e-07
183 3.83248e-07
185 3.65088e-07
187 3.54261e-07
189 3.43809e-07
191 3.30517e-07
193 3.17708e-07
195 3.099e-07
197 2.98193e-07
199 2.89916e-07
201 2.80789e-07
203 2.70495e-07
205 2.60853e-07
207 2.56399e-07
209 2.45474e-07
211 2.38477e-07
213 2.31101e-07
215 2.25513e-07
217 2.16483e-07
219 2.10283e-07
221 2.04845e-07
223 1.99292e-07
225 1.93021e-07
227 1.89803e-07
229 1.79772e-07
231 1.78374e-07
233 1.71903e-07
235 1.66267e-07
237 1.64097e-07
239 1.58228e-07
241 1.55076e-07
243 1.48482e-07
245 1.46094e-07
247 1.42005e-07
249 1.37363e-07
251 1.35603e-07
253 1.31975e-07
255 1.28378e-07
257 1.23361e-07
259 1.22173e-07
261 1.17928e-07
263 1.16411e-07
265 1.12764e-07
267 1.10676e-07
269 1.077e-07
271 1.05565e-07
273 9.9695e-08
275 9.98525e-08
277 9.64524e-08
279 9.52198e-08
281 9.20989e-08
283 8.91053e-08
285 8.70748e-08
287 8.60051e-08
289 8.38171e-08
291 8.06395e-08
293 7.9413e-08
295 8.10609e-08
297 7.84175e-08
299 7.55702e-08
301 7.55349e-08
303 7.40604e-08
305 7.13584e-08
307 7.01944e-08
309 6.96884e-08
311 6.58551e-08
313 6.5544e-08
315 6.45039e-08
317 6.18512e-08
319 6.09526e-08
321 6.04304e-08
323 5.81014e-08
325 5.81224e-08
327 5.63258e-08
329 5.52603e-08
331 5.46028e-08
333 5.3791e-08
335 5.15691e-08
337 5.24122e-08
339 4.90122e-08
341 5.03291e-08
343 4.75086e-08
345 4.85286e-08
347 4.57298e-08
349 4.65937e-08
351 4.38024e-08
353 4.44852e-08
355 4.27047e-08
357 4.26455e-08
359 4.12423e-08
361 4.18722e-08
363 3.89297e-08
365 4.03308e-08
367 3.71667e-08
369 3.94311e-08
371 3.68188e-08
373 3.70727e-08
375 3.6255e-08
377 3.42303e-08
379 3.61802e-08
381 3.36963e-08
383 3.32153e-08
385 3.36787e-08
387 3.19511e-08
389 3.28604e-08
391 3.10796e-08
393 3.02244e-08
395 3.1586e-08
397 2.93375e-08
399 2.9257e-08
401 2.98303e-08
403 2.80089e-08
405 2.76332e-08
407 2.83979e-08
409 2.68935e-08
411 2.68357e-08
413 2.62558e-08
415 2.57603e-08
417 2.58886e-08
419 2.49812e-08
421 2.47966e-08
423 2.49678e-08
425 2.38015e-08
427 2.33833e-08
429 2.4169e-08
431 2.29682e-08
433 2.25555e-08
435 2.19744e-08
437 2.23168e-08
439 2.14119e-08
441 2.13919e-08
443 2.13499e-08
445 2.04491e-08
447 2.03606e-08
449 2.06081e-08
451 1.93295e-08
453 1.96706e-08
455 1.94286e-08
457 1.93813e-08
459 1.82752e-08
461 1.85527e-08
463 1.84779e-08
465 1.83441e-08
467 1.75772e-08
469 1.75366e-08
471 1.73522e-08
473 1.7622e-08
475 1.63886e-08
477 1.74282e-08
479 1.60751e-08
481 1.61265e-08
483 1.5662e-08
485 1.63967e-08
487 1.5824e-08
489 1.523e-08
491 1.50722e-08
493 1.52122e-08
495 1.55625e-08
497 1.42828e-08
499 1.41699e-08
501 1.4277e-08
503 1.47086e-08
505 1.39624e-08
507 1.3337e-08
509 1.35683e-08
511 1.34727e-08
513 1.41035e-08
515 1.22562e-08
517 1.30986e-08
519 1.28612e-08
521 1.25087e-08
523 1.27952e-08
525 1.22707e-08
527 1.21475e-08
529 1.15104e-08
531 1.22377e-08
533 1.20222e-08
535 1.1687e-08
537 1.19185e-08
539 1.08138e-08
541 1.13698e-08
543 1.13234e-08
545 1.122e-08
547 1.09826e-08
549 1.04145e-08
551 1.04913e-08
553 1.10005e-08
555 1.09406e-08
557 9.9976e-09
559 1.03347e-08
561 9.75404e-09
563 9.88962e-09
565 1.02589e-08
567 1.01544e-08
569 9.47804e-09
571 9.8021e-09
573 8.98904e-09
575 9.12261e-09
577 9.89961e-09
579 9.48315e-09
581 9.23558e-09
583 9.21127e-09
585 8.48112e-09
587 9.31568e-09
589 8.77231e-09
591 9.40582e-09
593 8.32505e-09
595 8.62446e-09
597 8.21479e-09
599 8.26567e-09
601 9.10302e-09
603 8.32635e-09
605 8.55746e-09
607 7.66925e-09
609 8.09802e-09
611 7.85886e-09
613 8.58349e-09
615 7.78754e-09
617 7.96769e-09
619 7.81649e-09
621 7.51383e-09
623 7.618e-09
625 7.68551e-09
627 7.80102e-09
629 7.16509e-09
631 8.03397e-09
633 7.33994e-09
635 6.81282e-09
637 7.43063e-09
639 6.91585e-09
641 7.60368e-09
643 7.08824e-09
645 7.31001e-09
647 7.30962e-09
649 6.69748e-09
651 6.89128e-09
653 6.28723e-09
655 7.10855e-09
657 7.02294e-09
659 6.94774e-09
661 7.29697e-09
663 6.46097e-09
665 6.30485e-09
667 6.32983e-09
669 6.55321e-09
671 6.86065e-09
673 6.63769e-09
675 6.75935e-09
677 6.29005e-09
679 6.26075e-09
681 6.4595e-09
683 6.42379e-09
685 6.20962e-09
687 6.70583e-09
689 6.2485e-09
691 6.61778e-09
693 6.36957e-09
695 6.23902e-09
697 6.59352e-09
699 5.934e-09
701 6.88693e-09
703 6.46432e-09
705 6.56215e-09
707 6.94256e-09
709 6.13185e-09
711 7.07808e-09
713 6.50989e-09
715 7.27054e-09
717 6.98775e-09
719 6.96417e-09
721 7.39823e-09
723 7.26914e-09
725 7.45079e-09
727 8.48542e-09
729 8.27666e-09
731 8.76854e-09
733 8.88082e-09
735 9.48573e-09
737 1.11068e-08
739 1.20813e-08
741 1.38516e-08
743 1.88713e-08
745 3.4394e-08
747 2.56152e-10
749 3.10079e-10
751 2.14725e-10
753 2.51368e-10
755 2.486e-10
757 1.55836e-10
759 3.37645e-10
761 1.40013e-10
763 2.96758e-10
765 2.42445e-10
767 2.01e-10
769 2.75201e-10
771 2.00147e-10
773 2.37674e-10
775 1.98541e-10
777 2.32953e-10
779 2.29877e-10
781 1.44594e-10
783 3.13288e-10
785 1.92792e-10
787 9.56751e-11
789 3.54498e-10
791 1.40052e-10
793 2.20529e-10
795 3.13383e-10
797 9.28544e-11
799 3.45774e-10
801 2.27659e-10
803 1.79373e-10
805 3.35429e-10
807 2.23619e-10
809 2.57162e-10
811 3.88667e-10
813 1.75283e-10
815 2.05847e-10
817 3.77026e-10
819 1.72355e-10
821 2.80076e-10
823 3.00443e-10
825 1.69317e-10
827 2.72416e-10
829 3.32319e-10
831 1.24549e-10
833 2.80236e-10
835 2.80101e-10
837 1.23215e-10
839 3.54494e-10
841 2.30468e-10
843 1.60006e-10
845 2.30008e-10
847 3.50012e-10
849 1.58713e-10
851 2.25768e-10
853 3.40086e-10
855 2.31251e-10
857 1.73438e-10
859 3.08334e-10
861 1.91956e-10
863 2.47218e-10
865 2.64035e-10
867 2.9734e-10
869 2.4138e-10
871 2.59948e-10
873 2.97083e-10
875 2.39495e-10
877 2.5559e-10
879 3.23864e-10
881 1.61011e-10
883 3.22023e-10
885 2.86242e-10
887 1.96271e-10
889 2.83227e-10
891 2.81041e-10
893 2.24792e-10
895 2.77764e-10
897 2.75797e-10
899 2.5856e-10
901 2.06022e-10
903 3.05808e-10
905 2.84878e-10
907 1.32906e-10
909 4.31816e-10
911 2.49125e-10
913 1.99252e-10
915 2.31054e-10
917 3.26687e-10
919 2.41916e-10
921 2.59305e-10
923 2.5643e-10
925 2.4468e-10
927 1.97067e-10
929 3.24788e-10
931 1.83181e-10
933 2.45039e-10
935 3.46157e-10
937 1.81518e-10
939 1.98856e-10
941 3.09128e-10
943 1.89609e-10
945 2.47459e-10
947 2.40648e-10
949 2.52552e-10
951 2.09729e-10
953 2.18097e-10
955 3.04432e-10
957 2.17315e-10
959 2.69647e-10
961 1.22357e-10
963 2.97231e-10
965 2.37013e-10
967 2.45348e-10
969 2.15151e-10
971 2.13055e-10
973 3.02611e-10
975 1.50915e-10
977 2.99069e-10
979 1.73052e-10
981 3.01823e-10
983 1.81565e-10
985 2.03588e-10
987 2.61943e-10
989 2.08207e-10
991 2.95523e-10
993 1.7773e-10
995 2.22925e-10
997 2.0838e-10
999 2.75786e-10
1001 1.77129e-10
1003 2.06289e-10
1005 3.42241e-10
1007 1.5353e-10
1009 1.54337e-10
1011 3.73323e-10
1013 2.56295e-10
1015 1.45775e-10
1017 1.82508e-10
1019 3.09283e-10
1021 2.54141e-10
1023 1.81389e-10
1025 1.72746e-10
1027 3.31928e-10
1029 2.29881e-10
1031 2.00132e-10
1033 1.98672e-10
1035 2.96412e-10
1037 2.35763e-10
1039 1.98167e-10
1041 1.70305e-10
1043 3.26326e-10
1045 1.97619e-10
1047 1.76019e-10
1049 2.23217e-10
1051 2.22118e-10
1053 3.19819e-10
1055 8.36807e-11
1057 2.51621e-10
1059 2.54545e-10
1061 2.91987e-10
1063 1.91285e-10
1065 1.64408e-10
1067 3.89473e-10
1069 2.76508e-10
1071 2.07226e-10
1073 2.01278e-10
1075 2.84648e-10
1077 2.84717e-10
1079 2.43726e-10
1081 1.60318e-10
1083 3.11171e-10
1085 2.90414e-10
1087 1.18897e-10
1089 2.3694e-10
1091 2.94364e-10
1093 2.28962e-10
1095 3.62325e-10
1097 1.73559e-10
1099 2.89832e-10
1101 3.53792e-10
1103 2.0777e-10
1105 2.6069e-10
1107 3.04304e-10
1109 2.84465e-10
1111 2.75402e-10
1113 2.19447e-10
1115 2.45653e-10
1117 3.45416e-10
1119 2.51889e-10
1121 3.32259e-10
1123 2.03136e-10
1125 4.03273e-10
1127 1.75656e-10
1129 2.09659e-10
1131 4.05712e-10
1133 2.82666e-10
1135 3.14186e-10
1137 2.01082e-10
1139 2.42223e-10
1141 3.77029e-10
1143 2.88684e-10
1145 3.47083e-10
1147 2.0298e-10
1149 2.54771e-10
1151 3.00453e-10
1153 2.57655e-10
1155 3.0229e-10
1157 3.88902e-10
1159 1.29064e-10
1161 2.09742e-10
1163 2.28394e-10
1165 4.74125e-10
1167 1.9931e-10
1169 1.9884e-10
1171 2.83919e-10
1173 1.67532e-10
1175 3.81467e-10
1177 2.63668e-10
1179 2.69323e-10
1181 2.12155e-10
1183 2.0608e-10
1185 2.15012e-10
1187 3.47398e-10
1189 2.48259e-10
1191 1.96277e-10
1193 2.37879e-10
1195 2.23648e-10
1197 1.79446e-10
1199 3.24489e-10
1201 2.95277e-10
1203 3.00622e-10
1205 2.17495e-10
1207 1.8667e-10
1209 1.85581e-10
1211 2.86264e-10
1213 3.42441e-10
1215 1.9033e-10
1217 2.0109e-10
1219 1.69721e-10
1221 3.40461e-10
1223 2.79712e-10
1225 1.45365e-10
1227 2.28731e-10
1229 2.34076e-10
1231 2.97111e-10
1233 2.43022e-10
1235 1.65209e-10
1237 2.68815e-10
1239 2.83402e-10
1241 2.36704e-10
1243 1.61949e-10
1245 3.08186e-10
1247 9.24588e-11
1249 3.86913e-10
1251 1.78873e-10
1253 3.4618e-10
1255 1.25527e-10
1257 3.17838e-10
1259 2.35731e-10
1261 1.75538e-10
1263 2.74362e-10
1265 1.8759e-10
1267 3.43859e-10
1269 1.17685e-10
1271 2.73812e-10
1273 2.13301e-10
1275 3.19648e-10
1277 2.36168e-10
1279 9.91578e-11
1281 2.23826e-10
1283 2.12184e-10
1285 2.46974e-10
1287 3.32943e-10
1289 2.36715e-10
1291 1.69037e-10
1293 2.42141e-10
1295 1.68027e-10
1297 2.82091e-10
1299 2.43808e-10
1301 1.73203e-10
1303 2.50747e-10
1305 2.41967e-10
1307 2.27514e-10
1309 1.09521e-10
1311 2.59165e-10
1313 2.53092e-10
1315 2.73216e-10
1317 1.71773e-10
1319 1.88765e-10
1321 2.68924e-10
1323 1.51926e-10
1325 2.41688e-10
1327 2.20068e-10
1329 2.51631e-10
1331 2.25536e-10
1333 1.71688e-10
1335 2.59228e-10
1337 1.86057e-10
1339 1.8962e-10
1341 2.53313e-10
1343 2.17234e-10
1345 2.94926e-10
1347 1.6133e-10
1349 2.38734e-10
1351 1.92409e-10
1353 2.27515e-10
1355 1.87085e-10
1357 2.43218e-10
1359 1.96928e-10
1361 1.63279e-10
1363 3.07159e-10
1365 1.04839e-10
1367 1.84888e-10
1369 2.17566e-10
1371 2.55394e-10
1373 1.98228e-10
1375 2.66766e-10
1377 2.42183e-10
1379 1.24447e-10
1381 2.27377e-10
1383 1.35729e-10
1385 2.92041e-10
1387 2.09126e-10
1389 2.2938e-10
1391 1.47393e-10
1393 2.34717e-10
1395 2.32227e-10
1397 2.0121e-10
1399 1.54777e-10
1401 2.27346e-10
1403 1.80198e-10
1405 2.75585e-10
1407 2.42446e-10
1409 2.14467e-10
1411 2.52842e-10
1413 2.62889e-10
1415 4.02828e-11
1417 2.2041e-10
1419 1.84727e-10
1421 2.32275e-10
1423 2.36947e-10
1425 1.60181e-10
1427 3.38751e-10
1429 2.98059e-10
1431 1.93141e-10
1433 4.81642e-11
1435 1.6769e-10
1437 3.26748e-10
1439 2.17901e-10
1441 2.56877e-10
1443 1.85394e-10
1445 2.39251e-10
1447 2.57424e-10
1449 1.48978e-10
1451 1.45423e-10
1453 2.68651e-10
1455 1.60336e-10
1457 1.93372e-10
1459 2.69565e-10
1461 2.99372e-10
1463 2.71894e-10
1465 1.41081e-10
1467 1.37539e-10
1469 2.87831e-10
1471 1.65912e-10
1473 2.12443e-10
1475 1.31838e-10
1477 2.72869e-10
1479 2.43017e-10
1481 3.4624e-10
1483 1.89261e-10
1485 1.49945e-10
1487 2.25725e-10
1489 1.74098e-10
1491 2.65485e-10
1493 1.46888e-10
1495 2.23095e-10
1497 1.86285e-10
1499 2.44925e-10
1501 2.35675e-10
1503 1.39661e-10
1505 1.76971e-10
1507 2.38754e-10
1509 1.96255e-10
1511 1.81988e-10
1513 1.79406e-10
1515 2.16407e-10
1517 2.84828e-10
1519 1.94941e-10
1521 2.15173e-10
1523 1.53728e-10
1525 2.44759e-10
1527 1.62618e-10
1529 1.60212e-10
1531 2.38155e-10
1533 2.04709e-10
1535 1.89143e-10
1537 2.64353e-10
1539 2.41072e-10
1541 1.29514e-10
1543 2.07682e-10
1545 2.97165e-10
1547 1.17982e-10
1549 1.84732e-10
1551 1.51792e-10
1553 1.59658e-10
1555 2.61747e-10
1557 2.68398e-10
1559 2.13522e-10
1561 9.1344e-11
1563 2.4443e-10
1565 1.62698e-10
1567 2.2212e-10
1569 2.72904e-10
1571 1.03241e-10
1573 1.80647e-10
1575 1.2799e-10
1577 3.14196e-10
1579 2.30254e-10
1581 1.6342e-10
1583 1.97616e-10
1585 1.84019e-10
1587 1.87515e-10
1589 2.82899e-10
1591 2.06478e-10
1593 1.45623e-10
1595 1.55123e-10
1597 2.06592e-10
1599 3.06372e-10
1601 1.34869e-10
1603 2.36517e-10
1605 1.86947e-10
1607 1.89141e-10
1609 1.83791e-10
1611 2.70389e-10
1613 1.83447e-10
1615 1.37289e-10
1617 8.97665e-11
1619 2.01658e-10
1621 3.1977e-10
1623 1.1487e-10
1625 2.11537e-10
1627 1.1686e-10
1629 2.23936e-10
1631 1.49114e-10
1633 2.67954e-10
1635 1.94413e-10
1637 1.81142e-10
1639 7.1517e-11
1641 1.67492e-10
1643 3.13491e-10
1645 2.02987e-10
1647 2.48503e-10
1649 9.53942e-11
1651 2.08617e-10
1653 1.92313e-10
1655 1.65766e-10
1657 2.602e-10
1659 1.78365e-10
1661 9.44236e-11
1663 1.36445e-10
1665 2.66851e-10
1667 1.97841e-10
1669 1.82627e-10
1671 2.33127e-10
1673 1.38899e-10
1675 1.71333e-10
1677 2.04553e-10
1679 2.07324e-10
1681 1.8268e-10
1683 1.80053e-10
1685 1.58499e-10
1687 8.93737e-11
1689 2.14878e-10
1691 1.76625e-10
1693 1.86258e-10
1695 2.45949e-10
1697 1.53845e-10
1699 1.63662e-10
1701 2.10768e-10
1703 1.48819e-10
1705 1.86002e-10
1707 1.79177e-10
1709 2.07677e-10
1711 1.39941e-10
1713 2.32769e-10
1715 1.49796e-10
1717 2.65101e-10
1719 1.69999e-10
1721 2.61574e-10
1723 1.03025e-10
1725 1.50308e-10
1727 1.75121e-10
1729 2.62647e-10
1731 1.34145e-10
1733 2.12654e-10
1735 1.10471e-10
1737 1.61378e-10
1739 1.59878e-10
1741 1.9845e-10
1743 2.02276e-10
1745 1.73077e-10
1747 1.94932e-10
1749 1.4445e-10
1751 1.89837e-10
1753 2.14615e-10
1755 2.14236e-10
1757 2.12622e-10
1759 1.37101e-10
1761 1.62023e-10
1763 1.34504e-10
1765 1.87521e-10
1767 1.32486e-10
1769 2.37909e-10
1771 1.49987e-10
1773 1.99976e-10
1775 1.14943e-10
1777 2.27829e-10
1779 1.29656e-10
1781 2.47531e-10
1783 1.21666e-10
1785 1.93787e-10
1787 1.70664e-10
1789 2.58258e-10
1791 7.57706e-11
1793 1.36602e-10
1795 1.59052e-10
1797 2.56699e-10
1799 2.1459e-10
1801 1.12759e-10
1803 1.59181e-10
1805 2.12005e-10
1807 1.91264e-10
1809 1.64958e-10
1811 1.64871e-10
1813 1.04859e-10
1815 2.42446e-10
1817 2.14784e-10
1819 1.26535e-10
1821 1.41024e-10
1823 1.40914e-10
1825 2.85228e-10
1827 1.03711e-10
1829 1.95178e-10
1831 1.03627e-10
1833 1.92295e-10
1835 2.06727e-10
1837 1.32593e-10
1839 1.96348e-10
1841 1.65408e-10
1843 1.71053e-10
1845 1.90154e-10
1847 1.68034e-10
1849 1.02395e-10
1851 1.31475e-10
1853 2.00991e-10
1855 2.07996e-10
1857 1.34723e-10
1859 1.41381e-10
1861 1.49521e-10
1863 3.0954e-10
1865 1.01181e-10
1867 1.57569e-10
1869 1.87894e-10
1871 1.80891e-10
1873 1.51552e-10
1875 1.76908e-10
1877 9.35348e-11
1879 1.93537e-10
1881 1.76195e-10
1883 1.75546e-10
1885 1.6344e-10
1887 1.28608e-10
1889 2.04326e-10
1891 9.63222e-11
1893 2.18107e-10
1895 1.31158e-10
1897 1.75783e-10
1899 8.89917e-11
1901 2.52662e-10
1903 1.80673e-10
1905 1.62063e-10
1907 1.06831e-10
1909 1.87276e-10
1911 1.61972e-10
1913 1.40319e-10
1915 2.16442e-10
1917 1.84142e-10
1919 1.69074e-10
1921 1.49576e-10
1923 1.42952e-10
1925 1.50216e-10
1927 2.04342e-10
1929 1.10887e-10
1931 1.42844e-10
1933 1.97479e-10
1935 1.65996e-10
1937 1.63344e-10
1939 1.94406e-10
1941 1.58695e-10
1943 1.0312e-10
1945 1.37173e-10
1947 2.54648e-10
1949 1.91311e-10
1951 1.47256e-10
1953 1.38077e-10
1955 9.38262e-11
1957 1.31391e-10
1959 1.30728e-10
1961 1.99154e-10
1963 1.24922e-10
1965 1.6621e-10
1967 1.8443e-10
1969 1.19873e-10
1971 2.15756e-10
1973 1.271e-10
1975 1.31181e-10
1977 2.13917e-10
1979 1.7475e-10
1981 2.68413e-10
1983 9.49111e-11
1985 1.45108e-10
1987 1.16837e-10
1989 1.35094e-10
1991 9.31056e-11
1993 1.23523e-10
1995 1.55983e-10
1997 1.56541e-10
1999 1.846e-10
