1.09967 0
3.099 0
5.09833 0
7.09767 0
9.097 0
11.0963 0
13.0957 0
15.095 0
17.0943 0
19.0937 0
21.093 0
23.0923 0
25.0917 0
27.091 0
29.0903 6.75456e-10
31.0897 1.01645e-09
33.089 0
35.0883 4.35946e-09
37.0877 2.57312e-09
39.087 5.52995e-09
41.0863 4.28917e-09
43.0857 2.05363e-09
45.085 7.73528e-09
47.0843 6.19654e-09
49.0837 6.53193e-09
51.083 3.6738e-09
53.0823 7.43362e-09
55.0817 5.35229e-09
57.081 9.94229e-09
59.0803 8.88317e-09
61.0797 8.04537e-09
63.079 1.06638e-08
65.0783 8.17729e-09
67.0777 5.77679e-09
69.077 9.16945e-09
71.0763 5.1556e-09
73.0757 9.78125e-09
75.075 5.73559e-09
77.0743 6.17796e-09
79.0737 5.37051e-09
81.073 7.38327e-09
83.0723 5.2242e-09
85.0717 4.22115e-09
87.071 6.22315e-09
89.0703 4.68122e-09
91.0697 3.53807e-09
93.069 5.48942e-09
95.0683 3.30132e-09
97.0677 4.38449e-09
99.067 3.50471e-09
101.066 3.13248e-09
103.066 3.74516e-09
105.065 2.89327e-09
107.064 3.01577e-09
109.064 2.62187e-09
111.063 3.17274e-09
113.062 2.34425e-09
115.062 2.48592e-09
117.061 2.55407e-09
119.06 2.38803e-09
121.06 1.94431e-09
123.059 1.97627e-09
125.058 1.60332e-09
127.058 1.52836e-09
129.057 1.6788e-09
131.056 1.3445e-09
133.056 1.57046e-09
135.055 1.4504e-09
137.054 1.19072e-09
139.054 1.4804e-09
141.053 1.24551e-09
143.052 1.27898e-09
145.052 1.33741e-09
147.051 1.10347e-09
149.05 1.16194e-09
151.05 1.10799e-09
153.049 1.04589e-09
155.048 1.19092e-09
157.048 9.25373e-10
159.047 1.03112e-09
161.046 7.73077e-10
163.046 6.62921e-10
165.045 6.10146e-10
167.044 5.31422e-10
169.044 4.56869e-10
171.043 4.38824e-10
173.042 3.42217e-10
175.042 2.30356e-10
177.041 1.8585e-10
179.04 2.10498e-10
181.04 1.7376e-10
183.039 1.36023e-10
185.038 1.32443e-10
187.038 1.19619e-10
189.037 1.30236e-10
191.036 1.15013e-10
193.036 7.70289e-11
195.035 9.4866e-11
197.034 8.2444e-11
199.034 8.50153e-11
201.033 8.8307e-11
203.032 1.10756e-10
205.032 9.63997e-11
207.031 9.93669e-11
209.03 1.24576e-10
211.03 1.07902e-10
213.029 1.12071e-10
215.028 0
217.028 0
219.027 0
221.026 0
223.026 0
225.025 0
227.024 0
229.024 0
231.023 0
233.022 0
235.022 0
237.021 0
239.02 0
241.02 0
243.019 0
245.018 0
247.018 0
249.017 0
251.016 0
253.016 0
255.015 0
257.014 0
259.014 0
261.013 0
263.012 0
265.012 0
267.011 0
269.01 0
271.01 0
273.009 0
275.008 0
277.008 0
279.007 0
281.006 0
283.006 0
285.005 0
287.004 0
289.004 0
291.003 0
293.002 0
295.002 0
297.001 0
299 0
