1.09967 7.41939e-07
3.099 7.41953e-07
5.09833 7.62587e-07
7.09767 7.66206e-07
9.097 8.08013e-07
11.0963 7.9714e-07
13.0957 7.88169e-07
15.095 8.38654e-07
17.0943 8.42049e-07
19.0937 8.4167e-07
21.093 9.06755e-07
23.0923 8.9418e-07
25.0917 9.08408e-07
27.091 9.78787e-07
29.0903 9.69671e-07
31.0897 1.02228e-06
33.089 1.03139e-06
35.0883 1.08628e-06
37.0877 1.12787e-06
39.087 1.15981e-06
41.0863 1.23095e-06
43.0857 1.24452e-06
45.085 1.30641e-06
47.0843 1.34945e-06
49.0837 1.40031e-06
51.083 1.44898e-06
53.0823 1.50522e-06
55.0817 1.55784e-06
57.081 1.61191e-06
59.0803 1.65967e-06
61.0797 1.7233e-06
63.079 1.78238e-06
65.0783 1.83327e-06
67.0777 1.91716e-06
69.077 1.98229e-06
71.0763 2.03262e-06
73.0757 2.11947e-06
75.075 2.18538e-06
77.0743 2.26703e-06
79.0737 2.35713e-06
81.073 2.43559e-06
83.0723 2.53171e-06
85.0717 2.6174e-06
87.071 2.72681e-06
89.0703 2.83006e-06
91.0697 2.9148e-06
93.069 3.03922e-06
95.0683 3.14291e-06
97.0677 3.28484e-06
99.067 3.40027e-06
101.066 3.54608e-06
103.066 3.68516e-06
105.065 3.85359e-06
107.064 4.04576e-06
109.064 4.23509e-06
111.063 4.44229e-06
113.062 4.47618e-06
115.062 4.62435e-06
117.061 4.82177e-06
119.06 5.01649e-06
121.06 5.23344e-06
123.059 5.44498e-06
125.058 5.64486e-06
127.058 5.87832e-06
129.057 6.14401e-06
131.056 6.39471e-06
133.056 6.63005e-06
135.055 6.93422e-06
137.054 7.24722e-06
139.054 7.50496e-06
141.053 7.85248e-06
143.052 8.16197e-06
145.052 8.49816e-06
147.051 8.86606e-06
149.05 9.29951e-06
151.05 9.74627e-06
153.049 1.0128e-05
155.048 1.06102e-05
157.048 1.11208e-05
159.047 1.16561e-05
161.046 1.21936e-05
163.046 1.2762e-05
165.045 1.33851e-05
167.044 1.40246e-05
169.044 1.46757e-05
171.043 1.5487e-05
173.042 1.62102e-05
175.042 1.71167e-05
177.041 1.79362e-05
179.04 1.89517e-05
181.04 1.98754e-05
183.039 2.07596e-05
185.038 2.17277e-05
187.038 2.25573e-05
189.037 2.29831e-05
191.036 2.35371e-05
193.036 2.41179e-05
195.035 2.4261e-05
197.034 2.45044e-05
199.034 2.51646e-05
201.033 2.60131e-05
203.032 2.80259e-05
205.032 3.01628e-05
207.031 3.33299e-05
209.03 3.60728e-05
211.03 3.70449e-05
213.029 3.64073e-05
215.028 3.51716e-05
217.028 3.64025e-05
219.027 4.10468e-05
221.026 4.62948e-05
223.026 4.35282e-05
225.025 4.04999e-05
227.024 4.59197e-05
229.024 4.92646e-05
231.023 4.40062e-05
233.022 5.15685e-05
235.022 5.08814e-05
237.021 5.05693e-05
239.02 5.36216e-05
241.02 4.96904e-05
243.019 5.34076e-05
245.018 5.29414e-05
247.018 4.72957e-05
249.017 4.76435e-05
251.016 4.80644e-05
253.016 5.72441e-06
255.015 3.55094e-09
257.014 0
259.014 0
261.013 0
263.012 0
265.012 0
267.011 0
269.01 0
271.01 0
273.009 0
275.008 0
277.008 0
279.007 0
281.006 0
283.006 0
285.005 0
287.004 0
289.004 0
291.003 0
293.002 0
295.002 0
297.001 0
299 0
