-10.2 1.12955e-07
-10.1 2.52919e-07
-10 2.58517e-07
-9.9 2.24181e-07
-9.8 3.35371e-07
-9.7 5.92182e-07
-9.6 2.87423e-07
-9.5 1.65766e-07
-9.4 3.90762e-07
-9.3 5.54693e-07
-9.2 4.70835e-07
-9.1 3.09491e-07
-9 4.07787e-07
-8.9 5.11084e-07
-8.8 4.36365e-07
-8.7 3.63045e-07
-8.6 4.01335e-07
-8.5 1.57129e-07
-8.4 6.11693e-07
-8.3 1.7773e-07
-8.2 3.96952e-07
-8.1 8.49991e-07
-8 6.72553e-07
-7.9 3.78415e-07
-7.8 7.01893e-07
-7.7 2.57156e-07
-7.6 3.68276e-07
-7.5 2.61942e-07
-7.4 2.26073e-07
-7.3 3.35584e-07
-7.2 2.02502e-07
-7.1 3.12057e-07
-7 2.87199e-07
-6.9 3.06565e-07
-6.8 4.60584e-07
-6.7 3.9164e-07
-6.6 4.57816e-07
-6.5 2.58448e-07
-6.4 2.36263e-07
-6.3 2.42088e-07
-6.2 3.29651e-07
-6.1 2.60606e-07
-6 2.20822e-07
-5.9 1.33576e-07
-5.8 2.73929e-07
-5.7 3.57671e-07
-5.6 5.55102e-07
-5.5 2.05969e-07
-5.4 3.15187e-07
-5.3 4.54479e-07
-5.2 4.45039e-07
-5.1 2.03425e-07
-5 3.1877e-07
-4.9 4.40207e-07
-4.8 2.88634e-07
-4.7 3.16031e-07
-4.6 1.89342e-07
-4.5 3.15639e-07
-4.4 2.76623e-07
-4.3 5.81363e-07
-4.2 4.89782e-07
-4.1 9.799e-08
-4 2.10929e-07
-3.9 1.75308e-07
-3.8 2.67635e-07
-3.7 5.70856e-07
-3.6 2.55149e-07
-3.5 2.58665e-07
-3.4 3.37593e-07
-3.3 2.15628e-07
-3.2 1.92697e-07
-3.1 2.78186e-07
-3 2.01689e-07
-2.9 8.85308e-08
-2.8 2.0048e-07
-2.7 2.32971e-07
-2.6 1.34864e-07
-2.5 2.23607e-07
-2.4 2.81871e-07
-2.3 1.55951e-07
-2.2 2.848e-07
-2.1 1.83073e-07
-2 1.80775e-07
-1.9 6.69353e-08
-1.8 1.25061e-07
-1.7 1.38348e-07
-1.6 3.56756e-07
-1.5 3.3523e-07
-1.4 1.03948e-07
-1.3 1.41235e-07
-1.2 6.53789e-08
-1.1 1.156e-07
-1 2.50536e-07
-0.9 5.34398e-08
-0.8 1.83441e-07
-0.7 7.26213e-08
-0.6 4.61592e-08
-0.5 1.49638e-07
-0.4 1.41554e-07
-0.3 1.31122e-07
-0.2 2.56088e-07
-0.1 1.29804e-07
0 1.552e-07
0.1 1.14455e-07
0.2 7.9846e-08
0.3 1.0253e-07
0.4 3.57625e-08
0.5 1.14477e-07
0.6 8.52223e-08
0.7 2.38172e-07
0.8 1.03142e-07
0.9 5.23161e-08
1 2.73287e-07
1.1 7.56108e-08
1.2 5.00611e-08
1.3 4.51427e-08
1.4 1.15166e-07
1.5 6.55593e-08
1.6 3.50419e-08
1.7 4.94071e-08
1.8 1.10517e-07
1.9 5.75046e-08
2 2.93339e-08
2.1 3.24102e-08
2.2 1.18202e-07
2.3 4.88891e-08
2.4 5.72655e-08
2.5 2.53245e-08
2.6 7.72383e-08
2.7 5.04346e-08
2.8 9.43165e-09
2.9 9.20543e-09
3 0
3.1 3.04564e-08
3.2 7.02118e-09
3.3 1.42735e-08
3.4 5.55014e-08
3.5 2.5398e-08
3.6 1.95768e-08
3.7 4.85625e-08
3.8 5.30536e-08
3.9 0
4 4.95529e-10
4.1 8.15714e-09
4.2 4.14576e-09
4.3 6.8653e-09
4.4 3.57588e-09
4.5 1.76723e-08
4.6 0
4.7 3.01596e-08
4.8 3.58619e-09
4.9 0
5 4.78925e-09
5.1 0
5.2 0
5.3 0
5.4 0
5.5 0
5.6 0
5.7 0
5.8 0
5.9 0
6 0
6.1 0
6.2 0
6.3 0
6.4 0
6.5 0
6.6 0
6.7 0
6.8 0
6.9 0
7 0
7.1 0
7.2 0
7.3 0
7.4 0
7.5 0
7.6 0
7.7 0
7.8 0
7.9 0
8 0
8.1 0
8.2 0
8.3 0
8.4 0
8.5 0
8.6 0
8.7 0
8.8 0
8.9 0
9 0
9.1 0
9.2 0
9.3 0
9.4 0
9.5 0
9.6 0
9.7 0
9.8 0
9.9 0
10 0
10.1 0
10.2 0
