-10.2 6.77315
-10.1 6.79652
-10 6.83653
-9.9 6.87274
-9.8 6.91031
-9.7 6.9498
-9.6 6.98528
-9.5 7.02683
-9.4 7.06963
-9.3 7.10935
-9.2 7.15367
-9.1 7.19766
-9 7.24257
-8.9 7.28772
-8.8 7.33513
-8.7 7.38458
-8.6 7.43383
-8.5 7.48414
-8.4 7.53685
-8.3 7.59263
-8.2 7.64559
-8.1 7.70697
-8 7.76709
-7.9 7.83005
-7.8 7.89569
-7.7 7.96093
-7.6 8.03055
-7.5 8.10509
-7.4 8.18222
-7.3 8.25915
-7.2 8.33487
-7.1 8.42406
-7 8.5152
-6.9 8.61116
-6.8 8.71299
-6.7 8.81382
-6.6 8.92866
-6.5 9.05064
-6.4 9.17616
-6.3 9.31316
-6.2 9.45952
-6.1 9.62231
-6 9.79521
-5.9 9.98495
-5.8 10.2062
-5.7 10.4447
-5.6 10.7164
-5.5 11.0422
-5.4 11.4367
-5.3 11.9416
-5.2 12.7383
-5.1 14.0417
-5 17.0231
-4.9 21.1174
-4.8 24.8466
-4.7 26.6883
-4.6 24.8742
-4.5 23.5081
-4.4 23.5641
-4.3 23.1323
-4.2 24.3817
-4.1 25.5311
-4 24.5596
-3.9 25.0984
-3.8 24.9379
-3.7 25.5906
-3.6 24.8681
-3.5 25.3108
-3.4 25.9833
-3.3 24.9711
-3.2 25.4941
-3.1 25.7098
-3 25.2091
-2.9 25.6191
-2.8 26.3261
-2.7 26.1296
-2.6 27.6986
-2.5 26.9145
-2.4 26.2658
-2.3 26.6646
-2.2 26.1849
-2.1 26.6324
-2 26.4177
-1.9 27.5599
-1.8 28.5158
-1.7 28.0542
-1.6 27.1904
-1.5 28.2802
-1.4 28.2953
-1.3 30.2681
-1.2 28.3002
-1.1 27.737
-1 29.0978
-0.9 29.2077
-0.8 28.9363
-0.7 28.3749
-0.6 27.8669
-0.5 30.0602
-0.4 30.1202
-0.3 29.0184
-0.2 28.154
-0.1 30.2277
0 32.2164
0.1 32.9686
0.2 30.1212
0.3 30.911
0.4 31.6621
0.5 33.3902
0.6 33.681
0.7 32.0832
0.8 32.1964
0.9 35.0537
1 36.0518
1.1 35.3521
1.2 33.2733
1.3 31.723
1.4 31.977
1.5 35.2925
1.6 36.914
1.7 36.7224
1.8 33.9362
1.9 35.9718
2 41.3605
2.1 40.8287
2.2 38.8333
2.3 38.3019
2.4 37.1653
2.5 40.5114
2.6 42.316
2.7 43.417
2.8 39.6388
2.9 37.9007
3 39.5409
3.1 44.6452
3.2 48.4852
3.3 46.3849
3.4 45.2677
3.5 43.1197
3.6 45.6167
3.7 50.3398
3.8 52.0117
3.9 55.8454
4 50.4162
4.1 47.8985
4.2 52.0925
4.3 58.984
4.4 61.42
4.5 61.8545
4.6 58.8326
4.7 60.2564
4.8 71.6141
4.9 81.5713
5 93.216
5.1 104.4
5.2 118.314
5.3 131.902
5.4 132.081
5.5 140.949
5.6 89.9996
5.7 212.19
5.8 0
5.9 0
6 0
6.1 0
6.2 0
6.3 0
6.4 0
6.5 0
6.6 0
6.7 0
6.8 0
6.9 0
7 0
7.1 0
7.2 0
7.3 0
7.4 0
7.5 0
7.6 0
7.7 0
7.8 0
7.9 0
8 0
8.1 0
8.2 0
8.3 0
8.4 0
8.5 0
8.6 0
8.7 0
8.8 0
8.9 0
9 0
9.1 0
9.2 0
9.3 0
9.4 0
9.5 0
9.6 0
9.7 0
9.8 0
9.9 0
10 0
10.1 0
10.2 0
