-10.2 6.40475e-08
-10.1 9.88698e-09
-10 1.05448e-07
-9.9 2.11784e-07
-9.8 1.76731e-09
-9.7 1.58888e-07
-9.6 2.56336e-07
-9.5 3.64254e-08
-9.4 1.87489e-07
-9.3 1.64997e-08
-9.2 3.85898e-08
-9.1 1.77108e-08
-9 0
-8.9 2.57168e-08
-8.8 7.54096e-08
-8.7 1.36557e-07
-8.6 3.91356e-08
-8.5 4.60945e-08
-8.4 7.71303e-08
-8.3 8.5844e-08
-8.2 6.69301e-08
-8.1 9.68992e-08
-8 1.79173e-07
-7.9 1.15088e-07
-7.8 1.22169e-09
-7.7 2.11673e-08
-7.6 1.12024e-09
-7.5 1.04843e-08
-7.4 4.06634e-08
-7.3 1.20545e-07
-7.2 8.01563e-08
-7.1 1.30526e-07
-7 1.08406e-07
-6.9 3.6901e-08
-6.8 1.46481e-08
-6.7 1.97359e-07
-6.6 1.3668e-08
-6.5 6.65379e-08
-6.4 0
-6.3 0
-6.2 3.11024e-07
-6.1 2.43333e-08
-6 3.75458e-08
-5.9 9.85647e-09
-5.8 2.33199e-08
-5.7 1.54065e-07
-5.6 3.53117e-08
-5.5 4.32447e-09
-5.4 6.05398e-08
-5.3 2.12136e-09
-5.2 1.66824e-08
-5.1 2.79083e-08
-5 6.55652e-08
-4.9 5.34911e-08
-4.8 1.12898e-09
-4.7 3.33898e-08
-4.6 3.05289e-08
-4.5 1.4304e-09
-4.4 0
-4.3 4.70638e-09
-4.2 2.96122e-08
-4.1 2.87211e-08
-4 0
-3.9 5.39572e-08
-3.8 1.07904e-07
-3.7 1.31213e-07
-3.6 0
-3.5 6.37072e-08
-3.4 1.29088e-07
-3.3 0
-3.2 2.40626e-08
-3.1 7.49714e-08
-3 0
-2.9 3.45385e-08
-2.8 4.83606e-09
-2.7 3.52239e-09
-2.6 0
-2.5 0
-2.4 0
-2.3 4.2792e-08
-2.2 9.22405e-09
-2.1 0
-2 7.46077e-10
-1.9 0
-1.8 1.30013e-08
-1.7 8.13051e-08
-1.6 0
-1.5 9.48593e-09
-1.4 1.3624e-07
-1.3 5.46889e-08
-1.2 1.59818e-08
-1.1 1.58961e-08
-1 1.46877e-07
-0.9 2.47888e-08
-0.8 9.35745e-10
-0.7 2.22388e-08
-0.6 6.67377e-08
-0.5 1.42695e-09
-0.4 5.81958e-09
-0.3 6.96841e-08
-0.2 3.61987e-14
-0.1 0
0 1.0182e-08
0.1 4.66814e-09
0.2 5.98904e-09
0.3 3.99807e-09
0.4 0
0.5 5.0434e-09
0.6 0
0.7 0
0.8 0
0.9 0
1 7.69611e-10
1.1 0
1.2 2.1451e-09
1.3 2.58128e-08
1.4 0
1.5 0
1.6 0
1.7 2.91101e-09
1.8 0
1.9 0
2 0
2.1 0
2.2 6.02075e-09
2.3 4.13638e-09
2.4 0
2.5 0
2.6 0
2.7 0
2.8 8.28528e-09
2.9 0
3 0
3.1 0
3.2 4.4831e-09
3.3 0
3.4 0
3.5 0
3.6 0
3.7 0
3.8 0
3.9 0
4 0
4.1 0
4.2 0
4.3 0
4.4 0
4.5 5.59286e-09
4.6 0
4.7 0
4.8 0
4.9 0
5 0
5.1 0
5.2 0
5.3 0
5.4 0
5.5 0
5.6 0
5.7 0
5.8 0
5.9 0
6 0
6.1 0
6.2 0
6.3 0
6.4 0
6.5 0
6.6 0
6.7 0
6.8 0
6.9 0
7 0
7.1 0
7.2 0
7.3 0
7.4 0
7.5 0
7.6 0
7.7 0
7.8 0
7.9 0
8 0
8.1 0
8.2 0
8.3 0
8.4 0
8.5 0
8.6 0
8.7 0
8.8 0
8.9 0
9 0
9.1 0
9.2 0
9.3 0
9.4 0
9.5 0
9.6 0
9.7 0
9.8 0
9.9 0
10 0
10.1 0
10.2 0
