-10.2 6.91794
-10.1 6.98532
-10 7.04726
-9.9 7.10758
-9.8 7.19899
-9.7 7.24521
-9.6 7.2828
-9.5 7.29423
-9.4 7.39295
-9.3 7.45212
-9.2 7.50739
-9.1 7.5515
-9 7.60572
-8.9 7.67318
-8.8 7.6675
-8.7 7.72237
-8.6 7.77882
-8.5 7.82083
-8.4 7.91929
-8.3 7.93733
-8.2 7.98641
-8.1 8.09421
-8 8.16145
-7.9 8.18612
-7.8 8.26888
-7.7 8.31525
-7.6 8.41743
-7.5 8.41545
-7.4 8.52257
-7.3 8.59878
-7.2 8.6351
-7.1 8.72657
-7 8.78416
-6.9 8.84567
-6.8 8.96331
-6.7 9.1186
-6.6 9.20362
-6.5 9.25048
-6.4 9.3263
-6.3 9.41444
-6.2 9.53717
-6.1 9.63892
-6 9.77705
-5.9 9.87948
-5.8 10.0824
-5.7 10.2049
-5.6 10.3782
-5.5 10.5786
-5.4 10.7513
-5.3 11.027
-5.2 11.3381
-5.1 11.688
-5 12.1586
-4.9 12.6129
-4.8 12.9843
-4.7 13.0271
-4.6 12.8045
-4.5 12.8143
-4.4 12.8008
-4.3 12.9454
-4.2 13.1006
-4.1 13.0992
-4 13.0715
-3.9 13.265
-3.8 13.3054
-3.7 13.4916
-3.6 13.4549
-3.5 13.572
-3.4 13.6529
-3.3 13.6989
-3.2 13.6951
-3.1 13.8533
-3 13.8676
-2.9 13.8031
-2.8 13.9534
-2.7 14.1977
-2.6 14.2277
-2.5 14.3072
-2.4 14.2628
-2.3 14.3501
-2.2 14.3166
-2.1 14.3584
-2 14.5089
-1.9 14.646
-1.8 14.8588
-1.7 14.8493
-1.6 14.9975
-1.5 15.2524
-1.4 15.2818
-1.3 15.2872
-1.2 15.2859
-1.1 15.4578
-1 15.6693
-0.9 15.6993
-0.8 15.8123
-0.7 15.7927
-0.6 15.8504
-0.5 16.0922
-0.4 16.2621
-0.3 16.3132
-0.2 18.4774
-0.1 18.7894
0 19.0569
0.1 19.1709
0.2 19.0517
0.3 17.1527
0.4 17.4945
0.5 17.8346
0.6 17.7537
0.7 17.9508
0.8 18.1669
0.9 18.3167
1 18.9933
1.1 18.9501
1.2 18.769
1.3 18.9471
1.4 19.4277
1.5 19.7251
1.6 19.9149
1.7 19.8886
1.8 19.8595
1.9 20.5008
2 20.9266
2.1 21.485
2.2 21.5
2.3 21.5076
2.4 21.7241
2.5 22.4021
2.6 23.0822
2.7 22.7893
2.8 22.8358
2.9 23.0943
3 24.0977
3.1 24.7238
3.2 25.5268
3.3 25.2877
3.4 25.4595
3.5 26.0479
3.6 27.3064
3.7 28.0042
3.8 28.6369
3.9 28.6321
4 28.6816
4.1 30.0632
4.2 32.4031
4.3 34.0149
4.4 35.6157
4.5 37.0669
4.6 36.9162
4.7 40.1492
4.8 44.033
4.9 50.383
5 59.85
5.1 66.4367
5.2 77.4704
5.3 80.8137
5.4 78.974
5.5 78.7503
5.6 82.5087
5.7 124.581
5.8 0
5.9 0
6 0
6.1 0
6.2 0
6.3 0
6.4 0
6.5 0
6.6 0
6.7 0
6.8 0
6.9 0
7 0
7.1 0
7.2 0
7.3 0
7.4 0
7.5 0
7.6 0
7.7 0
7.8 0
7.9 0
8 0
8.1 0
8.2 0
8.3 0
8.4 0
8.5 0
8.6 0
8.7 0
8.8 0
8.9 0
9 0
9.1 0
9.2 0
9.3 0
9.4 0
9.5 0
9.6 0
9.7 0
9.8 0
9.9 0
10 0
10.1 0
10.2 0
