-10.2 0
-10.1 0
-10 0
-9.9 1.03796e-08
-9.8 1.49203e-08
-9.7 8.79727e-09
-9.6 1.93274e-08
-9.5 1.50281e-07
-9.4 1.41856e-07
-9.3 2.93666e-07
-9.2 2.19275e-07
-9.1 0
-9 1.74903e-07
-8.9 2.31223e-08
-8.8 4.22946e-08
-8.7 1.25277e-08
-8.6 3.32388e-08
-8.5 5.1442e-09
-8.4 3.75135e-07
-8.3 5.91535e-07
-8.2 4.30726e-08
-8.1 1.71603e-07
-8 1.63331e-08
-7.9 2.18595e-08
-7.8 7.86848e-08
-7.7 7.972e-08
-7.6 1.75762e-09
-7.5 3.91892e-08
-7.4 0
-7.3 1.12364e-07
-7.2 7.11985e-09
-7.1 1.50809e-08
-7 0
-6.9 2.56815e-07
-6.8 7.99307e-08
-6.7 1.52961e-07
-6.6 2.10811e-07
-6.5 1.27186e-07
-6.4 3.5366e-07
-6.3 5.6746e-09
-6.2 1.80102e-07
-6.1 1.62261e-08
-6 5.58769e-09
-5.9 2.66533e-09
-5.8 1.86293e-08
-5.7 3.62533e-08
-5.6 0
-5.5 0
-5.4 5.63836e-09
-5.3 0
-5.2 2.21159e-07
-5.1 3.09498e-07
-5 4.01825e-07
-4.9 1.86705e-07
-4.8 4.33412e-09
-4.7 1.04933e-07
-4.6 7.79981e-09
-4.5 1.43349e-08
-4.4 6.37756e-09
-4.3 0
-4.2 7.54872e-08
-4.1 8.29462e-09
-4 1.03098e-08
-3.9 0
-3.8 4.40412e-08
-3.7 2.27654e-07
-3.6 1.87924e-08
-3.5 0
-3.4 0
-3.3 1.75868e-07
-3.2 1.86592e-07
-3.1 1.81111e-07
-3 2.25811e-07
-2.9 5.77612e-08
-2.8 9.56444e-09
-2.7 9.14909e-08
-2.6 6.40826e-08
-2.5 0
-2.4 4.75205e-09
-2.3 2.96224e-09
-2.2 0
-2.1 0
-2 4.34099e-09
-1.9 8.89349e-09
-1.8 3.98681e-09
-1.7 0
-1.6 0
-1.5 0
-1.4 5.63837e-09
-1.3 0
-1.2 0
-1.1 0
-1 3.80288e-08
-0.9 0
-0.8 9.74638e-10
-0.7 0
-0.6 0
-0.5 1.81489e-08
-0.4 1.28846e-07
-0.3 2.46161e-08
-0.2 1.35679e-07
-0.1 5.1109e-07
0 0
0.1 0
0.2 0
0.3 0
0.4 0
0.5 7.49806e-09
0.6 0
0.7 0
0.8 0
0.9 0
1 0
1.1 0
1.2 0
1.3 0
1.4 0
1.5 0
1.6 0
1.7 0
1.8 0
1.9 3.65088e-08
2 0
2.1 0
2.2 0
2.3 0
2.4 0
2.5 0
2.6 0
2.7 0
2.8 0
2.9 2.45992e-07
3 1.16049e-07
3.1 0
3.2 0
3.3 0
3.4 0
3.5 0
3.6 0
3.7 0
3.8 0
3.9 0
4 0
4.1 0
4.2 0
4.3 0
4.4 0
4.5 0
4.6 0
4.7 0
4.8 0
4.9 0
5 0
5.1 0
5.2 0
5.3 0
5.4 0
5.5 0
5.6 0
5.7 0
5.8 0
5.9 0
6 0
6.1 0
6.2 0
6.3 0
6.4 0
6.5 0
6.6 0
6.7 0
6.8 0
6.9 0
7 0
7.1 0
7.2 0
7.3 0
7.4 0
7.5 0
7.6 0
7.7 0
7.8 0
7.9 0
8 0
8.1 0
8.2 0
8.3 0
8.4 0
8.5 0
8.6 0
8.7 0
8.8 0
8.9 0
9 0
9.1 0
9.2 0
9.3 0
9.4 0
9.5 0
9.6 0
9.7 0
9.8 0
9.9 0
10 0
10.1 0
10.2 0
