-10.2 4.98586
-10.1 5.03269
-10 5.08351
-9.9 5.1391
-9.8 5.19102
-9.7 5.23538
-9.6 5.26051
-9.5 5.29643
-9.4 5.37931
-9.3 5.42585
-9.2 5.47892
-9.1 5.52223
-9 5.56738
-8.9 5.61579
-8.8 5.6393
-8.7 5.68473
-8.6 5.71057
-8.5 5.75558
-8.4 5.84304
-8.3 5.87523
-8.2 5.9007
-8.1 5.95737
-8 6.00744
-7.9 6.06527
-7.8 6.13372
-7.7 6.19644
-7.6 6.2903
-7.5 6.30856
-7.4 6.3661
-7.3 6.4309
-7.2 6.48986
-7.1 6.56365
-7 6.59316
-6.9 6.62942
-6.8 6.71981
-6.7 6.79869
-6.6 6.95064
-6.5 7.02147
-6.4 7.05119
-6.3 7.15325
-6.2 7.21544
-6.1 7.34374
-6 7.46623
-5.9 7.57432
-5.8 7.70883
-5.7 7.86069
-5.6 7.96518
-5.5 8.11622
-5.4 8.37002
-5.3 8.51658
-5.2 8.78772
-5.1 9.10838
-5 9.56698
-4.9 10.1071
-4.8 10.6571
-4.7 11.1599
-4.6 11.1558
-4.5 10.8882
-4.4 10.8275
-4.3 10.8432
-4.2 10.9565
-4.1 11.1532
-4 11.217
-3.9 11.084
-3.8 11.349
-3.7 11.3367
-3.6 11.5188
-3.5 11.4898
-3.4 11.6444
-3.3 11.7493
-3.2 11.7821
-3.1 11.7676
-3 11.9419
-2.9 11.955
-2.8 11.8392
-2.7 11.9565
-2.6 12.2888
-2.5 12.372
-2.4 12.4503
-2.3 12.3693
-2.2 12.3933
-2.1 12.4673
-2 12.3704
-1.9 12.5178
-1.8 12.6783
-1.7 12.9752
-1.6 12.9589
-1.5 13.0846
-1.4 13.2223
-1.3 13.4427
-1.2 13.4709
-1.1 13.44
-1 13.5167
-0.9 13.6793
-0.8 13.9201
-0.7 13.9595
-0.6 14.0017
-0.5 13.9653
-0.4 14.0886
-0.3 14.4025
-0.2 14.5361
-0.1 14.5299
0 14.8249
0.1 15.1257
0.2 15.4104
0.3 15.1246
0.4 15.1979
0.5 15.5491
0.6 16.0813
0.7 16.1885
0.8 16.0517
0.9 16.3171
1 16.441
1.1 16.9842
1.2 17.5924
1.3 17.2971
1.4 17.0929
1.5 17.4006
1.6 18.0936
1.7 18.3671
1.8 18.5991
1.9 18.2792
2 18.1302
2.1 19.26
2.2 19.7032
2.3 20.1869
2.4 20.0914
2.5 20.366
2.6 20.5424
2.7 21.8516
2.8 21.9435
2.9 21.9218
3 22.0289
3.1 22.1394
3.2 23.2305
3.3 24.4792
3.4 25.3228
3.5 24.4132
3.6 24.6056
3.7 25.3649
3.8 27.0158
3.9 28.2166
4 29.2236
4.1 29.1
4.2 28.8771
4.3 30.3469
4.4 32.9342
4.5 35.0079
4.6 37.5332
4.7 39.0026
4.8 40.0424
4.9 42.8971
5 47.8658
5.1 58.3952
5.2 68.9498
5.3 80.2675
5.4 94.557
5.5 107.718
5.6 112.244
5.7 103.502
5.8 133.648
5.9 186.971
6 0
6.1 0
6.2 0
6.3 0
6.4 0
6.5 0
6.6 0
6.7 0
6.8 0
6.9 0
7 0
7.1 0
7.2 0
7.3 0
7.4 0
7.5 0
7.6 0
7.7 0
7.8 0
7.9 0
8 0
8.1 0
8.2 0
8.3 0
8.4 0
8.5 0
8.6 0
8.7 0
8.8 0
8.9 0
9 0
9.1 0
9.2 0
9.3 0
9.4 0
9.5 0
9.6 0
9.7 0
9.8 0
9.9 0
10 0
10.1 0
10.2 0
