-10.2 6.68028
-10.1 6.69846
-10 6.7341
-9.9 6.76493
-9.8 6.79955
-9.7 6.83486
-9.6 6.86892
-9.5 6.90562
-9.4 6.94096
-9.3 6.9775
-9.2 7.0182
-9.1 7.05442
-9 7.09354
-8.9 7.13727
-8.8 7.17687
-8.7 7.21902
-8.6 7.26402
-8.5 7.30873
-8.4 7.35635
-8.3 7.40425
-8.2 7.45061
-8.1 7.49963
-8 7.55224
-7.9 7.60294
-7.8 7.65543
-7.7 7.71213
-7.6 7.77077
-7.5 7.8316
-7.4 7.89451
-7.3 7.95497
-7.2 8.02086
-7.1 8.08964
-7 8.16028
-6.9 8.23329
-6.8 8.3114
-6.7 8.39027
-6.6 8.47653
-6.5 8.56662
-6.4 8.65739
-6.3 8.75141
-6.2 8.85452
-6.1 8.96428
-6 9.07871
-5.9 9.20052
-5.8 9.33713
-5.7 9.48409
-5.6 9.6424
-5.5 9.82025
-5.4 10.0216
-5.3 10.25
-5.2 10.53
-5.1 10.8978
-5 11.3581
-4.9 11.8633
-4.8 12.2375
-4.7 12.238
-4.6 12.1081
-4.5 12.0195
-4.4 12.0392
-4.3 12.1652
-4.2 12.3501
-4.1 12.4047
-4 12.4792
-3.9 12.4153
-3.8 12.4035
-3.7 12.3958
-3.6 12.5561
-3.5 12.6889
-3.4 12.8874
-3.3 12.8672
-3.2 12.9273
-3.1 13.1229
-3 13.0112
-2.9 12.9295
-2.8 13.0369
-2.7 13.148
-2.6 13.2746
-2.5 13.3034
-2.4 13.3848
-2.3 13.5662
-2.2 13.6689
-2.1 13.5901
-2 13.7321
-1.9 13.8491
-1.8 14.0035
-1.7 13.9754
-1.6 14.1115
-1.5 14.2955
-1.4 14.3818
-1.3 14.3392
-1.2 14.339
-1.1 14.3624
-1 14.6021
-0.9 14.6184
-0.8 14.6709
-0.7 14.8833
-0.6 14.9497
-0.5 15.2855
-0.4 15.2197
-0.3 15.3551
-0.2 15.4127
-0.1 15.8791
0 16.0291
0.1 15.9982
0.2 15.9891
0.3 16.2411
0.4 16.5191
0.5 16.5218
0.6 16.6429
0.7 16.7858
0.8 17.0271
0.9 17.2265
1 17.9115
1.1 17.8374
1.2 17.5462
1.3 17.7375
1.4 18.169
1.5 18.6967
1.6 18.9129
1.7 18.6668
1.8 18.8505
1.9 19.4493
2 19.8059
2.1 20.2208
2.2 19.5833
2.3 19.6417
2.4 20.2551
2.5 20.8784
2.6 21.2177
2.7 21.0471
2.8 21.0894
2.9 21.2507
3 22.0551
3.1 23.1254
3.2 23.7048
3.3 23.5842
3.4 23.1815
3.5 23.624
3.6 24.7512
3.7 25.3696
3.8 26.9029
3.9 26.8888
4 26.5776
4.1 28.0506
4.2 30.4261
4.3 32.5104
4.4 33.6574
4.5 33.9194
4.6 34.4841
4.7 38.1087
4.8 43.1281
4.9 48.1765
5 56.2076
5.1 62.1646
5.2 63.1201
5.3 73.0353
5.4 68.6868
5.5 83.8435
5.6 111.576
5.7 0
5.8 0
5.9 0
6 0
6.1 0
6.2 0
6.3 0
6.4 0
6.5 0
6.6 0
6.7 0
6.8 0
6.9 0
7 0
7.1 0
7.2 0
7.3 0
7.4 0
7.5 0
7.6 0
7.7 0
7.8 0
7.9 0
8 0
8.1 0
8.2 0
8.3 0
8.4 0
8.5 0
8.6 0
8.7 0
8.8 0
8.9 0
9 0
9.1 0
9.2 0
9.3 0
9.4 0
9.5 0
9.6 0
9.7 0
9.8 0
9.9 0
10 0
10.1 0
10.2 0
