-10.2 22.1026
-10.1 30.3841
-10 31.3489
-9.9 29.06
-9.8 43.6935
-9.7 39.203
-9.6 46.1068
-9.5 31.0382
-9.4 30.2952
-9.3 33.1955
-9.2 34.9712
-9.1 37.2343
-9 39.4168
-8.9 41.0572
-8.8 30.906
-8.7 29.4439
-8.6 37.9872
-8.5 30.6337
-8.4 33.9015
-8.3 29.2375
-8.2 33.8607
-8.1 42.0128
-8 43.4529
-7.9 29.3785
-7.8 33.9766
-7.7 31.9548
-7.6 35.2123
-7.5 31.098
-7.4 32.2498
-7.3 32.6481
-7.2 27.1783
-7.1 28.4156
-7 38.2833
-6.9 32.8326
-6.8 37.2955
-6.7 39.9401
-6.6 40.9872
-6.5 30.2217
-6.4 27.8659
-6.3 25.7807
-6.2 35.1764
-6.1 26.2524
-6 31.4771
-5.9 27.5643
-5.8 40.4296
-5.7 30.7543
-5.6 33.9647
-5.5 32.2337
-5.4 27.6096
-5.3 36.1935
-5.2 42.5005
-5.1 34.9524
-5 38.664
-4.9 42.294
-4.8 46.0133
-4.7 46.6196
-4.6 36.4728
-4.5 50.9404
-4.4 39.309
-4.3 46.0151
-4.2 44.4531
-4.1 37.2674
-4 41.3039
-3.9 45.1767
-3.8 43.5263
-3.7 55.1419
-3.6 45.175
-3.5 41.3647
-3.4 46.5121
-3.3 47.6489
-3.2 42.0149
-3.1 43.1514
-3 46.1289
-2.9 44.6069
-2.8 39.1262
-2.7 46.087
-2.6 43.1339
-2.5 49.7962
-2.4 42.5378
-2.3 38.1551
-2.2 39.7435
-2.1 44.0128
-2 40.5175
-1.9 40.3772
-1.8 40.997
-1.7 42.7763
-1.6 48.2136
-1.5 51.4235
-1.4 43.628
-1.3 46.0619
-1.2 45.3757
-1.1 48.6918
-1 48.2304
-0.9 42.386
-0.8 49.194
-0.7 42.7297
-0.6 38.7669
-0.5 40.1726
-0.4 43.9811
-0.3 47.684
-0.2 50.4082
-0.1 47.6885
0 52.4529
0.1 51.6452
0.2 49.9769
0.3 40.6786
0.4 48.1481
0.5 47.8404
0.6 44.8929
0.7 49.5025
0.8 52.1918
0.9 45.144
1 60.4334
1.1 51.4078
1.2 47.7346
1.3 47.3463
1.4 46.2818
1.5 60.2045
1.6 50.932
1.7 50.9875
1.8 51.0077
1.9 54.0729
2 49.5515
2.1 52.8403
2.2 57.7234
2.3 51.3596
2.4 49.3026
2.5 48.5555
2.6 57.4848
2.7 58.132
2.8 48.6941
2.9 48.3072
3 52.0577
3.1 54.7691
3.2 62.167
3.3 54.6702
3.4 56.4095
3.5 55.345
3.6 64.7926
3.7 63.2399
3.8 70.053
3.9 58.8337
4 54.1153
4.1 56.6828
4.2 65.0062
4.3 78.5405
4.4 72.8083
4.5 79.7118
4.6 66.2817
4.7 91.3973
4.8 78.6366
4.9 85.8473
5 111.84
5.1 118.61
5.2 137.765
5.3 147.85
5.4 176.546
5.5 135.542
5.6 156.518
5.7 186.141
5.8 0
5.9 0
6 0
6.1 0
6.2 0
6.3 0
6.4 0
6.5 0
6.6 0
6.7 0
6.8 0
6.9 0
7 0
7.1 0
7.2 0
7.3 0
7.4 0
7.5 0
7.6 0
7.7 0
7.8 0
7.9 0
8 0
8.1 0
8.2 0
8.3 0
8.4 0
8.5 0
8.6 0
8.7 0
8.8 0
8.9 0
9 0
9.1 0
9.2 0
9.3 0
9.4 0
9.5 0
9.6 0
9.7 0
9.8 0
9.9 0
10 0
10.1 0
10.2 0
