-10.2 0.0547551
-10.1 0.0550846
-10 0.0555336
-9.9 0.0559119
-9.8 0.0563482
-9.7 0.0566638
-9.6 0.0568423
-9.5 0.0571431
-9.4 0.0577647
-9.3 0.0582644
-9.2 0.0583751
-9.1 0.0587217
-9 0.0591347
-8.9 0.0595363
-8.8 0.05975
-8.7 0.0599372
-8.6 0.0601346
-8.5 0.0606353
-8.4 0.0611741
-8.3 0.0611701
-8.2 0.0613677
-8.1 0.0616471
-8 0.0621012
-7.9 0.0626157
-7.8 0.0631055
-7.7 0.0635683
-7.6 0.064003
-7.5 0.0641113
-7.4 0.0646365
-7.3 0.0651392
-7.2 0.0654768
-7.1 0.0658884
-7 0.0660471
-6.9 0.0663896
-6.8 0.0668983
-6.7 0.0673398
-6.6 0.0684
-6.5 0.0689065
-6.4 0.0693466
-6.3 0.0699261
-6.2 0.0703663
-6.1 0.0711376
-6 0.0719935
-5.9 0.0728028
-5.8 0.0734268
-5.7 0.0746158
-5.6 0.0752794
-5.5 0.0764413
-5.4 0.0780221
-5.3 0.0791792
-5.2 0.0809827
-5.1 0.0829859
-5 0.0854108
-4.9 0.0880601
-4.8 0.0906433
-4.7 0.0918817
-4.6 0.0899605
-4.5 0.0873979
-4.4 0.0860079
-4.3 0.0850102
-4.2 0.0847556
-4.1 0.0845389
-4 0.0835169
-3.9 0.082032
-3.8 0.0822682
-3.7 0.0810334
-3.6 0.0806546
-3.5 0.0793248
-3.4 0.0788459
-3.3 0.0782521
-3.2 0.0771425
-3.1 0.0759793
-3 0.0755726
-2.9 0.0741637
-2.8 0.0724787
-2.7 0.0723512
-2.6 0.0724284
-2.5 0.0715905
-2.4 0.0705657
-2.3 0.069003
-2.2 0.0681548
-2.1 0.0669302
-2 0.0657575
-1.9 0.0653855
-1.8 0.0647849
-1.7 0.0647234
-1.6 0.0633839
-1.5 0.062722
-1.4 0.0621736
-1.3 0.0617023
-1.2 0.0604614
-1.1 0.05922
-1 0.0583603
-0.9 0.0578852
-0.8 0.0571948
-0.7 0.0560024
-0.6 0.0548946
-0.5 0.0537114
-0.4 0.0531232
-0.3 0.0528466
-0.2 0.0514578
-0.1 0.0503268
0 0.0497255
0.1 0.0490958
0.2 0.0481209
0.3 0.0468134
0.4 0.0460669
0.5 0.0458066
0.6 0.04566
0.7 0.0444359
0.8 0.0433355
0.9 0.0424955
1 0.0417436
1.1 0.0415911
1.2 0.0410443
1.3 0.0391332
1.4 0.0376578
1.5 0.037289
1.6 0.0370994
1.7 0.036177
1.8 0.0351199
1.9 0.033406
2 0.0323711
2.1 0.0328077
2.2 0.0320972
2.3 0.0312612
2.4 0.0298602
2.5 0.0289246
2.6 0.0280836
2.7 0.0279839
2.8 0.0266445
2.9 0.0254404
3 0.0242659
3.1 0.0233649
3.2 0.0230647
3.3 0.0226517
3.4 0.021497
3.5 0.0197011
3.6 0.0187332
3.7 0.0182342
3.8 0.017947
3.9 0.0172694
4 0.0161513
4.1 0.0148745
4.2 0.0137117
4.3 0.0132756
4.4 0.0128954
4.5 0.0122817
4.6 0.011402
4.7 0.0102879
4.8 0.00914793
4.9 0.0085134
5 0.00795759
5.1 0.00745708
5.2 0.00594216
5.3 0.00416408
5.4 0.00261002
5.5 0.00115988
5.6 0.000417373
5.7 0.000159358
5.8 7.17328e-05
5.9 1.44767e-05
6 0
6.1 0
6.2 0
6.3 0
6.4 0
6.5 0
6.6 0
6.7 0
6.8 0
6.9 0
7 0
7.1 0
7.2 0
7.3 0
7.4 0
7.5 0
7.6 0
7.7 0
7.8 0
7.9 0
8 0
8.1 0
8.2 0
8.3 0
8.4 0
8.5 0
8.6 0
8.7 0
8.8 0
8.9 0
9 0
9.1 0
9.2 0
9.3 0
9.4 0
9.5 0
9.6 0
9.7 0
9.8 0
9.9 0
10 0
10.1 0
10.2 0
