-10.2 5.0425
-10.1 5.06301
-10 5.09761
-9.9 5.12934
-9.8 5.16206
-9.7 5.19644
-9.6 5.22742
-9.5 5.26377
-9.4 5.30126
-9.3 5.33608
-9.2 5.37495
-9.1 5.41368
-9 5.45332
-8.9 5.49306
-8.8 5.53496
-8.7 5.5787
-8.6 5.62236
-8.5 5.66688
-8.4 5.71369
-8.3 5.76328
-8.2 5.81022
-8.1 5.86507
-8 5.91868
-7.9 5.97505
-7.8 6.03392
-7.7 6.09239
-7.6 6.15496
-7.5 6.22218
-7.4 6.29195
-7.3 6.36163
-7.2 6.4303
-7.1 6.51147
-7 6.59466
-6.9 6.6825
-6.8 6.77598
-6.7 6.86877
-6.6 6.97506
-6.5 7.08821
-6.4 7.20505
-6.3 7.33351
-6.2 7.47095
-6.1 7.62505
-6 7.7894
-5.9 7.97104
-5.8 8.18433
-5.7 8.41665
-5.6 8.68427
-5.5 9.00912
-5.4 9.40783
-5.3 9.92944
-5.2 10.873
-5.1 12.5138
-5 17.2902
-4.9 24.4516
-4.8 31.4719
-4.7 35.4457
-4.6 32.2648
-4.5 29.6493
-4.4 29.4849
-4.3 28.5188
-4.2 30.6574
-4.1 33.1235
-4 30.954
-3.9 32.2009
-3.8 31.5927
-3.7 33.0901
-3.6 31.6172
-3.5 32.1913
-3.4 33.7073
-3.3 31.5249
-3.2 32.6415
-3.1 33.0189
-3 31.9178
-2.9 32.6415
-2.8 33.7679
-2.7 33.2977
-2.6 36.4937
-2.5 35.1302
-2.4 33.6388
-2.3 34.4578
-2.2 33.3098
-2.1 34.3261
-2 33.4967
-1.9 35.6257
-1.8 37.4339
-1.7 36.7409
-1.6 34.929
-1.5 36.6052
-1.4 36.6636
-1.3 40.7617
-1.2 37.0041
-1.1 35.6098
-1 38.1252
-0.9 38.3239
-0.8 37.9595
-0.7 36.9863
-0.6 35.1937
-0.5 39.6407
-0.4 39.883
-0.3 37.9846
-0.2 35.5681
-0.1 39.2718
0 43.2124
0.1 44.7807
0.2 39.3609
0.3 40.3948
0.4 41.5876
0.5 44.9958
0.6 45.7346
0.7 42.4219
0.8 42.0136
0.9 47.6572
1 49.6667
1.1 48.6876
1.2 44.7345
1.3 41.2994
1.4 41.2627
1.5 47.343
1.6 50.5493
1.7 50.5709
1.8 44.6884
1.9 47.457
2 58.3738
2.1 57.6232
2.2 53.9215
2.3 52.6263
2.4 49.6941
2.5 55.89
2.6 59.542
2.7 62.1998
2.8 54.7339
2.9 50.7848
3 52.9659
3.1 62.4646
3.2 70.7661
3.3 66.7319
3.4 64.1353
3.5 59.4433
3.6 63.23
3.7 72.5008
3.8 75.2585
3.9 84.4444
4 72.7991
4.1 66.8564
4.2 74.2395
4.3 87.5509
4.4 92.4591
4.5 93.3687
4.6 86.5368
4.7 87.5985
4.8 108.288
4.9 128.804
5 152.327
5.1 175.209
5.2 204.362
5.3 236.413
5.4 234.195
5.5 261.764
5.6 134.828
5.7 419.781
5.8 0
5.9 0
6 0
6.1 0
6.2 0
6.3 0
6.4 0
6.5 0
6.6 0
6.7 0
6.8 0
6.9 0
7 0
7.1 0
7.2 0
7.3 0
7.4 0
7.5 0
7.6 0
7.7 0
7.8 0
7.9 0
8 0
8.1 0
8.2 0
8.3 0
8.4 0
8.5 0
8.6 0
8.7 0
8.8 0
8.9 0
9 0
9.1 0
9.2 0
9.3 0
9.4 0
9.5 0
9.6 0
9.7 0
9.8 0
9.9 0
10 0
10.1 0
10.2 0
