1 9.00122e-13
3 0
5 0
7 6.72756e-12
9 0.000184461
11 0.000818943
13 0.000564361
15 0.00037722
17 0.000261736
19 0.000181123
21 0.000134479
23 0.000111478
25 8.4739e-05
27 5.87116e-05
29 4.80023e-05
31 3.94034e-05
33 3.336e-05
35 2.90929e-05
37 2.74214e-05
39 2.06597e-05
41 1.74852e-05
43 1.56658e-05
45 1.38891e-05
47 1.27518e-05
49 1.15424e-05
51 1.05181e-05
53 8.9104e-06
55 7.18458e-06
57 6.55732e-06
59 5.55763e-06
61 4.96993e-06
63 4.45708e-06
65 4.04728e-06
67 3.74523e-06
69 3.43104e-06
71 3.04099e-06
73 2.78516e-06
75 2.49046e-06
77 2.27524e-06
79 2.1339e-06
81 1.87126e-06
83 1.75329e-06
85 1.61874e-06
87 1.53279e-06
89 1.4426e-06
91 1.35064e-06
93 1.16994e-06
95 1.13747e-06
97 1.05399e-06
99 9.94988e-07
101 9.29418e-07
103 8.90346e-07
105 8.37514e-07
107 7.93287e-07
109 7.44452e-07
111 6.4789e-07
113 6.21509e-07
115 5.81319e-07
117 5.64293e-07
119 5.35593e-07
121 5.10066e-07
123 5.0658e-07
125 4.69198e-07
127 4.58666e-07
129 4.40068e-07
131 4.26157e-07
133 4.14183e-07
135 3.83246e-07
137 3.49272e-07
139 3.25444e-07
141 3.09016e-07
143 3.07245e-07
145 2.89979e-07
147 2.80213e-07
149 2.73518e-07
151 2.64006e-07
153 2.56688e-07
155 2.45271e-07
157 2.25148e-07
159 2.08209e-07
161 2.06677e-07
163 2.01233e-07
165 1.91898e-07
167 1.86271e-07
169 1.7694e-07
171 1.75276e-07
173 1.67692e-07
175 1.63806e-07
177 1.57987e-07
179 1.51137e-07
181 1.53123e-07
183 1.4595e-07
185 1.31639e-07
187 1.22698e-07
189 1.1758e-07
191 1.10553e-07
193 1.14432e-07
195 1.12221e-07
197 1.05189e-07
199 1.04256e-07
201 9.88548e-08
203 9.62371e-08
205 9.81059e-08
207 9.49448e-08
209 9.18732e-08
211 8.76112e-08
213 8.31096e-08
215 8.72233e-08
217 8.36287e-08
219 8.23129e-08
221 8.20935e-08
223 7.76522e-08
225 7.47414e-08
227 6.7447e-08
229 6.72719e-08
231 6.04324e-08
233 6.03719e-08
235 5.45977e-08
237 5.30382e-08
239 5.48406e-08
241 5.36361e-08
243 5.23625e-08
245 5.05165e-08
247 5.12032e-08
249 4.51866e-08
251 5.13947e-08
253 4.58674e-08
255 4.74718e-08
257 4.48931e-08
259 4.51918e-08
261 4.42441e-08
263 4.27787e-08
265 4.24361e-08
267 3.85023e-08
269 4.28501e-08
271 3.95863e-08
273 4.05706e-08
275 3.78338e-08
277 3.87987e-08
279 3.49493e-08
281 3.75367e-08
283 3.45544e-08
285 3.67623e-08
287 3.28584e-08
289 3.58073e-08
291 3.31916e-08
293 3.39774e-08
295 3.28782e-08
297 3.16212e-08
299 3.27098e-08
301 2.89871e-08
303 2.93934e-08
305 2.31509e-08
307 2.79522e-08
309 2.40734e-08
311 2.04402e-08
313 2.80756e-08
315 2.25444e-08
317 2.22891e-08
319 2.50231e-08
321 2.15014e-08
323 2.24356e-08
325 2.14371e-08
327 1.95291e-08
329 1.94517e-08
331 2.2428e-08
333 1.88811e-08
335 1.68276e-08
337 2.26208e-08
339 1.71107e-08
341 1.91365e-08
343 1.85042e-08
345 1.65226e-08
347 1.75437e-08
349 1.60498e-08
351 1.73782e-08
353 1.68529e-08
355 1.5352e-08
357 1.48956e-08
359 1.67126e-08
361 1.47979e-08
363 1.38855e-08
365 1.50754e-08
367 1.47158e-08
369 1.44764e-08
371 1.30765e-08
373 1.45653e-08
375 1.26471e-08
377 1.41905e-08
379 1.38336e-08
381 1.21673e-08
383 1.28885e-08
385 1.2429e-08
387 1.17393e-08
389 1.26364e-08
391 1.1599e-08
393 1.15026e-08
395 1.16452e-08
397 1.22436e-08
399 1.10583e-08
401 9.84384e-09
403 1.16959e-08
405 1.12083e-08
407 1.0227e-08
409 1.07677e-08
411 9.60724e-09
413 1.10557e-08
415 1.09584e-08
417 9.39657e-09
419 1.01471e-08
421 9.14735e-09
423 1.02887e-08
425 1.04628e-08
427 9.1256e-09
429 7.81849e-09
431 8.13459e-09
433 1.03962e-08
435 8.51066e-09
437 9.72294e-09
439 8.67458e-09
441 6.3613e-09
443 7.792e-09
445 8.11474e-09
447 8.14036e-09
449 8.49962e-09
451 9.07943e-09
453 6.25818e-09
455 6.90944e-09
457 7.49214e-09
459 7.8063e-09
461 8.31937e-09
463 7.66606e-09
465 6.23696e-09
467 6.19121e-09
469 6.39646e-09
471 7.08471e-09
473 7.23319e-09
475 7.94449e-09
477 5.89167e-09
479 5.37517e-09
481 4.96432e-09
483 6.07922e-09
485 5.98936e-09
487 5.91251e-09
489 6.79542e-09
491 6.48773e-09
493 5.77396e-09
495 5.96504e-09
497 3.25164e-09
499 5.1829e-09
501 5.46259e-09
503 5.04766e-09
505 4.75415e-09
507 5.75629e-09
509 5.02826e-09
511 6.35482e-09
513 4.32885e-09
515 3.46725e-09
517 5.19153e-09
519 4.82897e-09
521 4.30565e-09
523 4.46894e-09
525 5.07508e-09
527 5.56214e-09
529 5.32997e-09
531 4.96264e-09
533 4.40923e-09
535 4.27102e-09
537 3.68296e-09
539 4.23936e-09
541 4.11746e-09
543 5.22749e-09
545 3.91056e-09
547 3.88921e-09
549 4.01682e-09
551 5.0479e-09
553 3.66482e-09
555 2.88953e-09
557 3.15806e-09
559 2.91405e-09
561 4.64961e-09
563 2.47645e-09
565 4.77226e-09
567 2.96728e-09
569 3.80936e-09
571 2.59628e-09
573 3.34453e-09
575 3.28674e-09
577 4.74343e-09
579 3.31056e-09
581 1.87054e-09
583 4.09581e-09
585 2.56385e-09
587 2.96549e-09
589 1.86962e-09
591 3.30486e-09
593 3.03878e-09
595 2.6908e-09
597 3.39246e-09
599 2.71287e-09
601 2.40198e-09
603 3.0151e-09
605 3.29913e-09
607 3.85215e-09
609 1.72525e-09
611 4.06477e-09
613 2.90436e-09
615 2.11012e-09
617 2.17578e-09
619 2.40675e-09
621 3.53365e-09
623 1.76653e-09
625 3.77163e-09
627 2.62849e-09
629 2.3041e-09
631 2.21997e-09
633 2.21161e-09
635 2.51956e-09
637 2.04013e-09
639 3.13174e-09
641 1.98889e-09
643 2.25531e-09
645 2.48102e-09
647 1.47034e-09
649 1.79807e-09
651 2.38174e-09
653 2.14738e-09
655 2.44125e-09
657 2.03808e-09
659 2.09831e-09
661 2.4914e-09
663 1.95895e-09
665 1.74895e-09
667 2.67775e-09
669 2.41625e-09
671 1.6369e-09
673 2.02929e-09
675 2.99599e-09
677 2.07047e-09
679 1.4716e-09
681 1.39487e-09
683 2.10416e-09
685 1.66655e-09
687 2.01964e-09
689 2.12962e-09
691 2.1748e-09
693 1.77692e-09
695 1.72344e-09
697 1.64992e-09
699 1.97225e-09
701 2.4548e-09
703 1.53626e-09
705 1.703e-09
707 2.05081e-09
709 1.94745e-09
711 3.04982e-09
713 1.72882e-09
715 1.26839e-09
717 1.91236e-09
719 1.8256e-09
721 1.54278e-09
723 1.57864e-09
725 1.93145e-09
727 1.23994e-09
729 1.59261e-09
731 1.77888e-09
733 1.91191e-09
735 1.45463e-09
737 1.247e-09
739 2.25484e-09
741 1.77913e-09
743 1.73215e-09
745 1.64731e-09
747 2.02821e-09
749 1.55579e-09
751 2.09665e-09
753 1.59802e-09
755 2.33094e-09
757 2.32862e-09
759 1.12782e-09
761 1.2496e-09
763 1.38285e-09
765 1.97551e-09
767 1.3316e-09
769 1.317e-09
771 1.31663e-09
773 1.62554e-09
775 9.76033e-10
777 1.41707e-09
779 1.55031e-09
781 1.55016e-09
783 1.81161e-09
785 1.28252e-09
787 1.1323e-09
789 2.05475e-09
791 1.33597e-09
793 1.22303e-09
795 1.2575e-09
797 2.33263e-09
799 1.88412e-09
801 7.58693e-10
803 1.94288e-09
805 1.74e-09
807 1.37912e-09
809 1.17369e-09
811 1.55707e-09
813 1.59986e-09
815 1.77805e-09
817 8.64154e-10
819 1.22413e-09
821 4.26157e-10
823 2.12646e-09
825 7.93652e-10
827 7.24607e-10
829 1.39313e-09
831 1.69069e-09
833 1.45376e-09
835 1.14547e-09
837 1.61849e-09
839 1.25921e-09
841 1.79251e-09
843 9.59874e-10
845 1.19308e-09
847 1.71617e-09
849 1.53084e-09
851 1.1775e-09
853 1.46894e-09
855 1.2334e-09
857 1.17495e-09
859 1.95365e-09
861 1.16553e-09
863 1.46749e-09
865 1.36477e-09
867 2.14481e-09
869 1.62766e-09
871 8.7214e-10
873 9.77547e-10
875 8.61283e-10
877 1.49537e-09
879 1.1453e-09
881 7.50988e-10
883 1.28802e-09
885 1.20833e-09
887 1.48257e-09
889 1.35615e-09
891 1.24638e-09
893 1.5662e-09
895 1.12847e-09
897 1.457e-09
899 5.57164e-10
901 1.06261e-09
903 1.5428e-09
905 1.4456e-09
907 1.71325e-09
909 1.50028e-09
911 1.26986e-09
913 9.3528e-10
915 1.01994e-09
917 1.31489e-09
919 1.58779e-09
921 1.36337e-09
923 1.4692e-09
925 8.65762e-10
927 1.57434e-09
929 1.46008e-09
931 1.1844e-09
933 9.72483e-10
935 5.37252e-10
937 1.29263e-09
939 1.15799e-09
941 1.01205e-09
943 1.97498e-09
945 8.47011e-10
947 1.21736e-09
949 7.90402e-10
951 1.42049e-09
953 1.54099e-09
955 7.35493e-10
957 1.93717e-09
959 8.36255e-10
961 7.80556e-10
963 1.40455e-09
965 1.09009e-09
967 9.83517e-10
969 9.28621e-10
971 1.85624e-09
973 1.1857e-09
975 8.73347e-10
977 7.71848e-10
979 9.70657e-10
981 7.15671e-10
983 1.06888e-09
985 2.38985e-09
987 9.64189e-10
989 5.56163e-10
991 2.05959e-09
993 8.58437e-10
995 9.57866e-10
997 1.25671e-09
999 1.15475e-09
1001 1.30141e-09
1003 1.0501e-09
1005 1.29657e-09
1007 1.44278e-09
1009 1.38977e-09
1011 9.91597e-10
1013 1.48346e-09
1015 1.03737e-09
1017 1.28182e-09
1019 1.2776e-09
1021 9.8108e-10
1023 1.02881e-09
1025 7.31897e-10
1027 1.9036e-09
1029 1.31446e-09
1031 1.55502e-09
1033 1.11533e-09
1035 1.11228e-09
1037 1.25499e-09
1039 1.10786e-09
1041 1.15452e-09
1043 1.44039e-09
1045 9.60284e-10
1047 1.67341e-09
1049 1.33729e-09
1051 1.05026e-09
1053 1.19017e-09
1055 1.18676e-09
1057 1.37438e-09
1059 1.46785e-09
1061 1.55754e-09
1063 1.96274e-09
1065 1.2234e-09
1067 1.1275e-09
1069 9.37696e-10
1071 1.21581e-09
1073 1.26142e-09
1075 1.44439e-09
1077 1.76718e-09
1079 1.34696e-09
1081 1.71541e-09
1083 1.34377e-09
1085 1.75523e-09
1087 1.75157e-09
1089 1.10563e-09
1091 1.70049e-09
1093 2.1083e-09
1095 1.7847e-09
1097 1.96499e-09
1099 1.82372e-09
1101 2.82164e-09
1103 2.27088e-09
1105 2.85692e-09
1107 3.12315e-09
1109 5.37655e-09
1111 8.88679e-09
1113 0
1115 1.34366e-10
1117 0
1119 0
1121 3.56885e-10
1123 3.55944e-10
1125 1.77757e-10
1127 1.77525e-10
1129 0
1131 1.32523e-10
1133 0
1135 0
1137 1.75971e-10
1139 3.5119e-10
1141 3.50728e-10
1143 1.74898e-10
1145 0
1147 1.30666e-10
1149 0
1151 0
1153 1.73342e-10
1155 1.73017e-10
1157 3.45574e-10
1159 1.72656e-10
1161 1.72371e-10
1163 1.28901e-10
1165 0
1167 0
1169 0
1171 1.70905e-10
1173 1.70646e-10
1175 5.10525e-10
1177 1.69805e-10
1179 2.45164e-10
1181 1.27055e-10
1183 0
1185 0
1187 0
1189 1.67948e-10
1191 3.3562e-10
1193 3.35162e-10
1195 1.67342e-10
1197 0
1199 1.25065e-10
1201 0
1203 0
1205 0
1207 0
1209 4.9595e-10
1211 0
1213 3.29627e-10
1215 0
1217 1.64324e-10
1219 0
1221 1.23027e-10
1223 0
1225 0
1227 0
1229 0
1231 4.87655e-10
1233 3.48368e-10
1235 1.62096e-10
1237 0
1239 1.61476e-10
1241 0
1243 0
1245 1.20557e-10
1247 0
1249 0
1251 0
1253 3.19116e-10
1255 3.18792e-10
1257 1.58909e-10
1259 0
1261 0
1263 1.58494e-10
1265 1.57899e-10
1267 2.76293e-10
1269 0
1271 0
1273 0
1275 3.13455e-10
1277 0
1279 3.12662e-10
1281 1.32025e-10
1283 0
1285 0
1287 1.55458e-10
1289 1.55156e-10
1291 2.71308e-10
1293 0
1295 0
1297 1.54141e-10
1299 1.53847e-10
1301 0
1303 1.53533e-10
1305 1.53382e-10
1307 0
1309 0
1311 1.52479e-10
1313 0
1315 4.96597e-10
1317 1.51841e-10
1319 0
1321 1.5149e-10
1323 0
1325 1.5109e-10
1327 1.5072e-10
1329 0
1331 0
1333 1.50112e-10
1335 0
1337 0
1339 1.49508e-10
1341 2.61058e-10
1343 0
1345 1.48732e-10
1347 0
1349 1.48237e-10
1351 0
1353 2.95587e-10
1355 0
1357 0
1359 0
1361 1.46908e-10
1363 2.54512e-10
1365 2.54681e-10
1367 1.46174e-10
1369 2.55841e-10
1371 0
1373 1.45643e-10
1375 0
1377 1.45287e-10
1379 1.45016e-10
1381 0
1383 1.44683e-10
1385 0
1387 1.47911e-10
1389 1.43929e-10
1391 0
1393 0
1395 3.93936e-10
1397 0
1399 0
1401 0
1403 2.9584e-10
1405 0
1407 2.84263e-10
1409 0
1411 0
1413 2.86506e-10
1415 0
1417 1.10813e-10
1419 1.41132e-10
1421 0
1423 1.05298e-10
1425 2.8075e-10
1427 0
1429 0
1431 0
1433 0
1435 1.39492e-10
1437 2.78135e-10
1439 0
1441 0
1443 1.38475e-10
1445 0
1447 0
1449 0
1451 1.37875e-10
1453 0
1455 1.03117e-10
1457 2.74664e-10
1459 0
1461 0
1463 0
1465 3.97443e-10
1467 4.10004e-10
1469 1.36238e-10
1471 0
1473 2.71549e-10
1475 0
1477 0
1479 0
1481 0
1483 1.34872e-10
1485 0
1487 0
1489 1.34379e-10
1491 2.34883e-10
1493 0
1495 0
1497 0
1499 1.33448e-10
1501 1.33332e-10
1503 0
1505 1.33082e-10
1507 0
1509 2.65218e-10
1511 0
1513 0
1515 0
1517 1.31863e-10
1519 0
1521 4.0281e-10
1523 0
1525 9.83255e-11
1527 2.62113e-10
1529 0
1531 1.33743e-10
1533 0
1535 1.30158e-10
1537 2.60264e-10
1539 0
1541 0
1543 3.95897e-10
1545 1.29382e-10
1547 1.29381e-10
1549 0
1551 0
1553 1.28785e-10
1555 0
1557 0
1559 0
1561 0
1563 9.60384e-11
1565 2.55697e-10
1567 0
1569 1.27469e-10
1571 0
1573 1.27119e-10
1575 3.09128e-10
1577 1.26941e-10
1579 0
1581 0
1583 2.52594e-10
1585 0
1587 1.26134e-10
1589 0
1591 1.25702e-10
1593 0
1595 0
1597 0
1599 0
1601 1.24772e-10
1603 9.36322e-11
1605 2.49191e-10
1607 0
1609 0
1611 0
1613 1.23934e-10
1615 0
1617 0
1619 1.23411e-10
1621 2.46928e-10
1623 0
1625 0
1627 0
1629 2.45484e-10
1631 1.22668e-10
1633 1.25696e-10
1635 0
1637 0
1639 0
1641 1.2185e-10
1643 9.11892e-11
1645 1.21543e-10
1647 1.21485e-10
1649 0
1651 0
1653 2.45692e-10
1655 0
1657 0
1659 0
1661 1.20428e-10
1663 1.20215e-10
1665 1.20241e-10
1667 0
1669 0
1671 2.3938e-10
1673 0
1675 1.19422e-10
1677 0
1679 0
1681 0
1683 8.91167e-11
1685 1.21597e-10
1687 2.37004e-10
1689 0
1691 0
1693 1.18184e-10
1695 1.178e-10
1697 0
1699 0
1701 0
1703 0
1705 0
1707 1.17206e-10
1709 1.16998e-10
1711 0
1713 1.16726e-10
1715 1.16593e-10
1717 1.1642e-10
1719 1.16228e-10
1721 0
1723 0
1725 0
1727 0
1729 8.67144e-11
1731 0
1733 2.30703e-10
1735 0
1737 0
1739 1.14846e-10
1741 0
1743 1.1491e-10
1745 0
1747 0
1749 0
1751 0
1753 0
1755 1.14013e-10
1757 1.13322e-10
1759 1.13628e-10
1761 2.2904e-10
1763 1.13433e-10
1765 1.1343e-10
1767 1.13151e-10
1769 0
1771 0
1773 0
1775 0
1777 0
1779 1.96719e-10
1781 2.26341e-10
1783 0
1785 0
1787 1.12019e-10
1789 0
1791 2.82765e-10
1793 0
1795 1.11426e-10
1797 0
1799 0
1801 0
1803 0
1805 0
1807 1.10793e-10
1809 1.10635e-10
1811 1.10357e-10
1813 1.10378e-10
1815 2.20166e-10
1817 0
1819 0
1821 0
1823 0
1825 0
1827 0
1829 1.09262e-10
1831 0
1833 1.91048e-10
1835 0
1837 0
1839 0
1841 2.1847e-10
1843 0
1845 0
1847 0
1849 1.08134e-10
1851 0
1853 0
1855 0
1857 0
1859 0
1861 1.07477e-10
1863 1.07321e-10
1865 2.14338e-10
1867 1.07063e-10
1869 1.07009e-10
1871 0
1873 0
1875 0
1877 0
1879 0
1881 1.06231e-10
1883 0
1885 2.65066e-10
1887 0
1889 1.85237e-10
1891 0
1893 0
1895 0
1897 1.05433e-10
1899 0
1901 0
1903 2.90953e-10
1905 1.04973e-10
1907 0
1909 0
1911 0
1913 0
1915 3.72873e-10
1917 0
1919 2.08262e-10
1921 2.08184e-10
1923 2.07751e-10
1925 0
1927 0
1929 0
1931 0
1933 0
1935 1.04979e-10
1937 0
1939 0
1941 1.03137e-10
1943 0
1945 0
1947 0
1949 7.69404e-11
1951 1.02667e-10
1953 0
1955 1.02305e-10
1957 0
1959 0
1961 0
1963 0
1965 1.01827e-10
1967 0
1969 0
1971 0
1973 0
1975 0
1977 1.01177e-10
1979 1.01013e-10
1981 1.0094e-10
1983 2.01764e-10
1985 1.00757e-10
1987 0
1989 0
1991 0
1993 0
1995 0
1997 0
1999 0
