1 1.00394e-12 3.59807e-14
3 3.43187e-12 8.04464e-14
5 5.52124e-12 1.49875e-13
7 8.50901e-12 1.88853e-13
9 1.13048e-11 2.93363e-13
11 4.50303e-10 2.58504e-10
13 8.7142e-09 1.19303e-09
15 7.30079e-05 1.3106e-07
17 0.000285518 1.90741e-07
19 0.000226927 2.03506e-07
21 0.000180285 1.84842e-07
23 0.000140354 1.55546e-07
25 0.000109811 1.04772e-07
27 8.12797e-05 1.00175e-07
29 7.05175e-05 9.81253e-08
31 5.66973e-05 7.04311e-08
33 4.20892e-05 6.44631e-08
35 3.68955e-05 5.21965e-08
37 3.34082e-05 4.96095e-08
39 2.84522e-05 3.54789e-08
41 2.32134e-05 3.31356e-08
43 1.88955e-05 2.61457e-08
45 1.5771e-05 2.19658e-08
47 1.35822e-05 1.93204e-08
49 1.19799e-05 1.74654e-08
51 1.07314e-05 1.55735e-08
53 9.67792e-06 1.33464e-08
55 8.79676e-06 1.14531e-08
57 8.01112e-06 9.38198e-09
59 7.3023e-06 8.38275e-09
61 6.63392e-06 7.61443e-09
63 6.01724e-06 7.2487e-09
65 5.46147e-06 6.95929e-09
67 4.96297e-06 6.66539e-09
69 4.52331e-06 6.40844e-09
71 4.12504e-06 5.62898e-09
73 3.77428e-06 5.21321e-09
75 3.45891e-06 4.66814e-09
77 3.1764e-06 4.14007e-09
79 2.92865e-06 3.80221e-09
81 2.70635e-06 3.51818e-09
83 2.49722e-06 3.44809e-09
85 2.3064e-06 3.20319e-09
87 2.13443e-06 2.88268e-09
89 1.9775e-06 2.71682e-09
91 1.83606e-06 2.59362e-09
93 1.70409e-06 2.41875e-09
95 1.58578e-06 2.32888e-09
97 1.47853e-06 2.18898e-09
99 1.37994e-06 1.9955e-09
101 1.28958e-06 1.89885e-09
103 1.20708e-06 1.74931e-09
105 1.13188e-06 1.63912e-09
107 1.06236e-06 1.50593e-09
109 9.98444e-07 1.42639e-09
111 9.3875e-07 1.40265e-09
113 8.83902e-07 1.24752e-09
115 8.3381e-07 1.25884e-09
117 7.86904e-07 1.17824e-09
119 7.43855e-07 1.13009e-09
121 7.03474e-07 1.07242e-09
123 6.66428e-07 1.03583e-09
125 6.31375e-07 1.01155e-09
127 5.98682e-07 8.88694e-10
129 5.68456e-07 9.43367e-10
131 5.39927e-07 8.48078e-10
133 5.13388e-07 7.99833e-10
135 4.88852e-07 7.54232e-10
137 4.6542e-07 7.25977e-10
139 4.44002e-07 6.88323e-10
141 4.23069e-07 6.68145e-10
143 4.03871e-07 6.2934e-10
145 3.85718e-07 5.93878e-10
147 3.68372e-07 5.9132e-10
149 3.52409e-07 5.61036e-10
151 3.36838e-07 5.5508e-10
153 3.23023e-07 5.16389e-10
155 3.09053e-07 5.10029e-10
157 2.96515e-07 4.90144e-10
159 2.84573e-07 4.42729e-10
161 2.73285e-07 4.59072e-10
163 2.62451e-07 4.33391e-10
165 2.52093e-07 4.28727e-10
167 2.42583e-07 3.77371e-10
169 2.32911e-07 3.92495e-10
171 2.24149e-07 3.72023e-10
173 2.15385e-07 3.60055e-10
175 2.07384e-07 3.36678e-10
177 1.99901e-07 3.50253e-10
179 1.92393e-07 3.10143e-10
181 1.85695e-07 3.22419e-10
183 1.78938e-07 2.9108e-10
185 1.72717e-07 2.83978e-10
187 1.66705e-07 2.90145e-10
189 1.61191e-07 2.54183e-10
191 1.55632e-07 2.67921e-10
193 1.49995e-07 2.55107e-10
195 1.44946e-07 2.41047e-10
197 1.40347e-07 2.44772e-10
199 1.36e-07 2.26765e-10
201 1.3147e-07 2.2862e-10
203 1.27721e-07 2.19196e-10
205 1.23454e-07 2.16888e-10
207 1.1973e-07 2.10554e-10
209 1.159e-07 1.93124e-10
211 1.12294e-07 1.91121e-10
213 1.08886e-07 1.86651e-10
215 1.05462e-07 1.86483e-10
217 1.02501e-07 1.72475e-10
219 9.93534e-08 1.65772e-10
221 9.63884e-08 1.71595e-10
223 9.35506e-08 1.5656e-10
225 9.10715e-08 1.52232e-10
227 8.83845e-08 1.45449e-10
229 8.59239e-08 1.51016e-10
231 8.35715e-08 1.32243e-10
233 8.11101e-08 1.33518e-10
235 7.89443e-08 1.32675e-10
237 7.68615e-08 1.27027e-10
239 7.46035e-08 1.26702e-10
241 7.25681e-08 1.24044e-10
243 7.07264e-08 1.13137e-10
245 6.88399e-08 1.12786e-10
247 6.68379e-08 1.10765e-10
249 6.51716e-08 1.07472e-10
251 6.35338e-08 1.03675e-10
253 6.19405e-08 1.03179e-10
255 6.02351e-08 9.46275e-11
257 5.87246e-08 9.41128e-11
259 5.73217e-08 9.35565e-11
261 5.59626e-08 9.17703e-11
263 5.44395e-08 9.07321e-11
265 5.31396e-08 9.03063e-11
267 5.19228e-08 8.88504e-11
269 5.07317e-08 8.44876e-11
271 4.94669e-08 8.50055e-11
273 4.81339e-08 8.33349e-11
275 4.71342e-08 8.02678e-11
277 4.60127e-08 7.59233e-11
279 4.50116e-08 8.00296e-11
281 4.3786e-08 7.69337e-11
283 4.28357e-08 7.43907e-11
285 4.18183e-08 7.07959e-11
287 4.08678e-08 7.66005e-11
289 3.99775e-08 7.36861e-11
291 3.90436e-08 6.79735e-11
293 3.81354e-08 7.15152e-11
295 3.72201e-08 6.83563e-11
297 3.64578e-08 6.55316e-11
299 3.57762e-08 7.07747e-11
301 3.49958e-08 6.98757e-11
303 3.40653e-08 6.0955e-11
305 3.34462e-08 7.06533e-11
307 3.2697e-08 6.24252e-11
309 3.20161e-08 6.44023e-11
311 3.14452e-08 5.98794e-11
313 3.07612e-08 6.06635e-11
315 3.01459e-08 6.05241e-11
317 2.93819e-08 5.79088e-11
319 2.89141e-08 6.25299e-11
321 2.83445e-08 5.78207e-11
323 2.77087e-08 5.41244e-11
325 2.72972e-08 5.80167e-11
327 2.6698e-08 5.44165e-11
329 2.6174e-08 6.00975e-11
331 2.55474e-08 5.07289e-11
333 2.50975e-08 5.31613e-11
335 2.45755e-08 5.21198e-11
337 2.41838e-08 4.80796e-11
339 2.3714e-08 5.14276e-11
341 2.33223e-08 4.78692e-11
343 2.28368e-08 4.7928e-11
345 2.22769e-08 4.76251e-11
347 2.1834e-08 4.36723e-11
349 2.14229e-08 4.89957e-11
351 2.10903e-08 4.51682e-11
353 2.06624e-08 4.72894e-11
355 2.03441e-08 4.15571e-11
357 1.99353e-08 4.69595e-11
359 1.96661e-08 4.23173e-11
361 1.91379e-08 4.21645e-11
363 1.88133e-08 4.49406e-11
365 1.84552e-08 4.09658e-11
367 1.81592e-08 5.00259e-11
369 1.78933e-08 4.33552e-11
371 1.75471e-08 4.11405e-11
373 1.72586e-08 4.3445e-11
375 1.70157e-08 3.98325e-11
377 1.66881e-08 4.26741e-11
379 1.64341e-08 4.09879e-11
381 1.60525e-08 3.9611e-11
383 1.58193e-08 4.18324e-11
385 1.55851e-08 3.84144e-11
387 1.52923e-08 4.05943e-11
389 1.51359e-08 4.28885e-11
391 1.47626e-08 3.71651e-11
393 1.46039e-08 3.89858e-11
395 1.43506e-08 3.91292e-11
397 1.40706e-08 3.79872e-11
399 1.39402e-08 3.72313e-11
401 1.3663e-08 3.71768e-11
403 1.3419e-08 3.5901e-11
405 1.32747e-08 3.49953e-11
407 1.30727e-08 3.81154e-11
409 1.28002e-08 3.323e-11
411 1.27084e-08 3.35002e-11
413 1.24703e-08 3.68955e-11
415 1.22529e-08 3.47257e-11
417 1.2146e-08 3.2026e-11
419 1.19271e-08 3.54641e-11
421 1.17314e-08 3.75571e-11
423 1.16314e-08 3.16364e-11
425 1.13837e-08 3.84855e-11
427 1.12024e-08 3.54733e-11
429 1.11077e-08 2.98252e-11
431 1.08874e-08 3.21202e-11
433 1.0802e-08 3.54251e-11
435 1.06379e-08 2.72782e-11
437 1.04292e-08 3.12405e-11
439 1.02893e-08 3.41784e-11
441 1.01783e-08 2.98098e-11
443 1.00015e-08 3.07488e-11
445 9.84222e-09 3.21234e-11
447 9.73547e-09 3.25978e-11
449 9.59953e-09 2.67069e-11
451 9.48192e-09 3.08073e-11
453 9.29127e-09 2.74481e-11
455 9.20388e-09 2.97952e-11
457 9.05569e-09 2.76231e-11
459 8.9553e-09 2.76244e-11
461 8.81313e-09 2.96484e-11
463 8.72579e-09 2.84134e-11
465 8.62175e-09 2.93973e-11
467 8.49741e-09 2.70539e-11
469 8.31969e-09 2.79553e-11
471 8.26575e-09 2.77715e-11
473 8.14651e-09 2.70661e-11
475 8.04281e-09 2.31987e-11
477 7.91769e-09 2.70664e-11
479 7.86304e-09 2.5212e-11
481 7.74042e-09 2.69954e-11
483 7.61037e-09 2.20732e-11
485 7.54464e-09 2.5158e-11
487 7.44788e-09 2.65368e-11
489 7.32925e-09 2.70731e-11
491 7.24249e-09 2.28585e-11
493 7.18717e-09 2.22178e-11
495 7.09156e-09 2.72239e-11
497 6.98335e-09 2.53452e-11
499 6.94727e-09 2.33395e-11
501 6.81699e-09 2.2495e-11
503 6.72417e-09 2.07924e-11
505 6.66903e-09 2.66436e-11
507 6.56624e-09 2.30921e-11
509 6.51268e-09 2.31112e-11
511 6.43089e-09 2.24388e-11
513 6.36653e-09 2.30236e-11
515 6.29698e-09 2.44087e-11
517 6.20854e-09 2.28453e-11
519 6.13933e-09 2.12215e-11
521 6.07583e-09 2.30288e-11
523 5.99925e-09 2.104e-11
525 5.94244e-09 2.3013e-11
527 5.86123e-09 2.0751e-11
529 5.78761e-09 1.85754e-11
531 5.74608e-09 2.02886e-11
533 5.67945e-09 2.3616e-11
535 5.63893e-09 2.12803e-11
537 5.5675e-09 2.2144e-11
539 5.49357e-09 2.00688e-11
541 5.42883e-09 1.86742e-11
543 5.37601e-09 1.98977e-11
545 5.34631e-09 2.17848e-11
547 5.25866e-09 1.84284e-11
549 5.23759e-09 2.05498e-11
551 5.12379e-09 1.97026e-11
553 5.13358e-09 1.95446e-11
555 5.07099e-09 1.76997e-11
557 5.02109e-09 1.74096e-11
559 4.97358e-09 1.92847e-11
561 4.90174e-09 1.86095e-11
563 4.84295e-09 1.95818e-11
565 4.80577e-09 1.8663e-11
567 4.75943e-09 1.82119e-11
569 4.72927e-09 1.45301e-11
571 4.6791e-09 1.74547e-11
573 4.6435e-09 1.82762e-11
575 4.55639e-09 1.9075e-11
577 4.55092e-09 1.62084e-11
579 4.50287e-09 1.64593e-11
581 4.48396e-09 1.83554e-11
583 4.43074e-09 1.6515e-11
585 4.39731e-09 1.78921e-11
587 4.32439e-09 1.71037e-11
589 4.31157e-09 1.69764e-11
591 4.2548e-09 1.58154e-11
593 4.25967e-09 1.75724e-11
595 4.22123e-09 1.51877e-11
597 4.15428e-09 1.94375e-11
599 4.11917e-09 1.77728e-11
601 4.06079e-09 1.77451e-11
603 4.08982e-09 1.57361e-11
605 3.99711e-09 1.74041e-11
607 3.99484e-09 1.44479e-11
609 3.95385e-09 1.53848e-11
611 3.89743e-09 1.59497e-11
613 3.84554e-09 1.81961e-11
615 3.84031e-09 1.56538e-11
617 3.81688e-09 1.4324e-11
619 3.77237e-09 1.47909e-11
621 3.74779e-09 1.52703e-11
623 3.73472e-09 1.31972e-11
625 3.70245e-09 1.57659e-11
627 3.6443e-09 1.56148e-11
629 3.66212e-09 1.41237e-11
631 3.62241e-09 1.49768e-11
633 3.60818e-09 1.43705e-11
635 3.56208e-09 1.55236e-11
637 3.57941e-09 1.47193e-11
639 3.53157e-09 1.54019e-11
641 3.52358e-09 1.51543e-11
643 3.50073e-09 1.49288e-11
645 3.4983e-09 1.31586e-11
647 3.45164e-09 1.53179e-11
649 3.45175e-09 1.67324e-11
651 3.44034e-09 1.46872e-11
653 3.39651e-09 1.38471e-11
655 3.37826e-09 1.56854e-11
657 3.35891e-09 1.53088e-11
659 3.35746e-09 1.46514e-11
661 3.33117e-09 1.47147e-11
663 3.28011e-09 1.4848e-11
665 3.29345e-09 1.47549e-11
667 3.23216e-09 1.49781e-11
669 3.29507e-09 1.55484e-11
671 3.2818e-09 1.43693e-11
673 3.25783e-09 1.3248e-11
675 3.25799e-09 1.45655e-11
677 3.22131e-09 1.38004e-11
679 3.24301e-09 1.19514e-11
681 3.21483e-09 1.42867e-11
683 3.208e-09 1.17404e-11
685 3.20959e-09 1.4603e-11
687 3.2109e-09 1.23795e-11
689 3.17415e-09 1.34944e-11
691 3.17051e-09 1.47257e-11
693 3.19777e-09 1.33742e-11
695 3.18019e-09 1.37054e-11
697 3.17577e-09 1.36778e-11
699 3.27991e-09 1.42407e-11
701 3.28523e-09 1.38236e-11
703 3.30687e-09 1.34601e-11
705 3.30612e-09 1.31569e-11
707 3.31825e-09 1.27826e-11
709 3.36347e-09 1.372e-11
711 3.35049e-09 1.30764e-11
713 3.37494e-09 1.38162e-11
715 3.38762e-09 1.29476e-11
717 3.4161e-09 1.25899e-11
719 3.42971e-09 1.52206e-11
721 3.47089e-09 1.46243e-11
723 3.4945e-09 1.31733e-11
725 3.77022e-09 1.37073e-11
727 3.98828e-09 1.41224e-11
729 4.12076e-09 1.44387e-11
731 4.27573e-09 1.46239e-11
733 4.43109e-09 1.37445e-11
735 4.62159e-09 1.52324e-11
737 5.74476e-09 1.61527e-11
739 7.00218e-09 1.68372e-11
741 8.22086e-09 2.03947e-11
743 1.62546e-08 3.41318e-11
745 4.60428e-09 1.35139e-11
747 2.05623e-10 7.57741e-12
749 2.10426e-10 7.20087e-12
751 1.9461e-10 7.31537e-12
753 2.11615e-10 6.93896e-12
755 2.06897e-10 7.46141e-12
757 2.00429e-10 7.39741e-12
759 2.1154e-10 6.75326e-12
761 2.05723e-10 7.10484e-12
763 2.03257e-10 7.031e-12
765 2.119e-10 6.68126e-12
767 2.00809e-10 6.93869e-12
769 2.08241e-10 7.79754e-12
771 2.15538e-10 6.86566e-12
773 1.89754e-10 6.92947e-12
775 2.13415e-10 7.28589e-12
777 2.14291e-10 6.41873e-12
779 1.89953e-10 6.76317e-12
781 2.17694e-10 6.97227e-12
783 2.12697e-10 7.00167e-12
785 1.94837e-10 6.8851e-12
787 2.14582e-10 6.96378e-12
789 2.0891e-10 7.72027e-12
791 1.96954e-10 6.87578e-12
793 2.17107e-10 6.15681e-12
795 2.0036e-10 7.41042e-12
797 2.03375e-10 6.57984e-12
799 2.12817e-10 5.85911e-12
801 2.04968e-10 7.31992e-12
803 2.02814e-10 6.06289e-12
805 2.12946e-10 6.15761e-12
807 1.99375e-10 6.96777e-12
809 2.04748e-10 6.41068e-12
811 2.12614e-10 6.6733e-12
813 1.95322e-10 6.28408e-12
815 2.07378e-10 6.13603e-12
817 2.06721e-10 6.85552e-12
819 1.99815e-10 6.0376e-12
821 2.13883e-10 6.70889e-12
823 1.99e-10 6.95354e-12
825 2.03901e-10 6.20178e-12
827 2.13641e-10 6.62858e-12
829 2.01543e-10 6.78363e-12
831 1.99796e-10 6.24517e-12
833 2.14755e-10 6.2234e-12
835 2.0279e-10 6.56773e-12
837 1.98338e-10 5.46998e-12
839 2.09701e-10 5.93619e-12
841 2.07459e-10 6.75509e-12
843 2.02783e-10 5.25353e-12
845 2.02108e-10 5.63424e-12
847 2.0747e-10 7.00069e-12
849 2.00043e-10 5.89092e-12
851 2.02036e-10 5.79525e-12
853 2.08168e-10 6.01089e-12
855 2.0142e-10 5.71378e-12
857 2.02163e-10 5.92291e-12
859 1.99077e-10 6.24945e-12
861 2.02708e-10 5.37129e-12
863 2.01634e-10 6.01982e-12
865 2.02653e-10 6.11465e-12
867 1.99578e-10 5.42482e-12
869 1.98534e-10 6.05839e-12
871 2.06282e-10 5.75693e-12
873 2.01791e-10 5.92807e-12
875 1.96902e-10 5.90505e-12
877 2.04883e-10 6.22875e-12
879 2.00794e-10 5.93434e-12
881 1.91031e-10 5.2075e-12
883 2.06053e-10 6.01463e-12
885 2.04581e-10 5.91805e-12
887 1.96582e-10 4.84826e-12
889 1.99676e-10 5.26465e-12
891 2.07189e-10 5.50092e-12
893 1.9842e-10 5.39094e-12
895 1.96272e-10 5.44557e-12
897 2.08191e-10 5.39777e-12
899 1.98385e-10 5.36545e-12
901 1.90325e-10 5.50657e-12
903 2.08177e-10 5.76378e-12
905 2.02447e-10 5.42802e-12
907 1.91293e-10 5.3881e-12
909 2.02477e-10 5.49316e-12
911 2.04206e-10 5.64392e-12
913 1.91444e-10 5.55219e-12
915 2.00789e-10 5.48308e-12
917 2.04097e-10 5.86961e-12
919 1.91488e-10 5.15881e-12
921 1.9791e-10 5.97426e-12
923 1.99817e-10 5.37498e-12
925 1.93405e-10 4.72909e-12
927 1.98434e-10 5.31238e-12
929 2.00749e-10 4.89461e-12
931 1.98084e-10 5.06115e-12
933 1.9204e-10 5.40761e-12
935 1.95463e-10 5.44963e-12
937 1.99632e-10 5.52371e-12
939 1.90923e-10 5.11566e-12
941 1.94478e-10 5.47821e-12
943 2.03927e-10 5.35859e-12
945 1.90955e-10 5.06161e-12
947 1.93148e-10 6.02236e-12
949 1.97738e-10 6.16109e-12
951 1.92097e-10 5.28294e-12
953 1.93652e-10 5.20508e-12
955 1.96365e-10 5.46706e-12
957 1.96817e-10 5.33685e-12
959 1.81223e-10 4.61118e-12
961 1.95152e-10 5.98179e-12
963 2.03592e-10 5.48684e-12
965 1.78852e-10 5.0643e-12
967 1.97943e-10 4.96351e-12
969 1.90629e-10 4.94735e-12
971 1.94381e-10 6.08419e-12
973 1.85006e-10 4.98681e-12
975 1.92912e-10 5.74744e-12
977 1.92578e-10 4.52333e-12
979 1.90048e-10 5.32747e-12
981 1.91046e-10 5.03736e-12
983 1.89606e-10 5.1798e-12
985 1.90081e-10 4.97142e-12
987 1.91169e-10 5.28543e-12
989 1.85986e-10 5.18646e-12
991 1.86307e-10 5.19627e-12
993 1.92002e-10 5.18915e-12
995 1.91853e-10 5.2816e-12
997 1.86057e-10 5.6738e-12
999 1.84092e-10 4.93143e-12
1001 1.89317e-10 5.1247e-12
1003 1.82808e-10 5.1941e-12
1005 1.89587e-10 5.6491e-12
1007 1.89122e-10 4.55975e-12
1009 1.87352e-10 5.41774e-12
1011 1.79589e-10 4.34536e-12
1013 1.83637e-10 5.193e-12
1015 1.86882e-10 4.83642e-12
1017 1.87235e-10 5.39843e-12
1019 1.82572e-10 4.72584e-12
1021 1.84642e-10 5.52846e-12
1023 1.8926e-10 4.99668e-12
1025 1.81181e-10 5.52525e-12
1027 1.76817e-10 4.74406e-12
1029 1.8377e-10 5.38894e-12
1031 1.88455e-10 5.04846e-12
1033 1.81236e-10 5.41061e-12
1035 1.80723e-10 5.08338e-12
1037 1.83117e-10 5.20097e-12
1039 1.88056e-10 5.0046e-12
1041 1.7754e-10 5.11463e-12
1043 1.79479e-10 5.14743e-12
1045 1.78108e-10 4.39054e-12
1047 1.79684e-10 4.75e-12
1049 1.82221e-10 4.98225e-12
1051 1.80767e-10 5.45111e-12
1053 1.70762e-10 4.85983e-12
1055 1.81829e-10 5.21878e-12
1057 1.8086e-10 5.04799e-12
1059 1.78572e-10 5.08177e-12
1061 1.69968e-10 4.80268e-12
1063 1.81791e-10 4.86777e-12
1065 1.75538e-10 4.74814e-12
1067 1.83125e-10 5.07248e-12
1069 1.67272e-10 5.25107e-12
1071 1.79222e-10 4.63499e-12
1073 1.79939e-10 4.99226e-12
1075 1.78077e-10 5.19447e-12
1077 1.77998e-10 4.62379e-12
1079 1.68482e-10 4.51328e-12
1081 1.76703e-10 4.48694e-12
1083 1.73123e-10 4.53915e-12
1085 1.81893e-10 4.75329e-12
1087 1.68221e-10 4.62818e-12
1089 1.72423e-10 4.54555e-12
1091 1.72134e-10 4.84971e-12
1093 1.80707e-10 4.66843e-12
1095 1.73816e-10 4.32585e-12
1097 1.62066e-10 4.95999e-12
1099 1.73906e-10 4.4858e-12
1101 1.72095e-10 4.49657e-12
1103 1.72584e-10 4.71531e-12
1105 1.77472e-10 4.99642e-12
1107 1.67649e-10 5.20916e-12
1109 1.69882e-10 4.69725e-12
1111 1.70549e-10 4.41241e-12
1113 1.75523e-10 5.04958e-12
1115 1.73622e-10 4.53524e-12
1117 1.63983e-10 4.98312e-12
1119 1.68222e-10 4.75637e-12
1121 1.73546e-10 4.89586e-12
1123 1.67891e-10 4.58623e-12
1125 1.72115e-10 4.51993e-12
1127 1.63739e-10 4.79331e-12
1129 1.63771e-10 4.61078e-12
1131 1.70871e-10 4.94322e-12
1133 1.71222e-10 4.94518e-12
1135 1.68257e-10 4.62724e-12
1137 1.61761e-10 4.70052e-12
1139 1.64365e-10 4.66963e-12
1141 1.70302e-10 4.38687e-12
1143 1.67049e-10 4.85802e-12
1145 1.67088e-10 5.11977e-12
1147 1.6008e-10 4.08382e-12
1149 1.63666e-10 4.92091e-12
1151 1.70733e-10 4.29159e-12
1153 1.60945e-10 4.9176e-12
1155 1.6638e-10 5.19065e-12
1157 1.56158e-10 4.16895e-12
1159 1.66715e-10 4.62676e-12
1161 1.67262e-10 4.35274e-12
1163 1.59102e-10 4.37497e-12
1165 1.6443e-10 4.95425e-12
1167 1.54564e-10 4.3372e-12
1169 1.60431e-10 4.78008e-12
1171 1.68774e-10 4.55915e-12
1173 1.57798e-10 4.05645e-12
1175 1.6403e-10 4.69053e-12
1177 1.57432e-10 4.98852e-12
1179 1.54552e-10 4.13031e-12
1181 1.58539e-10 4.52135e-12
1183 1.68745e-10 4.45617e-12
1185 1.57977e-10 4.42596e-12
1187 1.60283e-10 4.68343e-12
1189 1.49476e-10 4.09789e-12
1191 1.56122e-10 3.85599e-12
1193 1.59968e-10 4.55622e-12
1195 1.64313e-10 3.88953e-12
1197 1.58077e-10 4.97793e-12
1199 1.56725e-10 4.44285e-12
1201 1.47014e-10 3.93994e-12
1203 1.5422e-10 4.81491e-12
1205 1.62044e-10 4.84084e-12
1207 1.58608e-10 4.51185e-12
1209 1.55072e-10 4.68138e-12
1211 1.5174e-10 4.10963e-12
1213 1.48856e-10 4.0058e-12
1215 1.50961e-10 4.63193e-12
1217 1.55761e-10 4.87062e-12
1219 1.62055e-10 3.98469e-12
1221 1.50707e-10 4.40128e-12
1223 1.51014e-10 4.56138e-12
1225 1.47785e-10 3.95941e-12
1227 1.51102e-10 4.59304e-12
1229 1.61387e-10 4.45803e-12
1231 1.56077e-10 4.24591e-12
1233 1.49613e-10 4.48253e-12
1235 1.50235e-10 4.59151e-12
1237 1.36423e-10 4.15681e-12
1239 1.55329e-10 4.23195e-12
1241 1.54034e-10 4.15565e-12
1243 1.56942e-10 4.29927e-12
1245 1.51464e-10 4.26748e-12
1247 1.50239e-10 4.20899e-12
1249 1.36321e-10 4.13011e-12
1251 1.45275e-10 4.20297e-12
1253 1.55573e-10 4.45393e-12
1255 1.5089e-10 4.04878e-12
1257 1.52806e-10 3.89287e-12
1259 1.51122e-10 4.44667e-12
1261 1.42453e-10 4.28306e-12
1263 1.41447e-10 4.18736e-12
1265 1.45432e-10 4.20042e-12
1267 1.48151e-10 3.98365e-12
1269 1.54835e-10 3.98847e-12
1271 1.52167e-10 4.32805e-12
1273 1.42398e-10 4.31234e-12
1275 1.4108e-10 3.96265e-12
1277 1.46501e-10 3.84869e-12
1279 1.42701e-10 4.15868e-12
1281 1.47424e-10 4.26093e-12
1283 1.48726e-10 4.44608e-12
1285 1.52163e-10 4.42751e-12
1287 1.36555e-10 4.09768e-12
1289 1.42019e-10 4.21268e-12
1291 1.39953e-10 3.59024e-12
1293 1.45767e-10 3.99735e-12
1295 1.43392e-10 3.30539e-12
1297 1.50064e-10 4.61813e-12
1299 1.45139e-10 4.45792e-12
1301 1.4223e-10 4.44397e-12
1303 1.37332e-10 3.99883e-12
1305 1.40863e-10 3.66775e-12
1307 1.41672e-10 4.00105e-12
1309 1.43116e-10 3.57594e-12
1311 1.45548e-10 4.25065e-12
1313 1.40655e-10 4.21843e-12
1315 1.36126e-10 3.78696e-12
1317 1.34246e-10 4.00118e-12
1319 1.38741e-10 4.05434e-12
1321 1.44459e-10 3.87173e-12
1323 1.4137e-10 3.5229e-12
1325 1.42383e-10 4.09929e-12
1327 1.4092e-10 4.2042e-12
1329 1.38241e-10 3.65178e-12
1331 1.29287e-10 3.98661e-12
1333 1.38028e-10 3.61787e-12
1335 1.4225e-10 3.97104e-12
1337 1.3509e-10 3.78488e-12
1339 1.43426e-10 3.4713e-12
1341 1.37793e-10 4.0763e-12
1343 1.40586e-10 4.36414e-12
1345 1.31194e-10 3.9661e-12
1347 1.30995e-10 3.9516e-12
1349 1.41659e-10 3.73997e-12
1351 1.39838e-10 3.53761e-12
1353 1.35824e-10 3.54086e-12
1355 1.45834e-10 4.14047e-12
1357 1.33468e-10 4.4782e-12
1359 1.36045e-10 3.74785e-12
1361 1.32281e-10 3.99232e-12
1363 1.40294e-10 3.52979e-12
1365 1.3525e-10 3.45705e-12
1367 1.35505e-10 3.69545e-12
1369 1.33934e-10 3.61821e-12
1371 1.39605e-10 4.63366e-12
1373 1.31338e-10 4.2722e-12
1375 1.29245e-10 3.37039e-12
1377 1.31503e-10 3.39325e-12
1379 1.39108e-10 3.7652e-12
1381 1.30474e-10 3.31316e-12
1383 1.39506e-10 3.53275e-12
1385 1.34577e-10 3.63089e-12
1387 1.31294e-10 4.26912e-12
1389 1.30565e-10 4.25624e-12
1391 1.29213e-10 4.01622e-12
1393 1.27783e-10 3.40978e-12
1395 1.35264e-10 4.11252e-12
1397 1.298e-10 3.64077e-12
1399 1.36884e-10 3.6062e-12
1401 1.28377e-10 4.24265e-12
1403 1.29629e-10 4.0326e-12
1405 1.29348e-10 3.70335e-12
1407 1.2875e-10 3.78512e-12
1409 1.30526e-10 3.5235e-12
1411 1.29503e-10 3.65367e-12
1413 1.30359e-10 3.67748e-12
1415 1.34219e-10 3.60467e-12
1417 1.29581e-10 3.69803e-12
1419 1.2697e-10 4.50054e-12
1421 1.27407e-10 3.89034e-12
1423 1.22418e-10 3.79772e-12
1425 1.30961e-10 3.83065e-12
1427 1.24e-10 3.51142e-12
1429 1.2553e-10 3.69954e-12
1431 1.2825e-10 3.33252e-12
1433 1.30292e-10 3.61586e-12
1435 1.25483e-10 3.54334e-12
1437 1.25282e-10 3.42393e-12
1439 1.23917e-10 3.38975e-12
1441 1.27247e-10 3.95297e-12
1443 1.24286e-10 3.58361e-12
1445 1.22413e-10 3.6201e-12
1447 1.25862e-10 3.55563e-12
1449 1.34205e-10 3.76039e-12
1451 1.24189e-10 3.60599e-12
1453 1.23141e-10 3.81965e-12
1455 1.18469e-10 3.69527e-12
1457 1.24718e-10 3.66714e-12
1459 1.26216e-10 3.70768e-12
1461 1.18778e-10 4.06589e-12
1463 1.19618e-10 3.34414e-12
1465 1.21272e-10 3.20533e-12
1467 1.30906e-10 3.62515e-12
1469 1.2461e-10 3.51112e-12
1471 1.19783e-10 3.82647e-12
1473 1.13475e-10 3.48661e-12
1475 1.19526e-10 3.35664e-12
1477 1.23294e-10 3.47592e-12
1479 1.1976e-10 3.51999e-12
1481 1.1501e-10 3.33928e-12
1483 1.20324e-10 3.48421e-12
1485 1.22222e-10 3.64142e-12
1487 1.24064e-10 3.38751e-12
1489 1.18155e-10 3.55995e-12
1491 1.15808e-10 3.52202e-12
1493 1.15546e-10 3.42039e-12
1495 1.18668e-10 3.38382e-12
1497 1.18618e-10 3.35476e-12
1499 1.15143e-10 3.26286e-12
1501 1.21634e-10 3.47973e-12
1503 1.18873e-10 3.82353e-12
1505 1.20873e-10 2.96025e-12
1507 1.23422e-10 3.88236e-12
1509 1.15955e-10 3.61197e-12
1511 1.13543e-10 3.49936e-12
1513 1.1523e-10 3.21883e-12
1515 1.13917e-10 3.34035e-12
1517 1.18202e-10 3.25429e-12
1519 1.16729e-10 3.12624e-12
1521 1.16337e-10 3.371e-12
1523 1.20069e-10 3.16877e-12
1525 1.17549e-10 3.29895e-12
1527 1.1799e-10 3.62175e-12
1529 1.11577e-10 3.49529e-12
1531 1.10575e-10 2.84012e-12
1533 1.15105e-10 3.5313e-12
1535 1.10893e-10 3.61569e-12
1537 1.18344e-10 2.96919e-12
1539 1.12105e-10 3.51291e-12
1541 1.14068e-10 3.21019e-12
1543 1.16744e-10 3.12228e-12
1545 1.1957e-10 3.25872e-12
1547 1.11159e-10 3.38462e-12
1549 1.10823e-10 3.53586e-12
1551 1.10059e-10 3.1144e-12
1553 1.07888e-10 3.10206e-12
1555 1.15319e-10 3.35853e-12
1557 1.15351e-10 3.02131e-12
1559 1.15186e-10 3.92305e-12
1561 1.09698e-10 3.20186e-12
1563 1.12811e-10 3.07925e-12
1565 1.1602e-10 3.37527e-12
1567 1.10094e-10 3.20439e-12
1569 1.06341e-10 3.36057e-12
1571 1.13526e-10 3.10113e-12
1573 1.0856e-10 3.49705e-12
1575 1.06956e-10 3.24123e-12
1577 1.17912e-10 3.37948e-12
1579 1.09474e-10 3.34684e-12
1581 1.09475e-10 3.17846e-12
1583 1.11398e-10 3.19258e-12
1585 1.12165e-10 2.87451e-12
1587 1.07615e-10 2.97741e-12
1589 1.0659e-10 3.46317e-12
1591 1.06726e-10 2.97489e-12
1593 1.11266e-10 3.73212e-12
1595 1.11942e-10 3.16527e-12
1597 1.07934e-10 3.44268e-12
1599 1.10345e-10 3.25802e-12
1601 1.09654e-10 3.17915e-12
1603 1.11441e-10 3.2474e-12
1605 1.08783e-10 3.17888e-12
1607 1.046e-10 2.43677e-12
1609 1.10303e-10 2.99533e-12
1611 1.06116e-10 3.19855e-12
1613 1.06525e-10 3.30246e-12
1615 1.0473e-10 3.29527e-12
1617 1.08575e-10 3.46903e-12
1619 1.08092e-10 3.10449e-12
1621 1.07387e-10 3.3922e-12
1623 1.11899e-10 3.49866e-12
1625 1.06419e-10 2.99016e-12
1627 1.07205e-10 3.36676e-12
1629 1.07243e-10 2.98103e-12
1631 1.0087e-10 3.28807e-12
1633 1.04182e-10 3.13433e-12
1635 1.06039e-10 3.3067e-12
1637 1.06718e-10 2.97076e-12
1639 9.92251e-11 3.33464e-12
1641 1.06473e-10 3.22476e-12
1643 1.05904e-10 2.79384e-12
1645 1.02717e-10 2.69762e-12
1647 1.09447e-10 3.2969e-12
1649 1.01523e-10 3.10093e-12
1651 1.03606e-10 3.07971e-12
1653 1.02892e-10 2.86297e-12
1655 1.05491e-10 3.4356e-12
1657 1.03889e-10 3.19767e-12
1659 1.01947e-10 3.15231e-12
1661 9.83332e-11 2.89979e-12
1663 1.05329e-10 2.92009e-12
1665 1.05568e-10 3.23643e-12
1667 1.03508e-10 2.68954e-12
1669 9.76234e-11 3.06653e-12
1671 1.05536e-10 3.10219e-12
1673 1.02577e-10 3.01834e-12
1675 1.02229e-10 2.76092e-12
1677 1.00483e-10 2.77203e-12
1679 1.01041e-10 3.37532e-12
1681 1.0157e-10 3.3491e-12
1683 1.00537e-10 3.27287e-12
1685 9.8338e-11 2.9301e-12
1687 1.03761e-10 2.82961e-12
1689 1.01716e-10 2.77209e-12
1691 9.64318e-11 2.97892e-12
1693 1.00389e-10 2.95447e-12
1695 1.03342e-10 2.95116e-12
1697 1.02368e-10 3.05656e-12
1699 1.05399e-10 3.23233e-12
1701 9.81456e-11 2.89322e-12
1703 1.00364e-10 3.612e-12
1705 9.90639e-11 3.03514e-12
1707 9.71643e-11 3.30931e-12
1709 9.79823e-11 3.29379e-12
1711 9.98025e-11 2.86842e-12
1713 1.01803e-10 3.16571e-12
1715 9.80944e-11 2.86897e-12
1717 9.56431e-11 3.31572e-12
1719 9.95536e-11 2.96102e-12
1721 9.45347e-11 2.49197e-12
1723 9.81763e-11 2.95129e-12
1725 1.00947e-10 2.79642e-12
1727 1.02142e-10 3.54098e-12
1729 9.2875e-11 2.76711e-12
1731 9.86046e-11 3.17875e-12
1733 9.72606e-11 3.13608e-12
1735 9.55615e-11 2.89934e-12
1737 9.99103e-11 2.82088e-12
1739 9.69638e-11 2.90569e-12
1741 9.41915e-11 2.96267e-12
1743 9.47617e-11 2.94888e-12
1745 9.51189e-11 2.40162e-12
1747 9.51792e-11 2.77012e-12
1749 9.8478e-11 2.83483e-12
1751 1.01206e-10 3.01574e-12
1753 9.4744e-11 3.17638e-12
1755 9.82615e-11 2.88825e-12
1757 9.23982e-11 2.82321e-12
1759 9.37112e-11 2.55678e-12
1761 9.822e-11 2.79403e-12
1763 9.8504e-11 3.05287e-12
1765 9.11301e-11 3.24189e-12
1767 9.19426e-11 2.97173e-12
1769 9.73433e-11 2.8799e-12
1771 9.0021e-11 2.2893e-12
1773 9.31347e-11 2.39137e-12
1775 9.49037e-11 2.58137e-12
1777 9.68951e-11 2.75439e-12
1779 8.86627e-11 3.10293e-12
1781 9.41677e-11 3.29818e-12
1783 9.40085e-11 2.651e-12
1785 9.44309e-11 2.98188e-12
1787 9.1075e-11 2.81175e-12
1789 9.46833e-11 2.62668e-12
1791 9.43434e-11 2.87917e-12
1793 9.15441e-11 3.10095e-12
1795 9.0205e-11 2.84656e-12
1797 9.1862e-11 2.59237e-12
1799 9.37545e-11 2.8191e-12
1801 8.97147e-11 2.37109e-12
1803 9.48731e-11 2.69348e-12
1805 9.63153e-11 2.70477e-12
1807 8.94679e-11 3.12144e-12
1809 9.04527e-11 2.61705e-12
1811 9.43228e-11 2.75479e-12
1813 8.93942e-11 2.48681e-12
1815 9.03244e-11 2.92335e-12
1817 9.00775e-11 2.69975e-12
1819 9.17545e-11 2.93267e-12
1821 8.88981e-11 2.54675e-12
1823 8.70191e-11 2.72287e-12
1825 9.24905e-11 2.84042e-12
1827 9.09631e-11 2.97695e-12
1829 9.26734e-11 2.59903e-12
1831 8.95575e-11 2.54969e-12
1833 9.19163e-11 2.79639e-12
1835 8.97554e-11 3.00993e-12
1837 8.70433e-11 2.74111e-12
1839 8.74735e-11 2.50837e-12
1841 8.76016e-11 2.73564e-12
1843 8.34983e-11 2.58034e-12
1845 8.66164e-11 2.44913e-12
1847 8.65851e-11 3.2966e-12
1849 8.6117e-11 2.81607e-12
1851 9.20904e-11 2.60812e-12
1853 8.39939e-11 2.47663e-12
1855 8.93276e-11 2.62593e-12
1857 9.00151e-11 2.84733e-12
1859 8.58693e-11 2.44312e-12
1861 8.99281e-11 2.60332e-12
1863 8.91662e-11 2.6002e-12
1865 8.85047e-11 2.68364e-12
1867 8.42477e-11 2.51455e-12
1869 8.28425e-11 2.61033e-12
1871 8.49165e-11 2.75659e-12
1873 8.22054e-11 2.46344e-12
1875 8.52279e-11 2.55695e-12
1877 8.54274e-11 2.59557e-12
1879 8.80455e-11 2.87749e-12
1881 8.56122e-11 2.39954e-12
1883 8.45613e-11 2.69682e-12
1885 8.71315e-11 2.64397e-12
1887 8.77214e-11 2.51014e-12
1889 8.43734e-11 2.82992e-12
1891 8.55639e-11 2.33592e-12
1893 8.59414e-11 2.52757e-12
1895 8.34432e-11 2.88921e-12
1897 8.82019e-11 2.70632e-12
1899 8.51598e-11 2.63806e-12
1901 8.54023e-11 2.93599e-12
1903 8.06588e-11 2.2919e-12
1905 8.72025e-11 2.57598e-12
1907 8.01255e-11 2.39205e-12
1909 8.79225e-11 2.75465e-12
1911 8.16502e-11 2.65338e-12
1913 8.56383e-11 2.26413e-12
1915 8.61383e-11 2.67877e-12
1917 8.44e-11 2.45583e-12
1919 8.36007e-11 2.68133e-12
1921 8.13984e-11 2.36625e-12
1923 8.67179e-11 2.3961e-12
1925 8.18895e-11 2.75733e-12
1927 8.03498e-11 2.71952e-12
1929 8.37527e-11 2.45103e-12
1931 8.0744e-11 2.58624e-12
1933 8.18609e-11 2.70142e-12
1935 8.60112e-11 2.9786e-12
1937 8.30981e-11 2.51382e-12
1939 8.11507e-11 2.67319e-12
1941 8.16643e-11 2.52722e-12
1943 8.2462e-11 2.5842e-12
1945 8.86282e-11 2.71261e-12
1947 8.32453e-11 2.70037e-12
1949 8.48801e-11 2.74722e-12
1951 8.09559e-11 2.46199e-12
1953 8.78027e-11 2.2981e-12
1955 8.41235e-11 2.62912e-12
1957 8.02675e-11 2.38082e-12
1959 8.172e-11 2.72415e-12
1961 8.25934e-11 2.43358e-12
1963 8.23496e-11 2.55311e-12
1965 8.02423e-11 2.659e-12
1967 8.18639e-11 2.69849e-12
1969 7.97606e-11 2.75979e-12
1971 7.86054e-11 2.72048e-12
1973 8.12581e-11 2.51479e-12
1975 7.93107e-11 2.23287e-12
1977 8.52617e-11 2.27047e-12
1979 8.1602e-11 2.57732e-12
1981 7.8387e-11 2.40694e-12
1983 8.01107e-11 2.34841e-12
1985 8.07766e-11 2.54983e-12
1987 7.92628e-11 2.41046e-12
1989 8.09865e-11 2.81344e-12
1991 8.39919e-11 2.53798e-12
1993 7.75576e-11 2.46331e-12
1995 8.16054e-11 2.64877e-12
1997 7.95394e-11 2.61825e-12
1999 7.72402e-11 2.47808e-12
