-10.2 0.0537965
-10.1 0.0538315
-10 0.0538788
-9.9 0.0538899
-9.8 0.0540695
-9.7 0.0541168
-9.6 0.0543868
-9.5 0.054525
-9.4 0.0548683
-9.3 0.0550344
-9.2 0.0551237
-9.1 0.0553624
-9 0.0556142
-8.9 0.0559155
-8.8 0.0561265
-8.7 0.0564471
-8.6 0.0565167
-8.5 0.0568504
-8.4 0.0573383
-8.3 0.0575342
-8.2 0.057761
-8.1 0.0580757
-8 0.0584872
-7.9 0.0587241
-7.8 0.0589113
-7.7 0.0592757
-7.6 0.0597521
-7.5 0.0599781
-7.4 0.0604029
-7.3 0.0606593
-7.2 0.0610562
-7.1 0.0614323
-7 0.061782
-6.9 0.0621849
-6.8 0.0625563
-6.7 0.062906
-6.6 0.0632742
-6.5 0.0638111
-6.4 0.0644926
-6.3 0.0647711
-6.2 0.0653538
-6.1 0.0658617
-6 0.0665538
-5.9 0.0674323
-5.8 0.0680596
-5.7 0.0690456
-5.6 0.0699904
-5.5 0.0712353
-5.4 0.0722387
-5.3 0.0736652
-5.2 0.0751323
-5.1 0.0773227
-5 0.0795645
-4.9 0.0829936
-4.8 0.0853909
-4.7 0.0853196
-4.6 0.0845026
-4.5 0.0829841
-4.4 0.083411
-4.3 0.0810407
-4.2 0.0810868
-4.1 0.0794315
-4 0.0791107
-3.9 0.0781354
-3.8 0.0770819
-3.7 0.0764783
-3.6 0.0757623
-3.5 0.0760754
-3.4 0.0746358
-3.3 0.0731561
-3.2 0.0746372
-3.1 0.0726333
-3 0.0715468
-2.9 0.0695528
-2.8 0.0666684
-2.7 0.0664336
-2.6 0.0673045
-2.5 0.0653369
-2.4 0.0646928
-2.3 0.0651768
-2.2 0.0638867
-2.1 0.0634752
-2 0.0615522
-1.9 0.0602909
-1.8 0.0587091
-1.7 0.0582071
-1.6 0.0576249
-1.5 0.0583084
-1.4 0.0586311
-1.3 0.0563471
-1.2 0.0565308
-1.1 0.0574492
-1 0.0552078
-0.9 0.0532346
-0.8 0.0536611
-0.7 0.051503
-0.6 0.0502773
-0.5 0.0489235
-0.4 0.0489827
-0.3 0.0505845
-0.2 0.0488154
-0.1 0.0472353
0 0.0478183
0.1 0.0477377
0.2 0.0466103
0.3 0.045821
0.4 0.0455211
0.5 0.0437307
0.6 0.0425305
0.7 0.042219
0.8 0.0403725
0.9 0.0405193
1 0.0404031
1.1 0.0402552
1.2 0.0401167
1.3 0.0393793
1.4 0.0382299
1.5 0.0375743
1.6 0.0356449
1.7 0.0343848
1.8 0.0342896
1.9 0.0339443
2 0.0328603
2.1 0.0312753
2.2 0.0296987
2.3 0.0291167
2.4 0.028958
2.5 0.0280455
2.6 0.026759
2.7 0.0261602
2.8 0.0258129
2.9 0.0248327
3 0.0227276
3.1 0.0218352
3.2 0.0215658
3.3 0.0225015
3.4 0.0216689
3.5 0.0178553
3.6 0.0157506
3.7 0.0166058
3.8 0.016141
3.9 0.0171561
4 0.0154231
4.1 0.0144327
4.2 0.0125688
4.3 0.0127888
4.4 0.0125749
4.5 0.0118822
4.6 0.0116992
4.7 0.00986539
4.8 0.00895983
4.9 0.00815161
5 0.00750244
5.1 0.00690268
5.2 0.00506179
5.3 0.0033397
5.4 0.00226949
5.5 0.000546641
5.6 0.000317258
5.7 0.000190285
5.8 0
5.9 0
6 0
6.1 0
6.2 0
6.3 0
6.4 0
6.5 0
6.6 0
6.7 0
6.8 0
6.9 0
7 0
7.1 0
7.2 0
7.3 0
7.4 0
7.5 0
7.6 0
7.7 0
7.8 0
7.9 0
8 0
8.1 0
8.2 0
8.3 0
8.4 0
8.5 0
8.6 0
8.7 0
8.8 0
8.9 0
9 0
9.1 0
9.2 0
9.3 0
9.4 0
9.5 0
9.6 0
9.7 0
9.8 0
9.9 0
10 0
10.1 0
10.2 0
