-10.2 5.34957 0.016193
-10.1 5.41277 0.00636857
-10 5.47546 0.00710828
-9.9 5.52487 0.00625268
-9.8 5.5627 0.00628554
-9.7 5.61726 0.00646607
-9.6 5.65732 0.00630328
-9.5 5.7012 0.00661647
-9.4 5.75632 0.00516683
-9.3 5.79251 0.00575174
-9.2 5.84816 0.0067725
-9.1 5.88171 0.00574744
-9 5.94246 0.00601831
-8.9 5.98153 0.00585245
-8.8 6.03701 0.00547965
-8.7 6.08207 0.00629242
-8.6 6.1333 0.00571805
-8.5 6.17219 0.0056912
-8.4 6.22028 0.00715256
-8.3 6.26337 0.00633085
-8.2 6.33053 0.0057729
-8.1 6.38183 0.00661191
-8 6.42798 0.00686729
-7.9 6.4847 0.00646837
-7.8 6.52827 0.00702943
-7.7 6.58499 0.00682719
-7.6 6.6615 0.00650191
-7.5 6.72134 0.00697274
-7.4 6.76398 0.0061458
-7.3 6.8369 0.0064316
-7.2 6.886 0.00643107
-7.1 6.96802 0.00687793
-7 7.0415 0.00734487
-6.9 7.10707 0.00730191
-6.8 7.19126 0.00763145
-6.7 7.27432 0.0062639
-6.6 7.35582 0.00649631
-6.5 7.43989 0.00664635
-6.4 7.53824 0.0075615
-6.3 7.61175 0.00641334
-6.2 7.72298 0.00724206
-6.1 7.82769 0.00686953
-6 7.93983 0.00843982
-5.9 8.05832 0.00643413
-5.8 8.19116 0.00690161
-5.7 8.34266 0.00731193
-5.6 8.50962 0.00773849
-5.5 8.65443 0.00820949
-5.4 8.85144 0.00808997
-5.3 9.07297 0.00788347
-5.2 9.32638 0.00814203
-5.1 9.67398 0.00947395
-5 10.1512 0.00837973
-4.9 10.7575 0.00954322
-4.8 11.3864 0.0105723
-4.7 11.7785 0.0119413
-4.6 11.7261 0.0126541
-4.5 11.5511 0.0124476
-4.4 11.4391 0.010997
-4.3 11.4909 0.01126
-4.2 11.6221 0.009049
-4.1 11.8045 0.0111242
-4 11.8877 0.010671
-3.9 11.8768 0.0132255
-3.8 11.9282 0.0108894
-3.7 11.9987 0.0113355
-3.6 12.0561 0.0109763
-3.5 12.1044 0.0109868
-3.4 12.2305 0.0123079
-3.3 12.304 0.0109576
-3.2 12.3505 0.0112735
-3.1 12.4319 0.0111362
-3 12.5354 0.0124267
-2.9 12.5978 0.0134883
-2.8 12.5897 0.0115274
-2.7 12.6694 0.0118549
-2.6 12.8367 0.0151974
-2.5 12.8928 0.013745
-2.4 12.928 0.0138755
-2.3 13.0059 0.0150673
-2.2 13.1565 0.0156079
-2.1 13.2528 0.013318
-2 13.2644 0.0148152
-1.9 13.3264 0.0138539
-1.8 13.5152 0.015064
-1.7 13.653 0.0147171
-1.6 13.6993 0.0158681
-1.5 13.7147 0.0147969
-1.4 13.8822 0.0172645
-1.3 14.0709 0.0172553
-1.2 14.1487 0.0161377
-1.1 14.1283 0.017763
-1 14.2335 0.0158121
-0.9 14.4597 0.0174897
-0.8 14.6366 0.0162855
-0.7 14.6614 0.0170637
-0.6 14.6341 0.0180017
-0.5 14.7932 0.0173229
-0.4 15.0949 0.0170264
-0.3 15.4939 0.0215663
-0.2 15.0395 0.0148709
-0.1 15.3005 0.0174517
0 15.7065 0.0209242
0.1 16.0943 0.0193323
0.2 16.1659 0.022126
0.3 16.049 0.0197249
0.4 16.1922 0.0228793
0.5 16.6077 0.0236341
0.6 16.9957 0.0232435
0.7 17.0707 0.0214832
0.8 16.956 0.0224266
0.9 17.1009 0.021945
1 17.604 0.0234699
1.1 18.0667 0.0244959
1.2 18.1217 0.024053
1.3 17.9816 0.0259379
1.4 17.9938 0.0249855
1.5 18.407 0.0255819
1.6 19.0163 0.0275853
1.7 19.3104 0.0245069
1.8 19.2525 0.0302374
1.9 19.1915 0.0298474
2 19.7316 0.0309132
2.1 20.4589 0.0304923
2.2 21.0046 0.0340057
2.3 21.0605 0.0278992
2.4 20.8597 0.0355474
2.5 21.016 0.0299401
2.6 21.7356 0.034564
2.7 22.4889 0.0378055
2.8 22.9749 0.0408048
2.9 22.8826 0.0397841
3 22.8471 0.0412276
3.1 23.3661 0.0438865
3.2 24.6193 0.0459556
3.3 25.8909 0.0509045
3.4 26.2856 0.0497307
3.5 26.0426 0.0548814
3.6 26.0702 0.0526211
3.7 26.8932 0.0554848
3.8 28.5514 0.0512018
3.9 30.2328 0.06495
4 30.9781 0.0706141
4.1 30.8449 0.0697652
4.2 30.9755 0.0711667
4.3 32.4125 0.0726803
4.4 34.9471 0.0730286
4.5 37.8452 0.0982508
4.6 39.6886 0.111085
4.7 41.0199 0.110746
4.8 42.8848 0.135038
4.9 46.8571 0.133518
5 54.5207 0.16025
5.1 64.5351 0.203586
5.2 76.1277 0.292989
5.3 88.358 0.391961
5.4 101.333 0.629114
5.5 110.797 1.18378
5.6 117.311 1.91526
5.7 112.292 2.98768
5.8 99.0599 4.41653
5.9 101.614 5.83705
6 107.86 10.0914
6.1 89.6873 5.73495
6.2 106.393 7.93167
6.3 97.6166 5.79333
6.4 92.7148 4.96022
6.5 97.8392 7.54804
6.6 104.456 10.6694
6.7 97.9918 7.33421
6.8 108.001 9.48346
6.9 100.289 7.32972
7 101.693 8.95919
7.1 94.1386 7.28914
7.2 604.013 510.478
7.3 458.091 360.804
7.4 234.3 134.079
7.5 101.905 6.03825
7.6 97.2617 5.17714
7.7 98.6366 6.12898
7.8 96.7877 8.34148
7.9 96.887 8.27767
8 105.946 9.30961
8.1 149.08 45.8981
8.2 185.859 73.4601
8.3 426.835 323.585
8.4 109.831 10.4151
8.5 99.8741 6.06425
8.6 101.268 6.7095
8.7 106.513 7.14767
8.8 146.257 45.3007
8.9 496.642 393.988
9 113.152 8.23124
9.1 96.7621 6.53452
9.2 103.836 9.369
9.3 546.568 442.224
9.4 505.881 403.934
9.5 102.103 8.32752
9.6 96.718 6.64289
9.7 120.562 17.2834
9.8 103.632 9.95053
9.9 639.055 534.807
10 161.894 55.5418
10.1 113.969 18.0321
10.2 108.858 9.1204
