-10.2 6.86068
-10.1 6.88421
-10 6.9243
-9.9 6.9579
-9.8 6.99621
-9.7 7.03221
-9.6 7.0682
-9.5 7.10878
-9.4 7.15038
-9.3 7.18959
-9.2 7.23645
-9.1 7.2806
-9 7.32412
-8.9 7.37117
-8.8 7.41885
-8.7 7.4709
-8.6 7.51653
-8.5 7.57049
-8.4 7.62663
-8.3 7.68639
-8.2 7.74793
-8.1 7.80811
-8 7.86774
-7.9 7.92853
-7.8 7.99431
-7.7 8.06352
-7.6 8.13928
-7.5 8.21607
-7.4 8.29554
-7.3 8.36864
-7.2 8.45418
-7.1 8.54585
-7 8.63258
-6.9 8.72639
-6.8 8.83122
-6.7 8.93475
-6.6 9.04369
-6.5 9.16146
-6.4 9.28013
-6.3 9.41597
-6.2 9.55027
-6.1 9.70739
-6 9.88146
-5.9 10.0705
-5.8 10.2692
-5.7 10.5091
-5.6 10.7838
-5.5 11.1033
-5.4 11.4546
-5.3 11.9322
-5.2 12.6433
-5.1 14.5085
-5 15.1183
-4.9 19.0971
-4.8 23.9297
-4.7 25.4593
-4.6 26.2723
-4.5 24.1949
-4.4 26.6701
-4.3 24.9733
-4.2 27.3985
-4.1 25.7426
-4 26.1086
-3.9 26.8751
-3.8 26.4755
-3.7 25.7876
-3.6 26.0471
-3.5 27.2866
-3.4 29.2325
-3.3 25.4288
-3.2 29.033
-3.1 30.0201
-3 29.4464
-2.9 29.4992
-2.8 26.9689
-2.7 24.5749
-2.6 30.1959
-2.5 26.1882
-2.4 26.6032
-2.3 28.421
-2.2 28.5605
-2.1 29.2004
-2 30.264
-1.9 29.3649
-1.8 27.3503
-1.7 27.1489
-1.6 25.4398
-1.5 26.8449
-1.4 32.8288
-1.3 28.8043
-1.2 29.9115
-1.1 34.1327
-1 33.2922
-0.9 29.266
-0.8 33.3805
-0.7 32.0539
-0.6 31.5267
-0.5 28.0512
-0.4 27.5102
-0.3 33.5079
-0.2 37.0621
-0.1 32.7282
0 36.2826
0.1 37.4829
0.2 39.0059
0.3 34.2203
0.4 35.9496
0.5 35.8903
0.6 30.7572
0.7 36.7494
0.8 30.7992
0.9 32.7088
1 32.96
1.1 34.0251
1.2 37.6966
1.3 38.9728
1.4 38.8388
1.5 41.1538
1.6 36.0261
1.7 38.0468
1.8 37.9292
1.9 41.3491
2 42.3291
2.1 43.0449
2.2 39.1197
2.3 39.639
2.4 43.9418
2.5 43.2328
2.6 40.4751
2.7 41.0232
2.8 47.465
2.9 47.8526
3 45.7046
3.1 39.747
3.2 40.4157
3.3 50.6898
3.4 59.4934
3.5 57.9172
3.6 34.1518
3.7 44.921
3.8 43.3043
3.9 56.6427
4 56.0758
4.1 58.0454
4.2 45.0166
4.3 50.3475
4.4 59.0732
4.5 55.8564
4.6 70.8617
4.7 68.9337
4.8 70.7684
4.9 69.0249
5 79.3492
5.1 80.1238
5.2 112.124
5.3 108.821
5.4 147.104
5.5 148.91
5.6 112.191
5.7 154.999
5.8 0
5.9 0
6 0
6.1 0
6.2 0
6.3 0
6.4 0
6.5 0
6.6 0
6.7 0
6.8 0
6.9 0
7 0
7.1 0
7.2 0
7.3 0
7.4 0
7.5 0
7.6 0
7.7 0
7.8 0
7.9 0
8 0
8.1 0
8.2 0
8.3 0
8.4 0
8.5 0
8.6 0
8.7 0
8.8 0
8.9 0
9 0
9.1 0
9.2 0
9.3 0
9.4 0
9.5 0
9.6 0
9.7 0
9.8 0
9.9 0
10 0
10.1 0
10.2 0
