-10.2 0.00837903
-10.1 0.00839679
-10 0.00844368
-9.9 0.00854157
-9.8 0.00853607
-9.7 0.00849816
-9.6 0.00851429
-9.5 0.00848992
-9.4 0.00852371
-9.3 0.00858605
-9.2 0.00859977
-9.1 0.00853511
-9 0.00854505
-8.9 0.00856208
-8.8 0.00855628
-8.7 0.00854781
-8.6 0.00854978
-8.5 0.00859549
-8.4 0.00857053
-8.3 0.00854419
-8.2 0.00860407
-8.1 0.00858055
-8 0.00860078
-7.9 0.0085341
-7.8 0.00848633
-7.7 0.00844208
-7.6 0.00850622
-7.5 0.00857243
-7.4 0.00849914
-7.3 0.00848784
-7.2 0.00838711
-7.1 0.00835051
-7 0.00833687
-6.9 0.00836529
-6.8 0.00842904
-6.7 0.00840344
-6.6 0.00839493
-6.5 0.00832279
-6.4 0.00830021
-6.3 0.00832999
-6.2 0.00833173
-6.1 0.00828236
-6 0.00825265
-5.9 0.00828934
-5.8 0.00828875
-5.7 0.00833266
-5.6 0.00826078
-5.5 0.00822653
-5.4 0.00814971
-5.3 0.00821202
-5.2 0.00816469
-5.1 0.00810502
-5 0.00808176
-4.9 0.00809282
-4.8 0.00802604
-4.7 0.007872
-4.6 0.00777038
-4.5 0.00759011
-4.4 0.00757311
-4.3 0.00745906
-4.2 0.00736484
-4.1 0.00724659
-4 0.0071301
-3.9 0.00710783
-3.8 0.00696276
-3.7 0.0069044
-3.6 0.00684383
-3.5 0.00687988
-3.4 0.00666753
-3.3 0.00651481
-3.2 0.00641782
-3.1 0.00631759
-3 0.00620729
-2.9 0.00610744
-2.8 0.00594041
-2.7 0.00584653
-2.6 0.00580436
-2.5 0.00575337
-2.4 0.00568967
-2.3 0.00568077
-2.2 0.005574
-2.1 0.00551831
-2 0.00541876
-1.9 0.00537208
-1.8 0.00518714
-1.7 0.00507309
-1.6 0.00504252
-1.5 0.00497464
-1.4 0.00485636
-1.3 0.00481347
-1.2 0.00481475
-1.1 0.00466309
-1 0.00462402
-0.9 0.00446203
-0.8 0.00438929
-0.7 0.00433135
-0.6 0.0042168
-0.5 0.0041632
-0.4 0.00406619
-0.3 0.00396295
-0.2 0.00393472
-0.1 0.00382058
0 0.00379706
0.1 0.0036222
0.2 0.00353015
0.3 0.00338355
0.4 0.00330089
0.5 0.00327532
0.6 0.00319421
0.7 0.00316733
0.8 0.00306962
0.9 0.00304816
1 0.00300334
1.1 0.00289061
1.2 0.00288127
1.3 0.00281405
1.4 0.00266499
1.5 0.00260397
1.6 0.00256661
1.7 0.00244624
1.8 0.00235435
1.9 0.00228649
2 0.00217218
2.1 0.00209024
2.2 0.00209134
2.3 0.0020164
2.4 0.00200238
2.5 0.00192327
2.6 0.00190923
2.7 0.00184679
2.8 0.00174915
2.9 0.0016452
3 0.0015251
3.1 0.00147381
3.2 0.00147414
3.3 0.00138364
3.4 0.00131547
3.5 0.00122273
3.6 0.00120789
3.7 0.00120273
3.8 0.0010972
3.9 0.00108833
4 0.00102073
4.1 0.000956068
4.2 0.000899983
4.3 0.000858089
4.4 0.00081116
4.5 0.00080173
4.6 0.000768149
4.7 0.000675435
4.8 0.00066865
4.9 0.000627685
5 0.000564285
5.1 0.000579088
5.2 0.000538777
5.3 0.000495762
5.4 0.000475525
5.5 0.000489187
5.6 0.00043381
5.7 0.000431231
5.8 0.000408359
5.9 0.000421067
6 0.000462632
6.1 0.00047205
6.2 0.000443021
6.3 0.000447794
6.4 0.000465656
6.5 0.000397804
6.6 0.000375929
6.7 0.000374303
6.8 0.000406836
6.9 0.000421303
7 0.000361477
7.1 0.000364348
7.2 0.000357971
7.3 0.000337839
7.4 0.000338752
7.5 0.000350579
7.6 0.000307043
7.7 0.000313478
7.8 0.000319689
7.9 0.00031189
8 0.000356639
8.1 0.000368829
8.2 0.000375262
8.3 0.000351821
8.4 0.000373043
8.5 0.000291787
8.6 0.000267984
8.7 0.000261474
8.8 0.000250074
8.9 0.0003153
9 0.000274855
9.1 0.000276531
9.2 0.00026876
9.3 0.000266945
9.4 0.000266832
9.5 0.000302797
9.6 0.000276412
9.7 0.000250925
9.8 0.000267248
9.9 0.000218428
10 0.000191079
10.1 0.000197021
10.2 0.000190573
