-10.2 4.94597 0.000408069
-10.1 4.96302 0.000417869
-10 4.99457 0.000422026
-9.9 5.02119 0.000431975
-9.8 5.04987 0.000441782
-9.7 5.08036 0.000448979
-9.6 5.10939 0.000457712
-9.5 5.14038 0.00046584
-9.4 5.17199 0.000473633
-9.3 5.20356 0.000482461
-9.2 5.23688 0.000489084
-9.1 5.27013 0.000499791
-9 5.30448 0.000509991
-8.9 5.34 0.000517237
-8.8 5.37575 0.000531677
-8.7 5.41291 0.000546909
-8.6 5.45071 0.000568793
-8.5 5.48939 0.000587325
-8.4 5.52968 0.000606744
-8.3 5.57034 0.000622963
-8.2 5.61268 0.000641732
-8.1 5.6559 0.000659412
-8 5.70058 0.000674793
-7.9 5.74676 0.000691826
-7.8 5.79405 0.000711279
-7.7 5.84329 0.00073264
-7.6 5.89368 0.000753498
-7.5 5.94624 0.000783062
-7.4 6.00024 0.000815705
-7.3 6.05628 0.000843221
-7.2 6.11483 0.000882266
-7.1 6.17502 0.000906696
-7 6.23792 0.000931021
-6.9 6.30334 0.000961518
-6.8 6.37209 0.00100313
-6.7 6.44308 0.00103984
-6.6 6.51862 0.00107859
-6.5 6.59712 0.00112125
-6.4 6.67989 0.00117206
-6.3 6.76804 0.00123405
-6.2 6.86028 0.00128063
-6.1 6.95947 0.00134293
-6 7.06502 0.00141336
-5.9 7.17884 0.00148672
-5.8 7.30231 0.00156119
-5.7 7.43665 0.00166527
-5.6 7.58565 0.00183179
-5.5 7.75036 0.00195197
-5.4 7.94019 0.00209004
-5.3 8.15945 0.00245979
-5.2 8.42326 0.00289315
-5.1 8.76274 0.00343191
-5 9.23719 0.0046025
-4.9 9.86312 0.00569255
-4.8 10.5038 0.00653659
-4.7 10.8788 0.00832338
-4.6 10.8345 0.00930629
-4.5 10.6387 0.00861166
-4.4 10.535 0.0074527
-4.3 10.5829 0.00813183
-4.2 10.7162 0.00705629
-4.1 10.8922 0.0074123
-4 10.9702 0.00870906
-3.9 10.9661 0.00910602
-3.8 11.0038 0.00786758
-3.7 11.0739 0.00837695
-3.6 11.1155 0.00777903
-3.5 11.1692 0.00767253
-3.4 11.2715 0.0083459
-3.3 11.3458 0.00828341
-3.2 11.3983 0.0083258
-3.1 11.4757 0.00870653
-3 11.5853 0.00891249
-2.9 11.6316 0.00838447
-2.8 11.6373 0.00845904
-2.7 11.7172 0.00957659
-2.6 11.8573 0.00999777
-2.5 11.9362 0.00946924
-2.4 11.9578 0.00988421
-2.3 12.0497 0.0104951
-2.2 12.1856 0.0115576
-2.1 12.2634 0.0103898
-2 12.2772 0.0098579
-1.9 12.338 0.0116263
-1.8 12.5217 0.0113172
-1.7 12.6594 0.0100544
-1.6 12.6867 0.0100202
-1.5 12.7102 0.0113475
-1.4 12.8842 0.0125817
-1.3 13.0711 0.0129337
-1.2 13.1224 0.0125169
-1.1 13.0942 0.0122151
-1 13.1966 0.0116195
-0.9 13.4374 0.0125622
-0.8 13.6033 0.0123462
-0.7 13.62 0.0120995
-0.6 13.6082 0.0115614
-0.5 13.7541 0.013072
-0.4 14.0652 0.0148789
-0.3 14.4537 0.0153967
-0.2 13.9094 0.0114272
-0.1 14.1668 0.0133068
0 14.5849 0.0150582
0.1 14.9548 0.0141767
0.2 15.032 0.0145203
0.3 14.9392 0.0141297
0.4 15.104 0.0156494
0.5 15.5252 0.017413
0.6 15.8837 0.0170929
0.7 15.9531 0.0177698
0.8 15.8449 0.0169347
0.9 16.0118 0.0149877
1 16.4855 0.0169987
1.1 16.9217 0.0184009
1.2 17.0079 0.0207769
1.3 16.8378 0.0188677
1.4 16.8689 0.0192225
1.5 17.2584 0.0214885
1.6 17.8344 0.0227528
1.7 18.1544 0.0195367
1.8 18.093 0.0224127
1.9 18.0494 0.0236948
2 18.5384 0.0246196
2.1 19.2453 0.0274726
2.2 19.7752 0.0262567
2.3 19.8414 0.0246552
2.4 19.6612 0.0256209
2.5 19.7687 0.0243791
2.6 20.474 0.0269961
2.7 21.2588 0.0301515
2.8 21.7037 0.0335676
2.9 21.5891 0.0307262
3 21.5243 0.0327006
3.1 22.1138 0.0347444
3.2 23.3731 0.0383118
3.3 24.5534 0.0399869
3.4 25.0065 0.0437982
3.5 24.7351 0.0428376
3.6 24.7104 0.0407301
3.7 25.5746 0.0457027
3.8 27.2205 0.0432946
3.9 28.8045 0.0534875
4 29.5306 0.0626302
4.1 29.4067 0.0584524
4.2 29.494 0.0622634
4.3 30.9079 0.0653216
4.4 33.4523 0.0636832
4.5 36.3045 0.0866735
4.6 38.1826 0.0977632
4.7 39.4203 0.0987878
4.8 41.1929 0.117055
4.9 45.2936 0.117865
5 52.8761 0.129479
5.1 62.7841 0.193967
5.2 74.4919 0.282326
5.3 86.8198 0.371037
5.4 100.465 0.518539
5.5 113.451 0.86858
5.6 128.039 1.57206
5.7 140.753 3.24215
5.8 211.159 18.8939
5.9 110.816 20.1267
6 85.8934 53.7477
6.1 0.778312 0.767491
6.2 4.75219 4.68612
6.3 0 0
6.4 0 0
6.5 0 0
6.6 0 0
6.7 0 0
6.8 0 0
6.9 0 0
7 0 0
7.1 0 0
7.2 0 0
7.3 0 0
7.4 0 0
7.5 0 0
7.6 0 0
7.7 0 0
7.8 0 0
7.9 0 0
8 0 0
8.1 0 0
8.2 0 0
8.3 0 0
8.4 0 0
8.5 0 0
8.6 0 0
8.7 0 0
8.8 0 0
8.9 0 0
9 0 0
9.1 0 0
9.2 0 0
9.3 0 0
9.4 0 0
9.5 0 0
9.6 0 0
9.7 0 0
9.8 0 0
9.9 0 0
10 0 0
10.1 0 0
10.2 0 0
