-10.2 0.00112485 2.15267e-05
-10.1 0.00137625 2.23459e-05
-10 0.00153662 2.82102e-05
-9.9 0.00165136 2.40883e-05
-9.8 0.00167842 2.49273e-05
-9.7 0.00174586 2.49077e-05
-9.6 0.00178689 2.31213e-05
-9.5 0.00182502 2.49766e-05
-9.4 0.00191257 2.07543e-05
-9.3 0.00191765 2.10087e-05
-9.2 0.00200656 2.75236e-05
-9.1 0.00202525 2.23649e-05
-9 0.00209161 2.2769e-05
-8.9 0.00209384 2.45003e-05
-8.8 0.00219217 2.24086e-05
-8.7 0.00224464 2.41324e-05
-8.6 0.00225193 2.04631e-05
-8.5 0.00223811 2.26096e-05
-8.4 0.00226342 2.79311e-05
-8.3 0.00225999 2.45202e-05
-8.2 0.00235974 2.28064e-05
-8.1 0.00240211 2.59778e-05
-8 0.00238997 2.64649e-05
-7.9 0.00242589 2.53683e-05
-7.8 0.00241701 2.59887e-05
-7.7 0.00243727 2.58529e-05
-7.6 0.00251719 2.40107e-05
-7.5 0.00255261 2.71956e-05
-7.4 0.00250613 2.4034e-05
-7.3 0.0025727 2.51609e-05
-7.2 0.00252536 2.55892e-05
-7.1 0.00261967 2.61658e-05
-7 0.00266369 2.86041e-05
-6.9 0.00268749 2.78159e-05
-6.8 0.00272795 2.78382e-05
-6.7 0.00274609 2.48968e-05
-6.6 0.0027724 2.69727e-05
-6.5 0.0028002 2.46363e-05
-6.4 0.00285962 2.70078e-05
-6.3 0.0028225 2.32031e-05
-6.2 0.00287879 2.76099e-05
-6.1 0.00292973 2.8342e-05
-6 0.00294542 3.33794e-05
-5.9 0.00296488 2.31193e-05
-5.8 0.00302359 2.55622e-05
-5.7 0.00310402 2.69572e-05
-5.6 0.00318184 2.73462e-05
-5.5 0.00316728 2.89606e-05
-5.4 0.00331334 2.78326e-05
-5.3 0.0036202 3.10161e-05
-5.2 0.00439327 3.3754e-05
-5.1 0.00637219 3.80448e-05
-5 0.00990016 3.76256e-05
-4.9 0.0142829 4.5386e-05
-4.8 0.0178261 4.97506e-05
-4.7 0.0189636 5.84479e-05
-4.6 0.0176601 6.0206e-05
-4.5 0.016021 5.92266e-05
-4.4 0.0151686 5.15027e-05
-4.3 0.015345 4.88105e-05
-4.2 0.0158472 3.95431e-05
-4.1 0.016294 5.01673e-05
-4 0.0161907 4.53874e-05
-3.9 0.0157564 5.38969e-05
-3.8 0.0155864 4.60365e-05
-3.7 0.0154574 4.87862e-05
-3.6 0.0153121 3.95207e-05
-3.5 0.0152484 4.51741e-05
-3.4 0.0153725 4.72865e-05
-3.3 0.0152757 4.28789e-05
-3.2 0.015215 4.50037e-05
-3.1 0.0152204 4.36858e-05
-3 0.0151348 4.65943e-05
-2.9 0.0148463 4.79989e-05
-2.8 0.014564 4.25146e-05
-2.7 0.0145973 4.3809e-05
-2.6 0.0147385 5.06963e-05
-2.5 0.0145111 4.69527e-05
-2.4 0.0143628 5.1442e-05
-2.3 0.0143809 4.91784e-05
-2.2 0.0143815 4.92125e-05
-2.1 0.0141468 4.87631e-05
-2 0.0138451 4.61541e-05
-1.9 0.0138699 4.72003e-05
-1.8 0.0140931 4.62098e-05
-1.7 0.0139669 4.54784e-05
-1.6 0.0136731 4.38968e-05
-1.5 0.0135306 4.6855e-05
-1.4 0.0137909 4.84517e-05
-1.3 0.0137831 4.66418e-05
-1.2 0.0133654 4.3016e-05
-1.1 0.0130312 4.81373e-05
-1 0.0131501 4.41864e-05
-0.9 0.0134329 4.45249e-05
-0.8 0.013262 3.58183e-05
-0.7 0.0127561 3.77922e-05
-0.6 0.0124554 4.16593e-05
-0.5 0.01267 4.36507e-05
-0.4 0.0129076 4.13094e-05
-0.3 0.0131307 4.73924e-05
-0.2 0.0114023 3.54938e-05
-0.1 0.0118973 4.0145e-05
0 0.012578 4.32658e-05
0.1 0.0126739 3.73283e-05
0.2 0.0120219 4.18193e-05
0.3 0.0115405 3.50161e-05
0.4 0.011801 4.37397e-05
0.5 0.0123293 4.55797e-05
0.6 0.0123359 4.49992e-05
0.7 0.0116965 4.23561e-05
0.8 0.0111832 4.08003e-05
0.9 0.0114374 3.77358e-05
1 0.0120351 3.90383e-05
1.1 0.0120894 4.09787e-05
1.2 0.0113315 4.14797e-05
1.3 0.0105576 3.73133e-05
1.4 0.0104531 4.12398e-05
1.5 0.0109155 4.17519e-05
1.6 0.0112015 3.63426e-05
1.7 0.010762 3.38681e-05
1.8 0.0100852 3.86801e-05
1.9 0.00987019 4.192e-05
2 0.0104296 3.99931e-05
2.1 0.0108942 3.80565e-05
2.2 0.0107017 3.70501e-05
2.3 0.00992733 3.10521e-05
2.4 0.00924019 3.63901e-05
2.5 0.00921926 3.47635e-05
2.6 0.00969782 3.4325e-05
2.7 0.00979904 3.67086e-05
2.8 0.00930056 3.78464e-05
2.9 0.00849403 3.42517e-05
3 0.00817524 3.56871e-05
3.1 0.00857134 3.86881e-05
3.2 0.00921958 3.97712e-05
3.3 0.00931347 3.68654e-05
3.4 0.0085819 3.28733e-05
3.5 0.00768502 3.33116e-05
3.6 0.00737656 2.92556e-05
3.7 0.00770597 3.47392e-05
3.8 0.00819796 2.91783e-05
3.9 0.00816831 3.64476e-05
4 0.00745143 3.5309e-05
4.1 0.00661418 3.17192e-05
4.2 0.0062776 3.22043e-05
4.3 0.00654242 3.10451e-05
4.4 0.00689289 2.96899e-05
4.5 0.00688362 3.32144e-05
4.6 0.00637832 3.1574e-05
4.7 0.0058789 3.04176e-05
4.8 0.00578957 2.82606e-05
4.9 0.00612078 2.41955e-05
5 0.0064932 2.86963e-05
5.1 0.00617894 2.89102e-05
5.2 0.00509944 2.46552e-05
5.3 0.00353419 2.03973e-05
5.4 0.00207742 1.82763e-05
5.5 0.000993628 1.34042e-05
5.6 0.000423668 8.1137e-06
5.7 0.000169136 5.52768e-06
5.8 8.97698e-05 4.5348e-06
5.9 7.01711e-05 4.36613e-06
6 6.25339e-05 3.34009e-06
6.1 5.71074e-05 3.31562e-06
6.2 6.2797e-05 3.20274e-06
6.3 5.79479e-05 3.25979e-06
6.4 6.0336e-05 3.49041e-06
6.5 6.53517e-05 3.61181e-06
6.6 6.84222e-05 3.74799e-06
6.7 6.44493e-05 4.09335e-06
6.8 5.79317e-05 3.58237e-06
6.9 6.10741e-05 3.45386e-06
7 5.7556e-05 3.58713e-06
7.1 5.22982e-05 3.09752e-06
7.2 5.10849e-05 3.37136e-06
7.3 5.22092e-05 3.2431e-06
7.4 5.34633e-05 3.41057e-06
7.5 5.23168e-05 3.21193e-06
7.6 4.97485e-05 2.80092e-06
7.7 4.83779e-05 3.14745e-06
7.8 4.96263e-05 3.33992e-06
7.9 4.94782e-05 3.41615e-06
8 5.53784e-05 3.44412e-06
8.1 5.34087e-05 3.15273e-06
8.2 5.45861e-05 4.08009e-06
8.3 4.73251e-05 2.95616e-06
8.4 4.87009e-05 3.05005e-06
8.5 4.94976e-05 3.19911e-06
8.6 4.65696e-05 2.80349e-06
8.7 4.58356e-05 3.18715e-06
8.8 4.27743e-05 2.94579e-06
8.9 4.51498e-05 3.06018e-06
9 5.10583e-05 3.54847e-06
9.1 4.6909e-05 2.73327e-06
9.2 4.71254e-05 3.04775e-06
9.3 4.45589e-05 2.89723e-06
9.4 4.52127e-05 3.49109e-06
9.5 4.42143e-05 3.12746e-06
9.6 4.20124e-05 3.10903e-06
9.7 4.08379e-05 3.55458e-06
9.8 3.88327e-05 2.79474e-06
9.9 4.31631e-05 2.95525e-06
10 4.27762e-05 3.07301e-06
10.1 4.32643e-05 3.2231e-06
10.2 4.26891e-05 2.70633e-06
