-10.2 0.0568525 0
-10.1 0.0572632 0
-10 0.0583844 0
-9.9 0.0587506 0
-9.8 0.058941 0
-9.7 0.0590804 0
-9.6 0.0595704 0
-9.5 0.0595061 0
-9.4 0.0605481 0
-9.3 0.0601846 0
-9.2 0.060332 0
-9.1 0.0611313 0
-9 0.0613832 0
-8.9 0.0615975 0
-8.8 0.0620222 0
-8.7 0.0619945 0
-8.6 0.0624638 0
-8.5 0.0631221 0
-8.4 0.0635251 0
-8.3 0.0629102 0
-8.2 0.0636857 0
-8.1 0.0640972 0
-8 0.0646984 0
-7.9 0.0653704 0
-7.8 0.0659029 0
-7.7 0.0656726 0
-7.6 0.065955 0
-7.5 0.0666547 0
-7.4 0.0671139 0
-7.3 0.0670515 0
-7.2 0.0672736 0
-7.1 0.0680591 0
-7 0.0689307 0
-6.9 0.069406 0
-6.8 0.0699616 0
-6.7 0.0703063 0
-6.6 0.0709104 0
-6.5 0.070896 0
-6.4 0.0720323 0
-6.3 0.073549 0
-6.2 0.0731675 0
-6.1 0.0735783 0
-6 0.0742443 0
-5.9 0.0753584 0
-5.8 0.0762505 0
-5.7 0.076681 0
-5.6 0.0782517 0
-5.5 0.0800777 0
-5.4 0.0810303 0
-5.3 0.0821515 0
-5.2 0.0839998 0
-5.1 0.0865532 0
-5 0.089148 0
-4.9 0.0923589 0
-4.8 0.0935124 0
-4.7 0.0924104 0
-4.6 0.090531 0
-4.5 0.0890852 0
-4.4 0.0880082 0
-4.3 0.0875189 0
-4.2 0.0870601 0
-4.1 0.0863961 0
-4 0.0848086 0
-3.9 0.083392 0
-3.8 0.082767 0
-3.7 0.0816925 0
-3.6 0.0810845 0
-3.5 0.0800345 0
-3.4 0.0797381 0
-3.3 0.0786106 0
-3.2 0.0782979 0
-3.1 0.0776653 0
-3 0.0768439 0
-2.9 0.0748592 0
-2.8 0.074288 0
-2.7 0.073605 0
-2.6 0.0727006 0
-2.5 0.0712377 0
-2.4 0.0704664 0
-2.3 0.0697238 0
-2.2 0.06858 0
-2.1 0.0677896 0
-2 0.0672089 0
-1.9 0.066577 0
-1.8 0.0664353 0
-1.7 0.0645429 0
-1.6 0.0636684 0
-1.5 0.0618156 0
-1.4 0.061661 0
-1.3 0.0609325 0
-1.2 0.0594305 0
-1.1 0.0590282 0
-1 0.0587074 0
-0.9 0.0583426 0
-0.8 0.0563386 0
-0.7 0.0550994 0
-0.6 0.054082 0
-0.5 0.0542704 0
-0.4 0.0537204 0
-0.3 0.0530553 0
-0.2 0.051816 0
-0.1 0.0504616 0
8.88178e-16 0.0496507 0
0.1 0.0489144 0
0.2 0.0473626 0
0.3 0.0471152 0
0.4 0.0472136 0
0.5 0.0462831 0
0.6 0.0448333 0
0.7 0.0439916 0
0.8 0.0434075 0
0.9 0.0429778 0
1 0.0425825 0
1.1 0.0408375 0
1.2 0.0394016 0
1.3 0.0381445 0
1.4 0.0378297 0
1.5 0.037735 0
1.6 0.0367119 0
1.7 0.0353492 0
1.8 0.0341729 0
1.9 0.034247 0
2 0.0338855 0
2.1 0.0327484 0
2.2 0.0309802 0
2.3 0.0297208 0
2.4 0.0294782 0
2.5 0.0289629 0
2.6 0.0279012 0
2.7 0.0265856 0
2.8 0.0257031 0
2.9 0.0247929 0
3 0.0241382 0
3.1 0.0232967 0
3.2 0.0228057 0
3.3 0.0215666 0
3.4 0.0196401 0
3.5 0.0189881 0
3.6 0.0182728 0
3.7 0.0180402 0
3.8 0.01738 0
3.9 0.0161855 0
4 0.0143557 0
4.1 0.0135682 0
4.2 0.0132188 0
4.3 0.0128196 0
4.4 0.0117933 0
4.5 0.010689 0
4.6 0.00972984 0
4.7 0.00906791 0
4.8 0.00841446 0
4.9 0.00792841 0
5 0.00674195 0
5.1 0.00467456 0
5.2 0.0029909 0
5.3 0.00154687 0
5.4 0.000667402 0
5.5 0.000219487 0
5.6 0.000112438 0
5.7 2.34282e-05 0
5.8 1.55832e-05 0
5.9 7.29157e-06 0
6 8.86902e-06 0
6.1 2.55538e-05 0
6.2 3.87501e-05 0
6.3 8.80565e-05 0
6.4 1.82931e-05 0
6.5 4.61088e-06 0
6.6 1.92334e-05 0
6.7 1.73344e-05 0
6.8 1.91149e-05 0
6.9 5.77041e-05 0
7 4.21559e-05 0
7.1 3.79817e-05 0
7.2 4.09743e-05 0
7.3 2.263e-05 0
7.4 3.9206e-05 0
7.5 4.4654e-05 0
7.6 2.18055e-05 0
7.7 6.3525e-06 0
7.8 3.32664e-05 0
7.9 3.39092e-05 0
8 1.48216e-05 0
8.1 2.57726e-05 0
8.2 2.46483e-05 0
8.3 3.35782e-05 0
8.4 5.3803e-05 0
8.5 7.21962e-05 0
8.6 4.19724e-05 0
8.7 5.37268e-05 0
8.8 2.47037e-05 0
8.9 9.40276e-06 0
9 1.41458e-05 0
9.1 1.23165e-05 0
9.2 7.25354e-06 0
9.3 1.02561e-05 0
9.4 1.15264e-05 0
9.5 1.5248e-05 0
9.6 1.33076e-05 0
9.7 2.03925e-05 0
9.8 7.27841e-05 0
9.9 4.35935e-05 0
10 1.23481e-05 0
10.1 9.88885e-06 0
10.2 1.49197e-05 0
