-10.2 0.0508458 0
-10.1 0.0513626 0
-10 0.0517995 0
-9.9 0.0522751 0
-9.8 0.0525553 0
-9.7 0.0528751 0
-9.6 0.0533582 0
-9.5 0.0535381 0
-9.4 0.0542237 0
-9.3 0.0541326 0
-9.2 0.0545596 0
-9.1 0.0548075 0
-9 0.0551596 0
-8.9 0.0552505 0
-8.8 0.0556711 0
-8.7 0.0560907 0
-8.6 0.0564106 0
-8.5 0.0568843 0
-8.4 0.0572835 0
-8.3 0.0571901 0
-8.2 0.0574051 0
-8.1 0.0579815 0
-8 0.05846 0
-7.9 0.0588993 0
-7.8 0.059341 0
-7.7 0.0594363 0
-7.6 0.0597734 0
-7.5 0.0603522 0
-7.4 0.0607922 0
-7.3 0.0609536 0
-7.2 0.0615409 0
-7.1 0.0620212 0
-7 0.0625825 0
-6.9 0.062933 0
-6.8 0.0637088 0
-6.7 0.0641707 0
-6.6 0.0645308 0
-6.5 0.0645848 0
-6.4 0.0660111 0
-6.3 0.0667984 0
-6.2 0.067126 0
-6.1 0.0678102 0
-6 0.0684306 0
-5.9 0.0693561 0
-5.8 0.0700526 0
-5.7 0.070958 0
-5.6 0.0724553 0
-5.5 0.0738824 0
-5.4 0.07529 0
-5.3 0.076609 0
-5.2 0.078492 0
-5.1 0.0809328 0
-5 0.0836705 0
-4.9 0.0870431 0
-4.8 0.0880379 0
-4.7 0.0873419 0
-4.6 0.0852634 0
-4.5 0.0837091 0
-4.4 0.0829838 0
-4.3 0.0824832 0
-4.2 0.0824058 0
-4.1 0.081601 0
-4 0.0803034 0
-3.9 0.0787754 0
-3.8 0.0783683 0
-3.7 0.0775703 0
-3.6 0.0765879 0
-3.5 0.0759084 0
-3.4 0.0754671 0
-3.3 0.0742932 0
-3.2 0.0737947 0
-3.1 0.0736649 0
-3 0.0727223 0
-2.9 0.0710298 0
-2.8 0.0704031 0
-2.7 0.0696754 0
-2.6 0.0690477 0
-2.5 0.0673722 0
-2.4 0.0668597 0
-2.3 0.0662623 0
-2.2 0.0652242 0
-2.1 0.064465 0
-2 0.0638757 0
-1.9 0.0633401 0
-1.8 0.0632561 0
-1.7 0.061515 0
-1.6 0.0604133 0
-1.5 0.0588453 0
-1.4 0.0587411 0
-1.3 0.0580972 0
-1.2 0.0567207 0
-1.1 0.0563698 0
-1 0.0559957 0
-0.9 0.055353 0
-0.8 0.0539206 0
-0.7 0.052568 0
-0.6 0.0518384 0
-0.5 0.0518879 0
-0.4 0.0513574 0
-0.3 0.050687 0
-0.2 0.0495426 0
-0.1 0.0484809 0
8.88178e-16 0.0477217 0
0.1 0.0470598 0
0.2 0.045592 0
0.3 0.0450098 0
0.4 0.0453088 0
0.5 0.0443927 0
0.6 0.0432204 0
0.7 0.0424134 0
0.8 0.041824 0
0.9 0.0414745 0
1 0.0412234 0
1.1 0.0393814 0
1.2 0.0381392 0
1.3 0.0367195 0
1.4 0.0365615 0
1.5 0.0364919 0
1.6 0.0353535 0
1.7 0.0342232 0
1.8 0.033256 0
1.9 0.0332867 0
2 0.0327874 0
2.1 0.0319198 0
2.2 0.0300765 0
2.3 0.028888 0
2.4 0.0287121 0
2.5 0.0281843 0
2.6 0.027283 0
2.7 0.0257762 0
2.8 0.0248639 0
2.9 0.0241648 0
3 0.0237194 0
3.1 0.0229724 0
3.2 0.0223509 0
3.3 0.0212188 0
3.4 0.0194031 0
3.5 0.0186454 0
3.6 0.0180152 0
3.7 0.0177843 0
3.8 0.0170986 0
3.9 0.0159566 0
4 0.0142785 0
4.1 0.0133991 0
4.2 0.0131214 0
4.3 0.0127094 0
4.4 0.0117421 0
4.5 0.0107114 0
4.6 0.00963473 0
4.7 0.00904963 0
4.8 0.00841058 0
4.9 0.00796456 0
5 0.00675201 0
5.1 0.004635 0
5.2 0.00301572 0
5.3 0.00155511 0
5.4 0.00061448 0
5.5 0.000208156 0
5.6 6.20578e-05 0
5.7 1.89016e-05 0
5.8 3.43145e-06 0
5.9 1.54543e-06 0
6 1.24795e-06 0
6.1 2.19914e-05 0
6.2 1.78773e-05 0
6.3 7.41477e-05 0
6.4 7.59863e-06 0
6.5 8.13899e-07 0
6.6 1.53323e-05 0
6.7 8.50483e-06 0
6.8 1.23868e-05 0
6.9 2.74397e-05 0
7 2.5931e-05 0
7.1 1.65408e-05 0
7.2 2.61002e-05 0
7.3 2.15626e-05 0
7.4 9.28026e-06 0
7.5 4.40087e-05 0
7.6 2.05866e-05 0
7.7 4.8683e-06 0
7.8 3.02534e-05 0
7.9 2.70151e-05 0
8 1.25099e-05 0
8.1 2.44522e-05 0
8.2 2.32e-05 0
8.3 3.26319e-05 0
8.4 4.40962e-05 0
8.5 6.96985e-05 0
8.6 4.04191e-05 0
8.7 1.05532e-05 0
8.8 2.36582e-05 0
8.9 5.17239e-06 0
9 1.03726e-05 0
9.1 7.39759e-06 0
9.2 3.87542e-06 0
9.3 3.9495e-06 0
9.4 4.61016e-06 0
9.5 5.30444e-06 0
9.6 8.4242e-06 0
9.7 1.50434e-05 0
9.8 5.99171e-05 0
9.9 4.21399e-05 0
10 8.04248e-06 0
10.1 9.08284e-06 0
10.2 1.01536e-05 0
