-10.2 3.69514e-05 0
-10.1 3.28952e-05 0
-10 0.000181729 0
-9.9 7.34104e-05 0
-9.8 9.55238e-05 0
-9.7 8.5363e-05 0
-9.6 8.49798e-05 0
-9.5 3.81056e-05 0
-9.4 7.45026e-05 0
-9.3 3.95048e-05 0
-9.2 5.67824e-05 0
-9.1 0.000105398 0
-9 8.50359e-05 0
-8.9 0.000126377 0
-8.8 9.91486e-05 0
-8.7 5.04974e-06 0
-8.6 6.34768e-05 0
-8.5 8.50612e-05 0
-8.4 5.73203e-05 0
-8.3 2.81892e-06 0
-8.2 9.30853e-05 0
-8.1 7.57238e-05 0
-8 1.47343e-05 0
-7.9 0.000100651 0
-7.8 9.8911e-05 0
-7.7 0.000122196 0
-7.6 4.91653e-05 0
-7.5 0.00012661 0
-7.4 9.32725e-05 0
-7.3 2.10599e-05 0
-7.2 8.12065e-06 0
-7.1 3.82445e-05 0
-7 8.63228e-05 0
-6.9 0.000138013 0
-6.8 4.47413e-05 0
-6.7 6.34279e-05 0
-6.6 0.000164583 0
-6.5 8.30373e-05 0
-6.4 0.000125311 0
-6.3 0.000129102 0
-6.2 0.000102711 0
-6.1 0 0
-6 9.43474e-05 0
-5.9 3.43189e-05 0
-5.8 0.000102559 0
-5.7 3.24532e-05 0
-5.6 3.5312e-05 0
-5.5 4.99153e-05 0
-5.4 6.9173e-05 0
-5.3 1.11466e-05 0
-5.2 6.67066e-05 0
-5.1 7.67995e-05 0
-5 6.51906e-05 0
-4.9 9.31781e-05 0
-4.8 5.09025e-05 0
-4.7 4.58099e-05 0
-4.6 6.21452e-05 0
-4.5 0.000175731 0
-4.4 4.45846e-05 0
-4.3 9.78065e-05 0
-4.2 4.543e-05 0
-4.1 5.24957e-05 0
-4 1.85858e-05 0
-3.9 3.63051e-05 0
-3.8 2.1109e-05 0
-3.7 1.12923e-05 0
-3.6 2.76346e-05 0
-3.5 1.87838e-05 0
-3.4 9.17927e-05 0
-3.3 0.000115543 0
-3.2 0.000122126 0
-3.1 0 0
-3 1.94594e-19 0
-2.9 4.38187e-05 0
-2.8 3.34759e-05 0
-2.7 5.65451e-05 0
-2.6 3.05006e-05 0
-2.5 4.30776e-05 0
-2.4 1.73892e-05 0
-2.3 5.5433e-05 0
-2.2 4.94667e-19 0
-2.1 4.10103e-05 0
-2 8.88775e-05 0
-1.9 0.000105161 0
-1.8 4.2245e-05 0
-1.7 6.67662e-05 0
-1.6 8.84349e-06 0
-1.5 6.50335e-05 0
-1.4 3.22219e-05 0
-1.3 2.84603e-19 0
-1.2 0 0
-1.1 0 0
-1 1.18745e-05 0
-0.9 7.2158e-06 0
-0.8 1.18172e-05 0
-0.7 4.97786e-05 0
-0.6 2.4204e-19 0
-0.5 2.72513e-05 0
-0.4 9.09853e-05 0
-0.3 7.99599e-19 0
-0.2 0 0
-0.1 2.9831e-20 0
8.88178e-16 3.35867e-06 0
0.1 1.63238e-06 0
0.2 3.95182e-05 0
0.3 2.83726e-05 0
0.4 1.19556e-05 0
0.5 1.77753e-05 0
0.6 5.40782e-05 0
0.7 4.81115e-19 0
0.8 0 0
0.9 5.59124e-06 0
1 0 0
1.1 0 0
1.2 5.55203e-06 0
1.3 2.0858e-05 0
1.4 1.64806e-05 0
1.5 0 0
1.6 0 0
1.7 5.32046e-06 0
1.8 0 0
1.9 2.87542e-19 0
2 3.23743e-05 0
2.1 1.98805e-05 0
2.2 1.76183e-19 0
2.3 0 0
2.4 2.36331e-05 0
2.5 1.02519e-19 0
2.6 1.15426e-05 0
2.7 1.03338e-19 0
2.8 5.74516e-06 0
2.9 0 0
3 0 0
3.1 0 0
3.2 0 0
3.3 0 0
3.4 0 0
3.5 0 0
3.6 0 0
3.7 0 0
3.8 1.04611e-05 0
3.9 0 0
4 0 0
4.1 0 0
4.2 0 0
4.3 0 0
4.4 0 0
4.5 0 0
4.6 0 0
4.7 0 0
4.8 0 0
4.9 0 0
5 0 0
5.1 0 0
5.2 0 0
5.3 0 0
5.4 0 0
5.5 0 0
5.6 0 0
5.7 0 0
5.8 0 0
5.9 0 0
6 0 0
6.1 0 0
6.2 0 0
6.3 0 0
6.4 0 0
6.5 0 0
6.6 0 0
6.7 0 0
6.8 0 0
6.9 0 0
7 0 0
7.1 0 0
7.2 0 0
7.3 0 0
7.4 0 0
7.5 0 0
7.6 0 0
7.7 0 0
7.8 0 0
7.9 0 0
8 0 0
8.1 0 0
8.2 0 0
8.3 0 0
8.4 0 0
8.5 0 0
8.6 0 0
8.7 0 0
8.8 0 0
8.9 0 0
9 0 0
9.1 0 0
9.2 0 0
9.3 0 0
9.4 0 0
9.5 0 0
9.6 0 0
9.7 0 0
9.8 0 0
9.9 0 0
10 0 0
10.1 0 0
10.2 0 0
