-10.2 5.58298e-08 0
-10.1 2.83679e-08 0
-10 4.02486e-07 0
-9.9 1.22168e-07 0
-9.8 1.44379e-07 0
-9.7 1.74884e-07 0
-9.6 1.28808e-07 0
-9.5 3.05483e-08 0
-9.4 1.51137e-07 0
-9.3 5.58898e-08 0
-9.2 9.59229e-08 0
-9.1 1.94184e-07 0
-9 9.73471e-08 0
-8.9 1.91038e-07 0
-8.8 1.5883e-07 0
-8.7 9.70575e-09 0
-8.6 7.59542e-08 0
-8.5 2.44359e-07 0
-8.4 9.75364e-08 0
-8.3 1.07314e-09 0
-8.2 1.78909e-07 0
-8.1 1.17992e-07 0
-8 1.37107e-08 0
-7.9 1.67903e-07 0
-7.8 1.19721e-07 0
-7.7 1.97937e-07 0
-7.6 6.86049e-08 0
-7.5 2.27868e-07 0
-7.4 1.01111e-07 0
-7.3 3.13132e-08 0
-7.2 5.18215e-09 0
-7.1 4.98102e-08 0
-7 1.89975e-07 0
-6.9 2.89837e-07 0
-6.8 5.1006e-08 0
-6.7 1.03211e-07 0
-6.6 2.59849e-07 0
-6.5 1.7738e-07 0
-6.4 2.59176e-07 0
-6.3 2.03464e-07 0
-6.2 1.8392e-07 0
-6.1 0 0
-6 1.12634e-07 0
-5.9 3.62822e-08 0
-5.8 2.1928e-07 0
-5.7 3.03861e-08 0
-5.6 2.82789e-08 0
-5.5 4.93506e-08 0
-5.4 1.02136e-07 0
-5.3 5.81774e-09 0
-5.2 9.27867e-08 0
-5.1 8.37952e-08 0
-5 5.3057e-08 0
-4.9 1.37931e-07 0
-4.8 5.71054e-08 0
-4.7 8.34367e-08 0
-4.6 1.30654e-07 0
-4.5 3.25058e-07 0
-4.4 1.0105e-07 0
-4.3 1.79592e-07 0
-4.2 7.04253e-08 0
-4.1 7.21849e-08 0
-4 2.03113e-08 0
-3.9 4.40033e-08 0
-3.8 2.60594e-08 0
-3.7 8.91285e-09 0
-3.6 2.84466e-08 0
-3.5 2.09314e-08 0
-3.4 1.18399e-07 0
-3.3 1.55044e-07 0
-3.2 1.80612e-07 0
-3.1 0 0
-3 2.46215e-22 0
-2.9 5.54427e-08 0
-2.8 3.47098e-08 0
-2.7 6.16185e-08 0
-2.6 2.96477e-08 0
-2.5 5.10175e-08 0
-2.4 1.51516e-08 0
-2.3 1.19128e-07 0
-2.2 1.05879e-21 0
-2.1 1.31214e-07 0
-2 1.38599e-07 0
-1.9 1.37625e-07 0
-1.8 5.83924e-08 0
-1.7 1.02009e-07 0
-1.6 6.63545e-09 0
-1.5 7.83051e-08 0
-1.4 2.68053e-08 0
-1.3 2.38228e-22 0
-1.2 0 0
-1.1 0 0
-1 9.33803e-09 0
-0.9 3.04207e-09 0
-0.8 8.0736e-09 0
-0.7 5.1824e-08 0
-0.6 3.62383e-22 0
-0.5 4.08007e-08 0
-0.4 1.54669e-07 0
-0.3 1.37643e-21 0
-0.2 0 0
-0.1 1.2988e-23 0
8.88178e-16 1.46232e-09 0
0.1 5.93871e-10 0
0.2 5.51548e-08 0
0.3 4.29367e-08 0
0.4 9.81428e-09 0
0.5 1.25195e-08 0
0.6 8.45451e-08 0
0.7 7.54389e-22 0
0.8 0 0
0.9 2.93301e-09 0
1 0 0
1.1 0 0
1.2 2.91904e-09 0
1.3 2.99573e-08 0
1.4 1.65226e-08 0
1.5 0 0
1.6 0 0
1.7 3.31086e-09 0
1.8 0 0
1.9 2.78072e-22 0
2 3.13081e-08 0
2.1 2.28794e-08 0
2.2 2.05141e-22 0
2.3 0 0
2.4 3.07514e-08 0
2.5 8.02918e-23 0
2.6 9.04005e-09 0
2.7 7.94093e-23 0
2.8 3.05903e-09 0
2.9 0 0
3 0 0
3.1 0 0
3.2 0 0
3.3 0 0
3.4 0 0
3.5 0 0
3.6 0 0
3.7 0 0
3.8 7.69129e-09 0
3.9 0 0
4 0 0
4.1 0 0
4.2 0 0
4.3 0 0
4.4 0 0
4.5 0 0
4.6 0 0
4.7 0 0
4.8 0 0
4.9 0 0
5 0 0
5.1 0 0
5.2 0 0
5.3 0 0
5.4 0 0
5.5 0 0
5.6 0 0
5.7 0 0
5.8 0 0
5.9 0 0
6 0 0
6.1 0 0
6.2 0 0
6.3 0 0
6.4 0 0
6.5 0 0
6.6 0 0
6.7 0 0
6.8 0 0
6.9 0 0
7 0 0
7.1 0 0
7.2 0 0
7.3 0 0
7.4 0 0
7.5 0 0
7.6 0 0
7.7 0 0
7.8 0 0
7.9 0 0
8 0 0
8.1 0 0
8.2 0 0
8.3 0 0
8.4 0 0
8.5 0 0
8.6 0 0
8.7 0 0
8.8 0 0
8.9 0 0
9 0 0
9.1 0 0
9.2 0 0
9.3 0 0
9.4 0 0
9.5 0 0
9.6 0 0
9.7 0 0
9.8 0 0
9.9 0 0
10 0 0
10.1 0 0
10.2 0 0
