-10.2 4.80314e-07 0
-10.1 9.28493e-07 0
-10 1.00515e-06 0
-9.9 1.58913e-06 0
-9.8 1.10806e-06 0
-9.7 6.28041e-07 0
-9.6 3.62338e-07 0
-9.5 3.41039e-07 0
-9.4 1.68514e-06 0
-9.3 4.66876e-07 0
-9.2 4.12202e-07 0
-9.1 5.83827e-07 0
-9 2.06725e-07 0
-8.9 5.68585e-07 0
-8.8 1.24527e-06 0
-8.7 9.5759e-07 0
-8.6 1.38989e-06 0
-8.5 1.36089e-06 0
-8.4 7.24348e-07 0
-8.3 3.32761e-07 0
-8.2 4.19743e-07 0
-8.1 1.10576e-06 0
-8 9.97504e-07 0
-7.9 1.37222e-06 0
-7.8 1.69817e-06 0
-7.7 5.16804e-07 0
-7.6 1.26448e-06 0
-7.5 1.08096e-06 0
-7.4 9.33607e-07 0
-7.3 5.00767e-07 0
-7.2 8.92882e-07 0
-7.1 3.7844e-07 0
-7 1.1333e-07 0
-6.9 5.92186e-07 0
-6.8 8.37572e-07 0
-6.7 9.98143e-07 0
-6.6 1.53777e-06 0
-6.5 1.6652e-06 0
-6.4 2.37668e-06 0
-6.3 2.86662e-06 0
-6.2 2.27155e-06 0
-6.1 1.668e-06 0
-6 1.31803e-06 0
-5.9 2.00942e-06 0
-5.8 9.10849e-07 0
-5.7 1.01438e-06 0
-5.6 5.58182e-07 0
-5.5 1.63419e-06 0
-5.4 9.71507e-07 0
-5.3 9.2524e-07 0
-5.2 1.31173e-06 0
-5.1 9.67805e-07 0
-5 1.01511e-06 0
-4.9 9.09635e-07 0
-4.8 8.84827e-07 0
-4.7 9.35868e-07 0
-4.6 8.09339e-07 0
-4.5 1.65422e-06 0
-4.4 1.31023e-06 0
-4.3 1.11771e-06 0
-4.2 7.89766e-07 0
-4.1 6.49217e-07 0
-4 8.61876e-07 0
-3.9 7.14768e-07 0
-3.8 6.82747e-07 0
-3.7 1.03973e-06 0
-3.6 1.61728e-06 0
-3.5 4.3765e-07 0
-3.4 8.19396e-07 0
-3.3 1.06686e-06 0
-3.2 5.26668e-07 0
-3.1 8.50775e-08 0
-3 1.01931e-06 0
-2.9 6.6184e-07 0
-2.8 1.1513e-06 0
-2.7 9.7457e-07 0
-2.6 6.35972e-07 0
-2.5 1.20634e-07 0
-2.4 6.16372e-08 0
-2.3 2.21716e-07 0
-2.2 7.87408e-07 0
-2.1 9.97358e-07 0
-2 3.05625e-07 0
-1.9 2.51189e-07 0
-1.8 2.32479e-07 0
-1.7 7.17059e-07 0
-1.6 9.26466e-07 0
-1.5 4.63373e-07 0
-1.4 7.08949e-07 0
-1.3 8.42818e-07 0
-1.2 5.79322e-07 0
-1.1 4.89579e-07 0
-1 8.55067e-07 0
-0.9 1.27828e-07 0
-0.8 3.14981e-07 0
-0.7 1.16184e-06 0
-0.6 6.395e-07 0
-0.5 9.00414e-07 0
-0.4 5.32494e-07 0
-0.3 6.91217e-07 0
-0.2 1.49562e-07 0
-0.1 4.82713e-07 0
8.88178e-16 8.72004e-07 0
0.1 1.41575e-06 0
0.2 1.65721e-06 0
0.3 2.75851e-07 0
0.4 7.26517e-07 0
0.5 7.05923e-07 0
0.6 1.28593e-06 0
0.7 4.92038e-07 0
0.8 8.2757e-07 0
0.9 1.16385e-06 0
1 3.92123e-07 0
1.1 3.57994e-07 0
1.2 3.94741e-07 0
1.3 5.74415e-07 0
1.4 9.86594e-07 0
1.5 2.16705e-07 0
1.6 3.80181e-07 0
1.7 4.05807e-07 0
1.8 3.66743e-07 0
1.9 5.68128e-07 0
2 6.46392e-07 0
2.1 5.37082e-07 0
2.2 9.70685e-07 0
2.3 3.7124e-07 0
2.4 3.79744e-07 0
2.5 3.81265e-11 0
2.6 1.3693e-07 0
2.7 3.99357e-08 0
2.8 0 0
2.9 4.38558e-25 0
3 4.93773e-11 0
3.1 4.3944e-25 0
3.2 8.88155e-08 0
3.3 3.56418e-11 0
3.4 1.29232e-08 0
3.5 2.38928e-07 0
3.6 2.15882e-11 0
3.7 7.6985e-08 0
3.8 1.45273e-07 0
3.9 2.80752e-07 0
4 0 0
4.1 0 0
4.2 0 0
4.3 3.43559e-11 0
4.4 0 0
4.5 0 0
4.6 0 0
4.7 4.83656e-11 0
4.8 0 0
4.9 0 0
5 0 0
5.1 0 0
5.2 4.84497e-11 0
5.3 0 0
5.4 9.48506e-11 0
5.5 4.53742e-22 0
5.6 5.10868e-08 0
5.7 4.56604e-22 0
5.8 0 0
5.9 0 0
6 0 0
6.1 0 0
6.2 3.70888e-11 0
6.3 0 0
6.4 0 0
6.5 3.35621e-11 0
6.6 3.2383e-11 0
6.7 0 0
6.8 0 0
6.9 1.82682e-07 0
7 2.74947e-07 0
7.1 2.73079e-07 0
7.2 6.74552e-08 0
7.3 4.89272e-11 0
7.4 8.72417e-25 0
7.5 0 0
7.6 0 0
7.7 0 0
7.8 0 0
7.9 0 0
8 4.81217e-11 0
8.1 4.12668e-11 0
8.2 0 0
8.3 0 0
8.4 0 0
8.5 0 0
8.6 4.51634e-11 0
8.7 8.41583e-25 0
8.8 4.73769e-11 0
8.9 0 0
9 0 0
9.1 0 0
9.2 0 0
9.3 0 0
9.4 0 0
9.5 0 0
9.6 0 0
9.7 0 0
9.8 0 0
9.9 0 0
10 0 0
10.1 0 0
10.2 0 0
