-10.2 8.32158 0
-10.1 9.3781 0
-10 9.93691 0
-9.9 10.1085 0
-9.8 10.2746 0
-9.7 10.3017 0
-9.6 10.6068 0
-9.5 10.4572 0
-9.4 10.8561 0
-9.3 10.4074 0
-9.2 10.6789 0
-9.1 10.8864 0
-9 11.018 0
-8.9 10.8852 0
-8.8 10.9503 0
-8.7 11.2134 0
-8.6 10.9879 0
-8.5 11.3804 0
-8.4 11.792 0
-8.3 11.4165 0
-8.2 11.1187 0
-8.1 11.6211 0
-8 11.5663 0
-7.9 11.9158 0
-7.8 12.0167 0
-7.7 11.5058 0
-7.6 11.6174 0
-7.5 12.3437 0
-7.4 12.2702 0
-7.3 11.7867 0
-7.2 11.8145 0
-7.1 12.422 0
-7 12.6768 0
-6.9 12.4195 0
-6.8 12.5593 0
-6.7 12.818 0
-6.6 12.9456 0
-6.5 12.1237 0
-6.4 13.2177 0
-6.3 13.854 0
-6.2 13.7456 0
-6.1 13.3984 0
-6 13.5844 0
-5.9 13.7975 0
-5.8 13.559 0
-5.7 13.5705 0
-5.6 14.2501 0
-5.5 15.006 0
-5.4 15.1685 0
-5.3 15.5362 0
-5.2 15.9115 0
-5.1 17.4934 0
-5 19.6353 0
-4.9 24.0113 0
-4.8 27.036 0
-4.7 28.2727 0
-4.6 27.6043 0
-4.5 26.2263 0
-4.4 26.132 0
-4.3 26.4231 0
-4.2 27.4427 0
-4.1 27.6835 0
-4 27.91 0
-3.9 27.1628 0
-3.8 27.6433 0
-3.7 27.4207 0
-3.6 27.3121 0
-3.5 27.6384 0
-3.4 27.9546 0
-3.3 28.0598 0
-3.2 27.8067 0
-3.1 28.8396 0
-3 29.8165 0
-2.9 28.5853 0
-2.8 28.7463 0
-2.7 28.8626 0
-2.6 30.2075 0
-2.5 28.5172 0
-2.4 29.3153 0
-2.3 28.9506 0
-2.2 28.8837 0
-2.1 29.1085 0
-2 29.8976 0
-1.9 29.311 0
-1.8 31.4979 0
-1.7 31.0209 0
-1.6 30.6644 0
-1.5 29.6193 0
-1.4 30.2802 0
-1.3 31.8297 0
-1.2 30.5565 0
-1.1 30.0353 0
-1 31.6821 0
-0.9 32.7634 0
-0.8 32.2677 0
-0.7 30.6158 0
-0.6 30.5838 0
-0.5 31.778 0
-0.4 32.7478 0
-0.3 33.893 0
-0.2 32.2749 0
-0.1 31.9018 0
8.88178e-16 32.6344 0
0.1 34.0008 0
0.2 32.7271 0
0.3 31.9158 0
0.4 34.766 0
0.5 35.2017 0
0.6 35.3928 0
0.7 35.0048 0
0.8 35.8112 0
0.9 35.8302 0
1 39.2029 0
1.1 38.4011 0
1.2 38.4577 0
1.3 34.8421 0
1.4 35.7983 0
1.5 38.1379 0
1.6 38.8492 0
1.7 38.5861 0
1.8 36.6609 0
1.9 39.7814 0
2 40.8404 0
2.1 42.9189 0
2.2 41.9843 0
2.3 39.7672 0
2.4 41.271 0
2.5 43.5408 0
2.6 44.6928 0
2.7 44.1455 0
2.8 43.8632 0
2.9 43.3527 0
3 46.8846 0
3.1 45.8238 0
3.2 48.2989 0
3.3 51.6027 0
3.4 46.265 0
3.5 48.7032 0
3.6 47.0852 0
3.7 50.5318 0
3.8 55.5707 0
3.9 55.6189 0
4 54.0977 0
4.1 50.5022 0
4.2 53.8881 0
4.3 58.4351 0
4.4 60.2939 0
4.5 63.3378 0
4.6 64.9483 0
4.7 63.4554 0
4.8 68.1566 0
4.9 80.0898 0
5 94.4923 0
5.1 103.114 0
5.2 114.879 0
5.3 123.62 0
5.4 143.004 0
5.5 151.563 0
5.6 157.726 0
5.7 171.239 0
5.8 466.36 0
5.9 567.945 0
6 579.404 0
6.1 199.567 0
6.2 120.803 0
6.3 104.738 0
6.4 299.213 0
6.5 689.833 0
6.6 203.535 0
6.7 289.853 0
6.8 225.221 0
6.9 154.619 0
7 137.156 0
7.1 174.707 0
7.2 112.959 0
7.3 103.662 0
7.4 201.21 0
7.5 139.175 0
7.6 157.333 0
7.7 442.265 0
7.8 258.393 0
7.9 140.781 0
8 179.284 0
8.1 114.298 0
8.2 117.352 0
8.3 96.8738 0
8.4 58.8263 0
8.5 140.212 0
8.6 103.595 0
8.7 258.87 0
8.8 236.439 0
8.9 162.814 0
9 180.021 0
9.1 211.888 0
9.2 16.1849 0
9.3 27.3207 0
9.4 77.6151 0
9.5 23.6118 0
9.6 145.402 0
9.7 81.3724 0
9.8 119.6 0
9.9 84.8095 0
10 67.5453 0
10.1 61.5078 0
10.2 152.135 0
