-10.2 7.41415 0
-10.1 8.29661 0
-10 8.29415 0
-9.9 8.25337 0
-9.8 8.4828 0
-9.7 8.39893 0
-9.6 8.54445 0
-9.5 8.54142 0
-9.4 8.58202 0
-9.3 8.46493 0
-9.2 8.51089 0
-9.1 8.55635 0
-9 8.70091 0
-8.9 8.68541 0
-8.8 8.74769 0
-8.7 8.74515 0
-8.6 8.7673 0
-8.5 8.81102 0
-8.4 8.95511 0
-8.3 9.03504 0
-8.2 9.03867 0
-8.1 9.04387 0
-8 9.02744 0
-7.9 9.14441 0
-7.8 9.27538 0
-7.7 9.42632 0
-7.6 9.40185 0
-7.5 9.50304 0
-7.4 9.30429 0
-7.3 9.47834 0
-7.2 9.63609 0
-7.1 9.65958 0
-7 9.91534 0
-6.9 9.90883 0
-6.8 10.0804 0
-6.7 10.1258 0
-6.6 10.2403 0
-6.5 10.232 0
-6.4 10.4561 0
-6.3 10.5189 0
-6.2 10.7906 0
-6.1 10.9104 0
-6 11.1075 0
-5.9 11.1802 0
-5.8 11.4609 0
-5.7 11.6571 0
-5.6 11.8378 0
-5.5 12.2214 0
-5.4 12.7092 0
-5.3 13.3371 0
-5.2 14.0286 0
-5.1 15.5586 0
-5 18.0559 0
-4.9 22.4464 0
-4.8 25.6485 0
-4.7 26.9109 0
-4.6 26.2073 0
-4.5 24.7223 0
-4.4 24.8866 0
-4.3 24.7815 0
-4.2 25.6766 0
-4.1 26.2248 0
-4 26.8286 0
-3.9 25.8493 0
-3.8 26.118 0
-3.7 25.9109 0
-3.6 26.0849 0
-3.5 26.0085 0
-3.4 26.6003 0
-3.3 26.3995 0
-3.2 26.2731 0
-3.1 27.1692 0
-3 27.7352 0
-2.9 27.2651 0
-2.8 27.0242 0
-2.7 27.7318 0
-2.6 28.5528 0
-2.5 27.4762 0
-2.4 28.0015 0
-2.3 27.6771 0
-2.2 27.6521 0
-2.1 28.0006 0
-2 28.4615 0
-1.9 27.6877 0
-1.8 30.0132 0
-1.7 29.5056 0
-1.6 29.7751 0
-1.5 28.191 0
-1.4 28.8563 0
-1.3 30.2891 0
-1.2 29.4242 0
-1.1 28.5068 0
-1 30.1473 0
-0.9 31.1204 0
-0.8 30.9776 0
-0.7 29.2617 0
-0.6 29.0645 0
-0.5 30.3506 0
-0.4 31.6897 0
-0.3 32.6213 0
-0.2 30.8621 0
-0.1 30.6734 0
8.88178e-16 31.436 0
0.1 32.7112 0
0.2 31.59 0
0.3 30.3032 0
0.4 33.7285 0
0.5 34.3273 0
0.6 33.8677 0
0.7 33.7706 0
0.8 34.6309 0
0.9 34.5732 0
1 37.6224 0
1.1 37.1648 0
1.2 36.9305 0
1.3 33.0519 0
1.4 34.5306 0
1.5 36.8845 0
1.6 37.14 0
1.7 37.4926 0
1.8 35.6858 0
1.9 38.3616 0
2 39.6628 0
2.1 41.9651 0
2.2 40.5076 0
2.3 39.0824 0
2.4 40.4386 0
2.5 42.3603 0
2.6 43.8308 0
2.7 42.8781 0
2.8 42.7816 0
2.9 42.1247 0
3 44.9997 0
3.1 44.4388 0
3.2 47.1072 0
3.3 50.31 0
3.4 45.3502 0
3.5 47.6245 0
3.6 46.0514 0
3.7 48.8775 0
3.8 54.3602 0
3.9 55.1267 0
4 53.3079 0
4.1 49.3554 0
4.2 52.5027 0
4.3 57.4499 0
4.4 59.5471 0
4.5 62.657 0
4.6 63.0609 0
4.7 62.8952 0
4.8 67.4412 0
4.9 80.1931 0
5 94.375 0
5.1 102.058 0
5.2 114.837 0
5.3 124.365 0
5.4 142.002 0
5.5 148.816 0
5.6 157.139 0
5.7 1.39266e-12 0
5.8 401.939 0
5.9 7.16227e-12 0
6 0 0
6.1 0 0
6.2 0 0
6.3 0 0
6.4 0 0
6.5 0 0
6.6 0 0
6.7 0 0
6.8 0 0
6.9 0 0
7 0 0
7.1 0 0
7.2 0 0
7.3 0 0
7.4 0 0
7.5 0 0
7.6 0 0
7.7 0 0
7.8 0 0
7.9 0 0
8 0 0
8.1 0 0
8.2 0 0
8.3 0 0
8.4 0 0
8.5 0 0
8.6 0 0
8.7 0 0
8.8 0 0
8.9 0 0
9 0 0
9.1 0 0
9.2 0 0
9.3 0 0
9.4 0 0
9.5 0 0
9.6 0 0
9.7 0 0
9.8 0 0
9.9 0 0
10 0 0
10.1 0 0
10.2 0 0
