-10.2 0.0513529 0
-10.1 0.0518696 0
-10 0.0523056 0
-9.9 0.052783 0
-9.8 0.0530633 0
-9.7 0.053386 0
-9.6 0.0538697 0
-9.5 0.0540532 0
-9.4 0.0547378 0
-9.3 0.0546516 0
-9.2 0.055079 0
-9.1 0.0553266 0
-9 0.0556804 0
-8.9 0.0557735 0
-8.8 0.0561959 0
-8.7 0.0566156 0
-8.6 0.0569392 0
-8.5 0.0574134 0
-8.4 0.05781 0
-8.3 0.0577223 0
-8.2 0.0579427 0
-8.1 0.0585183 0
-8 0.0589995 0
-7.9 0.0594385 0
-7.8 0.0598845 0
-7.7 0.0599871 0
-7.6 0.0603257 0
-7.5 0.060902 0
-7.4 0.0613483 0
-7.3 0.0615171 0
-7.2 0.0621087 0
-7.1 0.0625857 0
-7 0.063151 0
-6.9 0.0635056 0
-6.8 0.0642864 0
-6.7 0.064746 0
-6.6 0.0651086 0
-6.5 0.0651738 0
-6.4 0.0665958 0
-6.3 0.0673802 0
-6.2 0.0677145 0
-6.1 0.0684085 0
-6 0.069034 0
-5.9 0.0699637 0
-5.8 0.0706675 0
-5.7 0.0715786 0
-5.6 0.0730704 0
-5.5 0.0744915 0
-5.4 0.0758978 0
-5.3 0.0772139 0
-5.2 0.0790988 0
-5.1 0.081524 0
-5 0.0842327 0
-4.9 0.0875404 0
-4.8 0.0884883 0
-4.7 0.0877682 0
-4.6 0.0856989 0
-4.5 0.0841567 0
-4.4 0.0834288 0
-4.3 0.0829217 0
-4.2 0.0828233 0
-4.1 0.0820089 0
-4 0.0807024 0
-3.9 0.079183 0
-3.8 0.0787659 0
-3.7 0.077966 0
-3.6 0.0769779 0
-3.5 0.0762896 0
-3.4 0.07584 0
-3.3 0.0746643 0
-3.2 0.0741595 0
-3.1 0.074014 0
-3 0.0730559 0
-2.9 0.0713745 0
-2.8 0.0707376 0
-2.7 0.0700021 0
-2.6 0.0693583 0
-2.5 0.0676946 0
-2.4 0.0671723 0
-2.3 0.0665695 0
-2.2 0.0655283 0
-2.1 0.0647631 0
-2 0.0641648 0
-1.9 0.0636251 0
-1.8 0.0635164 0
-1.7 0.0617757 0
-1.6 0.0606721 0
-1.5 0.0591102 0
-1.4 0.0589917 0
-1.3 0.0583343 0
-1.2 0.0569668 0
-1.1 0.0566119 0
-1 0.0562182 0
-0.9 0.0555634 0
-0.8 0.0541319 0
-0.7 0.0527894 0
-0.6 0.0520564 0
-0.5 0.0520881 0
-0.4 0.0515455 0
-0.3 0.0508647 0
-0.2 0.0497624 0
-0.1 0.0486956 0
8.88178e-16 0.0479255 0
0.1 0.0472492 0
0.2 0.04579 0
0.3 0.0451755 0
0.4 0.0454467 0
0.5 0.0445226 0
0.6 0.0433513 0
0.7 0.0425447 0
0.8 0.0419484 0
0.9 0.0415877 0
1 0.0413105 0
1.1 0.039476 0
1.2 0.0382337 0
1.3 0.0368316 0
1.4 0.0366624 0
1.5 0.0365708 0
1.6 0.0354291 0
1.7 0.0342985 0
1.8 0.0333396 0
1.9 0.0333507 0
2 0.0328362 0
2.1 0.031956 0
2.2 0.0301225 0
2.3 0.0289435 0
2.4 0.0287526 0
2.5 0.0282136 0
2.6 0.0273002 0
2.7 0.0258 0
2.8 0.0248885 0
2.9 0.0241869 0
3 0.0237302 0
3.1 0.0229765 0
3.2 0.022344 0
3.3 0.0212004 0
3.4 0.0194044 0
3.5 0.0186418 0
3.6 0.0180143 0
3.7 0.0177681 0
3.8 0.017069 0
3.9 0.0159253 0
4 0.0142602 0
4.1 0.0133847 0
4.2 0.0130978 0
4.3 0.0126719 0
4.4 0.0117009 0
4.5 0.0106686 0
4.6 0.0095975 0
4.7 0.00901153 0
4.8 0.00836763 0
4.9 0.0079059 0
5 0.0066867 0
5.1 0.00458403 0
5.2 0.00297751 0
5.3 0.0015327 0
5.4 0.000604363 0
5.5 0.000204581 0
5.6 6.08813e-05 0
5.7 1.85342e-05 0
5.8 3.34044e-06 0
5.9 1.50148e-06 0
6 1.2275e-06 0
6.1 2.14742e-05 0
6.2 1.76674e-05 0
6.3 7.33508e-05 0
6.4 7.35692e-06 0
6.5 7.28105e-07 0
6.6 1.50164e-05 0
6.7 8.28716e-06 0
6.8 1.20956e-05 0
6.9 2.69935e-05 0
7 2.5584e-05 0
7.1 1.62727e-05 0
7.2 2.57298e-05 0
7.3 2.1279e-05 0
7.4 9.09277e-06 0
7.5 4.32876e-05 0
7.6 2.01763e-05 0
7.7 4.68571e-06 0
7.8 2.94033e-05 0
7.9 2.67001e-05 0
8 1.23276e-05 0
8.1 2.4174e-05 0
8.2 2.28701e-05 0
8.3 3.23336e-05 0
8.4 4.39803e-05 0
8.5 6.86306e-05 0
8.6 3.99884e-05 0
8.7 1.04532e-05 0
8.8 2.30678e-05 0
8.9 5.18223e-06 0
9 1.01939e-05 0
9.1 7.32605e-06 0
9.2 3.90185e-06 0
9.3 3.96516e-06 0
9.4 4.60161e-06 0
9.5 5.34643e-06 0
9.6 8.36779e-06 0
9.7 1.49808e-05 0
9.8 5.91514e-05 0
9.9 4.17981e-05 0
10 7.99917e-06 0
10.1 9.06928e-06 0
10.2 1.00558e-05 0
