-10.2 6.30076e-07 0
-10.1 4.32111e-07 0
-10 1.30822e-06 0
-9.9 9.06884e-07 0
-9.8 8.67311e-07 0
-9.7 8.31991e-07 0
-9.6 8.77783e-07 0
-9.5 5.21419e-07 0
-9.4 1.01179e-06 0
-9.3 1.07046e-06 0
-9.2 4.67544e-07 0
-9.1 9.93792e-07 0
-9 7.96719e-07 0
-8.9 8.3155e-07 0
-8.8 8.23416e-07 0
-8.7 6.92331e-07 0
-8.6 5.27743e-07 0
-8.5 8.94374e-07 0
-8.4 8.51684e-07 0
-8.3 3.41598e-07 0
-8.2 1.03701e-06 0
-8.1 5.63536e-07 0
-8 7.76442e-07 0
-7.9 7.59645e-07 0
-7.8 9.4198e-07 0
-7.7 7.49681e-07 0
-7.6 7.06387e-07 0
-7.5 1.04712e-06 0
-7.4 8.8801e-07 0
-7.3 7.89809e-07 0
-7.2 3.08709e-07 0
-7.1 4.78281e-07 0
-7 9.07856e-07 0
-6.9 9.7108e-07 0
-6.8 1.00644e-06 0
-6.7 6.38607e-07 0
-6.6 9.43726e-07 0
-6.5 8.08355e-07 0
-6.4 4.59263e-07 0
-6.3 1.50357e-06 0
-6.2 6.45946e-07 0
-6.1 5.28555e-07 0
-6 4.7234e-07 0
-5.9 6.28488e-07 0
-5.8 1.02873e-06 0
-5.7 6.76334e-07 0
-5.6 9.19757e-07 0
-5.5 1.31618e-06 0
-5.4 8.93773e-07 0
-5.3 6.84088e-07 0
-5.2 6.70354e-07 0
-5.1 9.57724e-07 0
-5 6.94852e-07 0
-4.9 7.41402e-07 0
-4.8 9.1566e-07 0
-4.7 4.9224e-07 0
-4.6 1.03988e-06 0
-4.5 7.29844e-07 0
-4.4 9.64073e-07 0
-4.3 7.89037e-07 0
-4.2 5.39989e-07 0
-4.1 9.14224e-07 0
-4 7.49294e-07 0
-3.9 7.774e-07 0
-3.8 5.74252e-07 0
-3.7 3.39342e-07 0
-3.6 8.56254e-07 0
-3.5 5.17497e-07 0
-3.4 6.5142e-07 0
-3.3 6.23368e-07 0
-3.2 7.63477e-07 0
-3.1 7.46557e-07 0
-3 7.74667e-07 0
-2.9 4.44453e-07 0
-2.8 6.35773e-07 0
-2.7 6.60739e-07 0
-2.6 7.25216e-07 0
-2.5 9.26835e-07 0
-2.4 6.21942e-07 0
-2.3 4.74622e-07 0
-2.2 4.44911e-07 0
-2.1 5.21777e-07 0
-2 4.81409e-07 0
-1.9 4.26344e-07 0
-1.8 5.96124e-07 0
-1.7 4.83104e-07 0
-1.6 6.51628e-07 0
-1.5 3.69133e-07 0
-1.4 4.62826e-07 0
-1.3 4.61358e-07 0
-1.2 5.28871e-07 0
-1.1 4.97588e-07 0
-1 4.52985e-07 0
-0.9 1.03878e-06 0
-0.8 3.77159e-07 0
-0.7 3.50881e-07 0
-0.6 2.7277e-07 0
-0.5 3.21788e-07 0
-0.4 3.23486e-07 0
-0.3 5.5774e-07 0
-0.2 5.95727e-07 0
-0.1 4.85938e-07 0
8.88178e-16 3.59242e-07 0
0.1 1.89281e-07 0
0.2 2.19758e-07 0
0.3 6.29414e-07 0
0.4 5.08211e-07 0
0.5 4.18141e-07 0
0.6 1.45618e-07 0
0.7 2.55404e-07 0
0.8 2.36088e-07 0
0.9 1.50264e-07 0
1 2.18852e-07 0
1.1 3.95342e-07 0
1.2 2.21472e-07 0
1.3 3.79361e-07 0
1.4 2.52914e-07 0
1.5 2.12141e-07 0
1.6 5.2726e-07 0
1.7 2.38482e-07 0
1.8 1.45649e-07 0
1.9 1.5782e-07 0
2 3.02982e-07 0
2.1 9.88255e-08 0
2.2 2.13987e-07 0
2.3 2.10179e-07 0
2.4 1.03462e-07 0
2.5 2.843e-07 0
2.6 1.1301e-07 0
2.7 3.71785e-07 0
2.8 4.69873e-07 0
2.9 3.02362e-07 0
3 9.00489e-08 0
3.1 2.76862e-08 0
3.2 1.83727e-07 0
3.3 9.12349e-08 0
3.4 1.75105e-08 0
3.5 1.11972e-07 0
3.6 6.85793e-08 0
3.7 5.37451e-08 0
3.8 1.0735e-07 0
3.9 1.1107e-07 0
4 1.67812e-08 0
4.1 1.11687e-07 0
4.2 5.4101e-08 0
4.3 7.60691e-08 0
4.4 6.18406e-08 0
4.5 7.83588e-22 0
4.6 8.82242e-08 0
4.7 2.70468e-08 0
4.8 2.2676e-08 0
4.9 1.78952e-08 0
5 7.0104e-08 0
5.1 7.65119e-08 0
5.2 9.93062e-10 0
5.3 5.93831e-09 0
5.4 3.53659e-08 0
5.5 2.45445e-22 0
5.6 2.76346e-08 0
5.7 2.44845e-22 0
5.8 0 0
5.9 0 0
6 0 0
6.1 0 0
6.2 0 0
6.3 0 0
6.4 0 0
6.5 0 0
6.6 0 0
6.7 0 0
6.8 0 0
6.9 0 0
7 0 0
7.1 0 0
7.2 0 0
7.3 0 0
7.4 1.79595e-08 0
7.5 0 0
7.6 0 0
7.7 0 0
7.8 0 0
7.9 0 0
8 0 0
8.1 0 0
8.2 0 0
8.3 0 0
8.4 0 0
8.5 0 0
8.6 0 0
8.7 5.24566e-08 0
8.8 0 0
8.9 0 0
9 0 0
9.1 0 0
9.2 0 0
9.3 0 0
9.4 0 0
9.5 0 0
9.6 0 0
9.7 0 0
9.8 0 0
9.9 0 0
10 0 0
10.1 0 0
10.2 0 0
