-10.2 0.056313 0
-10.1 0.056724 0
-10 0.0578499 0
-9.9 0.0582125 0
-9.8 0.0584046 0
-9.7 0.0585404 0
-9.6 0.0590273 0
-9.5 0.0589567 0
-9.4 0.0600033 0
-9.3 0.0596293 0
-9.2 0.0597781 0
-9.1 0.0605797 0
-9 0.060831 0
-8.9 0.0610455 0
-8.8 0.0614728 0
-8.7 0.0614338 0
-8.6 0.0619061 0
-8.5 0.0625644 0
-8.4 0.0629692 0
-8.3 0.0623425 0
-8.2 0.0631198 0
-8.1 0.0635331 0
-8 0.0641318 0
-7.9 0.0648082 0
-7.8 0.0653367 0
-7.7 0.0650929 0
-7.6 0.0653774 0
-7.5 0.0660775 0
-7.4 0.0665307 0
-7.3 0.0664552 0
-7.2 0.0666741 0
-7.1 0.0674624 0
-7 0.0683334 0
-6.9 0.0688127 0
-6.8 0.0693605 0
-6.7 0.0697041 0
-6.6 0.0703126 0
-6.5 0.0702858 0
-6.4 0.0714252 0
-6.3 0.0729533 0
-6.2 0.0725578 0
-6.1 0.0729558 0
-6 0.0736225 0
-5.9 0.0747328 0
-5.8 0.0756159 0
-5.7 0.0760365 0
-5.6 0.0776166 0
-5.5 0.0794566 0
-5.4 0.0804046 0
-5.3 0.081526 0
-5.2 0.083375 0
-5.1 0.0859465 0
-5 0.0885759 0
-4.9 0.091849 0
-4.8 0.0930499 0
-4.7 0.0919687 0
-4.6 0.0900819 0
-4.5 0.0886287 0
-4.4 0.0875457 0
-4.3 0.0870689 0
-4.2 0.0866275 0
-4.1 0.0859782 0
-4 0.0843949 0
-3.9 0.0829707 0
-3.8 0.0823578 0
-3.7 0.0812838 0
-3.6 0.0806866 0
-3.5 0.079641 0
-3.4 0.0793539 0
-3.3 0.0782371 0
-3.2 0.0779304 0
-3.1 0.0773051 0
-3 0.0765057 0
-2.9 0.0745072 0
-2.8 0.0739479 0
-2.7 0.0732722 0
-2.6 0.072382 0
-2.5 0.0709073 0
-2.4 0.0701478 0
-2.3 0.0694096 0
-2.2 0.0682675 0
-2.1 0.0674862 0
-2 0.0669145 0
-1.9 0.0662884 0
-1.8 0.0661701 0
-1.7 0.064277 0
-1.6 0.0634063 0
-1.5 0.0615435 0
-1.4 0.0614091 0
-1.3 0.0606894 0
-1.2 0.0591801 0
-1.1 0.0587811 0
-1 0.0584826 0
-0.9 0.0581298 0
-0.8 0.056123 0
-0.7 0.0548789 0
-0.6 0.0538593 0
-0.5 0.0540673 0
-0.4 0.0535321 0
-0.3 0.0528775 0
-0.2 0.0515904 0
-0.1 0.0502399 0
8.88178e-16 0.0494422 0
0.1 0.0487224 0
0.2 0.047164 0
0.3 0.0469517 0
0.4 0.0470757 0
0.5 0.0461568 0
0.6 0.0447019 0
0.7 0.0438606 0
0.8 0.0432838 0
0.9 0.0428648 0
1 0.0424966 0
1.1 0.0407413 0
1.2 0.0393067 0
1.3 0.0380356 0
1.4 0.0377309 0
1.5 0.0376577 0
1.6 0.03664 0
1.7 0.0352759 0
1.8 0.0340885 0
1.9 0.0341855 0
2 0.0338411 0
2.1 0.0327152 0
2.2 0.0309382 0
2.3 0.0296675 0
2.4 0.0294419 0
2.5 0.0289361 0
2.6 0.0278869 0
2.7 0.026565 0
2.8 0.0256844 0
2.9 0.024773 0
3 0.0241277 0
3.1 0.0232923 0
3.2 0.0228153 0
3.3 0.0215871 0
3.4 0.0196406 0
3.5 0.0189951 0
3.6 0.0182743 0
3.7 0.0180592 0
3.8 0.0174139 0
3.9 0.0162206 0
4 0.0143745 0
4.1 0.0135845 0
4.2 0.0132441 0
4.3 0.0128591 0
4.4 0.0118366 0
4.5 0.010733 0
4.6 0.00976926 0
4.7 0.00910754 0
4.8 0.00845822 0
4.9 0.00798778 0
5 0.00680797 0
5.1 0.00472654 0
5.2 0.0030296 0
5.3 0.00156942 0
5.4 0.000677974 0
5.5 0.000223443 0
5.6 0.00011455 0
5.7 2.39057e-05 0
5.8 1.63732e-05 0
5.9 7.42727e-06 0
6 8.84395e-06 0
6.1 2.60172e-05 0
6.2 3.91784e-05 0
6.3 8.89947e-05 0
6.4 1.88476e-05 0
6.5 4.84333e-06 0
6.6 1.98503e-05 0
6.7 1.77603e-05 0
6.8 1.95099e-05 0
6.9 5.88342e-05 0
7 4.30338e-05 0
7.1 3.8948e-05 0
7.2 4.18741e-05 0
7.3 2.30211e-05 0
7.4 4.03617e-05 0
7.5 4.53658e-05 0
7.6 2.22217e-05 0
7.7 6.64422e-06 0
7.8 3.44812e-05 0
7.9 3.48839e-05 0
8 1.51202e-05 0
8.1 2.60346e-05 0
8.2 2.50059e-05 0
8.3 3.38624e-05 0
8.4 5.41328e-05 0
8.5 7.33696e-05 0
8.6 4.23803e-05 0
8.7 5.44871e-05 0
8.8 2.54335e-05 0
8.9 9.82301e-06 0
9 1.45133e-05 0
9.1 1.26268e-05 0
9.2 7.22811e-06 0
9.3 1.04311e-05 0
9.4 1.17138e-05 0
9.5 1.52037e-05 0
9.6 1.34679e-05 0
9.7 2.0381e-05 0
9.8 7.36359e-05 0
9.9 4.39122e-05 0
10 1.25729e-05 0
10.1 9.89162e-06 0
10.2 1.51948e-05 0
