-10.2 0.00837033 0
-10.1 0.00836877 0
-10 0.00836747 0
-9.9 0.00836279 0
-9.8 0.00835462 0
-9.7 0.00834616 0
-9.6 0.00834352 0
-9.5 0.00833444 0
-9.4 0.00833211 0
-9.3 0.00831762 0
-9.2 0.00831431 0
-9.1 0.00829689 0
-9 0.00828233 0
-8.9 0.00826709 0
-8.8 0.00825792 0
-8.7 0.00824901 0
-8.6 0.00823793 0
-8.5 0.00822914 0
-8.4 0.00821004 0
-8.3 0.00819202 0
-8.2 0.00817958 0
-8.1 0.00816673 0
-8 0.00815675 0
-7.9 0.00814225 0
-7.8 0.0081349 0
-7.7 0.00811705 0
-7.6 0.00810526 0
-7.5 0.00808907 0
-7.4 0.00808106 0
-7.3 0.00806131 0
-7.2 0.00805217 0
-7.1 0.00803231 0
-7 0.00801743 0
-6.9 0.00799999 0
-6.8 0.00799131 0
-6.7 0.00796367 0
-6.6 0.00793899 0
-6.5 0.00791299 0
-6.4 0.00791153 0
-6.3 0.00789385 0
-6.2 0.0078718 0
-6.1 0.00785943 0
-6 0.00783869 0
-5.9 0.00782252 0
-5.8 0.00780272 0
-5.7 0.00779245 0
-5.6 0.00777931 0
-5.5 0.00776934 0
-5.4 0.00775083 0
-5.3 0.00772911 0
-5.2 0.00770435 0
-5.1 0.00767541 0
-5 0.00763595 0
-4.9 0.0075823 0
-4.8 0.0074894 0
-4.7 0.00737248 0
-4.6 0.0072512 0
-4.5 0.0071443 0
-4.4 0.00704686 0
-4.3 0.00694536 0
-4.2 0.00684841 0
-4.1 0.00674519 0
-4 0.00662956 0
-3.9 0.00652615 0
-3.8 0.00643778 0
-3.7 0.00634251 0
-3.6 0.00624734 0
-3.5 0.00614593 0
-3.4 0.00605909 0
-3.3 0.00595068 0
-3.2 0.00586445 0
-3.1 0.00578087 0
-3 0.00567252 0
-2.9 0.00557072 0
-2.8 0.00547689 0
-2.7 0.0053821 0
-2.6 0.00528667 0
-2.5 0.00519364 0
-2.4 0.00511237 0
-2.3 0.00503003 0
-2.2 0.00493785 0
-2.1 0.0048512 0
-2 0.00476365 0
-1.9 0.0046815 0
-1.8 0.00459394 0
-1.7 0.0044899 0
-1.6 0.00439672 0
-1.5 0.00430392 0
-1.4 0.00422637 0
-1.3 0.00413932 0
-1.2 0.00405043 0
-1.1 0.00398247 0
-1 0.00389826 0
-0.9 0.00381801 0
-0.8 0.00373065 0
-0.7 0.00364724 0
-0.6 0.00357178 0
-0.5 0.00350235 0
-0.4 0.00342447 0
-0.3 0.0033462 0
-0.2 0.0032643 0
-0.1 0.00317321 0
8.88178e-16 0.00308507 0
0.1 0.00299874 0
0.2 0.00291438 0
0.3 0.00284518 0
0.4 0.00277845 0
0.5 0.00269814 0
0.6 0.00261877 0
0.7 0.00254988 0
0.8 0.0024795 0
0.9 0.00241438 0
1 0.00234121 0
1.1 0.0022576 0
1.2 0.00217909 0
1.3 0.00211782 0
1.4 0.00205737 0
1.5 0.00199466 0
1.6 0.00192097 0
1.7 0.00185004 0
1.8 0.00178732 0
1.9 0.00173021 0
2 0.00166253 0
2.1 0.00159091 0
2.2 0.00151644 0
2.3 0.00145391 0
2.4 0.00140062 0
2.5 0.00134151 0
2.6 0.00127429 0
2.7 0.00120858 0
2.8 0.00114968 0
2.9 0.0010948 0
3 0.00104312 0
3.1 0.000987517 0
3.2 0.000931751 0
3.3 0.000867234 0
3.4 0.000808918 0
3.5 0.000759417 0
3.6 0.00071768 0
3.7 0.00067378 0
3.8 0.000621285 0
3.9 0.000569472 0
4 0.000516825 0
4.1 0.000477206 0
4.2 0.000441877 0
4.3 0.000401412 0
4.4 0.000357317 0
4.5 0.000313162 0
4.6 0.000273987 0
4.7 0.000240653 0
4.8 0.000205227 0
4.9 0.000167451 0
5 0.000122953 0
5.1 7.7584e-05 0
5.2 4.5101e-05 0
5.3 2.0936e-05 0
5.4 7.40001e-06 0
5.5 2.32762e-06 0
5.6 6.05313e-07 0
5.7 1.77381e-07 0
5.8 7.76901e-09 0
5.9 2.75937e-09 0
6 2.18985e-09 0
6.1 1.47769e-07 0
6.2 2.55553e-07 0
6.3 1.45584e-06 0
6.4 3.24071e-08 0
6.5 1.21119e-09 0
6.6 1.10815e-07 0
6.7 3.70324e-08 0
6.8 1.05649e-07 0
6.9 4.12731e-07 0
7 4.74865e-07 0
7.1 3.53185e-07 0
7.2 4.37762e-07 0
7.3 3.17145e-07 0
7.4 8.97305e-08 0
7.5 5.41281e-07 0
7.6 2.07378e-07 0
7.7 1.20895e-08 0
7.8 2.55982e-07 0
7.9 4.29816e-07 0
8 2.76845e-07 0
8.1 4.12072e-07 0
8.2 4.8382e-07 0
8.3 7.12918e-07 0
8.4 1.28731e-06 0
8.5 1.30304e-06 0
8.6 8.92003e-07 0
8.7 3.04294e-07 0
8.8 3.78597e-07 0
8.9 2.8452e-07 0
9 3.09125e-07 0
9.1 2.88757e-07 0
9.2 2.82102e-07 0
9.3 2.81829e-07 0
9.4 2.81378e-07 0
9.5 2.80104e-07 0
9.6 2.88138e-07 0
9.7 4.36324e-07 0
9.8 1.18101e-06 0
9.9 8.71223e-07 0
10 2.80533e-07 0
10.1 2.80124e-07 0
10.2 2.22388e-07 0
