-4.32 0 0
-4.22 8.29831 0
-4.12 8.37357 0
-4.02 8.45433 0
-3.92 8.54038 0
-3.82 8.63285 0
-3.72 8.72846 0
-3.62 8.8434 0
-3.52 8.95465 0
-3.42 9.06736 0
-3.32 9.17619 0
-3.22 9.3352 0
-3.12 9.47998 0
-3.02 9.67571 0
-2.92 9.91517 0
-2.82 10.1676 0
-2.72 10.469 0
-2.62 10.7444 0
-2.52 10.7364 0
-2.42 10.7097 0
-2.32 10.7666 0
-2.22 10.9094 0
-2.12 11.0206 0
-2.02 11.1574 0
-1.92 11.2857 0
-1.82 11.3354 0
-1.72 11.4292 0
-1.62 11.5747 0
-1.52 11.6942 0
-1.42 11.8133 0
-1.32 11.9046 0
-1.22 12.0681 0
-1.12 12.113 0
-1.02 12.2278 0
-0.92 12.4024 0
-0.82 12.6141 0
-0.72 12.6346 0
-0.62 12.7886 0
-0.52 12.9478 0
-0.42 13.149 0
-0.32 13.2709 0
-0.22 13.4638 0
-0.12 13.7369 0
-0.02 14.0367 0
0.08 14.1936 0
0.18 14.3943 0
0.28 14.644 0
0.38 14.8256 0
0.48 15.1936 0
0.58 15.395 0
0.68 15.6683 0
0.78 16.0308 0
0.88 16.4023 0
0.98 16.6104 0
1.08 16.9335 0
1.18 17.2809 0
1.28 17.7574 0
1.38 18.4475 0
1.48 18.8952 0
1.58 19.2206 0
1.68 19.7933 0
1.78 20.5946 0
1.88 21.6765 0
1.98 22.5183 0
2.08 23.374 0
2.18 24.5777 0
2.28 26.2168 0
2.38 28.0532 0
2.48 29.9905 0
2.58 31.9638 0
2.68 35.3732 0
2.78 39.5412 0
2.88 43.518 0
2.98 48.1869 0
3.08 51.0142 0
3.18 51.9434 0
3.28 52.1792 0
3.38 52.7031 0
3.48 55.437 0
3.58 60.2012 0
3.68 64.4339 0
3.78 67.8672 0
3.88 73.905 0
3.98 91.4181 0
4.08 113.054 0
4.18 1.00897e-12 0
4.28 0 0
4.38 0 0
4.48 0 0
4.58 0 0
4.68 0 0
4.78 0 0
4.88 0 0
4.98 0 0
5.08 0 0
5.18 0 0
5.28 0 0
5.38 0 0
5.48 0 0
5.58 0 0
5.68 0 0
5.78 0 0
5.88 0 0
5.98 0 0
6.08 0 0
6.18 0 0
6.28 0 0
6.38 0 0
6.48 0 0
6.58 0 0
6.68 0 0
6.78 0 0
6.88 0 0
6.98 0 0
7.08 0 0
7.18 0 0
7.28 0 0
7.38 0 0
7.48 0 0
7.58 0 0
7.68 0 0
7.78 0 0
7.88 0 0
7.98 0 0
8.08 0 0
8.18 0 0
8.28 0 0
8.38 0 0
8.48 0 0
8.58 0 0
8.68 0 0
8.78 0 0
8.88 0 0
8.98 0 0
9.08 0 0
9.18 0 0
9.28 0 0
9.38 0 0
9.48 0 0
9.58 0 0
9.68 0 0
9.78 0 0
9.88 0 0
9.98 0 0
10.08 0 0
10.18 0 0
10.28 0 0
10.38 0 0
10.48 0 0
10.58 0 0
10.68 0 0
10.78 0 0
10.88 0 0
10.98 0 0
11.08 0 0
11.18 0 0
11.28 0 0
11.38 0 0
11.48 0 0
11.58 0 0
11.68 0 0
11.78 0 0
11.88 0 0
11.98 0 0
12.08 0 0
12.18 0 0
12.28 0 0
12.38 0 0
12.48 0 0
12.58 0 0
12.68 0 0
12.78 0 0
12.88 0 0
12.98 0 0
13.08 0 0
13.18 0 0
13.28 0 0
13.38 0 0
13.48 0 0
13.58 0 0
13.68 0 0
13.78 0 0
13.88 0 0
13.98 0 0
14.08 0 0
14.18 0 0
14.28 0 0
14.38 0 0
14.48 0 0
14.58 0 0
14.68 0 0
14.78 0 0
14.88 0 0
14.98 0 0
15.08 0 0
15.18 0 0
15.28 0 0
15.38 0 0
15.48 0 0
15.58 0 0
15.68 0 0
15.78 0 0
15.88 0 0
15.98 0 0
16.08 0 0
