-4.32 0 0
-4.22 3.26108e-20 0
-4.12 4.92667e-05 0
-4.02 0 0
-3.92 2.59949e-05 0
-3.82 2.33781e-19 0
-3.72 1.20855e-05 0
-3.62 8.25114e-06 0
-3.52 0 0
-3.42 0 0
-3.32 0 0
-3.22 0 0
-3.12 3.82668e-07 0
-3.02 1.91357e-06 0
-2.92 9.7797e-06 0
-2.82 2.2934e-05 0
-2.72 0 0
-2.62 5.91902e-05 0
-2.52 2.93799e-05 0
-2.42 2.03292e-05 0
-2.32 1.82588e-05 0
-2.22 8.88669e-06 0
-2.12 0 0
-2.02 0 0
-1.92 0 0
-1.82 2.35058e-05 0
-1.72 5.0822e-20 0
-1.62 4.37594e-20 0
-1.52 1.97075e-05 0
-1.42 0 0
-1.32 9.34555e-06 0
-1.22 2.03288e-20 0
-1.12 1.24638e-05 0
-1.02 5.58674e-05 0
-0.92 0 0
-0.82 0 0
-0.72 0 0
-0.62 1.82122e-20 0
-0.52 8.20207e-06 0
-0.42 0 0
-0.32 0 0
-0.22 0 0
-0.12 0 0
-0.02 0 0
0.08 0 0
0.18 0 0
0.28 0 0
0.38 0 0
0.48 0 0
0.58 7.00294e-06 0
0.68 3.13402e-20 0
0.78 6.45971e-06 0
0.88 2.96613e-20 0
0.98 6.67914e-06 0
1.08 0 0
1.18 0 0
1.28 1.59357e-05 0
1.38 0 0
1.48 0 0
1.58 0 0
1.68 0 0
1.78 0 0
1.88 0 0
1.98 0 0
2.08 0 0
2.18 0 0
2.28 0 0
2.38 0 0
2.48 0 0
2.58 0 0
2.68 0 0
2.78 0 0
2.88 0 0
2.98 0 0
3.08 0 0
3.18 0 0
3.28 0 0
3.38 0 0
3.48 0 0
3.58 0 0
3.68 0 0
3.78 0 0
3.88 0 0
3.98 0 0
4.08 0 0
4.18 0 0
4.28 0 0
4.38 0 0
4.48 0 0
4.58 0 0
4.68 0 0
4.78 0 0
4.88 0 0
4.98 0 0
5.08 0 0
5.18 0 0
5.28 0 0
5.38 0 0
5.48 0 0
5.58 0 0
5.68 0 0
5.78 0 0
5.88 0 0
5.98 0 0
6.08 0 0
6.18 0 0
6.28 0 0
6.38 0 0
6.48 0 0
6.58 0 0
6.68 0 0
6.78 0 0
6.88 0 0
6.98 0 0
7.08 0 0
7.18 0 0
7.28 0 0
7.38 0 0
7.48 0 0
7.58 0 0
7.68 0 0
7.78 0 0
7.88 0 0
7.98 0 0
8.08 0 0
8.18 0 0
8.28 0 0
8.38 0 0
8.48 0 0
8.58 0 0
8.68 0 0
8.78 0 0
8.88 0 0
8.98 0 0
9.08 0 0
9.18 0 0
9.28 0 0
9.38 0 0
9.48 0 0
9.58 0 0
9.68 0 0
9.78 0 0
9.88 0 0
9.98 0 0
10.08 0 0
10.18 0 0
10.28 0 0
10.38 0 0
10.48 0 0
10.58 0 0
10.68 0 0
10.78 0 0
10.88 0 0
10.98 0 0
11.08 0 0
11.18 0 0
11.28 0 0
11.38 3.9267e-19 0
11.48 2.21053e-05 0
11.58 3.93023e-19 0
11.68 0 0
11.78 0 0
11.88 0 0
11.98 0 0
12.08 0 0
12.18 0 0
12.28 0 0
12.38 0 0
12.48 0 0
12.58 0 0
12.68 0 0
12.78 0 0
12.88 0 0
12.98 0 0
13.08 0 0
13.18 0 0
13.28 0 0
13.38 0 0
13.48 0 0
13.58 0 0
13.68 0 0
13.78 0 0
13.88 0 0
13.98 0 0
14.08 0 0
14.18 0 0
14.28 0 0
14.38 0 0
14.48 0 0
14.58 0 0
14.68 0 0
14.78 0 0
14.88 0 0
14.98 0 0
15.08 0 0
15.18 0 0
15.28 0 0
15.38 0 0
15.48 0 0
15.58 0 0
15.68 0 0
15.78 0 0
15.88 0 0
15.98 0 0
16.08 0 0
