-4.32 0 0
-4.22 0.00795228 0
-4.12 0.00796997 0
-4.02 0.00801427 0
-3.92 0.00795823 0
-3.82 0.00795546 0
-3.72 0.00799015 0
-3.62 0.00798565 0
-3.52 0.00798333 0
-3.42 0.0079229 0
-3.32 0.00793191 0
-3.22 0.00796115 0
-3.12 0.00793414 0
-3.02 0.00791919 0
-2.92 0.00791166 0
-2.82 0.00793748 0
-2.72 0.00789093 0
-2.62 0.00789378 0
-2.52 0.00780751 0
-2.42 0.00771575 0
-2.32 0.0076602 0
-2.22 0.00768822 0
-2.12 0.0075665 0
-2.02 0.00750507 0
-1.92 0.00747807 0
-1.82 0.00738498 0
-1.72 0.00732457 0
-1.62 0.00727786 0
-1.52 0.00722136 0
-1.42 0.00714573 0
-1.32 0.00703983 0
-1.22 0.00699932 0
-1.12 0.00692876 0
-1.02 0.00685867 0
-0.92 0.00682664 0
-0.82 0.00674441 0
-0.72 0.00666391 0
-0.62 0.00660779 0
-0.52 0.00652331 0
-0.42 0.00643949 0
-0.32 0.00636334 0
-0.22 0.00632587 0
-0.12 0.0062394 0
-0.02 0.00619284 0
0.08 0.00611035 0
0.18 0.00598939 0
0.28 0.00594045 0
0.38 0.00582453 0
0.48 0.00571691 0
0.58 0.00564019 0
0.68 0.00555432 0
0.78 0.00541259 0
0.88 0.00530899 0
0.98 0.0051811 0
1.08 0.00505012 0
1.18 0.00497102 0
1.28 0.00490973 0
1.38 0.00475708 0
1.48 0.00463426 0
1.58 0.00452333 0
1.68 0.00441982 0
1.78 0.00429248 0
1.88 0.00415674 0
1.98 0.0039571 0
2.08 0.00376775 0
2.18 0.00355617 0
2.28 0.00336466 0
2.38 0.00319797 0
2.48 0.00305096 0
2.58 0.00281068 0
2.68 0.00260196 0
2.78 0.00234436 0
2.88 0.00203055 0
2.98 0.00166478 0
3.08 0.00134844 0
3.18 0.00106491 0
3.28 0.000886339 0
3.38 0.00078738 0
3.48 0.000715339 0
3.58 0.000638404 0
3.68 0.000590882 0
3.78 0.000550733 0
3.88 0.000502232 0
3.98 0.000502869 0
4.08 0.00050861 0
4.18 0.000509067 0
4.28 0.000471368 0
4.38 0.000445994 0
4.48 0.000444965 0
4.58 0.000447211 0
4.68 0.000427243 0
4.78 0.000444879 0
4.88 0.000430434 0
4.98 0.000430734 0
5.08 0.000403032 0
5.18 0.000402279 0
5.28 0.000391148 0
5.38 0.000384635 0
5.48 0.000380962 0
5.58 0.000370562 0
5.68 0.000362882 0
5.78 0.000365139 0
5.88 0.000360332 0
5.98 0.000339262 0
6.08 0.000332485 0
6.18 0.000339253 0
6.28 0.000333604 0
6.38 0.000343356 0
6.48 0.000333793 0
6.58 0.000329684 0
6.68 0.000323031 0
6.78 0.000321321 0
6.88 0.000307438 0
6.98 0.000278086 0
7.08 0.000285336 0
7.18 0.000289738 0
7.28 0.000278387 0
7.38 0.000279432 0
7.48 0.000282258 0
7.58 0.000285879 0
7.68 0.000273803 0
7.78 0.000283143 0
7.88 0.000268696 0
7.98 0.0002819 0
8.08 0.0002654 0
8.18 0.000252831 0
8.28 0.000255602 0
8.38 0.000289734 0
8.48 0.000277238 0
8.58 0.000261756 0
8.68 0.000253176 0
8.78 0.000272557 0
8.88 0.000267096 0
8.98 0.000252064 0
9.08 0.000253478 0
9.18 0.000229776 0
9.28 0.000247938 0
9.38 0.000236574 0
9.48 0.00022396 0
9.58 0.000225132 0
9.68 0.000230347 0
9.78 0.000239392 0
9.88 0.000239134 0
9.98 0.000232806 0
10.08 0.000223844 0
10.18 0.000226385 0
10.28 0.000222755 0
10.38 0.000207002 0
10.48 0.000205351 0
10.58 0.000206843 0
10.68 0.000206385 0
10.78 0.000208356 0
10.88 0.000193969 0
10.98 0.000191144 0
11.08 0.000175767 0
11.18 0.000180361 0
11.28 0.000190373 0
11.38 0.000196477 0
11.48 0.000204276 0
11.58 0.000176239 0
11.68 0.000155987 0
11.78 0.000167644 0
11.88 0.000155716 0
11.98 0.000150752 0
12.08 0.000158719 0
12.18 0.0001621 0
12.28 0.000154621 0
12.38 0.00015418 0
12.48 0.000147178 0
12.58 0.000141363 0
12.68 0.000141136 0
12.78 0.000131776 0
12.88 0.00014846 0
12.98 0.000145839 0
13.08 0.000151801 0
13.18 0.000155267 0
13.28 0.000137711 0
13.38 0.00013046 0
13.48 0.000139616 0
13.58 0.00013596 0
13.68 0.000118714 0
13.78 0.000118514 0
13.88 0.000116446 0
13.98 0.00012317 0
14.08 0.000118991 0
14.18 0.000119976 0
14.28 0.00010881 0
14.38 0.000109874 0
14.48 0.000111264 0
14.58 0.000107874 0
14.68 9.96625e-05 0
14.78 9.9531e-05 0
14.88 9.50657e-05 0
14.98 9.60656e-05 0
15.08 9.25595e-05 0
15.18 9.07906e-05 0
15.28 9.03027e-05 0
15.38 8.35363e-05 0
15.48 8.8799e-05 0
15.58 8.82014e-05 0
15.68 7.66495e-05 0
15.78 7.93857e-05 0
15.88 8.10863e-05 0
15.98 7.89962e-05 0
16.08 6.87217e-05 0
