-4.32 0 0
-4.22 5.37667e-23 0
-4.12 2.83621e-07 0
-4.02 0 0
-3.92 1.47308e-07 0
-3.82 1.29702e-21 0
-3.72 4.05245e-08 0
-3.62 2.15408e-08 0
-3.52 0 0
-3.42 0 0
-3.32 0 0
-3.22 0 0
-3.12 7.22745e-10 0
-3.02 2.66936e-09 0
-2.92 1.0119e-07 0
-2.82 1.1644e-07 0
-2.72 0 0
-2.62 4.7062e-07 0
-2.52 1.80274e-07 0
-2.42 9.38855e-08 0
-2.32 5.13019e-08 0
-2.22 2.44995e-08 0
-2.12 0 0
-2.02 0 0
-1.92 0 0
-1.82 1.21921e-07 0
-1.72 2.91168e-22 0
-1.62 1.33034e-22 0
-1.52 5.9913e-08 0
-1.42 0 0
-1.32 2.65426e-08 0
-1.22 5.62483e-23 0
-1.12 1.16041e-07 0
-1.02 2.499e-07 0
-0.92 0 0
-0.82 0 0
-0.72 0 0
-0.62 4.86104e-23 0
-0.52 2.18922e-08 0
-0.42 0 0
-0.32 0 0
-0.22 0 0
-0.12 0 0
-0.02 0 0
0.08 0 0
0.18 0 0
0.28 0 0
0.38 0 0
0.48 0 0
0.58 1.65436e-08 0
0.68 7.27919e-23 0
0.78 1.45864e-08 0
0.88 6.7392e-23 0
0.98 1.51753e-08 0
1.08 0 0
1.18 0 0
1.28 6.3555e-08 0
1.38 0 0
1.48 0 0
1.58 0 0
1.68 0 0
1.78 0 0
1.88 0 0
1.98 0 0
2.08 0 0
2.18 0 0
2.28 0 0
2.38 0 0
2.48 0 0
2.58 0 0
2.68 0 0
2.78 0 0
2.88 0 0
2.98 0 0
3.08 0 0
3.18 0 0
3.28 0 0
3.38 0 0
3.48 0 0
3.58 0 0
3.68 0 0
3.78 0 0
3.88 0 0
3.98 0 0
4.08 0 0
4.18 0 0
4.28 0 0
4.38 0 0
4.48 0 0
4.58 0 0
4.68 0 0
4.78 0 0
4.88 0 0
4.98 0 0
5.08 0 0
5.18 0 0
5.28 0 0
5.38 0 0
5.48 0 0
5.58 0 0
5.68 0 0
5.78 0 0
5.88 0 0
5.98 0 0
6.08 0 0
6.18 0 0
6.28 0 0
6.38 0 0
6.48 0 0
6.58 0 0
6.68 0 0
6.78 0 0
6.88 0 0
6.98 0 0
7.08 0 0
7.18 0 0
7.28 0 0
7.38 0 0
7.48 0 0
7.58 0 0
7.68 0 0
7.78 0 0
7.88 0 0
7.98 0 0
8.08 0 0
8.18 0 0
8.28 0 0
8.38 0 0
8.48 0 0
8.58 0 0
8.68 0 0
8.78 0 0
8.88 0 0
8.98 0 0
9.08 0 0
9.18 0 0
9.28 0 0
9.38 0 0
9.48 0 0
9.58 0 0
9.68 0 0
9.78 0 0
9.88 0 0
9.98 0 0
10.08 0 0
10.18 0 0
10.28 0 0
10.38 0 0
10.48 0 0
10.58 0 0
10.68 0 0
10.78 0 0
10.88 0 0
10.98 0 0
11.08 0 0
11.18 0 0
11.28 0 0
11.38 1.95669e-21 0
11.48 1.10152e-07 0
11.58 1.94553e-21 0
11.68 0 0
11.78 0 0
11.88 0 0
11.98 0 0
12.08 0 0
12.18 0 0
12.28 0 0
12.38 0 0
12.48 0 0
12.58 0 0
12.68 0 0
12.78 0 0
12.88 0 0
12.98 0 0
13.08 0 0
13.18 0 0
13.28 0 0
13.38 0 0
13.48 0 0
13.58 0 0
13.68 0 0
13.78 0 0
13.88 0 0
13.98 0 0
14.08 0 0
14.18 0 0
14.28 0 0
14.38 0 0
14.48 0 0
14.58 0 0
14.68 0 0
14.78 0 0
14.88 0 0
14.98 0 0
15.08 0 0
15.18 0 0
15.28 0 0
15.38 0 0
15.48 0 0
15.58 0 0
15.68 0 0
15.78 0 0
15.88 0 0
15.98 0 0
16.08 0 0
