-4.32 0 0
-4.22 0.0538202 0
-4.12 0.0543876 0
-4.02 0.0549385 0
-3.92 0.0554173 0
-3.82 0.0556675 0
-3.72 0.0566757 0
-3.62 0.0572645 0
-3.52 0.0578788 0
-3.42 0.0587149 0
-3.32 0.0593722 0
-3.22 0.0604364 0
-3.12 0.0613115 0
-3.02 0.0624374 0
-2.92 0.0635954 0
-2.82 0.0651546 0
-2.72 0.0669843 0
-2.62 0.068359 0
-2.52 0.0676894 0
-2.42 0.066887 0
-2.32 0.066616 0
-2.22 0.0671579 0
-2.12 0.0673322 0
-2.02 0.0675514 0
-1.92 0.0676231 0
-1.82 0.0670529 0
-1.72 0.0671633 0
-1.62 0.0673592 0
-1.52 0.0675392 0
-1.42 0.0678974 0
-1.32 0.0677177 0
-1.22 0.0677656 0
-1.12 0.0673428 0
-1.02 0.0674345 0
-0.92 0.0676285 0
-0.82 0.0683167 0
-0.72 0.0674304 0
-0.62 0.0677256 0
-0.52 0.0679627 0
-0.42 0.0680737 0
-0.32 0.067604 0
-0.22 0.0678791 0
-0.12 0.0685272 0
-0.02 0.0688775 0
0.08 0.0685584 0
0.18 0.0686606 0
0.28 0.068878 0
0.38 0.0688691 0
0.48 0.0693089 0
0.58 0.0690034 0
0.68 0.0690352 0
0.78 0.069456 0
0.88 0.0700081 0
0.98 0.0691635 0
1.08 0.0690858 0
1.18 0.0692801 0
1.28 0.0697455 0
1.38 0.0705719 0
1.48 0.0703003 0
1.58 0.0697023 0
1.68 0.0698893 0
1.78 0.0709276 0
1.88 0.0720858 0
1.98 0.071605 0
2.08 0.070973 0
2.18 0.07097 0
2.28 0.0715728 0
2.38 0.0719353 0
2.48 0.0716785 0
2.58 0.0699743 0
2.68 0.0701534 0
2.78 0.0680136 0
2.88 0.0616119 0
2.98 0.0525098 0
3.08 0.0395172 0
3.18 0.0272963 0
3.28 0.0182218 0
3.38 0.0123437 0
3.48 0.00877478 0
3.58 0.0058991 0
3.68 0.00356646 0
3.78 0.00196817 0
3.88 0.00102746 0
3.98 0.000489068 0
4.08 0.000141207 0
4.18 3.2166e-05 0
4.28 2.52003e-05 0
4.38 4.96149e-05 0
4.48 7.88069e-05 0
4.58 5.64857e-05 0
4.68 4.53952e-05 0
4.78 2.65857e-05 0
4.88 2.488e-05 0
4.98 4.69911e-05 0
5.08 1.19578e-05 0
5.18 7.77822e-06 0
5.28 2.71119e-05 0
5.38 4.00264e-05 0
5.48 1.22752e-05 0
5.58 2.14632e-05 0
5.68 2.38714e-05 0
5.78 9.98858e-06 0
5.88 4.40793e-05 0
5.98 3.27096e-05 0
6.08 1.13544e-05 0
6.18 1.03337e-05 0
6.28 2.21835e-05 0
6.38 2.70431e-05 0
6.48 2.89608e-07 0
6.58 9.6314e-06 0
6.68 3.12746e-05 0
6.78 4.46609e-05 0
6.88 3.24107e-05 0
6.98 5.10676e-07 0
7.08 1.48931e-05 0
7.18 1.76643e-06 0
7.28 1.14459e-06 0
7.38 8.51114e-06 0
7.48 2.71781e-06 0
7.58 3.86567e-06 0
7.68 1.18722e-05 0
7.78 1.62651e-05 0
7.88 1.82095e-05 0
7.98 4.62124e-05 0
8.08 1.17108e-05 0
8.18 6.80016e-07 0
8.28 7.39341e-08 0
8.38 3.76769e-20 0
8.48 2.12102e-06 0
8.58 3.7693e-20 0
8.68 4.23938e-06 0
8.78 7.37451e-06 0
8.88 3.414e-05 0
8.98 4.8232e-06 0
9.08 4.21534e-05 0
9.18 1.10694e-06 0
9.28 7.45767e-06 0
9.38 3.98789e-06 0
9.48 5.11745e-07 0
9.58 9.1056e-21 0
9.68 0 0
9.78 1.08274e-05 0
9.88 1.60257e-06 0
9.98 2.3973e-05 0
10.08 3.91693e-05 0
10.18 4.8741e-05 0
10.28 2.06179e-05 0
10.38 2.02263e-05 0
10.48 1.76386e-05 0
10.58 2.19954e-05 0
10.68 1.31898e-05 0
10.78 6.65839e-08 0
10.88 2.05523e-19 0
10.98 1.15699e-05 0
11.08 1.2915e-06 0
11.18 0 0
11.28 0 0
11.38 1.1522e-06 0
11.48 0 0
11.58 5.84963e-06 0
11.68 3.83993e-06 0
11.78 8.88007e-06 0
11.88 1.22619e-05 0
11.98 3.21049e-06 0
12.08 1.18566e-05 0
12.18 4.35036e-05 0
12.28 2.00777e-05 0
12.38 2.14041e-05 0
12.48 3.84678e-06 0
12.58 1.9059e-05 0
12.68 1.32428e-05 0
12.78 4.39844e-06 0
12.88 5.53495e-06 0
12.98 1.01666e-05 0
13.08 5.28972e-06 0
13.18 7.64432e-06 0
13.28 6.69856e-06 0
13.38 1.21026e-05 0
13.48 1.51667e-05 0
13.58 2.00754e-05 0
13.68 2.07074e-05 0
13.78 2.76627e-05 0
13.88 3.88582e-05 0
13.98 7.34188e-06 0
14.08 2.65611e-08 0
14.18 1.19353e-06 0
14.28 2.8871e-06 0
14.38 0 0
14.48 3.32977e-07 0
14.58 6.69443e-21 0
14.68 3.76863e-07 0
14.78 8.5156e-07 0
14.88 4.30858e-21 0
14.98 2.42551e-07 0
15.08 4.2881e-21 0
15.18 1.28612e-06 0
15.28 1.92472e-05 0
15.38 1.24759e-06 0
15.48 7.43401e-06 0
15.58 6.63107e-08 0
15.68 0 0
15.78 9.72987e-06 0
15.88 0 0
15.98 0 0
16.08 1.21422e-08 0
