-4.32 0 0
-4.22 0.0518344 0
-4.12 0.0522917 0
-4.02 0.0527324 0
-3.92 0.0532689 0
-3.82 0.0537979 0
-3.72 0.0543081 0
-3.62 0.054937 0
-3.52 0.0556518 0
-3.42 0.0563356 0
-3.32 0.0569922 0
-3.22 0.0578353 0
-3.12 0.0587143 0
-3.02 0.0598799 0
-2.92 0.0612322 0
-2.82 0.0626675 0
-2.72 0.0643616 0
-2.62 0.0656662 0
-2.52 0.064983 0
-2.42 0.0642523 0
-2.32 0.0642231 0
-2.22 0.0645556 0
-2.12 0.0647216 0
-2.02 0.0649399 0
-1.92 0.0651464 0
-1.82 0.0647416 0
-1.72 0.0646946 0
-1.62 0.0649915 0
-1.52 0.0651431 0
-1.42 0.0652345 0
-1.32 0.0651127 0
-1.22 0.0654206 0
-1.12 0.0650208 0
-1.02 0.0650754 0
-0.92 0.0653864 0
-0.82 0.065723 0
-0.72 0.0651136 0
-0.62 0.0652367 0
-0.52 0.0652236 0
-0.42 0.0655693 0
-0.32 0.0655186 0
-0.22 0.0657208 0
-0.12 0.0663269 0
-0.02 0.066794 0
0.08 0.0666733 0
0.18 0.0666764 0
0.28 0.06678 0
0.38 0.0666715 0
0.48 0.0673448 0
0.58 0.0670521 0
0.68 0.0670474 0
0.78 0.0675723 0
0.88 0.0679386 0
0.98 0.0673993 0
1.08 0.0673685 0
1.18 0.0675179 0
1.28 0.0680768 0
1.38 0.0691877 0
1.48 0.0690602 0
1.58 0.0684822 0
1.68 0.0688653 0
1.78 0.0698366 0
1.88 0.0710881 0
1.98 0.0706456 0
2.08 0.0700457 0
2.18 0.0702054 0
2.28 0.0707131 0
2.38 0.0712001 0
2.48 0.07108 0
2.58 0.0695135 0
2.68 0.069712 0
2.78 0.0676956 0
2.88 0.0613532 0
2.98 0.052256 0
3.08 0.0392093 0
3.18 0.027107 0
3.28 0.0180646 0
3.38 0.0122624 0
3.48 0.00866802 0
3.58 0.00585667 0
3.68 0.00353039 0
3.78 0.00190293 0
3.88 0.000983597 0
3.98 0.000453032 0
4.08 0.000108133 0
4.18 9.48677e-19 0
4.28 0 0
4.38 0 0
4.48 0 0
4.58 0 0
4.68 0 0
4.78 0 0
4.88 0 0
4.98 0 0
5.08 0 0
5.18 0 0
5.28 0 0
5.38 0 0
5.48 0 0
5.58 0 0
5.68 0 0
5.78 0 0
5.88 0 0
5.98 0 0
6.08 0 0
6.18 0 0
6.28 0 0
6.38 0 0
6.48 0 0
6.58 0 0
6.68 0 0
6.78 0 0
6.88 0 0
6.98 0 0
7.08 0 0
7.18 0 0
7.28 0 0
7.38 0 0
7.48 0 0
7.58 0 0
7.68 0 0
7.78 0 0
7.88 0 0
7.98 0 0
8.08 0 0
8.18 0 0
8.28 0 0
8.38 0 0
8.48 0 0
8.58 0 0
8.68 0 0
8.78 0 0
8.88 0 0
8.98 0 0
9.08 0 0
9.18 0 0
9.28 0 0
9.38 0 0
9.48 0 0
9.58 0 0
9.68 0 0
9.78 0 0
9.88 0 0
9.98 0 0
10.08 0 0
10.18 0 0
10.28 0 0
10.38 0 0
10.48 0 0
10.58 0 0
10.68 0 0
10.78 0 0
10.88 0 0
10.98 0 0
11.08 0 0
11.18 0 0
11.28 0 0
11.38 0 0
11.48 0 0
11.58 0 0
11.68 0 0
11.78 0 0
11.88 0 0
11.98 0 0
12.08 0 0
12.18 0 0
12.28 0 0
12.38 0 0
12.48 0 0
12.58 0 0
12.68 0 0
12.78 0 0
12.88 0 0
12.98 0 0
13.08 0 0
13.18 0 0
13.28 0 0
13.38 0 0
13.48 0 0
13.58 0 0
13.68 0 0
13.78 0 0
13.88 0 0
13.98 0 0
14.08 0 0
14.18 0 0
14.28 0 0
14.38 0 0
14.48 0 0
14.58 0 0
14.68 0 0
14.78 0 0
14.88 0 0
14.98 0 0
15.08 0 0
15.18 0 0
15.28 0 0
15.38 0 0
15.48 0 0
15.58 0 0
15.68 0 0
15.78 0 0
15.88 0 0
15.98 0 0
16.08 0 0
