-4.32 0 0
-4.22 0.00664034 0
-4.12 0.00662658 0
-4.02 0.0066174 0
-3.92 0.00660601 0
-3.82 0.00659412 0
-3.72 0.00657782 0
-3.62 0.00656431 0
-3.52 0.00655584 0
-3.42 0.00654463 0
-3.32 0.00653378 0
-3.22 0.00651858 0
-3.12 0.00650161 0
-3.02 0.00648701 0
-2.92 0.00647232 0
-2.82 0.00645498 0
-2.72 0.00642485 0
-2.62 0.0063809 0
-2.52 0.0063182 0
-2.42 0.00626283 0
-2.32 0.0062185 0
-2.22 0.006173 0
-2.12 0.00611831 0
-2.02 0.0060654 0
-1.92 0.00600858 0
-1.82 0.00594711 0
-1.72 0.00589314 0
-1.62 0.00584197 0
-1.52 0.00578824 0
-1.42 0.00573658 0
-1.32 0.00567837 0
-1.22 0.00562653 0
-1.12 0.00556595 0
-1.02 0.005519 0
-0.92 0.00546206 0
-0.82 0.00539768 0
-0.72 0.00533149 0
-0.62 0.00527338 0
-0.52 0.00520967 0
-0.42 0.00515153 0
-0.32 0.00509242 0
-0.22 0.00503325 0
-0.12 0.0049719 0
-0.02 0.00489961 0
0.08 0.00482999 0
0.18 0.0047605 0
0.28 0.00468704 0
0.38 0.00461238 0
0.48 0.00454096 0
0.58 0.0044602 0
0.68 0.00438135 0
0.78 0.00431151 0
0.88 0.00423084 0
0.98 0.0041417 0
1.08 0.00405831 0
1.18 0.00397848 0
1.28 0.00390014 0
1.38 0.00381266 0
1.48 0.00371132 0
1.58 0.00361327 0
1.68 0.00352268 0
1.78 0.00342419 0
1.88 0.00329972 0
1.98 0.00315379 0
2.08 0.00300874 0
2.18 0.00286375 0
2.28 0.00270592 0
2.38 0.00255005 0
2.48 0.002381 0
2.58 0.00218396 0
2.68 0.00198166 0
2.78 0.00172347 0
2.88 0.00142081 0
2.98 0.00109478 0
3.08 0.000776572 0
3.18 0.000527413 0
3.28 0.00034988 0
3.38 0.000234935 0
3.48 0.000157938 0
3.58 9.8395e-05 0
3.68 5.54684e-05 0
3.78 2.84089e-05 0
3.88 1.34949e-05 0
3.98 5.04293e-06 0
4.08 9.76537e-07 0
4.18 8.68209e-21 0
4.28 0 0
4.38 0 0
4.48 0 0
4.58 0 0
4.68 0 0
4.78 0 0
4.88 0 0
4.98 0 0
5.08 0 0
5.18 0 0
5.28 0 0
5.38 0 0
5.48 0 0
5.58 0 0
5.68 0 0
5.78 0 0
5.88 0 0
5.98 0 0
6.08 0 0
6.18 0 0
6.28 0 0
6.38 0 0
6.48 0 0
6.58 0 0
6.68 0 0
6.78 0 0
6.88 0 0
6.98 0 0
7.08 0 0
7.18 0 0
7.28 0 0
7.38 0 0
7.48 0 0
7.58 0 0
7.68 0 0
7.78 0 0
7.88 0 0
7.98 0 0
8.08 0 0
8.18 0 0
8.28 0 0
8.38 0 0
8.48 0 0
8.58 0 0
8.68 0 0
8.78 0 0
8.88 0 0
8.98 0 0
9.08 0 0
9.18 0 0
9.28 0 0
9.38 0 0
9.48 0 0
9.58 0 0
9.68 0 0
9.78 0 0
9.88 0 0
9.98 0 0
10.08 0 0
10.18 0 0
10.28 0 0
10.38 0 0
10.48 0 0
10.58 0 0
10.68 0 0
10.78 0 0
10.88 0 0
10.98 0 0
11.08 0 0
11.18 0 0
11.28 0 0
11.38 0 0
11.48 0 0
11.58 0 0
11.68 0 0
11.78 0 0
11.88 0 0
11.98 0 0
12.08 0 0
12.18 0 0
12.28 0 0
12.38 0 0
12.48 0 0
12.58 0 0
12.68 0 0
12.78 0 0
12.88 0 0
12.98 0 0
13.08 0 0
13.18 0 0
13.28 0 0
13.38 0 0
13.48 0 0
13.58 0 0
13.68 0 0
13.78 0 0
13.88 0 0
13.98 0 0
14.08 0 0
14.18 0 0
14.28 0 0
14.38 0 0
14.48 0 0
14.58 0 0
14.68 0 0
14.78 0 0
14.88 0 0
14.98 0 0
15.08 0 0
15.18 0 0
15.28 0 0
15.38 0 0
15.48 0 0
15.58 0 0
15.68 0 0
15.78 0 0
15.88 0 0
15.98 0 0
16.08 0 0
