-10.2 7.35419 0
-10.1 8.3708 0
-10 8.27335 0
-9.9 8.3288 0
-9.8 8.41163 0
-9.7 8.3438 0
-9.6 8.51772 0
-9.5 8.47106 0
-9.4 8.73435 0
-9.3 8.72582 0
-9.2 8.6784 0
-9.1 8.71253 0
-9 8.76634 0
-8.9 8.67126 0
-8.8 8.84923 0
-8.7 8.92724 0
-8.6 8.9012 0
-8.5 8.90134 0
-8.4 8.86088 0
-8.3 8.86388 0
-8.2 8.91527 0
-8.1 9.02985 0
-8 9.13066 0
-7.9 9.09804 0
-7.8 9.20685 0
-7.7 9.39484 0
-7.6 9.3029 0
-7.5 9.38116 0
-7.4 9.42712 0
-7.3 9.46162 0
-7.2 9.7142 0
-7.1 9.67257 0
-7 9.69181 0
-6.9 9.85012 0
-6.8 9.83925 0
-6.7 9.95175 0
-6.6 10.1503 0
-6.5 10.0353 0
-6.4 10.1863 0
-6.3 10.5358 0
-6.2 10.5399 0
-6.1 10.4335 0
-6 10.5006 0
-5.9 10.7334 0
-5.8 10.9519 0
-5.7 11.1821 0
-5.6 11.3601 0
-5.5 11.5509 0
-5.4 11.6291 0
-5.3 11.9989 0
-5.2 12.4367 0
-5.1 12.585 0
-5 13.419 0
-4.9 14.2944 0
-4.8 16.0685 0
-4.7 18.001 0
-4.6 19.9743 0
-4.5 21.3124 0
-4.4 21.7705 0
-4.3 22.1979 0
-4.2 22.1743 0
-4.1 22.07 0
-4 22.7127 0
-3.9 23.0205 0
-3.8 23.6248 0
-3.7 23.8957 0
-3.6 23.8131 0
-3.5 25.6247 0
-3.4 25.3071 0
-3.3 26.2074 0
-3.2 26.271 0
-3.1 26.6805 0
-3 28.1667 0
-2.9 30.2073 0
-2.8 31.054 0
-2.7 31.2917 0
-2.6 31.4731 0
-2.5 32.271 0
-2.4 34.0466 0
-2.3 33.981 0
-2.2 33.884 0
-2.1 34.5663 0
-2 35.3002 0
-1.9 35.2521 0
-1.8 34.7398 0
-1.7 34.8923 0
-1.6 35.544 0
-1.5 37.2761 0
-1.4 37.4359 0
-1.3 36.0748 0
-1.2 36.3688 0
-1.1 37.1827 0
-1 38.5434 0
-0.9 38.2931 0
-0.8 38.6078 0
-0.7 39.8889 0
-0.6 40.3783 0
-0.5 41.1732 0
-0.4 39.6441 0
-0.3 39.904 0
-0.2 40.9009 0
-0.1 43.7934 0
8.88178e-16 42.129 0
0.1 41.3361 0
0.2 44.0063 0
0.3 46.5823 0
0.4 47.4117 0
0.5 46.8549 0
0.6 46.1129 0
0.7 46.9035 0
0.8 52.0747 0
0.9 51.8491 0
1 50.9372 0
1.1 49.5968 0
1.2 53.6431 0
1.3 58.1118 0
1.4 60.0096 0
1.5 59.7993 0
1.6 55.482 0
1.7 62.2055 0
1.8 64.1267 0
1.9 64.4585 0
2 66.2795 0
2.1 68.3293 0
2.2 70.6355 0
2.3 78.0989 0
2.4 90.6226 0
2.5 105.771 0
2.6 112.551 0
2.7 132.464 0
2.8 119.619 0
2.9 148.617 0
3 200.543 0
3.1 1.79057e-12 0
3.2 0 0
3.3 0 0
3.4 0 0
3.5 0 0
3.6 0 0
3.7 0 0
3.8 0 0
3.9 0 0
4 0 0
4.1 0 0
4.2 0 0
4.3 0 0
4.4 0 0
4.5 0 0
4.6 0 0
4.7 0 0
4.8 0 0
4.9 0 0
5 0 0
5.1 0 0
5.2 0 0
5.3 0 0
5.4 0 0
5.5 0 0
5.6 0 0
5.7 0 0
5.8 0 0
5.9 0 0
6 0 0
6.1 0 0
6.2 0 0
6.3 0 0
6.4 0 0
6.5 0 0
6.6 0 0
6.7 0 0
6.8 0 0
6.9 0 0
7 0 0
7.1 0 0
7.2 0 0
7.3 0 0
7.4 0 0
7.5 0 0
7.6 0 0
7.7 0 0
7.8 0 0
7.9 0 0
8 0 0
8.1 0 0
8.2 0 0
8.3 0 0
8.4 0 0
8.5 0 0
8.6 0 0
8.7 0 0
8.8 0 0
8.9 0 0
9 0 0
9.1 0 0
9.2 0 0
9.3 0 0
9.4 0 0
9.5 0 0
9.6 0 0
9.7 0 0
9.8 0 0
9.9 0 0
10 0 0
10.1 0 0
10.2 0 0
