-10.2 5.16151e-09 0
-10.1 1.43137e-07 0
-10 1.00673e-07 0
-9.9 2.61844e-08 0
-9.8 1.89499e-07 0
-9.7 7.16101e-08 0
-9.6 7.19826e-08 0
-9.5 4.71439e-08 0
-9.4 8.03438e-22 0
-9.3 4.52295e-08 0
-9.2 1.11738e-08 0
-9.1 1.26926e-08 0
-9 2.52997e-07 0
-8.9 8.31563e-08 0
-8.8 9.86004e-08 0
-8.7 1.43069e-07 0
-8.6 3.4224e-08 0
-8.5 1.66387e-07 0
-8.4 9.48046e-08 0
-8.3 3.64336e-08 0
-8.2 1.84181e-07 0
-8.1 8.46198e-08 0
-8 1.67315e-07 0
-7.9 3.59416e-08 0
-7.8 2.14813e-07 0
-7.7 2.23554e-08 0
-7.6 1.38923e-07 0
-7.5 7.79575e-09 0
-7.4 6.14074e-08 0
-7.3 4.14858e-08 0
-7.2 1.09682e-07 0
-7.1 2.35352e-08 0
-7 1.90513e-08 0
-6.9 1.13265e-07 0
-6.8 1.73101e-07 0
-6.7 6.86775e-08 0
-6.6 1.84696e-07 0
-6.5 2.91917e-07 0
-6.4 1.07931e-08 0
-6.3 4.2097e-08 0
-6.2 7.50038e-08 0
-6.1 2.83402e-08 0
-6 3.10415e-07 0
-5.9 3.30789e-08 0
-5.8 1.30714e-07 0
-5.7 1.08967e-07 0
-5.6 1.65956e-07 0
-5.5 1.02951e-07 0
-5.4 4.21894e-08 0
-5.3 1.11638e-07 0
-5.2 1.92266e-07 0
-5.1 1.39794e-07 0
-5 7.29614e-08 0
-4.9 1.1167e-07 0
-4.8 5.02191e-08 0
-4.7 9.69991e-08 0
-4.6 5.00163e-08 0
-4.5 3.34167e-08 0
-4.4 3.10552e-08 0
-4.3 3.05008e-08 0
-4.2 2.02899e-07 0
-4.1 9.97832e-08 0
-4 3.96476e-08 0
-3.9 1.16071e-07 0
-3.8 2.09e-07 0
-3.7 1.19776e-08 0
-3.6 5.9089e-09 0
-3.5 1.20092e-07 0
-3.4 1.1325e-08 0
-3.3 3.27815e-08 0
-3.2 9.55717e-09 0
-3.1 1.72326e-07 0
-3 2.86461e-08 0
-2.9 3.94432e-08 0
-2.8 4.53727e-08 0
-2.7 3.83922e-08 0
-2.6 8.68842e-09 0
-2.5 1.38671e-08 0
-2.4 2.29475e-08 0
-2.3 7.39539e-08 0
-2.2 6.59096e-08 0
-2.1 4.73784e-08 0
-2 0 0
-1.9 8.23574e-23 0
-1.8 9.27262e-09 0
-1.7 3.63363e-08 0
-1.6 0 0
-1.5 7.12238e-09 0
-1.4 6.61007e-08 0
-1.3 2.7116e-09 0
-1.2 1.00761e-08 0
-1.1 4.34456e-09 0
-1 2.6036e-08 0
-0.9 1.49452e-23 0
-0.8 1.68268e-09 0
-0.7 4.85321e-08 0
-0.6 2.39844e-22 0
-0.5 2.7004e-08 0
-0.4 3.62816e-08 0
-0.3 3.17637e-22 0
-0.2 0 0
-0.1 1.29968e-08 0
8.88178e-16 2.86834e-22 0
0.1 3.22946e-08 0
0.2 2.8455e-22 0
0.3 0 0
0.4 0 0
0.5 0 0
0.6 0 0
0.7 0 0
0.8 0 0
0.9 0 0
1 5.23115e-23 0
1.1 5.88975e-09 0
1.2 5.21124e-23 0
1.3 0 0
1.4 0 0
1.5 0 0
1.6 0 0
1.7 0 0
1.8 0 0
1.9 0 0
2 0 0
2.1 0 0
2.2 0 0
2.3 0 0
2.4 0 0
2.5 0 0
2.6 0 0
2.7 0 0
2.8 0 0
2.9 0 0
3 0 0
3.1 0 0
3.2 0 0
3.3 0 0
3.4 0 0
3.5 0 0
3.6 0 0
3.7 0 0
3.8 0 0
3.9 0 0
4 0 0
4.1 0 0
4.2 0 0
4.3 0 0
4.4 0 0
4.5 0 0
4.6 0 0
4.7 0 0
4.8 0 0
4.9 0 0
5 0 0
5.1 0 0
5.2 0 0
5.3 0 0
5.4 0 0
5.5 0 0
5.6 0 0
5.7 0 0
5.8 0 0
5.9 0 0
6 0 0
6.1 0 0
6.2 0 0
6.3 0 0
6.4 0 0
6.5 0 0
6.6 0 0
6.7 0 0
6.8 0 0
6.9 0 0
7 0 0
7.1 0 0
7.2 0 0
7.3 0 0
7.4 0 0
7.5 0 0
7.6 0 0
7.7 0 0
7.8 0 0
7.9 0 0
8 0 0
8.1 0 0
8.2 0 0
8.3 0 0
8.4 0 0
8.5 0 0
8.6 0 0
8.7 0 0
8.8 0 0
8.9 0 0
9 0 0
9.1 0 0
9.2 0 0
9.3 0 0
9.4 0 0
9.5 0 0
9.6 0 0
9.7 0 0
9.8 0 0
9.9 0 0
10 0 0
10.1 0 0
10.2 0 0
