-10.2 7.20654e-07 0
-10.1 6.51853e-07 0
-10 1.38351e-06 0
-9.9 1.85508e-06 0
-9.8 6.02538e-07 0
-9.7 5.81503e-07 0
-9.6 1.15545e-06 0
-9.5 9.92931e-07 0
-9.4 2.54803e-07 0
-9.3 1.6071e-06 0
-9.2 4.84107e-07 0
-9.1 5.21176e-07 0
-9 4.952e-07 0
-8.9 3.95457e-07 0
-8.8 1.04993e-06 0
-8.7 1.17723e-06 0
-8.6 1.03777e-06 0
-8.5 1.28141e-06 0
-8.4 5.78108e-07 0
-8.3 4.31706e-07 0
-8.2 2.96803e-07 0
-8.1 9.60768e-07 0
-8 1.26597e-06 0
-7.9 8.94793e-07 0
-7.8 6.1221e-07 0
-7.7 8.23086e-07 0
-7.6 2.49325e-07 0
-7.5 7.94846e-07 0
-7.4 1.17177e-06 0
-7.3 8.94204e-07 0
-7.2 1.51393e-06 0
-7.1 8.80111e-07 0
-7 1.70401e-07 0
-6.9 4.00935e-07 0
-6.8 2.08073e-07 0
-6.7 9.45177e-08 0
-6.6 5.99316e-07 0
-6.5 5.25425e-07 0
-6.4 2.62342e-07 0
-6.3 7.21532e-07 0
-6.2 8.10588e-07 0
-6.1 6.28774e-07 0
-6 7.05763e-07 0
-5.9 8.13761e-07 0
-5.8 1.56831e-06 0
-5.7 1.4756e-06 0
-5.6 2.98712e-07 0
-5.5 8.67205e-07 0
-5.4 8.99348e-08 0
-5.3 1.43601e-06 0
-5.2 1.36259e-06 0
-5.1 6.32711e-07 0
-5 5.31355e-07 0
-4.9 1.10734e-06 0
-4.8 5.65337e-07 0
-4.7 2.4767e-07 0
-4.6 6.00764e-07 0
-4.5 1.49682e-06 0
-4.4 1.47255e-06 0
-4.3 1.22008e-06 0
-4.2 1.18002e-06 0
-4.1 9.10809e-07 0
-4 1.52474e-06 0
-3.9 2.20228e-06 0
-3.8 1.16347e-06 0
-3.7 1.04316e-06 0
-3.6 8.74063e-07 0
-3.5 1.36688e-06 0
-3.4 1.86673e-06 0
-3.3 1.39383e-06 0
-3.2 1.54129e-06 0
-3.1 1.39465e-06 0
-3 1.14287e-06 0
-2.9 1.31411e-06 0
-2.8 8.68702e-07 0
-2.7 7.53072e-07 0
-2.6 9.48297e-07 0
-2.5 7.49581e-07 0
-2.4 1.53504e-07 0
-2.3 5.63184e-07 0
-2.2 1.18343e-06 0
-2.1 6.75886e-07 0
-2 8.06961e-07 0
-1.9 9.66057e-07 0
-1.8 7.22245e-07 0
-1.7 1.23809e-06 0
-1.6 1.20493e-06 0
-1.5 4.89655e-07 0
-1.4 4.594e-07 0
-1.3 5.19185e-07 0
-1.2 1.42687e-06 0
-1.1 1.35233e-06 0
-1 3.19646e-07 0
-0.9 7.21267e-07 0
-0.8 4.24665e-07 0
-0.7 4.168e-07 0
-0.6 4.42577e-07 0
-0.5 1.06993e-06 0
-0.4 7.04455e-07 0
-0.3 3.70879e-07 0
-0.2 7.58485e-07 0
-0.1 6.35844e-07 0
8.88178e-16 6.57879e-07 0
0.1 4.57976e-07 0
0.2 3.18299e-07 0
0.3 1.71461e-07 0
0.4 6.32828e-07 0
0.5 6.73436e-07 0
0.6 3.7073e-07 0
0.7 3.13119e-07 0
0.8 3.42502e-07 0
0.9 2.60043e-07 0
1 2.88192e-07 0
1.1 2.35874e-08 0
1.2 2.54947e-07 0
1.3 4.44924e-11 0
1.4 2.65782e-07 0
1.5 2.74941e-07 0
1.6 1.76868e-10 0
1.7 3.46254e-11 0
1.8 4.61187e-11 0
1.9 0 0
2 0 0
2.1 0 0
2.2 0 0
2.3 4.89143e-11 0
2.4 4.14869e-25 0
2.5 4.67101e-11 0
2.6 3.00833e-11 0
2.7 2.64956e-25 0
2.8 2.72442e-11 0
2.9 3.18052e-25 0
3 3.58095e-11 0
3.1 3.16655e-25 0
3.2 3.46708e-11 0
3.3 0 0
3.4 0 0
3.5 8.62952e-25 0
3.6 9.71598e-11 0
3.7 8.65955e-25 0
3.8 0 0
3.9 4.39149e-25 0
4 4.94438e-11 0
4.1 4.3944e-25 0
4.2 0 0
4.3 0 0
4.4 3.58425e-11 0
4.5 0 0
4.6 0 0
4.7 0 0
4.8 0 0
4.9 3.46297e-25 0
5 3.89896e-11 0
5.1 3.65427e-11 0
5.2 3.23117e-25 0
5.3 0 0
5.4 0 0
5.5 0 0
5.6 0 0
5.7 9.39644e-11 0
5.8 5.07672e-11 0
5.9 1.95693e-07 0
6 2.27746e-07 0
6.1 4.53649e-11 0
6.2 0 0
6.3 0 0
6.4 0 0
6.5 0 0
6.6 0 0
6.7 0 0
6.8 0 0
6.9 0 0
7 0 0
7.1 0 0
7.2 0 0
7.3 0 0
7.4 0 0
7.5 0 0
7.6 3.53519e-11 0
7.7 0 0
7.8 0 0
7.9 0 0
8 0 0
8.1 4.87325e-11 0
8.2 0 0
8.3 0 0
8.4 0 0
8.5 0 0
8.6 0 0
8.7 0 0
8.8 0 0
8.9 0 0
9 0 0
9.1 0 0
9.2 0 0
9.3 0 0
9.4 0 0
9.5 0 0
9.6 0 0
9.7 0 0
9.8 0 0
9.9 0 0
10 0 0
10.1 0 0
10.2 0 0
