-10.2 6.44371 0
-10.1 6.71718 0
-10 6.75087 0
-9.9 6.79376 0
-9.8 6.81628 0
-9.7 6.85497 0
-9.6 6.9106 0
-9.5 6.93876 0
-9.4 6.99728 0
-9.3 7.02892 0
-9.2 7.06263 0
-9.1 7.11028 0
-9 7.14808 0
-8.9 7.18252 0
-8.8 7.22661 0
-8.7 7.25987 0
-8.6 7.3032 0
-8.5 7.35723 0
-8.4 7.3874 0
-8.3 7.44142 0
-8.2 7.4955 0
-8.1 7.5401 0
-8 7.6008 0
-7.9 7.64283 0
-7.8 7.69549 0
-7.7 7.76448 0
-7.6 7.81813 0
-7.5 7.87708 0
-7.4 7.93213 0
-7.3 8.00213 0
-7.2 8.07596 0
-7.1 8.1365 0
-7 8.20044 0
-6.9 8.27141 0
-6.8 8.35055 0
-6.7 8.42088 0
-6.6 8.50412 0
-6.5 8.57688 0
-6.4 8.68209 0
-6.3 8.769 0
-6.2 8.86231 0
-6.1 8.94892 0
-6 9.03836 0
-5.9 9.16193 0
-5.8 9.28185 0
-5.7 9.40924 0
-5.6 9.53609 0
-5.5 9.67764 0
-5.4 9.81088 0
-5.3 9.98521 0
-5.2 10.1775 0
-5.1 10.3657 0
-5 10.6138 0
-4.9 10.8905 0
-4.8 11.2348 0
-4.7 11.5542 0
-4.6 11.8513 0
-4.5 12.0865 0
-4.4 12.2339 0
-4.3 12.3737 0
-4.2 12.4822 0
-4.1 12.628 0
-4 12.7998 0
-3.9 13.0094 0
-3.8 13.16 0
-3.7 13.3795 0
-3.6 13.539 0
-3.5 13.8585 0
-3.4 14.0161 0
-3.3 14.2426 0
-3.2 14.4779 0
-3.1 14.7408 0
-3 15.1194 0
-2.9 15.4671 0
-2.8 15.6774 0
-2.7 15.8407 0
-2.6 16.0576 0
-2.5 16.3238 0
-2.4 16.5764 0
-2.3 16.7145 0
-2.2 16.8601 0
-2.1 17.0099 0
-2 17.2235 0
-1.9 17.2499 0
-1.8 17.4016 0
-1.7 17.5794 0
-1.6 17.8276 0
-1.5 18.1984 0
-1.4 18.2223 0
-1.3 18.2595 0
-1.2 18.5059 0
-1.1 18.8415 0
-1 19.1544 0
-0.9 19.268 0
-0.8 19.5647 0
-0.7 19.9223 0
-0.6 20.1402 0
-0.5 20.3318 0
-0.4 20.3502 0
-0.3 20.7766 0
-0.2 21.275 0
-0.1 21.807 0
8.88178e-16 21.8205 0
0.1 22.0766 0
0.2 23.0822 0
0.3 23.6777 0
0.4 24.1154 0
0.5 24.0959 0
0.6 24.5409 0
0.7 25.3633 0
0.8 26.5389 0
0.9 26.6054 0
1 26.8653 0
1.1 27.3151 0
1.2 28.9995 0
1.3 30.2078 0
1.4 31.0354 0
1.5 30.934 0
1.6 31.2271 0
1.7 33.4499 0
1.8 34.5307 0
1.9 35.5528 0
2 37.0188 0
2.1 39.116 0
2.2 41.8335 0
2.3 47.035 0
2.4 54.1426 0
2.5 62.0962 0
2.6 68.0561 0
2.7 78.9412 0
2.8 74.282 0
2.9 98.1967 0
3 141.075 0
3.1 1.25056e-12 0
3.2 0 0
3.3 0 0
3.4 0 0
3.5 0 0
3.6 0 0
3.7 0 0
3.8 0 0
3.9 0 0
4 0 0
4.1 0 0
4.2 0 0
4.3 0 0
4.4 0 0
4.5 0 0
4.6 0 0
4.7 0 0
4.8 0 0
4.9 0 0
5 0 0
5.1 0 0
5.2 0 0
5.3 0 0
5.4 0 0
5.5 0 0
5.6 0 0
5.7 0 0
5.8 0 0
5.9 0 0
6 0 0
6.1 0 0
6.2 0 0
6.3 0 0
6.4 0 0
6.5 0 0
6.6 0 0
6.7 0 0
6.8 0 0
6.9 0 0
7 0 0
7.1 0 0
7.2 0 0
7.3 0 0
7.4 0 0
7.5 0 0
7.6 0 0
7.7 0 0
7.8 0 0
7.9 0 0
8 0 0
8.1 0 0
8.2 0 0
8.3 0 0
8.4 0 0
8.5 0 0
8.6 0 0
8.7 0 0
8.8 0 0
8.9 0 0
9 0 0
9.1 0 0
9.2 0 0
9.3 0 0
9.4 0 0
9.5 0 0
9.6 0 0
9.7 0 0
9.8 0 0
9.9 0 0
10 0 0
10.1 0 0
10.2 0 0
