-10.2 7.94922e-06 0
-10.1 0.000118008 0
-10 7.15019e-05 0
-9.9 2.1362e-05 0
-9.8 0.000133703 0
-9.7 3.95158e-05 0
-9.6 7.26033e-05 0
-9.5 4.52907e-05 0
-9.4 6.21131e-19 0
-9.3 3.49666e-05 0
-9.2 1.2387e-05 0
-9.1 1.65602e-05 0
-9 0.000114196 0
-8.9 6.0735e-05 0
-8.8 8.50087e-05 0
-8.7 8.38658e-05 0
-8.6 3.13159e-05 0
-8.5 8.52986e-05 0
-8.4 5.96609e-05 0
-8.3 4.48211e-05 0
-8.2 0.000117789 0
-8.1 5.47468e-05 0
-8 0.000123545 0
-7.9 3.34822e-05 0
-7.8 0.000140705 0
-7.7 2.73584e-05 0
-7.6 9.353e-05 0
-7.5 1.06318e-05 0
-7.4 3.90814e-05 0
-7.3 4.40632e-05 0
-7.2 7.66213e-05 0
-7.1 1.99342e-05 0
-7 2.42876e-05 0
-6.9 7.94398e-05 0
-6.8 9.03112e-05 0
-6.7 5.93013e-05 0
-6.6 9.992e-05 0
-6.5 0.000149587 0
-6.4 1.27946e-05 0
-6.3 2.79594e-05 0
-6.2 5.56576e-05 0
-6.1 3.8077e-05 0
-6 0.000150957 0
-5.9 3.57226e-05 0
-5.8 9.5721e-05 0
-5.7 4.8347e-05 0
-5.6 9.85049e-05 0
-5.5 9.3561e-05 0
-5.4 3.93171e-05 0
-5.3 8.81392e-05 0
-5.2 0.000100043 0
-5.1 8.1242e-05 0
-5 4.42249e-05 0
-4.9 8.72238e-05 0
-4.8 4.91293e-05 0
-4.7 7.44329e-05 0
-4.6 3.85137e-05 0
-4.5 3.41343e-05 0
-4.4 3.29059e-05 0
-4.3 2.55242e-05 0
-4.2 0.000110931 0
-4.1 6.59254e-05 0
-4 3.62637e-05 0
-3.9 6.13294e-05 0
-3.8 0.000102924 0
-3.7 1.3586e-05 0
-3.6 1.08144e-05 0
-3.5 8.11816e-05 0
-3.4 1.32545e-05 0
-3.3 3.07056e-05 0
-3.2 1.15315e-05 0
-3.1 0.000110599 0
-3 2.86769e-05 0
-2.9 3.74374e-05 0
-2.8 3.48768e-05 0
-2.7 3.3315e-05 0
-2.6 1.09487e-05 0
-2.5 1.60437e-05 0
-2.4 1.894e-05 0
-2.3 7.23892e-05 0
-2.2 5.81729e-05 0
-2.1 3.36289e-05 0
-2 0 0
-1.9 1.02161e-19 0
-1.8 1.15023e-05 0
-1.7 3.40106e-05 0
-1.6 0 0
-1.5 9.96312e-06 0
-1.4 5.10631e-05 0
-1.3 5.30101e-06 0
-1.2 1.55106e-05 0
-1.1 6.89831e-06 0
-1 1.97141e-05 0
-0.9 7.39257e-21 0
-0.8 8.32329e-07 0
-0.7 4.70505e-05 0
-0.6 2.80177e-19 0
-0.5 3.15452e-05 0
-0.4 3.39617e-05 0
-0.3 3.04932e-19 0
-0.2 0 0
-0.1 1.65912e-05 0
8.88178e-16 2.0576e-19 0
0.1 2.31665e-05 0
0.2 2.06676e-19 0
0.3 0 0
0.4 0 0
0.5 0 0
0.6 0 0
0.7 0 0
0.8 0 0
0.9 0 0
1 7.87662e-20 0
1.1 8.86829e-06 0
1.2 7.7927e-20 0
1.3 0 0
1.4 0 0
1.5 0 0
1.6 0 0
1.7 0 0
1.8 0 0
1.9 0 0
2 0 0
2.1 0 0
2.2 0 0
2.3 0 0
2.4 0 0
2.5 0 0
2.6 0 0
2.7 0 0
2.8 0 0
2.9 0 0
3 0 0
3.1 0 0
3.2 0 0
3.3 0 0
3.4 0 0
3.5 0 0
3.6 0 0
3.7 0 0
3.8 0 0
3.9 0 0
4 0 0
4.1 0 0
4.2 0 0
4.3 0 0
4.4 0 0
4.5 0 0
4.6 0 0
4.7 0 0
4.8 0 0
4.9 0 0
5 0 0
5.1 0 0
5.2 0 0
5.3 0 0
5.4 0 0
5.5 0 0
5.6 0 0
5.7 0 0
5.8 0 0
5.9 0 0
6 0 0
6.1 0 0
6.2 0 0
6.3 0 0
6.4 0 0
6.5 0 0
6.6 0 0
6.7 0 0
6.8 0 0
6.9 0 0
7 0 0
7.1 0 0
7.2 0 0
7.3 0 0
7.4 0 0
7.5 0 0
7.6 0 0
7.7 0 0
7.8 0 0
7.9 0 0
8 0 0
8.1 0 0
8.2 0 0
8.3 0 0
8.4 0 0
8.5 0 0
8.6 0 0
8.7 0 0
8.8 0 0
8.9 0 0
9 0 0
9.1 0 0
9.2 0 0
9.3 0 0
9.4 0 0
9.5 0 0
9.6 0 0
9.7 0 0
9.8 0 0
9.9 0 0
10 0 0
10.1 0 0
10.2 0 0
