-10.2 0.0512271 0
-10.1 0.051419 0
-10 0.0515782 0
-9.9 0.0517663 0
-9.8 0.0519345 0
-9.7 0.0520987 0
-9.6 0.0523803 0
-9.5 0.0526102 0
-9.4 0.0529024 0
-9.3 0.0530412 0
-9.2 0.0532512 0
-9.1 0.0534651 0
-9 0.0537246 0
-8.9 0.0539127 0
-8.8 0.0541477 0
-8.7 0.0542992 0
-8.6 0.0545292 0
-8.5 0.054728 0
-8.4 0.0549203 0
-8.3 0.0552679 0
-8.2 0.0555131 0
-8.1 0.055812 0
-8 0.0560824 0
-7.9 0.0564127 0
-7.8 0.0567731 0
-7.7 0.0571151 0
-7.6 0.0574236 0
-7.5 0.0577474 0
-7.4 0.0581273 0
-7.3 0.0585062 0
-7.2 0.0589178 0
-7.1 0.0593211 0
-7 0.0597553 0
-6.9 0.0601734 0
-6.8 0.060701 0
-6.7 0.0611818 0
-6.6 0.0616111 0
-6.5 0.06207 0
-6.4 0.0626414 0
-6.3 0.0633038 0
-6.2 0.0638248 0
-6.1 0.064302 0
-6 0.0648623 0
-5.9 0.0657467 0
-5.8 0.0664191 0
-5.7 0.0672034 0
-5.6 0.0680376 0
-5.5 0.0689523 0
-5.4 0.0698867 0
-5.3 0.0710933 0
-5.2 0.0723503 0
-5.1 0.073766 0
-5 0.0755331 0
-4.9 0.0774654 0
-4.8 0.0797116 0
-4.7 0.0816193 0
-4.6 0.0832313 0
-4.5 0.0840481 0
-4.4 0.0842578 0
-4.3 0.0843974 0
-4.2 0.0841124 0
-4.1 0.0842011 0
-4 0.0844817 0
-3.9 0.0848965 0
-3.8 0.0848856 0
-3.7 0.085235 0
-3.6 0.0851805 0
-3.5 0.0861964 0
-3.4 0.0858746 0
-3.3 0.086067 0
-3.2 0.0860876 0
-3.1 0.086532 0
-3 0.0873114 0
-2.9 0.0876314 0
-2.8 0.0868246 0
-2.7 0.0856031 0
-2.6 0.0847772 0
-2.5 0.0842799 0
-2.4 0.0834048 0
-2.3 0.0817284 0
-2.2 0.0802516 0
-2.1 0.0787425 0
-2 0.077333 0
-1.9 0.0750188 0
-1.8 0.0735091 0
-1.7 0.0720886 0
-1.6 0.0708743 0
-1.5 0.0700867 0
-1.4 0.0677082 0
-1.3 0.0656653 0
-1.2 0.0644788 0
-1.1 0.0634882 0
-1 0.0620715 0
-0.9 0.0601397 0
-0.8 0.0589721 0
-0.7 0.0576576 0
-0.6 0.0559332 0
-0.5 0.0538653 0
-0.4 0.0516271 0
-0.3 0.0505109 0
-0.2 0.0497351 0
-0.1 0.0478842 0
8.88178e-16 0.0451322 0
0.1 0.0430889 0
0.2 0.04269 0
0.3 0.0409764 0
0.4 0.0391983 0
0.5 0.0366499 0
0.6 0.0351887 0
0.7 0.0341999 0
0.8 0.0334408 0
0.9 0.0307633 0
1 0.0286086 0
1.1 0.0268458 0
1.2 0.0265278 0
1.3 0.0250639 0
1.4 0.0231713 0
1.5 0.0204072 0
1.6 0.018546 0
1.7 0.0177867 0
1.8 0.0160755 0
1.9 0.0143544 0
2 0.0128155 0
2.1 0.0114732 0
2.2 0.0102881 0
2.3 0.00932418 0
2.4 0.00798828 0
2.5 0.00587707 0
2.6 0.00346416 0
2.7 0.00179944 0
2.8 0.000594115 0
2.9 0.000294187 0
3 4.73789e-05 0
3.1 4.20128e-19 0
3.2 0 0
3.3 0 0
3.4 0 0
3.5 0 0
3.6 0 0
3.7 0 0
3.8 0 0
3.9 0 0
4 0 0
4.1 0 0
4.2 0 0
4.3 0 0
4.4 0 0
4.5 0 0
4.6 0 0
4.7 0 0
4.8 0 0
4.9 0 0
5 0 0
5.1 0 0
5.2 0 0
5.3 0 0
5.4 0 0
5.5 0 0
5.6 0 0
5.7 0 0
5.8 0 0
5.9 0 0
6 0 0
6.1 0 0
6.2 0 0
6.3 0 0
6.4 0 0
6.5 0 0
6.6 0 0
6.7 0 0
6.8 0 0
6.9 0 0
7 0 0
7.1 0 0
7.2 0 0
7.3 0 0
7.4 0 0
7.5 0 0
7.6 0 0
7.7 0 0
7.8 0 0
7.9 0 0
8 0 0
8.1 0 0
8.2 0 0
8.3 0 0
8.4 0 0
8.5 0 0
8.6 0 0
8.7 0 0
8.8 0 0
8.9 0 0
9 0 0
9.1 0 0
9.2 0 0
9.3 0 0
9.4 0 0
9.5 0 0
9.6 0 0
9.7 0 0
9.8 0 0
9.9 0 0
10 0 0
10.1 0 0
10.2 0 0
