-10.2 0.0518742 0
-10.1 0.0526604 0
-10 0.0529767 0
-9.9 0.0533946 0
-9.8 0.0539017 0
-9.7 0.0540302 0
-9.6 0.0542661 0
-9.5 0.0545516 0
-9.4 0.0550994 0
-9.3 0.0553788 0
-9.2 0.0557654 0
-9.1 0.0558245 0
-9 0.0560685 0
-8.9 0.0565489 0
-8.8 0.0570172 0
-8.7 0.0573563 0
-8.6 0.0577131 0
-8.5 0.0576101 0
-8.4 0.0575223 0
-8.3 0.0582461 0
-8.2 0.0587011 0
-8.1 0.059362 0
-8 0.0593468 0
-7.9 0.0594888 0
-7.8 0.0599652 0
-7.7 0.060234 0
-7.6 0.0607342 0
-7.5 0.0608987 0
-7.4 0.0616609 0
-7.3 0.0621124 0
-7.2 0.062598 0
-7.1 0.0625901 0
-7 0.0631661 0
-6.9 0.0636663 0
-6.8 0.0641282 0
-6.7 0.0647127 0
-6.6 0.065143 0
-6.5 0.0654916 0
-6.4 0.0660211 0
-6.3 0.0666312 0
-6.2 0.0672055 0
-6.1 0.0681208 0
-6 0.0685 0
-5.9 0.0692876 0
-5.8 0.0699474 0
-5.7 0.070709 0
-5.6 0.0714602 0
-5.5 0.0727771 0
-5.4 0.0736387 0
-5.3 0.0749416 0
-5.2 0.0763443 0
-5.1 0.0773559 0
-5 0.0794295 0
-4.9 0.0811731 0
-4.8 0.0835986 0
-4.7 0.0854332 0
-4.6 0.0869658 0
-4.5 0.087349 0
-4.4 0.0879016 0
-4.3 0.0879535 0
-4.2 0.0875664 0
-4.1 0.0875519 0
-4 0.0877623 0
-3.9 0.088231 0
-3.8 0.0881205 0
-3.7 0.0882017 0
-3.6 0.0882445 0
-3.5 0.0893821 0
-3.4 0.0885534 0
-3.3 0.0887707 0
-3.2 0.0888162 0
-3.1 0.0892564 0
-3 0.090113 0
-2.9 0.0901959 0
-2.8 0.0891897 0
-2.7 0.087868 0
-2.6 0.0872086 0
-2.5 0.0865191 0
-2.4 0.085902 0
-2.3 0.0838272 0
-2.2 0.0822461 0
-2.1 0.0807777 0
-2 0.0793743 0
-1.9 0.0769447 0
-1.8 0.0753201 0
-1.7 0.0740106 0
-1.6 0.0726416 0
-1.5 0.0717592 0
-1.4 0.069328 0
-1.3 0.0671034 0
-1.2 0.0657826 0
-1.1 0.0648918 0
-1 0.0634042 0
-0.9 0.0614529 0
-0.8 0.0600911 0
-0.7 0.0590158 0
-0.6 0.0571479 0
-0.5 0.0549278 0
-0.4 0.0526024 0
-0.3 0.0513776 0
-0.2 0.050544 0
-0.1 0.0487805 0
8.88178e-16 0.0459121 0
0.1 0.0437802 0
0.2 0.0432923 0
0.3 0.0415443 0
0.4 0.0398253 0
0.5 0.037112 0
0.6 0.0355677 0
0.7 0.0345008 0
0.8 0.0337843 0
0.9 0.0310142 0
1 0.0287688 0
1.1 0.0270768 0
1.2 0.0267579 0
1.3 0.0253118 0
1.4 0.0234127 0
1.5 0.0206537 0
1.6 0.0187779 0
1.7 0.0179829 0
1.8 0.0162216 0
1.9 0.014499 0
2 0.0129994 0
2.1 0.0116512 0
2.2 0.010382 0
2.3 0.00940545 0
2.4 0.00806255 0
2.5 0.00588948 0
2.6 0.00348881 0
2.7 0.00182769 0
2.8 0.000626403 0
2.9 0.00038716 0
3 9.57096e-05 0
3.1 9.87619e-06 0
3.2 1.26575e-05 0
3.3 1.67904e-05 0
3.4 6.0502e-06 0
3.5 5.61769e-06 0
3.6 3.42194e-05 0
3.7 2.72836e-05 0
3.8 2.7441e-05 0
3.9 2.33308e-05 0
4 1.47582e-05 0
4.1 9.80445e-06 0
4.2 1.72427e-06 0
4.3 2.03691e-05 0
4.4 3.61055e-05 0
4.5 2.8722e-05 0
4.6 2.79488e-05 0
4.7 3.47329e-05 0
4.8 1.83509e-05 0
4.9 1.39176e-05 0
5 2.54262e-06 0
5.1 2.12062e-05 0
5.2 2.24761e-05 0
5.3 7.80641e-06 0
5.4 3.91363e-06 0
5.5 1.90799e-05 0
5.6 5.79167e-06 0
5.7 3.74861e-06 0
5.8 9.47985e-06 0
5.9 1.07631e-05 0
6 5.24071e-05 0
6.1 5.25717e-05 0
6.2 6.38082e-06 0
6.3 1.79305e-05 0
6.4 1.57367e-05 0
6.5 4.88656e-06 0
6.6 1.48699e-05 0
6.7 9.26164e-06 0
6.8 4.23004e-06 0
6.9 1.07087e-05 0
7 8.17607e-06 0
7.1 2.37141e-05 0
7.2 3.40871e-05 0
7.3 3.46209e-05 0
7.4 8.07818e-05 0
7.5 2.17576e-05 0
7.6 4.49356e-05 0
7.7 4.89241e-05 0
7.8 1.90317e-05 0
7.9 2.60414e-06 0
8 1.00603e-05 0
8.1 1.52089e-07 0
8.2 9.26005e-06 0
8.3 7.7296e-06 0
8.4 4.3813e-06 0
8.5 4.40181e-05 0
8.6 9.34403e-06 0
8.7 2.01058e-06 0
8.8 8.08104e-07 0
8.9 3.03966e-07 0
9 1.69099e-06 0
9.1 6.70133e-06 0
9.2 2.06714e-05 0
9.3 4.14663e-06 0
9.4 2.61132e-05 0
9.5 1.12564e-05 0
9.6 8.69803e-06 0
9.7 1.96746e-05 0
9.8 3.81744e-05 0
9.9 3.34246e-07 0
10 6.04508e-21 0
10.1 3.40307e-07 0
10.2 3.71522e-07 0
