-10.2 0.0517341 0
-10.1 0.0519283 0
-10 0.0520912 0
-9.9 0.0522822 0
-9.8 0.0524527 0
-9.7 0.0526199 0
-9.6 0.0529045 0
-9.5 0.0531367 0
-9.4 0.0534312 0
-9.3 0.0535732 0
-9.2 0.053786 0
-9.1 0.0540041 0
-9 0.054266 0
-8.9 0.0544574 0
-8.8 0.054694 0
-8.7 0.0548473 0
-8.6 0.0550803 0
-8.5 0.0552823 0
-8.4 0.055478 0
-8.3 0.055829 0
-8.2 0.056077 0
-8.1 0.056378 0
-8 0.0566517 0
-7.9 0.0569849 0
-7.8 0.0573476 0
-7.7 0.0576921 0
-7.6 0.0580043 0
-7.5 0.0583311 0
-7.4 0.058715 0
-7.3 0.0590963 0
-7.2 0.0595108 0
-7.1 0.0599184 0
-7 0.060356 0
-6.9 0.0607773 0
-6.8 0.0613088 0
-6.7 0.0617919 0
-6.6 0.0622229 0
-6.5 0.0626872 0
-6.4 0.063261 0
-6.3 0.0639235 0
-6.2 0.0644492 0
-6.1 0.0649314 0
-6 0.0654952 0
-5.9 0.0663834 0
-5.8 0.0670592 0
-5.7 0.067846 0
-5.6 0.0686844 0
-5.5 0.0696033 0
-5.4 0.0705409 0
-5.3 0.0717486 0
-5.2 0.0730048 0
-5.1 0.0744218 0
-5 0.0761847 0
-4.9 0.0781099 0
-4.8 0.0803384 0
-4.7 0.0822213 0
-4.6 0.0838074 0
-4.5 0.0846035 0
-4.4 0.0848057 0
-4.3 0.0849344 0
-4.2 0.0846477 0
-4.1 0.0847356 0
-4 0.0850041 0
-3.9 0.0854107 0
-3.8 0.0853904 0
-3.7 0.0857321 0
-3.6 0.0856724 0
-3.5 0.0866616 0
-3.4 0.0863335 0
-3.3 0.0865118 0
-3.2 0.0865277 0
-3.1 0.0869547 0
-3 0.0877059 0
-2.9 0.0879875 0
-2.8 0.0871634 0
-2.7 0.0859335 0
-2.6 0.0850956 0
-2.5 0.0845784 0
-2.4 0.0836753 0
-2.3 0.081991 0
-2.2 0.0805052 0
-2.1 0.078981 0
-2 0.0775548 0
-1.9 0.0752398 0
-1.8 0.0737297 0
-1.7 0.0723001 0
-1.6 0.0710677 0
-1.5 0.0702537 0
-1.4 0.0678725 0
-1.3 0.0658374 0
-1.2 0.0646399 0
-1.1 0.0636336 0
-1 0.062202 0
-0.9 0.0602692 0
-0.8 0.0590885 0
-0.7 0.0577574 0
-0.6 0.0560234 0
-0.5 0.0539461 0
-0.4 0.0517206 0
-0.3 0.0505927 0
-0.2 0.0498361 0
-0.1 0.0479601 0
8.88178e-16 0.0452175 0
0.1 0.0431731 0
0.2 0.042746 0
0.3 0.0409782 0
0.4 0.0391923 0
0.5 0.0366519 0
0.6 0.0351894 0
0.7 0.0341865 0
0.8 0.0333961 0
0.9 0.0307281 0
1 0.0285792 0
1.1 0.0268233 0
1.2 0.0264799 0
1.3 0.0249978 0
1.4 0.0231029 0
1.5 0.0203495 0
1.6 0.0185011 0
1.7 0.0177213 0
1.8 0.0160089 0
1.9 0.0142911 0
2 0.0127558 0
2.1 0.011416 0
2.2 0.0102315 0
2.3 0.00925889 0
2.4 0.00791497 0
2.5 0.00580904 0
2.6 0.0034197 0
2.7 0.00177191 0
2.8 0.000585816 0
2.9 0.000288898 0
3 4.61476e-05 0
3.1 4.06576e-19 0
3.2 0 0
3.3 0 0
3.4 0 0
3.5 0 0
3.6 0 0
3.7 0 0
3.8 0 0
3.9 0 0
4 0 0
4.1 0 0
4.2 0 0
4.3 0 0
4.4 0 0
4.5 0 0
4.6 0 0
4.7 0 0
4.8 0 0
4.9 0 0
5 0 0
5.1 0 0
5.2 0 0
5.3 0 0
5.4 0 0
5.5 0 0
5.6 0 0
5.7 0 0
5.8 0 0
5.9 0 0
6 0 0
6.1 0 0
6.2 0 0
6.3 0 0
6.4 0 0
6.5 0 0
6.6 0 0
6.7 0 0
6.8 0 0
6.9 0 0
7 0 0
7.1 0 0
7.2 0 0
7.3 0 0
7.4 0 0
7.5 0 0
7.6 0 0
7.7 0 0
7.8 0 0
7.9 0 0
8 0 0
8.1 0 0
8.2 0 0
8.3 0 0
8.4 0 0
8.5 0 0
8.6 0 0
8.7 0 0
8.8 0 0
8.9 0 0
9 0 0
9.1 0 0
9.2 0 0
9.3 0 0
9.4 0 0
9.5 0 0
9.6 0 0
9.7 0 0
9.8 0 0
9.9 0 0
10 0 0
10.1 0 0
10.2 0 0
