-10.2 8.36302 0
-10.1 10.086 0
-10 9.9862 0
-9.9 9.89662 0
-9.8 10.6051 0
-9.7 10.6063 0
-9.6 10.6543 0
-9.5 10.536 0
-9.4 11.0414 0
-9.3 11.1688 0
-9.2 11.3376 0
-9.1 11.0471 0
-9 10.6136 0
-8.9 10.6806 0
-8.8 11.287 0
-8.7 11.4382 0
-8.6 11.9726 0
-8.5 11.4658 0
-8.4 10.7816 0
-8.3 11.2824 0
-8.2 11.2716 0
-8.1 12.1475 0
-8 11.8897 0
-7.9 11.6858 0
-7.8 11.7892 0
-7.7 11.8228 0
-7.6 11.7782 0
-7.5 11.694 0
-7.4 12.0774 0
-7.3 12.169 0
-7.2 12.6063 0
-7.1 12.0714 0
-7 11.8863 0
-6.9 12.2839 0
-6.8 12.1928 0
-6.7 12.4469 0
-6.6 12.7709 0
-6.5 12.5054 0
-6.4 12.2953 0
-6.3 12.8028 0
-6.2 12.7687 0
-6.1 13.1944 0
-6 13.1445 0
-5.9 13.4469 0
-5.8 13.4206 0
-5.7 13.6538 0
-5.6 13.3805 0
-5.5 14.1159 0
-5.4 14.1943 0
-5.3 14.4615 0
-5.2 15.1167 0
-5.1 14.7597 0
-5 15.7252 0
-4.9 16.6901 0
-4.8 18.3156 0
-4.7 20.1335 0
-4.6 22.3202 0
-4.5 22.6987 0
-4.4 23.6458 0
-4.3 23.9373 0
-4.2 23.7046 0
-4.1 23.8129 0
-4 24.5214 0
-3.9 24.7652 0
-3.8 25.4668 0
-3.7 25.1582 0
-3.6 25.416 0
-3.5 27.0906 0
-3.4 26.4809 0
-3.3 27.6195 0
-3.2 27.6402 0
-3.1 28.1056 0
-3 29.7863 0
-2.9 31.6057 0
-2.8 32.3341 0
-2.7 32.2881 0
-2.6 32.684 0
-2.5 33.2698 0
-2.4 35.425 0
-2.3 35.0923 0
-2.2 34.906 0
-2.1 35.7195 0
-2 36.3951 0
-1.9 36.4283 0
-1.8 35.6023 0
-1.7 36.063 0
-1.6 36.7698 0
-1.5 38.2077 0
-1.4 38.6449 0
-1.3 37.2825 0
-1.2 37.2886 0
-1.1 38.2093 0
-1 39.6996 0
-0.9 39.4157 0
-0.8 39.2869 0
-0.7 41.0944 0
-0.6 41.6489 0
-0.5 42.2265 0
-0.4 40.5694 0
-0.3 40.5568 0
-0.2 41.798 0
-0.1 44.8432 0
8.88178e-16 43.1102 0
0.1 42.0787 0
0.2 45.1709 0
0.3 48.1919 0
0.4 48.2636 0
0.5 47.5697 0
0.6 46.9958 0
0.7 47.6039 0
0.8 53.0213 0
0.9 52.7061 0
1 51.3915 0
1.1 50.1824 0
1.2 54.4397 0
1.3 58.7697 0
1.4 60.8353 0
1.5 60.8204 0
1.6 56.5465 0
1.7 63.6719 0
1.8 64.8866 0
1.9 64.6828 0
2 67.2708 0
2.1 69.6991 0
2.2 71.7018 0
2.3 78.7814 0
2.4 91.9587 0
2.5 105.991 0
2.6 112.581 0
2.7 131.977 0
2.8 120.689 0
2.9 153.936 0
3 195.853 0
3.1 388.92 0
3.2 301.715 0
3.3 364.193 0
3.4 420.493 0
3.5 135.798 0
3.6 127.64 0
3.7 178.456 0
3.8 107.011 0
3.9 118.787 0
4 151.401 0
4.1 329.132 0
4.2 620.411 0
4.3 191.732 0
4.4 184.66 0
4.5 167.269 0
4.6 163.375 0
4.7 246.943 0
4.8 205.132 0
4.9 270.844 0
5 614.221 0
5.1 189.258 0
5.2 275.545 0
5.3 257.804 0
5.4 68.4675 0
5.5 219.725 0
5.6 283.784 0
5.7 15.6925 0
5.8 177.667 0
5.9 94.2616 0
6 50.261 0
6.1 161.492 0
6.2 178.349 0
6.3 141.551 0
6.4 199.09 0
6.5 20.7962 0
6.6 228.55 0
6.7 98.0969 0
6.8 273.526 0
6.9 132.488 0
7 85.2078 0
7.1 124.917 0
7.2 143.355 0
7.3 58.9677 0
7.4 116.081 0
7.5 33.3112 0
7.6 88.0165 0
7.7 171.788 0
7.8 208.264 0
7.9 493.014 0
8 203.485 0
8.1 568.129 0
8.2 226.006 0
8.3 276.563 0
8.4 134.069 0
8.5 142.856 0
8.6 254.035 0
8.7 488.825 0
8.8 680.818 0
8.9 702.663 0
9 564.529 0
9.1 179.727 0
9.2 200.932 0
9.3 444.107 0
9.4 121.095 0
9.5 161.364 0
9.6 35.8372 0
9.7 122.897 0
9.8 146.178 0
9.9 607.829 0
10 1.21414e-11 0
10.1 683.5 0
10.2 725.183 0
