-10.2 0.00836926 0
-10.1 0.00837267 0
-10 0.00836682 0
-9.9 0.00836049 0
-9.8 0.00834856 0
-9.7 0.00833495 0
-9.6 0.00832448 0
-9.5 0.00831329 0
-9.4 0.0083084 0
-9.3 0.00830138 0
-9.2 0.00829178 0
-9.1 0.00827865 0
-9 0.00827313 0
-8.9 0.00826327 0
-8.8 0.00824957 0
-8.7 0.00823529 0
-8.6 0.00821253 0
-8.5 0.00819133 0
-8.4 0.00817362 0
-8.3 0.00816873 0
-8.2 0.00815994 0
-8.1 0.00814538 0
-8 0.00812486 0
-7.9 0.00810797 0
-7.8 0.00809579 0
-7.7 0.00807815 0
-7.6 0.00807093 0
-7.5 0.00804786 0
-7.4 0.00804811 0
-7.3 0.00803339 0
-7.2 0.00802042 0
-7.1 0.0079976 0
-7 0.00798806 0
-6.9 0.00797163 0
-6.8 0.00795607 0
-6.7 0.00794194 0
-6.6 0.00791588 0
-6.5 0.00789546 0
-6.4 0.00788281 0
-6.3 0.00786364 0
-6.2 0.0078433 0
-6.1 0.00782741 0
-6 0.00780179 0
-5.9 0.00778272 0
-5.8 0.00776397 0
-5.7 0.0077416 0
-5.6 0.00772454 0
-5.5 0.00771601 0
-5.4 0.0077 0
-5.3 0.00768762 0
-5.2 0.00768081 0
-5.1 0.00765786 0
-5 0.00764485 0
-4.9 0.00761404 0
-4.8 0.00758989 0
-4.7 0.00754154 0
-4.6 0.00747793 0
-4.5 0.00739953 0
-4.4 0.00732604 0
-4.3 0.00724546 0
-4.2 0.0071576 0
-4.1 0.00706841 0
-4 0.00698333 0
-3.9 0.006904 0
-3.8 0.00681011 0
-3.7 0.00672331 0
-3.6 0.00663483 0
-3.5 0.0065539 0
-3.4 0.00644121 0
-3.3 0.00634093 0
-3.2 0.00624466 0
-3.1 0.00614575 0
-3 0.0060385 0
-2.9 0.00591581 0
-2.8 0.00577466 0
-2.7 0.00563549 0
-2.6 0.0055099 0
-2.5 0.0053782 0
-2.4 0.00523785 0
-2.3 0.00508727 0
-2.2 0.00494659 0
-2.1 0.00480989 0
-2 0.00466629 0
-1.9 0.00451656 0
-1.8 0.00438686 0
-1.7 0.00425326 0
-1.6 0.00411834 0
-1.5 0.00398648 0
-1.4 0.00384552 0
-1.3 0.00371744 0
-1.2 0.00359679 0
-1.1 0.0034808 0
-1 0.00334898 0
-0.9 0.0032203 0
-0.8 0.00310316 0
-0.7 0.00298613 0
-0.6 0.00285754 0
-0.5 0.00272434 0
-0.4 0.00260693 0
-0.3 0.00249759 0
-0.2 0.00238574 0
-0.1 0.00224522 0
8.88178e-16 0.00211245 0
0.1 0.00199046 0
0.2 0.001881 0
0.3 0.00176356 0
0.4 0.00165781 0
0.5 0.00154843 0
0.6 0.00145654 0
0.7 0.00136845 0
0.8 0.00127802 0
0.9 0.00117052 0
1 0.0010765 0
1.1 0.00099604 0
1.2 0.000925461 0
1.3 0.000839249 0
1.4 0.000753994 0
1.5 0.000666452 0
1.6 0.000600339 0
1.7 0.000536807 0
1.8 0.000469246 0
1.9 0.000407192 0
2 0.00034998 0
2.1 0.000295866 0
2.2 0.00024745 0
2.3 0.000199981 0
2.4 0.000148684 0
2.5 9.49273e-05 0
2.6 5.16692e-05 0
2.7 2.35548e-05 0
2.8 8.56797e-06 0
2.9 3.99114e-06 0
3 7.32653e-07 0
3.1 2.71633e-08 0
3.2 6.4577e-08 0
3.3 6.18874e-08 0
3.4 1.49511e-08 0
3.5 1.79122e-07 0
3.6 5.84945e-07 0
3.7 5.65489e-07 0
3.8 6.23613e-07 0
3.9 4.55766e-07 0
4 3.4563e-07 0
4.1 4.9586e-08 0
4.2 2.82936e-09 0
4.3 2.10164e-07 0
4.4 4.2277e-07 0
4.5 3.51744e-07 0
4.6 3.61158e-07 0
4.7 2.60207e-07 0
4.8 1.31239e-07 0
4.9 8.13208e-08 0
5 4.18706e-09 0
5.1 1.70576e-07 0
5.2 1.01738e-07 0
5.3 3.71233e-08 0
5.4 2.51407e-07 0
5.5 3.36944e-07 0
5.6 2.60395e-07 0
5.7 2.5624e-07 0
5.8 2.80631e-07 0
5.9 4.21011e-07 0
6 1.29291e-06 0
6.1 6.74879e-07 0
6.2 2.60762e-07 0
6.3 3.55384e-07 0
6.4 3.14054e-07 0
6.5 2.54801e-07 0
6.6 2.83906e-07 0
6.7 1.94291e-07 0
6.8 5.48241e-08 0
6.9 3.16681e-07 0
7 3.04714e-07 0
7.1 4.57666e-07 0
7.2 6.36685e-07 0
7.3 1.05329e-06 0
7.4 1.43004e-06 0
7.5 7.30421e-07 0
7.6 8.28682e-07 0
7.7 4.82391e-07 0
7.8 1.55026e-07 0
7.9 5.48457e-09 0
8 6.22841e-08 0
8.1 2.67702e-10 0
8.2 5.32526e-08 0
8.3 4.80812e-08 0
8.4 7.43971e-08 0
8.5 5.00186e-07 0
8.6 4.90472e-08 0
8.7 4.2046e-09 0
8.8 1.18696e-09 0
8.9 4.32592e-10 0
9 3.0154e-09 0
9.1 7.19914e-08 0
9.2 1.31936e-07 0
9.3 9.51334e-09 0
9.4 3.85889e-07 0
9.5 1.96173e-07 0
9.6 2.55912e-07 0
9.7 2.97467e-07 0
9.8 3.88427e-07 0
9.9 5.64987e-10 0
10 9.60391e-24 0
10.1 5.40652e-10 0
10.2 5.12314e-10 0
