-10.2 0.00966482 0
-10.1 0.00973372 0
-10 0.00981598 0
-9.9 0.00983657 0
-9.8 0.00982399 0
-9.7 0.00981785 0
-9.6 0.00987111 0
-9.5 0.00985331 0
-9.4 0.00992024 0
-9.3 0.00997498 0
-9.2 0.00999125 0
-9.1 0.00995685 0
-9 0.00999574 0
-8.9 0.0100045 0
-8.8 0.00997643 0
-8.7 0.00995994 0
-8.6 0.00997814 0
-8.5 0.0100323 0
-8.4 0.0100491 0
-8.3 0.0100283 0
-8.2 0.0100222 0
-8.1 0.00996484 0
-8 0.0099783 0
-7.9 0.00996278 0
-7.8 0.00993006 0
-7.7 0.00996348 0
-7.6 0.00996223 0
-7.5 0.00994804 0
-7.4 0.0099301 0
-7.3 0.0099532 0
-7.2 0.00993094 0
-7.1 0.00990288 0
-7 0.00992931 0
-6.9 0.00995901 0
-6.8 0.00994221 0
-6.7 0.00990615 0
-6.6 0.00991641 0
-6.5 0.00989151 0
-6.4 0.00986909 0
-6.3 0.00983767 0
-6.2 0.00983978 0
-6.1 0.00984433 0
-6 0.00980504 0
-5.9 0.00976206 0
-5.8 0.00973513 0
-5.7 0.00971392 0
-5.6 0.0096704 0
-5.5 0.00966138 0
-5.4 0.0096331 0
-5.3 0.00959122 0
-5.2 0.00958179 0
-5.1 0.00954748 0
-5 0.00954358 0
-4.9 0.00954679 0
-4.8 0.00946945 0
-4.7 0.00943624 0
-4.6 0.0093872 0
-4.5 0.00928482 0
-4.4 0.00922174 0
-4.3 0.00909229 0
-4.2 0.00898989 0
-4.1 0.00888515 0
-4 0.00876558 0
-3.9 0.00865687 0
-3.8 0.00858483 0
-3.7 0.00848977 0
-3.6 0.00837145 0
-3.5 0.00825528 0
-3.4 0.00810032 0
-3.3 0.00798884 0
-3.2 0.00792236 0
-3.1 0.00774596 0
-3 0.00762977 0
-2.9 0.00745944 0
-2.8 0.00732242 0
-2.7 0.00713956 0
-2.6 0.0069298 0
-2.5 0.00676499 0
-2.4 0.00665798 0
-2.3 0.00648971 0
-2.2 0.0063287 0
-2.1 0.00616951 0
-2 0.00597949 0
-1.9 0.00583308 0
-1.8 0.00564811 0
-1.7 0.00549739 0
-1.6 0.00532267 0
-1.5 0.0051821 0
-1.4 0.00503117 0
-1.3 0.00486732 0
-1.2 0.00473815 0
-1.1 0.00460428 0
-1 0.00444705 0
-0.9 0.00431143 0
-0.8 0.00418019 0
-0.7 0.00402957 0
-0.6 0.0038571 0
-0.5 0.00373241 0
-0.4 0.00359097 0
-0.3 0.00345372 0
-0.2 0.00330903 0
-0.1 0.00314438 0
8.88178e-16 0.00299008 0
0.1 0.00283665 0
0.2 0.00272349 0
0.3 0.00260903 0
0.4 0.00244079 0
0.5 0.00232416 0
0.6 0.00222555 0
0.7 0.00213719 0
0.8 0.00200749 0
0.9 0.00184862 0
1 0.00174192 0
1.1 0.00166837 0
1.2 0.00155743 0
1.3 0.00145166 0
1.4 0.0013705 0
1.5 0.00128613 0
1.6 0.00120285 0
1.7 0.00111374 0
1.8 0.00104909 0
1.9 0.000969409 0
2 0.000907289 0
2.1 0.000847336 0
2.2 0.000807048 0
2.3 0.000726269 0
2.4 0.000664424 0
2.5 0.000585736 0
2.6 0.000559227 0
2.7 0.000509263 0
2.8 0.00049793 0
2.9 0.000486003 0
3 0.000463399 0
3.1 0.000464459 0
3.2 0.000476659 0
3.3 0.000467379 0
3.4 0.000438194 0
3.5 0.000426018 0
3.6 0.000437126 0
3.7 0.000414872 0
3.8 0.000407517 0
3.9 0.000398657 0
4 0.000377912 0
4.1 0.00037509 0
4.2 0.000392194 0
4.3 0.000391789 0
4.4 0.000392573 0
4.5 0.000385608 0
4.6 0.00039308 0
4.7 0.000381853 0
4.8 0.000360283 0
4.9 0.000372301 0
5 0.000367216 0
5.1 0.000342819 0
5.2 0.000327545 0
5.3 0.000333722 0
5.4 0.000336178 0
5.5 0.000327461 0
5.6 0.000324453 0
5.7 0.000327103 0
5.8 0.000319991 0
5.9 0.000317817 0
6 0.000307837 0
6.1 0.000299054 0
6.2 0.000311565 0
6.3 0.000275259 0
6.4 0.000279918 0
6.5 0.000268845 0
6.6 0.000280814 0
6.7 0.000276948 0
6.8 0.000271479 0
6.9 0.000277197 0
7 0.000273105 0
7.1 0.000253055 0
7.2 0.000231424 0
7.3 0.00022994 0
7.4 0.000247716 0
7.5 0.000237076 0
7.6 0.000216526 0
7.7 0.00020667 0
7.8 0.000204874 0
7.9 0.000198911 0
8 0.00019749 0
8.1 0.000188657 0
8.2 0.000175265 0
8.3 0.000172113 0
8.4 0.000173978 0
8.5 0.0001751 0
8.6 0.000162041 0
8.7 0.000161557 0
8.8 0.000162823 0
8.9 0.000165745 0
9 0.000162472 0
9.1 0.000160448 0
9.2 0.00015686 0
9.3 0.000148189 0
9.4 0.00014529 0
9.5 0.000146272 0
9.6 0.000144695 0
9.7 0.000147362 0
9.8 0.00013334 0
9.9 0.000126838 0
10 0.000130319 0
10.1 0.000132205 0
10.2 0.000124167 0
