-2.20063 6.59115 0.0309545
-2.10188 7.06228 0.0372076
-2.00313 7.33534 0.0389384
-1.90438 7.53721 0.0343851
-1.80563 7.70263 0.0409382
-1.70688 7.84675 0.036705
-1.60813 7.96205 0.0363026
-1.50938 8.16037 0.0405597
-1.41063 8.23711 0.0369033
-1.31188 8.33848 0.0390132
-1.21313 8.4626 0.0457438
-1.11438 8.50892 0.0377916
-1.01563 8.57392 0.0455336
-0.916875 8.65038 0.0400966
-0.818125 8.72729 0.0442653
-0.719375 8.77133 0.0406793
-0.620625 8.83188 0.0425579
-0.521875 8.87257 0.0381659
-0.423125 8.8599 0.0436072
-0.324375 9.03812 0.0392169
-0.225625 10.0463 0.042678
-0.126875 10.4388 0.0482732
-0.028125 10.5851 0.0482586
0.070625 10.5884 0.0517363
0.169375 10.6154 0.0499909
0.268125 9.84598 0.0432267
0.366875 9.4028 0.0435468
0.465625 9.39603 0.0412529
0.564375 9.44156 0.0418565
0.663125 9.48394 0.0443312
0.761875 9.59682 0.0434777
0.860625 9.59019 0.0407689
0.959375 9.52544 0.0436659
1.05812 9.65624 0.0417471
1.15687 9.6066 0.036448
1.25562 9.69738 0.042319
1.35437 9.7517 0.0390844
1.45312 9.72004 0.0457873
1.55187 9.80286 0.0436308
1.65062 9.87614 0.0435004
1.74937 9.8078 0.0436109
1.84812 9.8891 0.0427267
1.94687 9.88783 0.0406705
2.04562 9.99732 0.0423058
2.14437 10.0038 0.0432562
2.24312 10.0513 0.0443684
2.34187 10.0694 0.0480463
2.44062 10.1003 0.0433646
2.53937 10.1848 0.0416059
2.63812 10.0795 0.0478413
2.73687 10.1672 0.0463752
2.83562 10.2991 0.0379626
2.93437 10.2783 0.0437897
3.03312 10.345 0.0423308
3.13187 10.3666 0.0437733
3.23062 10.373 0.042016
3.32937 10.3706 0.0447388
3.42812 10.4355 0.046258
3.52687 10.4555 0.0452225
3.62562 10.4239 0.0392143
3.72437 10.524 0.0432584
3.82312 10.5443 0.0469447
3.92187 10.5313 0.0407758
4.02062 10.5286 0.0415262
4.11937 10.5835 0.0393366
4.21812 10.6295 0.0433115
4.31687 10.6211 0.0425086
4.41562 10.6727 0.0400017
4.51437 10.6705 0.0467373
4.61313 10.6984 0.0414554
4.71187 10.7631 0.0392218
4.81062 10.7165 0.0417182
4.90937 10.7991 0.046984
5.00812 10.7536 0.043179
5.10687 10.8639 0.0416606
5.20562 10.8482 0.0385403
5.30437 10.8648 0.0357266
5.40312 10.8747 0.0431264
5.50188 10.949 0.0459592
5.60062 10.9686 0.040173
5.69937 11.0261 0.0358144
5.79812 11.1257 0.0440224
5.89687 11.1087 0.0421945
5.99562 11.0694 0.0356999
6.09437 11.1552 0.0398901
6.19312 11.1878 0.0426015
6.29187 11.1948 0.0432237
6.39062 11.206 0.0425842
6.48937 11.3069 0.0497886
6.58812 11.3498 0.0409782
6.68687 11.3738 0.0426108
6.78562 11.409 0.0444064
6.88437 11.384 0.0386305
6.98312 11.4412 0.0406134
7.08187 11.5091 0.0456371
7.18062 11.5324 0.0437968
7.27937 11.4612 0.0335325
7.37812 11.5875 0.0404932
7.47687 11.6299 0.0417125
7.57562 11.5743 0.0410387
7.67437 11.6131 0.0390099
7.77312 11.8017 0.0419342
7.87187 11.7782 0.0387122
7.97062 11.811 0.0383017
8.06937 11.8788 0.042042
8.16812 11.8395 0.0414265
8.26687 11.9378 0.041389
8.36562 11.927 0.0441573
8.46437 11.9207 0.0412792
8.56312 12.0742 0.0415681
8.66187 12.0966 0.0373019
8.76062 12.1937 0.0398882
8.85937 12.2529 0.0349378
8.95812 12.2615 0.0418164
9.05687 12.251 0.0366823
9.15562 12.3651 0.0359685
9.25437 12.3362 0.0405091
9.35312 12.4557 0.0411928
9.45187 12.4767 0.0392139
9.55062 12.6016 0.0391577
9.64937 12.5843 0.0388119
9.74812 12.6542 0.0390692
9.84687 12.6467 0.0387012
9.94562 12.7347 0.0358786
10.0444 12.8134 0.0342325
10.1431 12.8991 0.0345207
10.2419 13.0412 0.0409183
10.3406 13.1078 0.0398631
10.4394 13.1981 0.0396074
10.5381 13.2296 0.0334042
10.6369 13.2177 0.0408854
10.7356 13.3838 0.0378133
10.8344 13.4088 0.0319673
10.9331 13.4856 0.0309695
11.0319 13.4956 0.0353889
11.1306 13.6359 0.0346416
11.2294 13.7057 0.0334152
11.3281 13.8387 0.0348784
11.4269 13.8671 0.0321327
11.5256 14.038 0.0391264
11.6244 14.1093 0.0325272
11.7231 14.2379 0.0323937
11.8219 14.3185 0.0340211
11.9206 14.4702 0.0345558
12.0194 14.5808 0.030047
12.1181 14.7033 0.0317872
12.2169 14.8474 0.0302304
12.3156 14.9742 0.0350073
12.4144 15.1599 0.0336415
12.5131 15.3129 0.027925
12.6119 15.4933 0.0321512
12.7106 15.6861 0.0318344
12.8094 15.854 0.0273796
12.9081 16.1382 0.0318193
13.0069 16.3966 0.02518
13.1056 16.5925 0.029636
13.2044 16.8718 0.0267266
13.3031 17.2296 0.0257969
13.4019 17.6112 0.0288621
13.5006 18.0101 0.0276674
13.5994 18.4869 0.0280629
13.6981 18.9916 0.0299848
13.7969 19.66 0.0272143
13.8956 20.4096 0.0254421
13.9944 21.3846 0.0282582
14.0931 22.4887 0.0279607
14.1919 23.8963 0.0271304
14.2906 25.8059 0.0291321
14.3894 28.4519 0.0233343
14.4881 32.4637 0.0321918
14.5869 38.269 0.0335256
14.6856 46.381 0.0447257
14.7844 56.6993 0.0461183
14.8831 68.8298 0.0441509
14.9819 81.4486 0.0551724
15.0806 93.9557 0.0618503
15.1794 105.883 0.0720406
15.2781 116.715 0.0800696
15.3769 126.893 0.118211
15.4756 136.105 0.166696
15.5744 143.931 0.237403
15.6731 149.964 0.384553
15.7719 150.572 0.778305
15.8706 136.124 1.37819
15.9694 103.448 2.28221
16.0681 80.3692 2.44035
16.1669 73.8526 2.24166
16.2656 74.6707 2.15985
16.3644 71.0884 2.46938
16.4631 71.2327 2.18413
16.5619 71.0409 2.36625
16.6606 73.4991 2.03088
16.7594 70.7517 2.00241
16.8581 70.6796 2.21409
16.9569 70.9767 2.41595
17.0556 72.1325 2.20005
17.1544 71.2863 2.05766
17.2531 69.3408 2.18314
17.3519 72.6836 2.3338
17.4506 70.773 2.75436
