-10.2 0.0505332 3.22104e-05
-10.1 0.0508994 3.30597e-05
-10 0.0512765 3.36225e-05
-9.9 0.0516559 3.37983e-05
-9.8 0.0518625 3.45271e-05
-9.7 0.0522478 3.45097e-05
-9.6 0.052472 3.44415e-05
-9.5 0.0526894 3.72637e-05
-9.4 0.0530126 3.45609e-05
-9.3 0.0532052 3.43926e-05
-9.2 0.0534375 3.90481e-05
-9.1 0.0536744 3.63559e-05
-9 0.0538216 3.90261e-05
-8.9 0.0540699 3.71149e-05
-8.8 0.0542392 3.55459e-05
-8.7 0.0544978 3.80481e-05
-8.6 0.054678 3.80487e-05
-8.5 0.0548603 3.71768e-05
-8.4 0.0551275 3.77941e-05
-8.3 0.0553332 3.62148e-05
-8.2 0.0555167 3.72327e-05
-8.1 0.0557056 3.71066e-05
-8 0.0558805 3.57185e-05
-7.9 0.0561674 3.32207e-05
-7.8 0.0563217 3.54267e-05
-7.7 0.0565659 3.86937e-05
-7.6 0.0567531 3.79061e-05
-7.5 0.0569857 4.16747e-05
-7.4 0.0571775 4.13509e-05
-7.3 0.0574168 4.32479e-05
-7.2 0.0576331 4.0859e-05
-7.1 0.0578756 3.71554e-05
-7 0.0581066 3.85887e-05
-6.9 0.0583055 4.02794e-05
-6.8 0.0585384 4.29954e-05
-6.7 0.0587646 4.03333e-05
-6.6 0.0590899 4.01869e-05
-6.5 0.0593524 4.29234e-05
-6.4 0.0596558 4.44582e-05
-6.3 0.0599341 4.37075e-05
-6.2 0.0602229 4.64702e-05
-6.1 0.0605318 4.44366e-05
-6 0.0608465 4.51892e-05
-5.9 0.0611569 4.54019e-05
-5.8 0.0615143 4.56178e-05
-5.7 0.0618727 4.57613e-05
-5.6 0.0623071 4.26586e-05
-5.5 0.0627305 4.20299e-05
-5.4 0.0632305 4.76634e-05
-5.3 0.0637868 4.87091e-05
-5.2 0.0643887 4.85352e-05
-5.1 0.0650271 5.16597e-05
-5 0.0656178 5.08755e-05
-4.9 0.0660362 5.06154e-05
-4.8 0.0661465 5.20044e-05
-4.7 0.0660937 5.23867e-05
-4.6 0.065983 5.32142e-05
-4.5 0.065965 5.34274e-05
-4.4 0.0660301 5.21099e-05
-4.3 0.0660825 5.49897e-05
-4.2 0.0661169 5.34154e-05
-4.1 0.066174 5.50562e-05
-4 0.0662082 5.11934e-05
-3.9 0.0662379 4.69854e-05
-3.8 0.0662351 5.29613e-05
-3.7 0.0662648 5.18733e-05
-3.6 0.0662957 5.51303e-05
-3.5 0.066294 5.24356e-05
-3.4 0.0662991 4.76238e-05
-3.3 0.0663218 5.13061e-05
-3.2 0.0663915 4.96203e-05
-3.1 0.0663643 4.63916e-05
-3 0.0662803 5.06596e-05
-2.9 0.0662314 4.54739e-05
-2.8 0.066169 4.93618e-05
-2.7 0.0662088 5.42562e-05
-2.6 0.0662284 5.50452e-05
-2.5 0.0663379 5.42279e-05
-2.4 0.0664041 5.33684e-05
-2.3 0.0663962 5.46597e-05
-2.2 0.0663477 5.14542e-05
-2.1 0.0663737 5.14658e-05
-2 0.0663896 5.57654e-05
-1.9 0.0663348 5.25505e-05
-1.8 0.0664143 4.91409e-05
-1.7 0.0664058 5.41791e-05
-1.6 0.0664868 4.69868e-05
-1.5 0.0665244 4.85842e-05
-1.4 0.0665205 4.99657e-05
-1.3 0.0665887 5.158e-05
-1.2 0.0666359 5.13575e-05
-1.1 0.0666847 5.30542e-05
-1 0.0667198 5.69088e-05
-0.9 0.0667319 5.13448e-05
-0.8 0.0666591 4.88704e-05
-0.7 0.0666351 5.28359e-05
-0.6 0.066612 5.28119e-05
-0.5 0.0666931 5.23818e-05
-0.4 0.0667955 5.63195e-05
-0.3 0.0669811 5.27344e-05
-0.2 0.0665447 4.82425e-05
-0.1 0.0667936 5.21032e-05
0 0.0668371 5.85353e-05
0.1 0.0668307 5.19617e-05
0.2 0.0668041 4.84713e-05
0.3 0.0668032 5.02047e-05
0.4 0.0667781 5.2023e-05
0.5 0.0668511 5.34762e-05
0.6 0.0667888 5.23152e-05
0.7 0.0668028 5.49504e-05
0.8 0.0668639 6.08222e-05
0.9 0.0669009 5.71602e-05
1 0.0668815 6.17206e-05
1.1 0.0668894 5.96794e-05
1.2 0.0669983 5.78253e-05
1.3 0.06711 6.56665e-05
1.4 0.0672601 6.06439e-05
1.5 0.0674179 5.85656e-05
1.6 0.0673981 5.74143e-05
1.7 0.0673116 6.10864e-05
1.8 0.0672166 5.88771e-05
1.9 0.0672437 6.05423e-05
2 0.0672389 5.94894e-05
2.1 0.0673722 6.06032e-05
2.2 0.067472 5.98968e-05
2.3 0.0676498 6.26458e-05
2.4 0.0677284 6.22121e-05
2.5 0.0677743 6.33159e-05
2.6 0.0677722 6.23728e-05
2.7 0.067778 5.76124e-05
2.8 0.0676767 5.69253e-05
2.9 0.0675699 6.03909e-05
3 0.0675972 6.24243e-05
3.1 0.0676558 6.01429e-05
3.2 0.0676024 5.87619e-05
3.3 0.0676529 6.80044e-05
3.4 0.0678831 6.45257e-05
3.5 0.0681458 6.78994e-05
3.6 0.0682688 7.29247e-05
3.7 0.0684279 6.7937e-05
3.8 0.0686347 6.76105e-05
3.9 0.0685232 6.78175e-05
4 0.068216 7.31316e-05
4.1 0.0676904 7.78985e-05
4.2 0.0675318 7.51308e-05
4.3 0.0677888 7.4925e-05
4.4 0.0681803 7.81911e-05
4.5 0.0688012 7.59984e-05
4.6 0.0693832 8.05501e-05
4.7 0.069273 9.12578e-05
4.8 0.0684859 9.16429e-05
4.9 0.0665443 8.52532e-05
5 0.0632256 8.65584e-05
5.1 0.0576111 8.66568e-05
5.2 0.0488039 7.63704e-05
5.3 0.0369448 7.9955e-05
5.4 0.0242402 6.62592e-05
5.5 0.0134534 4.93815e-05
5.6 0.00619934 2.96041e-05
5.7 0.00238183 1.95545e-05
5.8 0.000809863 1.17607e-05
5.9 0.000271824 6.19387e-06
6 0.0001358 4.44079e-06
6.1 0.000100296 3.88144e-06
6.2 9.22626e-05 3.80387e-06
6.3 9.98689e-05 4.09578e-06
6.4 9.65588e-05 3.94524e-06
6.5 9.58585e-05 3.90361e-06
6.6 8.90987e-05 3.79722e-06
6.7 8.96609e-05 3.66883e-06
6.8 9.23542e-05 3.42603e-06
6.9 9.03266e-05 3.30375e-06
7 9.09029e-05 3.71516e-06
7.1 8.58407e-05 3.57616e-06
7.2 8.83213e-05 3.75126e-06
7.3 8.96009e-05 3.83242e-06
7.4 9.06256e-05 3.50339e-06
7.5 8.61302e-05 4.00761e-06
7.6 8.83316e-05 4.3612e-06
7.7 8.51697e-05 3.53629e-06
7.8 7.81545e-05 3.22283e-06
7.9 8.11436e-05 3.64353e-06
8 8.55266e-05 3.51351e-06
8.1 8.37393e-05 3.33137e-06
8.2 8.28038e-05 3.4757e-06
8.3 8.44618e-05 3.40706e-06
8.4 8.28649e-05 3.157e-06
8.5 7.75527e-05 2.97644e-06
8.6 7.67622e-05 3.91225e-06
8.7 7.31026e-05 3.46962e-06
8.8 6.91647e-05 3.21872e-06
8.9 7.6511e-05 3.24056e-06
9 7.55148e-05 3.41754e-06
9.1 7.32716e-05 3.44548e-06
9.2 7.20688e-05 3.3759e-06
9.3 7.17366e-05 3.32789e-06
9.4 7.67504e-05 3.32871e-06
9.5 7.27329e-05 2.83901e-06
9.6 7.5182e-05 3.00195e-06
9.7 7.30381e-05 3.1869e-06
9.8 7.10369e-05 3.15095e-06
9.9 6.99528e-05 3.22505e-06
10 6.8013e-05 3.22002e-06
10.1 6.35327e-05 2.72602e-06
10.2 6.35302e-05 2.85276e-06
