-10.2 6.88012 0.00189294
-10.1 6.90374 0.00195843
-10 6.93901 0.0021741
-9.9 6.9753 0.00199745
-9.8 7.01021 0.00209768
-9.7 7.05263 0.00228053
-9.6 7.08704 0.00217832
-9.5 7.12971 0.00203707
-9.4 7.16972 0.00215457
-9.3 7.21103 0.00235001
-9.2 7.25244 0.00201413
-9.1 7.29805 0.00229012
-9 7.34098 0.00213881
-8.9 7.38799 0.00222427
-8.8 7.43679 0.00220868
-8.7 7.48605 0.0021467
-8.6 7.53399 0.00234897
-8.5 7.58843 0.00206579
-8.4 7.64264 0.00232765
-8.3 7.69565 0.0023872
-8.2 7.74728 0.00216783
-8.1 7.80984 0.00230835
-8 7.86785 0.00238517
-7.9 7.93083 0.0021152
-7.8 8.0003 0.002535
-7.7 8.06212 0.00244786
-7.6 8.12984 0.00256528
-7.5 8.20426 0.00249283
-7.4 8.27939 0.00218251
-7.3 8.3572 0.00226295
-7.2 8.43568 0.00220622
-7.1 8.52667 0.00273109
-7 8.61699 0.00263795
-6.9 8.70907 0.00257905
-6.8 8.80784 0.00237751
-6.7 8.91445 0.00266846
-6.6 9.02493 0.00286239
-6.5 9.13746 0.00265075
-6.4 9.2644 0.00232407
-6.3 9.40134 0.00258833
-6.2 9.54936 0.00276754
-6.1 9.70972 0.00324148
-6 9.88661 0.00351928
-5.9 10.0844 0.00342063
-5.8 10.2942 0.00343717
-5.7 10.5433 0.00426576
-5.6 10.8175 0.00486739
-5.5 11.1592 0.00552346
-5.4 11.5669 0.00758444
-5.3 12.0975 0.00882858
-5.2 12.8243 0.0102516
-5.1 13.9711 0.0145201
-5 16.0465 0.0257663
-4.9 19.6204 0.0323294
-4.8 23.915 0.0375908
-4.7 26.9383 0.0423131
-4.6 27.0085 0.0594327
-4.5 25.4047 0.0547737
-4.4 24.1551 0.0511317
-4.3 23.8978 0.047436
-4.2 24.4476 0.0480756
-4.1 25.3828 0.0476975
-4 25.8874 0.0578717
-3.9 25.515 0.051836
-3.8 25.4104 0.0498432
-3.7 25.6026 0.0548974
-3.6 25.5193 0.0546351
-3.5 25.5692 0.0546259
-3.4 25.9654 0.0556261
-3.3 26.2896 0.0564436
-3.2 26.2171 0.0570853
-3.1 26.2084 0.0604216
-3 26.6676 0.0570361
-2.9 26.7614 0.0600759
-2.8 26.3878 0.0577143
-2.7 26.6831 0.0557599
-2.6 27.4269 0.0594312
-2.5 27.6421 0.0612063
-2.4 27.3525 0.0568948
-2.3 27.5001 0.0588303
-2.2 27.9871 0.0483128
-2.1 28.3286 0.0533768
-2 27.8742 0.0615657
-1.9 27.7108 0.057537
-1.8 28.4264 0.0543295
-1.7 29.1142 0.0645861
-1.6 28.8681 0.0628748
-1.5 28.4002 0.0592198
-1.4 28.7311 0.058058
-1.3 29.7061 0.061986
-1.2 29.8437 0.064188
-1.1 29.0314 0.0590088
-1 28.9141 0.0682297
-0.9 29.7978 0.0601759
-0.8 30.6328 0.0649194
-0.7 30.32 0.0662877
-0.6 29.6246 0.0675993
-0.5 29.7765 0.0581847
-0.4 31.0828 0.0764436
-0.3 33.0131 0.0708402
-0.2 29.1665 0.0539242
-0.1 29.9012 0.0583322
0 31.212 0.0724823
0.1 32.8319 0.0662408
0.2 33.0134 0.0675845
0.3 31.6698 0.0619537
0.4 31.5733 0.0674439
0.5 33.1307 0.0646602
0.6 34.5786 0.0842278
0.7 34.5652 0.0742485
0.8 33.6405 0.0790053
0.9 32.9918 0.0768675
1 34.4011 0.0776153
1.1 36.2128 0.0856214
1.2 36.745 0.0882132
1.3 35.6289 0.0992401
1.4 34.6547 0.0808125
1.5 35.679 0.100023
1.6 37.9584 0.0949484
1.7 39.0685 0.10625
1.8 38.3073 0.103325
1.9 36.8718 0.0795626
2 37.0757 0.0996494
2.1 39.2211 0.0994468
2.2 41.3818 0.10128
2.3 41.473 0.10115
2.4 39.5978 0.101305
2.5 38.6791 0.0915258
2.6 40.01 0.094833
2.7 42.6992 0.099722
2.8 43.9054 0.116856
2.9 42.9791 0.112805
3 41.087 0.12122
3.1 41.4006 0.130713
3.2 44.2853 0.11814
3.3 47.5959 0.138114
3.4 49.0962 0.127067
3.5 47.2982 0.122648
3.6 45.6523 0.140677
3.7 46.3129 0.133638
3.8 49.9756 0.149086
3.9 53.9608 0.147927
4 55.2843 0.157783
4.1 53.6707 0.158796
4.2 51.1555 0.171048
4.3 51.3941 0.159606
4.4 54.5152 0.194969
4.5 58.7692 0.18163
4.6 61.4596 0.184466
4.7 61.6076 0.196729
4.8 62.0175 0.205974
4.9 66.7754 0.228642
5 75.9098 0.194673
5.1 88.782 0.296181
5.2 101.517 0.281109
5.3 113.553 0.351131
5.4 125.277 0.497902
5.5 134.305 0.806887
5.6 144.777 1.2051
5.7 155.274 2.38223
5.8 159.796 9.44963
5.9 67.5037 11.3933
6 6.07214 3.19359
6.1 1.9806 1.9806
6.2 0 0
6.3 0 0
6.4 0 0
6.5 0 0
6.6 0 0
6.7 0 0
6.8 0 0
6.9 0 0
7 0 0
7.1 0 0
7.2 0 0
7.3 0 0
7.4 0 0
7.5 0 0
7.6 0 0
7.7 0 0
7.8 0 0
7.9 0 0
8 0 0
8.1 0 0
8.2 0 0
8.3 0 0
8.4 0 0
8.5 0 0
8.6 0 0
8.7 0 0
8.8 0 0
8.9 0 0
9 0 0
9.1 0 0
9.2 0 0
9.3 0 0
9.4 0 0
9.5 0 0
9.6 0 0
9.7 0 0
9.8 0 0
9.9 0 0
10 0 0
10.1 0 0
10.2 0 0
