-10.2 4.79003 0.00195375
-10.1 4.84373 0.00215689
-10 4.89951 0.00270187
-9.9 4.94734 0.00261929
-9.8 4.98539 0.00246238
-9.7 5.02897 0.00270269
-9.6 5.07363 0.00292985
-9.5 5.11074 0.00342672
-9.4 5.14631 0.00258399
-9.3 5.18407 0.00305419
-9.2 5.22398 0.00313051
-9.1 5.25961 0.00284941
-9 5.29774 0.00341878
-8.9 5.3377 0.00314922
-8.8 5.3772 0.00342126
-8.7 5.41648 0.00356547
-8.6 5.45225 0.00347382
-8.5 5.4966 0.00337367
-8.4 5.53153 0.00319069
-8.3 5.57194 0.0033553
-8.2 5.61748 0.00349042
-8.1 5.66228 0.00351677
-8 5.7054 0.00361179
-7.9 5.74364 0.00346504
-7.8 5.78753 0.00352306
-7.7 5.82705 0.00357193
-7.6 5.87639 0.0032124
-7.5 5.9242 0.00358561
-7.4 5.96038 0.00367251
-7.3 6.01295 0.00336372
-7.2 6.06244 0.00396755
-7.1 6.11275 0.00368206
-7 6.16639 0.00392939
-6.9 6.22488 0.00329673
-6.8 6.27699 0.00294862
-6.7 6.33244 0.00329
-6.6 6.4014 0.00387546
-6.5 6.45981 0.00370599
-6.4 6.52731 0.0040173
-6.3 6.58519 0.00372367
-6.2 6.66072 0.00383818
-6.1 6.72348 0.00372924
-6 6.79992 0.00387622
-5.9 6.87673 0.00402193
-5.8 6.95885 0.00436139
-5.7 7.0457 0.00359396
-5.6 7.13727 0.00396513
-5.5 7.242 0.00418768
-5.4 7.34472 0.00451344
-5.3 7.45804 0.00429554
-5.2 7.58805 0.00446169
-5.1 7.71559 0.00440019
-5 7.88305 0.00471141
-4.9 8.06497 0.00478473
-4.8 8.29222 0.00506985
-4.7 8.57309 0.00528399
-4.6 8.95093 0.00630521
-4.5 9.41104 0.00668757
-4.4 9.80778 0.00688874
-4.3 10.0252 0.0073005
-4.2 10.0817 0.00797845
-4.1 10.1047 0.00814129
-4 10.1456 0.00774815
-3.9 10.1625 0.00782221
-3.8 10.1986 0.00711648
-3.7 10.2853 0.00753017
-3.6 10.3444 0.00810884
-3.5 10.3902 0.00803031
-3.4 10.4852 0.00891319
-3.3 10.5777 0.00883938
-3.2 10.6073 0.00868856
-3.1 10.6091 0.00813279
-3 10.6541 0.0090124
-2.9 10.7177 0.00938236
-2.8 10.7308 0.00951857
-2.7 10.7533 0.00882742
-2.6 10.8681 0.00904267
-2.5 10.9681 0.0108559
-2.4 10.992 0.00978508
-2.3 10.9945 0.00974166
-2.2 11.0922 0.00978314
-2.1 11.1643 0.00998858
-2 11.1991 0.0107934
-1.9 11.2017 0.00976158
-1.8 11.3041 0.00988596
-1.7 11.4408 0.0110743
-1.6 11.4891 0.0114833
-1.5 11.4773 0.0100375
-1.4 11.5199 0.0107168
-1.3 11.6944 0.0105853
-1.2 11.8207 0.0110795
-1.1 11.8138 0.0124691
-1 11.7876 0.0119769
-0.9 11.8871 0.0115477
-0.8 12.0583 0.0113893
-0.7 12.1526 0.0125971
-0.6 12.14 0.0129413
-0.5 12.1283 0.0121527
-0.4 12.2926 0.0119885
-0.3 12.6209 0.0115731
-0.2 12.3885 0.0115692
-0.1 12.4749 0.0114596
0 12.6111 0.0116706
0.1 12.9009 0.0125467
0.2 13.0746 0.0149038
0.3 13.0253 0.0141356
0.4 12.9716 0.0123651
0.5 13.0801 0.0120003
0.6 13.3588 0.0149581
0.7 13.5584 0.0136865
0.8 13.4905 0.0140348
0.9 13.4092 0.0158531
1 13.5163 0.013175
1.1 13.8255 0.0159483
1.2 14.0282 0.015772
1.3 14.058 0.0166487
1.4 13.9471 0.0166038
1.5 14.017 0.0147627
1.6 14.3304 0.016887
1.7 14.6255 0.0192217
1.8 14.7131 0.0188447
1.9 14.613 0.0169066
2 14.5665 0.0161724
2.1 14.8462 0.0185845
2.2 15.2788 0.0201469
2.3 15.5119 0.022371
2.4 15.4731 0.0195744
2.5 15.3338 0.019294
2.6 15.4736 0.0173026
2.7 15.8814 0.0182011
2.8 16.2692 0.0212552
2.9 16.3555 0.0197184
3 16.1934 0.0199879
3.1 16.1828 0.0215727
3.2 16.5189 0.0207072
3.3 17.1495 0.0218943
3.4 17.6121 0.0242263
3.5 17.6617 0.0242415
3.6 17.4494 0.0222217
3.7 17.3555 0.026241
3.8 17.7663 0.0267455
3.9 18.4397 0.0268355
4 18.9463 0.0272641
4.1 19.0072 0.0290443
4.2 18.7626 0.0264764
4.3 18.8229 0.0257759
4.4 19.3864 0.0301898
4.5 20.2046 0.0329779
4.6 20.8388 0.039079
4.7 20.8552 0.0341074
4.8 20.5266 0.0311463
4.9 20.4607 0.0354497
5 21.0656 0.0371479
5.1 22.1004 0.0370175
5.2 23.1238 0.0424637
5.3 23.5052 0.0506685
5.4 23.3389 0.0473799
5.5 23.2257 0.0415618
5.6 23.8485 0.0453141
5.7 25.2091 0.0495073
5.8 26.7913 0.0515575
5.9 27.8004 0.0568804
6 27.7089 0.0620456
6.1 27.1613 0.0597296
6.2 27.1998 0.0592135
6.3 28.2866 0.0637907
6.4 30.4326 0.079679
6.5 32.6326 0.0679024
6.6 34.2663 0.0875013
6.7 35.0948 0.0848605
6.8 36.1253 0.088826
6.9 38.3846 0.10211
7 43.2482 0.124209
7.1 50.3986 0.146404
7.2 59.3748 0.191176
7.3 69.5202 0.266897
7.4 79.9752 0.313309
7.5 90.0734 0.380516
7.6 96.941 0.646862
7.7 97.5717 1.03569
7.8 86.6681 1.49483
7.9 62.5789 1.76551
8 46.8825 1.83847
8.1 38.9981 1.57347
8.2 37.6694 1.69442
8.3 35.6029 1.69662
8.4 33.8803 1.70437
8.5 38.8601 3.2976
8.6 35.7082 1.94576
8.7 37.7769 1.59421
8.8 34.4551 1.51769
8.9 34.1122 1.69446
9 33.9721 1.37871
9.1 32.777 1.25413
9.2 33.2315 1.33688
9.3 34.2754 1.62872
9.4 34.9822 1.68049
9.5 35.0303 1.58711
9.6 35.628 1.61358
9.7 33.5473 1.53858
9.8 33.8869 1.56263
9.9 34.2276 1.41499
10 34.1785 1.53941
10.1 34.5544 1.48967
10.2 35.5909 1.5055
