-10.2 0.0530523 3.91377e-05
-10.1 0.0534792 4.28503e-05
-10 0.0539243 4.15781e-05
-9.9 0.0542949 4.33865e-05
-9.8 0.0546121 4.13432e-05
-9.7 0.0549846 4.43628e-05
-9.6 0.0552845 4.61787e-05
-9.5 0.0555724 4.95116e-05
-9.4 0.0558273 4.22818e-05
-9.3 0.0561091 4.48841e-05
-9.2 0.0564218 4.57161e-05
-9.1 0.0566599 4.56648e-05
-9 0.0569557 5.42284e-05
-8.9 0.0572135 4.37871e-05
-8.8 0.0575005 5.00321e-05
-8.7 0.0577402 4.54117e-05
-8.6 0.057993 4.30847e-05
-8.5 0.0583436 4.25469e-05
-8.4 0.0585908 4.35316e-05
-8.3 0.0588365 4.45119e-05
-8.2 0.0591535 4.80621e-05
-8.1 0.0594702 4.28597e-05
-8 0.0597874 4.59852e-05
-7.9 0.0600376 5.11384e-05
-7.8 0.0603044 4.38271e-05
-7.7 0.0605736 4.54416e-05
-7.6 0.0608836 4.50116e-05
-7.5 0.0612094 4.94268e-05
-7.4 0.0614299 5.38306e-05
-7.3 0.0617836 4.41982e-05
-7.2 0.0621299 5.41376e-05
-7.1 0.0624309 4.47818e-05
-7 0.0628036 5.12981e-05
-6.9 0.0632311 4.67525e-05
-6.8 0.063537 4.80169e-05
-6.7 0.0638849 4.77449e-05
-6.6 0.0643528 5.05812e-05
-6.5 0.0647403 4.75364e-05
-6.4 0.065181 5.26804e-05
-6.3 0.0655701 5.35987e-05
-6.2 0.0660398 4.92309e-05
-6.1 0.066475 4.62704e-05
-6 0.0669759 5.2288e-05
-5.9 0.0674729 5.07398e-05
-5.8 0.0679594 5.19074e-05
-5.7 0.0685335 5.08285e-05
-5.6 0.0691824 5.13257e-05
-5.5 0.0698598 5.31877e-05
-5.4 0.0705293 5.44454e-05
-5.3 0.0712862 5.13251e-05
-5.2 0.0721095 5.26084e-05
-5.1 0.0729479 5.24144e-05
-5 0.0740886 5.92734e-05
-4.9 0.0752334 5.47887e-05
-4.8 0.0766949 6.15924e-05
-4.7 0.0783815 5.89868e-05
-4.6 0.0805029 6.04008e-05
-4.5 0.0826742 6.65905e-05
-4.4 0.0839986 6.52059e-05
-4.3 0.0841939 6.49266e-05
-4.2 0.0834978 6.09407e-05
-4.1 0.0827279 6.0351e-05
-4 0.0820553 6.21124e-05
-3.9 0.0812021 5.80545e-05
-3.8 0.080566 6.39487e-05
-3.7 0.0801365 6.89194e-05
-3.6 0.0795195 6.60166e-05
-3.5 0.0788803 6.5785e-05
-3.4 0.0784656 7.11047e-05
-3.3 0.0779264 6.58475e-05
-3.2 0.0770677 6.43727e-05
-3.1 0.0761755 6.71846e-05
-3 0.0755041 6.64148e-05
-2.9 0.0748427 6.93132e-05
-2.8 0.0739526 6.51794e-05
-2.7 0.0732647 6.04627e-05
-2.6 0.0728828 6.46017e-05
-2.5 0.0723082 6.5358e-05
-2.4 0.0714464 7.03533e-05
-2.3 0.0706263 7.19513e-05
-2.2 0.0701344 6.99381e-05
-2.1 0.0694853 7.13246e-05
-2 0.0686862 7.09228e-05
-1.9 0.0678595 6.50871e-05
-1.8 0.0674479 6.27537e-05
-1.7 0.0669429 6.21595e-05
-1.6 0.0661974 6.18373e-05
-1.5 0.0652796 5.39763e-05
-1.4 0.0646612 5.67632e-05
-1.3 0.0643679 5.92366e-05
-1.2 0.0637874 6.078e-05
-1.1 0.0627674 6.70368e-05
-1 0.0618583 6.80737e-05
-0.9 0.061402 6.14202e-05
-0.8 0.0609858 5.68126e-05
-0.7 0.0602849 5.80751e-05
-0.6 0.0592832 5.6049e-05
-0.5 0.058454 5.60106e-05
-0.4 0.0581527 5.92e-05
-0.3 0.0581525 5.87771e-05
-0.2 0.0558838 5.53101e-05
-0.1 0.0551317 5.08713e-05
0 0.0546892 5.00915e-05
0.1 0.0544289 5.84641e-05
0.2 0.053696 6.16497e-05
0.3 0.053001 5.54607e-05
0.4 0.0520126 5.83401e-05
0.5 0.0515145 6.01899e-05
0.6 0.0512929 6.29989e-05
0.7 0.0506818 5.49641e-05
0.8 0.0494852 5.78036e-05
0.9 0.0484538 5.96334e-05
1 0.0479811 5.34629e-05
1.1 0.0477682 5.7033e-05
1.2 0.0471798 5.55988e-05
1.3 0.0461961 5.88802e-05
1.4 0.0451132 5.5972e-05
1.5 0.0445076 5.62239e-05
1.6 0.0443047 5.67631e-05
1.7 0.0438682 5.96436e-05
1.8 0.0430024 5.93301e-05
1.9 0.0418706 5.33363e-05
2 0.0410234 5.50908e-05
2.1 0.0407817 5.70258e-05
2.2 0.0406178 5.73245e-05
2.3 0.0399083 5.50968e-05
2.4 0.0388069 4.67152e-05
2.5 0.0377252 4.95705e-05
2.6 0.0372003 4.71968e-05
2.7 0.0369752 4.72741e-05
2.8 0.0365147 5.29907e-05
2.9 0.0355618 5.23764e-05
3 0.0344301 4.91693e-05
3.1 0.0336554 4.71723e-05
3.2 0.0333963 5.17109e-05
3.3 0.0333159 5.24354e-05
3.4 0.0327731 5.41124e-05
3.5 0.031699 5.15942e-05
3.6 0.0304859 4.91092e-05
3.7 0.0296196 5.3714e-05
3.8 0.0293383 5.49335e-05
3.9 0.0291433 4.92447e-05
4 0.0285934 4.60092e-05
4.1 0.0274984 4.69881e-05
4.2 0.0263565 4.62313e-05
4.3 0.0256631 4.6088e-05
4.4 0.0253835 4.9926e-05
4.5 0.0251543 5.13717e-05
4.6 0.0245324 5.00411e-05
4.7 0.0233784 4.10234e-05
4.8 0.022198 4.05522e-05
4.9 0.0214131 4.29816e-05
5 0.0211219 5.08098e-05
5.1 0.0209563 4.9638e-05
5.2 0.0205452 4.84024e-05
5.3 0.0196326 4.51638e-05
5.4 0.0184931 4.05158e-05
5.5 0.0176052 3.93273e-05
5.6 0.0171981 3.92346e-05
5.7 0.0169935 4.19596e-05
5.8 0.0166393 3.4281e-05
5.9 0.0157866 3.85592e-05
6 0.0145512 3.97356e-05
6.1 0.0133656 3.70823e-05
6.2 0.0126381 3.34235e-05
6.3 0.0122721 3.18126e-05
6.4 0.0120732 3.36804e-05
6.5 0.0116464 3.23354e-05
6.6 0.0109278 3.27234e-05
6.7 0.0100081 3.04529e-05
6.8 0.00924743 2.96507e-05
6.9 0.00877855 3.13105e-05
7 0.00853239 3.2551e-05
7.1 0.00814805 3.14739e-05
7.2 0.00729563 3.01133e-05
7.3 0.00592671 3.05892e-05
7.4 0.0042668 2.99375e-05
7.5 0.00266008 2.26517e-05
7.6 0.00144873 1.48609e-05
7.7 0.000692468 1.08109e-05
7.8 0.000338666 7.45923e-06
7.9 0.000178948 5.41513e-06
8 0.000137335 4.72307e-06
8.1 0.000110637 4.58957e-06
8.2 0.00011418 4.9409e-06
8.3 0.000106118 4.26903e-06
8.4 0.000100401 3.83155e-06
8.5 0.000102386 4.01505e-06
8.6 0.000102365 4.43641e-06
8.7 0.00010987 4.24541e-06
8.8 0.000100847 4.54696e-06
8.9 9.87658e-05 4.03368e-06
9 9.91143e-05 4.81608e-06
9.1 9.85625e-05 4.49123e-06
9.2 9.62043e-05 4.15551e-06
9.3 0.000102537 4.60659e-06
9.4 9.52289e-05 3.95799e-06
9.5 0.000101218 4.27598e-06
9.6 9.62147e-05 4.15462e-06
9.7 9.47489e-05 4.46128e-06
9.8 9.61485e-05 4.43134e-06
9.9 9.41764e-05 4.47677e-06
10 8.84003e-05 4.41124e-06
10.1 8.8522e-05 3.78461e-06
10.2 9.22874e-05 4.28323e-06
