-10.2 7.5546 0.0572349
-10.1 8.3015 0.0628322
-10 8.84779 0.0765529
-9.9 9.19225 0.0709912
-9.8 9.34376 0.0640793
-9.7 9.58448 0.0689129
-9.6 9.94801 0.0762603
-9.5 10.1126 0.0825257
-9.4 10.1995 0.0598765
-9.3 10.3653 0.0821311
-9.2 10.625 0.0787295
-9.1 10.6135 0.0735724
-9 10.7734 0.0778609
-8.9 10.9512 0.0767211
-8.8 11.1188 0.0828709
-8.7 11.2781 0.083668
-8.6 11.3116 0.0808463
-8.5 11.4843 0.0832121
-8.4 11.4922 0.0749643
-8.3 11.604 0.0795625
-8.2 11.7775 0.0811427
-8.1 11.9024 0.0771396
-8 12.0749 0.0796278
-7.9 12.0342 0.0683182
-7.8 12.2111 0.0798905
-7.7 12.1307 0.0719277
-7.6 12.3829 0.0735297
-7.5 12.4963 0.082253
-7.4 12.2802 0.0768535
-7.3 12.5233 0.075282
-7.2 12.5706 0.087682
-7.1 12.6742 0.0856522
-7 12.7421 0.090444
-6.9 12.9144 0.0658912
-6.8 12.9689 0.0667888
-6.7 13.0019 0.072659
-6.6 13.2985 0.0808316
-6.5 13.2942 0.077547
-6.4 13.5886 0.0864016
-6.3 13.3681 0.0741456
-6.2 13.8037 0.0755942
-6.1 13.693 0.0770291
-6 13.8369 0.079384
-5.9 13.8611 0.0763311
-5.8 14.0341 0.0859267
-5.7 14.1621 0.0733346
-5.6 14.2225 0.0760708
-5.5 14.5041 0.0690682
-5.4 14.6779 0.0875728
-5.3 14.7989 0.0807868
-5.2 15.1581 0.071738
-5.1 15.1541 0.0716891
-5 15.708 0.075201
-4.9 16.1664 0.0750853
-4.8 17.1091 0.0746025
-4.7 18.6042 0.0817525
-4.6 21.7782 0.0952994
-4.5 27.3929 0.108516
-4.4 33.1992 0.109232
-4.3 36.9006 0.112893
-4.2 37.6112 0.131562
-4.1 37.4323 0.123379
-4 37.4908 0.123995
-3.9 37.2261 0.122355
-3.8 36.8552 0.124305
-3.7 37.4704 0.105576
-3.6 37.904 0.127221
-3.5 37.7314 0.114623
-3.4 38.3834 0.131887
-3.3 39.5497 0.124826
-3.2 39.7809 0.121996
-3.1 39.122 0.120619
-3 39.0552 0.137007
-2.9 39.6716 0.133012
-2.8 39.4234 0.138462
-2.7 38.5209 0.130759
-2.6 39.4023 0.120023
-2.5 40.6635 0.168009
-2.4 40.7045 0.136788
-2.3 39.6972 0.147588
-2.2 40.3199 0.143547
-2.1 41.0306 0.151624
-2 41.0303 0.149102
-1.9 40.0316 0.13933
-1.8 40.2608 0.140434
-1.7 42.0101 0.163103
-1.6 42.4358 0.159889
-1.5 41.3873 0.141577
-1.4 40.4902 0.147499
-1.3 42.0717 0.150071
-1.2 43.9029 0.148486
-1.1 43.4815 0.161875
-1 41.9811 0.141705
-0.9 41.7552 0.164373
-0.8 43.6499 0.160402
-0.7 44.8426 0.169613
-0.6 44.2263 0.162057
-0.5 42.5514 0.170757
-0.4 43.3847 0.165167
-0.3 47.6572 0.155586
-0.2 43.3948 0.148289
-0.1 43.6941 0.133909
0 43.2708 0.140113
0.1 45.9866 0.153582
0.2 48.5197 0.172628
0.3 47.6005 0.196263
0.4 45.543 0.157156
0.5 44.9297 0.144105
0.6 47.359 0.170081
0.7 50.4148 0.189483
0.8 49.3952 0.189606
0.9 46.8777 0.211829
1 45.9009 0.165057
1.1 48.5228 0.194145
1.2 50.9992 0.195072
1.3 51.4745 0.198133
1.4 48.7757 0.212456
1.5 47.1025 0.177436
1.6 49.2259 0.175471
1.7 52.4998 0.208475
1.8 53.6597 0.235805
1.9 51.8155 0.209132
2 48.7995 0.193774
2.1 49.3012 0.198534
2.2 53.3953 0.209942
2.3 56.2745 0.239109
2.4 55.8445 0.236584
2.5 52.3128 0.223164
2.6 51.1239 0.195528
2.7 53.4779 0.212597
2.8 57.5804 0.231095
2.9 58.8767 0.211464
3 55.8968 0.230088
3.1 52.7355 0.234101
3.2 52.9612 0.236133
3.3 57.8204 0.231475
3.4 62.6995 0.266301
3.5 63.7239 0.254265
3.6 60.5712 0.242047
3.7 56.1324 0.262874
3.8 56.6709 0.266018
3.9 61.4391 0.255346
4 66.3705 0.260112
4.1 67.3731 0.288577
4.2 63.0891 0.261047
4.3 59.6666 0.247979
4.4 61.4217 0.284686
4.5 66.4513 0.281859
4.6 72.5032 0.321217
4.7 73.3882 0.30837
4.8 68.7576 0.30038
4.9 63.81 0.345015
5 64.1064 0.311257
5.1 69.4878 0.291828
5.2 76.8811 0.309817
5.3 80.1943 0.408918
5.4 77.3779 0.375266
5.5 72.3535 0.361556
5.6 71.0693 0.357712
5.7 76.4144 0.35695
5.8 85.8057 0.380985
5.9 93.5862 0.402719
6 93.1783 0.466944
6.1 86.7046 0.454433
6.2 80.3356 0.424805
6.3 80.08 0.488508
6.4 88.0063 0.483108
6.5 97.6906 0.449157
6.6 104.165 0.540903
6.7 104.437 0.478251
6.8 101.75 0.583352
6.9 101.38 0.604382
7 112.829 0.633941
7.1 133.057 0.618695
7.2 159.223 0.725956
7.3 187.686 0.972017
7.4 215.049 1.03178
7.5 243.404 1.07235
7.6 263.2 1.78304
7.7 280.191 2.78976
7.8 273.644 3.62223
7.9 244.812 6.61639
8 187.045 8.20702
8.1 155.869 8.21715
8.2 153.659 9.10678
8.3 140.871 9.0511
8.4 120.988 8.74234
8.5 149.098 10.3792
8.6 140.171 9.14544
8.7 155.4 8.79654
8.8 135.047 9.3257
8.9 126.432 9.67938
9 131.953 8.78149
9.1 134.294 9.47444
9.2 137.258 8.61885
9.3 119.277 8.90416
9.4 133.386 8.37625
9.5 133.234 9.05349
9.6 136.01 9.56255
9.7 126.688 9.47866
9.8 127.686 9.14719
9.9 127.582 8.90873
10 125.113 8.45625
10.1 136.448 9.003
10.2 138.327 9.54915
