-10.2 6.7122 0.000470203
-10.1 6.73107 0.000476768
-10 6.76797 0.000487324
-9.9 6.79829 0.000487332
-9.8 6.83129 0.000501434
-9.7 6.86647 0.000513679
-9.6 6.89957 0.000525479
-9.5 6.93513 0.000531494
-9.4 6.97151 0.000547779
-9.3 7.00737 0.000559547
-9.2 7.04543 0.000572385
-9.1 7.08328 0.000588388
-9 7.12222 0.000592241
-8.9 7.16265 0.000605613
-8.8 7.20308 0.000612694
-8.7 7.24516 0.000631189
-8.6 7.28806 0.000637466
-8.5 7.33169 0.000654275
-8.4 7.37739 0.000674762
-8.3 7.42311 0.000692322
-8.2 7.47081 0.000704607
-8.1 7.51959 0.000725556
-8 7.56954 0.000746337
-7.9 7.6214 0.000762016
-7.8 7.67402 0.000788566
-7.7 7.72908 0.000798645
-7.6 7.78516 0.000823997
-7.5 7.84374 0.00084028
-7.4 7.90371 0.000859476
-7.3 7.96568 0.000891812
-7.2 8.03044 0.00093118
-7.1 8.09682 0.000987718
-7 8.16602 0.0010184
-6.9 8.23767 0.00104692
-6.8 8.31289 0.00109203
-6.7 8.39033 0.00112737
-6.6 8.47284 0.00118707
-6.5 8.55806 0.00122559
-6.4 8.64777 0.00127159
-6.3 8.74249 0.00131061
-6.2 8.8418 0.00136615
-6.1 8.94795 0.00142705
-6 9.06095 0.00149025
-5.9 9.18167 0.00157473
-5.8 9.31183 0.00166394
-5.7 9.45116 0.00179511
-5.6 9.60405 0.00194638
-5.5 9.77227 0.00205514
-5.4 9.96158 0.00235885
-5.3 10.1772 0.00254137
-5.2 10.4316 0.0028985
-5.1 10.7438 0.00342226
-5 11.1405 0.00425415
-4.9 11.6144 0.00458315
-4.8 12.043 0.00482272
-4.7 12.2485 0.00549161
-4.6 12.1916 0.00647868
-4.5 12.0667 0.00606802
-4.4 12.0321 0.0061433
-4.3 12.0983 0.00553581
-4.2 12.2204 0.00552822
-4.1 12.3424 0.00573872
-4 12.4021 0.00614394
-3.9 12.411 0.00585703
-3.8 12.458 0.00586011
-3.7 12.5198 0.00622337
-3.6 12.5693 0.00615904
-3.5 12.6403 0.00655833
-3.4 12.729 0.00654378
-3.3 12.8004 0.00732387
-3.2 12.845 0.00707651
-3.1 12.914 0.00740763
-3 13.0025 0.00686206
-2.9 13.0543 0.00687895
-2.8 13.0956 0.00694138
-2.7 13.2065 0.00756702
-2.6 13.3246 0.00732652
-2.5 13.3815 0.00775679
-2.4 13.421 0.00694174
-2.3 13.5107 0.0066407
-2.2 13.6108 0.00658493
-2.1 13.6754 0.0066877
-2 13.6966 0.00804785
-1.9 13.7822 0.00829749
-1.8 13.9231 0.00822078
-1.7 14.0229 0.00764466
-1.6 14.046 0.00744205
-1.5 14.094 0.00714197
-1.4 14.2298 0.00772821
-1.3 14.3698 0.00765155
-1.2 14.4102 0.00802495
-1.1 14.4176 0.00828153
-1 14.5255 0.00855748
-0.9 14.7085 0.00838422
-0.8 14.824 0.00896786
-0.7 14.8473 0.00954519
-0.6 14.8907 0.0092413
-0.5 15.0383 0.00930576
-0.4 15.264 0.010799
-0.3 15.507 0.00960987
-0.2 15.242 0.00843331
-0.1 15.4914 0.00978199
0 15.8106 0.010962
0.1 16.0597 0.00923194
0.2 16.1139 0.00923827
0.3 16.1096 0.00991472
0.4 16.2974 0.00988686
0.5 16.6171 0.0102638
0.6 16.8398 0.0124016
0.7 16.8842 0.0127684
0.8 16.9075 0.0131908
0.9 17.0574 0.0126221
1 17.4122 0.0126812
1.1 17.7132 0.0143139
1.2 17.8042 0.0148304
1.3 17.7844 0.0157197
1.4 17.9155 0.0143781
1.5 18.2933 0.0160736
1.6 18.7005 0.0170268
1.7 18.8706 0.0168366
1.8 18.8516 0.0165305
1.9 18.8977 0.0145332
2 19.2359 0.016013
2.1 19.7332 0.0168192
2.2 20.0925 0.017016
2.3 20.1192 0.0162165
2.4 20.0472 0.0179637
2.5 20.2707 0.0159308
2.6 20.7967 0.0154297
2.7 21.3601 0.0173898
2.8 21.6054 0.0211033
2.9 21.6059 0.021024
3 21.7101 0.022936
3.1 22.2489 0.022832
3.2 23.1209 0.023994
3.3 23.8558 0.0264059
3.4 24.1452 0.0274479
3.5 24.0905 0.0250801
3.6 24.3032 0.0289016
3.7 25.0745 0.0274431
3.8 26.2388 0.0324747
3.9 27.2068 0.0341141
4 27.5539 0.0369167
4.1 27.4899 0.035368
4.2 27.6782 0.0410218
4.3 28.6428 0.0399266
4.4 30.1843 0.0473454
4.5 31.8489 0.0501872
4.6 33.1158 0.0492224
4.7 34.2345 0.0497119
4.8 36.0295 0.0534236
4.9 39.426 0.0613719
5 44.3966 0.0645869
5.1 50.834 0.108559
5.2 57.4591 0.124876
5.3 64.2742 0.163288
5.4 70.9417 0.263103
5.5 77.1305 0.431447
5.6 84.1902 0.740876
5.7 93.9434 1.6309
5.8 110.098 7.55748
5.9 50.0422 8.89537
6 4.33377 2.22941
6.1 1.3873 1.3873
6.2 0 0
6.3 0 0
6.4 0 0
6.5 0 0
6.6 0 0
6.7 0 0
6.8 0 0
6.9 0 0
7 0 0
7.1 0 0
7.2 0 0
7.3 0 0
7.4 0 0
7.5 0 0
7.6 0 0
7.7 0 0
7.8 0 0
7.9 0 0
8 0 0
8.1 0 0
8.2 0 0
8.3 0 0
8.4 0 0
8.5 0 0
8.6 0 0
8.7 0 0
8.8 0 0
8.9 0 0
9 0 0
9.1 0 0
9.2 0 0
9.3 0 0
9.4 0 0
9.5 0 0
9.6 0 0
9.7 0 0
9.8 0 0
9.9 0 0
10 0 0
10.1 0 0
10.2 0 0
