-10.2 0.058075 4.17441e-05
-10.1 0.0585623 4.42972e-05
-10 0.0590946 4.76071e-05
-9.9 0.0594664 4.47969e-05
-9.8 0.0599099 4.91257e-05
-9.7 0.060253 4.91648e-05
-9.6 0.0605819 4.66489e-05
-9.5 0.0609052 5.07693e-05
-9.4 0.0612627 4.82429e-05
-9.3 0.0615403 4.71299e-05
-9.2 0.061862 5.21187e-05
-9.1 0.0621687 5.23266e-05
-9 0.0624687 4.62645e-05
-8.9 0.0628469 4.89858e-05
-8.8 0.0632086 4.96911e-05
-8.7 0.063491 5.10041e-05
-8.6 0.0638279 4.84051e-05
-8.5 0.0641527 5.0078e-05
-8.4 0.0644855 4.75279e-05
-8.3 0.0647747 4.62216e-05
-8.2 0.0651656 4.65615e-05
-8.1 0.0655212 5.02802e-05
-8 0.0658338 4.87116e-05
-7.9 0.0662456 5.38136e-05
-7.8 0.0665577 5.10537e-05
-7.7 0.0669585 5.21561e-05
-7.6 0.0673586 5.76415e-05
-7.5 0.0677263 5.16357e-05
-7.4 0.0681451 5.26022e-05
-7.3 0.0685062 5.49986e-05
-7.2 0.0689561 5.14658e-05
-7.1 0.0694176 5.17888e-05
-7 0.0699082 5.25402e-05
-6.9 0.0703741 5.04425e-05
-6.8 0.0708834 5.05575e-05
-6.7 0.0713497 5.44528e-05
-6.6 0.0718695 5.25746e-05
-6.5 0.0723892 5.56768e-05
-6.4 0.0729358 5.44346e-05
-6.3 0.0735928 6.01135e-05
-6.2 0.0742353 6.16008e-05
-6.1 0.0749232 5.72047e-05
-6 0.0756783 5.56793e-05
-5.9 0.0764228 5.45419e-05
-5.8 0.0772537 5.71555e-05
-5.7 0.0781943 5.50948e-05
-5.6 0.079187 5.72015e-05
-5.5 0.0803303 6.11276e-05
-5.4 0.0816087 5.93367e-05
-5.3 0.0830029 6.21661e-05
-5.2 0.0847153 6.08879e-05
-5.1 0.0868396 6.85329e-05
-5 0.0895029 7.65361e-05
-4.9 0.0926495 7.90133e-05
-4.8 0.0949516 7.47055e-05
-4.7 0.0951274 7.97537e-05
-4.6 0.0931019 7.88994e-05
-4.5 0.0906837 7.58361e-05
-4.4 0.089186 7.46026e-05
-4.3 0.0884885 6.6471e-05
-4.2 0.0881583 7.06306e-05
-4.1 0.0876995 6.75743e-05
-4 0.0868354 6.76056e-05
-3.9 0.0856213 7.03606e-05
-3.8 0.084622 6.90435e-05
-3.7 0.0837905 6.69019e-05
-3.6 0.0828306 6.99152e-05
-3.5 0.0820155 7.61919e-05
-3.4 0.0813054 7.55538e-05
-3.3 0.0804699 7.45141e-05
-3.2 0.0794296 7.45115e-05
-3.1 0.0785911 6.81654e-05
-3 0.077853 6.53561e-05
-2.9 0.0768814 6.32114e-05
-2.8 0.075885 7.39358e-05
-2.7 0.0751892 6.94751e-05
-2.6 0.0746202 7.0485e-05
-2.5 0.0736149 7.43637e-05
-2.4 0.0724904 7.41708e-05
-2.3 0.0716936 6.65732e-05
-2.2 0.0709207 6.54763e-05
-2.1 0.0699334 6.26126e-05
-2 0.068742 6.67274e-05
-1.9 0.0679395 6.41966e-05
-1.8 0.0673503 6.63554e-05
-1.7 0.0665452 6.73837e-05
-1.6 0.0653149 6.51611e-05
-1.5 0.0643175 6.02291e-05
-1.4 0.0636446 5.26017e-05
-1.3 0.0630089 5.99403e-05
-1.2 0.0618832 6.77959e-05
-1.1 0.0606074 6.24495e-05
-1 0.0598598 6.63347e-05
-0.9 0.0594264 5.84873e-05
-0.8 0.058566 6.36179e-05
-0.7 0.0573615 7.13344e-05
-0.6 0.0563045 6.71895e-05
-0.5 0.0556797 6.35793e-05
-0.4 0.0553013 7.05175e-05
-0.3 0.0549444 6.45603e-05
-0.2 0.0524734 5.8308e-05
-0.1 0.0520853 6.4094e-05
0 0.0518212 6.5659e-05
0.1 0.0511666 5.7935e-05
0.2 0.0497836 5.43034e-05
0.3 0.0484073 5.40953e-05
0.4 0.0477765 5.30102e-05
0.5 0.0474764 5.21726e-05
0.6 0.0467377 5.8681e-05
0.7 0.0454731 5.8578e-05
0.8 0.0442553 5.92475e-05
0.9 0.0434216 6.12639e-05
1 0.0430914 5.2746e-05
1.1 0.0424844 5.76724e-05
1.2 0.0412963 6.06484e-05
1.3 0.0398802 5.54152e-05
1.4 0.0389445 4.97949e-05
1.5 0.0385883 5.23659e-05
1.6 0.0381176 5.71954e-05
1.7 0.0370338 5.5267e-05
1.8 0.0356069 5.59644e-05
1.9 0.0343888 5.32947e-05
2 0.0338438 5.23227e-05
2.1 0.0334497 5.51655e-05
2.2 0.0326619 5.43958e-05
2.3 0.031304 5.01076e-05
2.4 0.0298445 5.13027e-05
2.5 0.0289731 5.21211e-05
2.6 0.0285636 4.82157e-05
2.7 0.0280246 5.17583e-05
2.8 0.0269552 5.55861e-05
2.9 0.0256148 5.0464e-05
3 0.0245302 5.02166e-05
3.1 0.0240272 4.73962e-05
3.2 0.0237777 4.8287e-05
3.3 0.0231736 4.95952e-05
3.4 0.0219714 4.74073e-05
3.5 0.0205058 4.3146e-05
3.6 0.0194563 4.43425e-05
3.7 0.0189372 4.00497e-05
3.8 0.0185856 4.33725e-05
3.9 0.0178174 4.91682e-05
4 0.0165109 4.32873e-05
4.1 0.0150691 4.11854e-05
4.2 0.0139655 4.05987e-05
4.3 0.0133623 3.63259e-05
4.4 0.0129559 3.52408e-05
4.5 0.0123743 3.38206e-05
4.6 0.0114439 3.5548e-05
4.7 0.0104667 3.29479e-05
4.8 0.00969998 3.17529e-05
4.9 0.00924985 3.29882e-05
5 0.00871826 3.10974e-05
5.1 0.00771791 3.14516e-05
5.2 0.00601984 3.22576e-05
5.3 0.00403899 2.67738e-05
5.4 0.00229117 2.02867e-05
5.5 0.00111372 1.41726e-05
5.6 0.000482319 9.02685e-06
5.7 0.000207734 5.31079e-06
5.8 0.000110871 4.50072e-06
5.9 9.49597e-05 4.55286e-06
6 8.64076e-05 4.12674e-06
6.1 8.06396e-05 3.63456e-06
6.2 8.63268e-05 3.62702e-06
6.3 8.41354e-05 4.28779e-06
6.4 8.67656e-05 4.44219e-06
6.5 8.38611e-05 3.61221e-06
6.6 8.76508e-05 4.99502e-06
6.7 8.69419e-05 4.04945e-06
6.8 7.8514e-05 3.95141e-06
6.9 7.38914e-05 3.14315e-06
7 7.95722e-05 4.53367e-06
7.1 7.84371e-05 3.55398e-06
7.2 8.14932e-05 4.60643e-06
7.3 7.46005e-05 3.56317e-06
7.4 7.3793e-05 3.23821e-06
7.5 7.60742e-05 3.64682e-06
7.6 7.15429e-05 3.53398e-06
7.7 6.9972e-05 3.57726e-06
7.8 7.22046e-05 4.28302e-06
7.9 7.36267e-05 3.341e-06
8 7.54861e-05 3.58073e-06
8.1 6.57684e-05 3.32171e-06
8.2 6.78841e-05 3.61132e-06
8.3 6.84722e-05 3.66153e-06
8.4 6.60132e-05 3.73707e-06
8.5 6.53496e-05 3.67493e-06
8.6 6.61512e-05 3.68005e-06
8.7 6.47139e-05 3.34447e-06
8.8 6.61619e-05 3.57168e-06
8.9 6.12214e-05 3.2142e-06
9 6.79775e-05 4.14466e-06
9.1 6.85898e-05 3.82165e-06
9.2 6.39484e-05 3.44768e-06
9.3 6.15731e-05 3.3416e-06
9.4 5.70131e-05 3.27035e-06
9.5 5.68828e-05 2.89117e-06
9.6 6.40983e-05 3.18708e-06
9.7 6.03483e-05 3.21365e-06
9.8 5.78931e-05 3.69308e-06
9.9 5.32911e-05 2.81914e-06
10 5.38486e-05 2.67118e-06
10.1 5.60859e-05 3.255e-06
10.2 5.36104e-05 2.31559e-06
