-10.2 35.0741 0.652968
-10.1 35.7697 0.709871
-10 36.3839 0.653985
-9.9 36.8792 0.761756
-9.8 36.7299 0.64175
-9.7 36.0042 0.696802
-9.6 36.8862 0.665051
-9.5 36.3276 0.570211
-9.4 36.209 0.620576
-9.3 35.9877 0.617814
-9.2 36.4939 0.684394
-9.1 36.6821 0.739439
-9 36.1508 0.609711
-8.9 37.5683 0.60106
-8.8 38.0895 0.618748
-8.7 37.4717 0.651735
-8.6 37.3686 0.609325
-8.5 37.8102 0.664154
-8.4 37.5724 0.66613
-8.3 37.7071 0.628552
-8.2 37.744 0.637642
-8.1 37.4952 0.630486
-8 37.6896 0.634664
-7.9 37.8121 0.701142
-7.8 37.4963 0.5949
-7.7 36.7838 0.57164
-7.6 37.9132 0.557992
-7.5 37.4541 0.596921
-7.4 38.5941 0.643781
-7.3 37.9141 0.648452
-7.2 38.5282 0.607479
-7.1 37.7143 0.612346
-7 38.2371 0.546919
-6.9 39.6166 0.623276
-6.8 39.4295 0.605528
-6.7 39.0484 0.60262
-6.6 38.2194 0.654829
-6.5 38.82 0.619858
-6.4 38.6796 0.633085
-6.3 39.064 0.539988
-6.2 38.8369 0.671821
-6.1 38.4436 0.577124
-6 39.3841 0.593175
-5.9 38.7601 0.589043
-5.8 39.3819 0.574747
-5.7 40.0178 0.569988
-5.6 39.4925 0.548226
-5.5 40.2725 0.561516
-5.4 40.4798 0.622618
-5.3 39.7693 0.478842
-5.2 39.5872 0.515799
-5.1 41.1998 0.51495
-5 42.09 0.484155
-4.9 45.6339 0.501894
-4.8 48.6708 0.448738
-4.7 51.7219 0.451503
-4.6 51.2091 0.49599
-4.5 49.237 0.551643
-4.4 48.9518 0.434994
-4.3 49.0557 0.441092
-4.2 48.1496 0.492733
-4.1 49.7151 0.441433
-4 49.9432 0.433401
-3.9 50.2039 0.539354
-3.8 49.4643 0.516107
-3.7 50.2463 0.478293
-3.6 50.4569 0.521605
-3.5 49.7006 0.468859
-3.4 50.5395 0.458003
-3.3 50.4833 0.487326
-3.2 50.2309 0.544204
-3.1 50.1002 0.434883
-3 51.1076 0.523174
-2.9 50.7738 0.5457
-2.8 51.2905 0.500081
-2.7 49.7679 0.477835
-2.6 51.241 0.52694
-2.5 51.726 0.491104
-2.4 50.8812 0.509053
-2.3 51.1749 0.54948
-2.2 51.4326 0.502341
-2.1 51.5692 0.497106
-2 51.5085 0.488415
-1.9 52.0794 0.493596
-1.8 53.061 0.531157
-1.7 53.031 0.543424
-1.6 52.1101 0.498268
-1.5 52.3327 0.546643
-1.4 51.4718 0.46568
-1.3 52.8514 0.489665
-1.2 53.7266 0.607582
-1.1 52.3339 0.573359
-1 52.3496 0.571624
-0.9 53.7821 0.626073
-0.8 53.9412 0.544161
-0.7 53.7802 0.570737
-0.6 53.1572 0.628709
-0.5 52.9075 0.594737
-0.4 54.6622 0.546172
-0.3 56.9599 0.63246
-0.2 62.0049 0.648209
-0.1 62.833 0.721346
0 65.879 0.698966
0.1 66.9426 0.619785
0.2 66.6689 0.710828
0.3 55.117 0.651475
0.4 55.3994 0.67061
0.5 56.8777 0.584269
0.6 56.8675 0.667513
0.7 57.4941 0.596658
0.8 56.8674 0.745923
0.9 55.8537 0.582618
1 57.7955 0.647076
1.1 58.8783 0.651057
1.2 59.1077 0.568431
1.3 58.9171 0.64564
1.4 56.8655 0.644011
1.5 58.492 0.624477
1.6 59.9369 0.675112
1.7 60.4092 0.663387
1.8 60.0843 0.743424
1.9 58.4067 0.634544
2 59.5741 0.713906
2.1 60.1195 0.641321
2.2 62.6889 0.707818
2.3 63.8322 0.796906
2.4 63.4378 0.940772
2.5 60.5012 0.816909
2.6 61.9453 0.697987
2.7 63.4552 0.779716
2.8 64.7206 0.762762
2.9 63.0924 0.757325
3 63.1739 0.81438
3.1 63.0329 0.862292
3.2 64.9354 0.842327
3.3 68.4366 0.888617
3.4 69.8529 0.84626
3.5 68.1202 0.877529
3.6 68.0393 1.07986
3.7 66.772 0.755868
3.8 70.8367 0.887997
3.9 74.0767 0.925394
4 77.241 0.949922
4.1 75.4897 1.01356
4.2 74.8464 0.976743
4.3 72.3045 1.01975
4.4 76.6852 1.17115
4.5 80.1656 1.04183
4.6 82.1941 1.12681
4.7 84.0629 1.21738
4.8 82.8993 1.08185
4.9 85.4805 1.03941
5 95.0148 1.22419
5.1 105.291 1.28509
5.2 120.95 1.46197
5.3 135.136 1.69621
5.4 161.233 3.44008
5.5 204.514 7.05163
5.6 301.626 16.0871
5.7 387.599 32.3095
5.8 583.196 56.823
5.9 648.122 55.375
6 753.287 65.9814
6.1 688.927 59.9139
6.2 775.876 71.9571
6.3 648.084 71.0629
6.4 789.467 76.9863
6.5 735.359 74.5007
6.6 722.305 67.0692
6.7 759.823 68.4577
6.8 609.845 51.6585
6.9 797.252 83.3584
7 683.696 65.744
7.1 719.39 83.8416
7.2 746.401 66.6373
7.3 626.035 66.3786
7.4 691.413 80.8827
7.5 723.374 79.2161
7.6 736.026 84.2053
7.7 732.441 72.9924
7.8 753.746 81.341
7.9 810.489 71.8588
8 794.092 74.3486
8.1 588.828 59.5499
8.2 705.662 72.9253
8.3 697.98 76.7659
8.4 683.6 77.3057
8.5 572.516 64.094
8.6 661.682 69.1111
8.7 651.145 79.7527
8.8 648.986 71.619
8.9 720.235 72.7225
9 765.098 102.081
9.1 703.874 75.8549
9.2 755.626 92.4786
9.3 594.193 69.3887
9.4 588.613 71.1251
9.5 599.945 80.8521
9.6 713.106 75.4621
9.7 724.024 93.0787
9.8 635.439 80.5371
9.9 814.62 102.3
10 661.77 67.0826
10.1 647.231 64.7963
10.2 834.347 89.7534
