-10.2 6.62964 0.00245271
-10.1 6.64776 0.00203035
-10 6.67755 0.00205763
-9.9 6.71276 0.00211493
-9.8 6.74744 0.00225326
-9.7 6.77794 0.00204401
-9.6 6.81353 0.00216483
-9.5 6.846 0.00190045
-9.4 6.88528 0.00221592
-9.3 6.92234 0.00228858
-9.2 6.95921 0.00207998
-9.1 6.99584 0.00235652
-9 7.03051 0.0021075
-8.9 7.07078 0.00231985
-8.8 7.11472 0.00235743
-8.7 7.15329 0.00204528
-8.6 7.19696 0.00235112
-8.5 7.2397 0.00200251
-8.4 7.28255 0.00222164
-8.3 7.33099 0.00224403
-8.2 7.37889 0.00210702
-8.1 7.42639 0.00215118
-8 7.47718 0.00216283
-7.9 7.52706 0.0022054
-7.8 7.58628 0.0025219
-7.7 7.63526 0.00266302
-7.6 7.6915 0.00248017
-7.5 7.75116 0.00257628
-7.4 7.80977 0.00235966
-7.3 7.8778 0.00244336
-7.2 7.94035 0.0023694
-7.1 8.00433 0.00243807
-7 8.07648 0.00249331
-6.9 8.15245 0.00238237
-6.8 8.22802 0.0023801
-6.7 8.31056 0.00273752
-6.6 8.39014 0.00232382
-6.5 8.48204 0.00280256
-6.4 8.56909 0.00284596
-6.3 8.6632 0.00285045
-6.2 8.76776 0.00265201
-6.1 8.87553 0.00239015
-6 8.99418 0.00252202
-5.9 9.11836 0.00268183
-5.8 9.25301 0.00345165
-5.7 9.39777 0.00298287
-5.6 9.55831 0.00325861
-5.5 9.73529 0.00361201
-5.4 9.93914 0.00384398
-5.3 10.1607 0.00423265
-5.2 10.4191 0.00559921
-5.1 10.7268 0.00567476
-5 11.1182 0.00813187
-4.9 11.6163 0.010051
-4.8 12.3314 0.0122709
-4.7 13.5103 0.0170839
-4.6 15.5371 0.0317607
-4.5 18.5632 0.0406817
-4.4 21.5732 0.0463658
-4.3 23.2779 0.0516402
-4.2 23.5833 0.0491838
-4.1 23.5078 0.0544907
-4 23.5578 0.0541947
-3.9 23.4582 0.0532113
-3.8 23.3768 0.0511593
-3.7 23.69 0.048611
-3.6 23.8461 0.0582689
-3.5 23.8502 0.0459888
-3.4 24.24 0.0546753
-3.3 24.81 0.0529859
-3.2 24.8627 0.0594795
-3.1 24.5474 0.0495587
-3 24.5793 0.0534197
-2.9 24.8545 0.0527211
-2.8 24.7006 0.054166
-2.7 24.3859 0.0532678
-2.6 24.9184 0.0521894
-2.5 25.4594 0.0660184
-2.4 25.413 0.062227
-2.3 24.9986 0.0565151
-2.2 25.3083 0.0561102
-2.1 25.696 0.0617005
-2 25.7047 0.0635915
-1.9 25.2783 0.0588683
-1.8 25.5494 0.0620047
-1.7 26.3427 0.0647245
-1.6 26.4342 0.063336
-1.5 25.9714 0.0621466
-1.4 25.7121 0.0550019
-1.3 26.5045 0.0612423
-1.2 27.2985 0.0637596
-1.1 27.0982 0.067306
-1 26.4411 0.0637757
-0.9 26.5386 0.0667921
-0.8 27.4108 0.0668934
-0.7 27.8329 0.0700121
-0.6 27.5269 0.0707481
-0.5 26.867 0.0707923
-0.4 27.4001 0.0668028
-0.3 29.3652 0.0682512
-0.2 31.2142 0.0736226
-0.1 31.2694 0.0633739
0 31.3133 0.071746
0.1 32.8791 0.0789626
0.2 34.0785 0.089026
0.3 29.2894 0.0779511
0.4 28.3834 0.0659849
0.5 28.3012 0.059617
0.6 29.6009 0.0728985
0.7 30.8992 0.076215
0.8 30.392 0.0782318
0.9 29.1942 0.0909927
1 28.9381 0.0683087
1.1 30.3368 0.0830035
1.2 31.4694 0.0860084
1.3 31.5752 0.0786546
1.4 30.3427 0.085346
1.5 29.7439 0.073827
1.6 30.9335 0.0800078
1.7 32.4534 0.0885453
1.8 32.8332 0.099074
1.9 31.904 0.0923618
2 30.6425 0.0807335
2.1 31.1886 0.0892694
2.2 33.1179 0.0913331
2.3 34.3724 0.102241
2.4 34.0135 0.0987555
2.5 32.5028 0.0929785
2.6 32.102 0.0784016
2.7 33.4557 0.0908242
2.8 35.3323 0.103074
2.9 35.7595 0.0936561
3 34.3411 0.103934
3.1 33.0803 0.103899
3.2 33.5836 0.097463
3.3 35.982 0.0955952
3.4 38.0785 0.112391
3.5 38.3577 0.106467
3.6 36.7956 0.0956837
3.7 35.0025 0.101336
3.8 35.6349 0.105631
3.9 38.0696 0.105937
4 40.1109 0.113536
4.1 40.3653 0.117537
4.2 38.408 0.120398
4.3 37.168 0.105233
4.4 38.3929 0.118875
4.5 40.9342 0.120205
4.6 43.6438 0.136772
4.7 43.6485 0.133153
4.8 41.47 0.124375
4.9 39.4864 0.134543
5 40.1048 0.129295
5.1 42.9053 0.118428
5.2 46.2657 0.134755
5.3 47.3728 0.169384
5.4 46.067 0.154556
5.5 44.0388 0.152547
5.6 43.8848 0.154167
5.7 46.7916 0.152082
5.8 51.1884 0.158682
5.9 54.3776 0.161991
6 53.944 0.191875
6.1 50.897 0.175172
6.2 48.5006 0.177127
6.3 49.1078 0.185653
6.4 53.0685 0.205373
6.5 57.2189 0.180644
6.6 60.2857 0.209758
6.7 60.4705 0.204167
6.8 59.6678 0.222463
6.9 60.4901 0.24643
7 66.4444 0.252613
7.1 75.9263 0.245442
7.2 87.4445 0.291435
7.3 99.484 0.363042
7.4 111.106 0.386695
7.5 122.366 0.401137
7.6 131.847 0.678368
7.7 140.596 1.06163
7.8 147.673 1.64443
7.9 161.328 4.7574
8 119.977 9.65872
8.1 69.6384 11.3216
8.2 10.4813 4.68095
8.3 0 0
8.4 0 0
8.5 0 0
8.6 0 0
8.7 0 0
8.8 0 0
8.9 0 0
9 0 0
9.1 0 0
9.2 0 0
9.3 0 0
9.4 0 0
9.5 0 0
9.6 0 0
9.7 0 0
9.8 0 0
9.9 0 0
10 0 0
10.1 0 0
10.2 0 0
