-10.2 34.3325 0.610231
-10.1 34.7222 0.655219
-10 35.0046 0.70757
-9.9 35.1645 0.680172
-9.8 34.491 0.655812
-9.7 35.6366 0.664547
-9.6 35.1039 0.601954
-9.5 34.7797 0.738249
-9.4 34.2848 0.59038
-9.3 34.8565 0.647723
-9.2 36.4988 0.646106
-9.1 34.6882 0.601269
-9 36.1624 0.662464
-8.9 35.9918 0.672927
-8.8 37.0023 0.674937
-8.7 35.3352 0.58366
-8.6 34.8114 0.62766
-8.5 35.7197 0.575239
-8.4 37.3158 0.630879
-8.3 35.9244 0.608743
-8.2 36.7437 0.691046
-8.1 36.0849 0.60306
-8 37.0888 0.617298
-7.9 37.7253 0.653679
-7.8 37.1228 0.554082
-7.7 37.4931 0.652592
-7.6 36.8936 0.651325
-7.5 37.6353 0.605162
-7.4 36.7485 0.641842
-7.3 37.2846 0.645834
-7.2 37.4374 0.592761
-7.1 37.033 0.63188
-7 37.6359 0.596704
-6.9 38.0326 0.549639
-6.8 37.5257 0.532849
-6.7 37.0131 0.511644
-6.6 37.9672 0.718522
-6.5 37.3048 0.604441
-6.4 37.7147 0.643617
-6.3 38.0753 0.670159
-6.2 37.3521 0.554655
-6.1 38.3772 0.595833
-6 38.7884 0.687587
-5.9 38.5174 0.553041
-5.8 36.3532 0.538234
-5.7 36.6433 0.588586
-5.6 38.2922 0.577903
-5.5 37.7854 0.595535
-5.4 37.8144 0.527369
-5.3 38.5964 0.569716
-5.2 38.1319 0.56195
-5.1 38.1925 0.55292
-5 39.3198 0.519405
-4.9 38.1668 0.583925
-4.8 39.4935 0.603926
-4.7 39.6959 0.540943
-4.6 41.2897 0.488151
-4.5 43.5816 0.52885
-4.4 44.5626 0.482548
-4.3 47.544 0.427454
-4.2 46.3678 0.468053
-4.1 46.9605 0.465676
-4 46.9126 0.500406
-3.9 46.1778 0.39558
-3.8 46.523 0.518878
-3.7 46.377 0.428631
-3.6 47.3449 0.483565
-3.5 46.8209 0.456065
-3.4 47.3085 0.48484
-3.3 48.0786 0.482458
-3.2 47.9713 0.480379
-3.1 47.7973 0.454917
-3 47.7907 0.541452
-2.9 48.4629 0.496779
-2.8 47.5613 0.476333
-2.7 46.9006 0.487435
-2.6 48.2454 0.495438
-2.5 47.8472 0.535858
-2.4 47.8694 0.512436
-2.3 48.2423 0.528462
-2.2 48.5329 0.528358
-2.1 48.7498 0.495681
-2 48.3247 0.464919
-1.9 48.2405 0.522644
-1.8 48.8131 0.577931
-1.7 48.1852 0.525386
-1.6 49.5528 0.592004
-1.5 49.7594 0.568518
-1.4 48.6455 0.464598
-1.3 49.0613 0.565962
-1.2 50.3043 0.552617
-1.1 50.0995 0.469432
-1 49.3569 0.52781
-0.9 49.6306 0.584686
-0.8 49.8045 0.52644
-0.7 50.2968 0.503828
-0.6 50.0884 0.53944
-0.5 49.1371 0.563473
-0.4 49.5309 0.499026
-0.3 51.9969 0.539842
-0.2 50.1653 0.530256
-0.1 50.5232 0.521826
0 50.7189 0.624667
0.1 51.5411 0.589074
0.2 52.7233 0.527242
0.3 52.0259 0.580865
0.4 50.88 0.635756
0.5 50.9521 0.544761
0.6 51.7289 0.581526
0.7 52.6603 0.552379
0.8 52.4457 0.604053
0.9 51.3217 0.599749
1 51.6515 0.591099
1.1 51.6271 0.640717
1.2 53.1884 0.644209
1.3 53.1356 0.597283
1.4 51.8961 0.617831
1.5 51.4889 0.574877
1.6 53.19 0.649258
1.7 53.6191 0.686698
1.8 55.1628 0.545414
1.9 54.8479 0.723852
2 54.0382 0.692642
2.1 52.5245 0.616638
2.2 55.2643 0.722908
2.3 55.1758 0.575436
2.4 56.0097 0.679272
2.5 54.5923 0.699043
2.6 53.8694 0.67732
2.7 53.5346 0.59368
2.8 54.9334 0.706998
2.9 56.7228 0.673992
3 56.2638 0.672083
3.1 54.8967 0.707351
3.2 54.7088 0.776851
3.3 56.8483 0.627656
3.4 58.3773 0.727524
3.5 58.3824 0.669156
3.6 58.5617 0.792295
3.7 56.4378 0.693968
3.8 56.1277 0.722098
3.9 58.2378 0.82043
4 61.8312 0.78512
4.1 60.7083 0.774578
4.2 59.8104 0.878958
4.3 58.6043 0.895855
4.4 58.6294 0.826671
4.5 60.9055 0.76704
4.6 61.805 0.944557
4.7 62.2754 0.751696
4.8 63.1852 0.810359
4.9 59.4996 0.992356
5 59.2865 0.812822
5.1 60.7367 0.783428
5.2 63.5151 0.759484
5.3 67.7693 0.984
5.4 64.7626 0.761282
5.5 64.2877 0.891418
5.6 65.1291 1.03977
5.7 63.5061 0.900659
5.8 68.1505 0.935489
5.9 71.3191 0.906731
6 72.6909 1.05295
6.1 69.2678 0.929863
6.2 68.4719 1.15215
6.3 68.8313 1.10289
6.4 70.666 1.17414
6.5 73.531 1.02097
6.6 78.6626 1.20837
6.7 78.5187 1.16185
6.8 76.516 1.13255
6.9 76.161 1.13964
7 81.2482 1.16357
7.1 90.7903 1.11004
7.2 99.2067 1.26329
7.3 110.14 1.29477
7.4 127.001 1.60296
7.5 141.89 2.56011
7.6 171.453 4.70183
7.7 215.808 10.7066
7.8 289.286 21.109
7.9 453.786 37.9772
8 610.069 54.698
8.1 625.612 64.4131
8.2 687.728 58.8757
8.3 671.141 64.8353
8.4 672.809 74.6188
8.5 580.229 58.768
8.6 695.187 72.1695
8.7 775.165 74.2866
8.8 690.355 71.0993
8.9 728.959 80.5235
9 831.591 95.0359
9.1 653.647 58.8193
9.2 703.57 64.9254
9.3 672.573 65.4751
9.4 656.579 71.4774
9.5 619.339 61.6778
9.6 717.958 69.9229
9.7 679.235 63.4166
9.8 570.339 59.4943
9.9 625.856 60.044
10 597.609 65.7475
10.1 690.764 65.0205
10.2 622.698 57.1971
