-10.2 7.75089 0.0262812
-10.1 8.16286 0.0291092
-10 8.47158 0.0358767
-9.9 8.6783 0.0324171
-9.8 8.79786 0.0303454
-9.7 8.95004 0.0320462
-9.6 9.15347 0.0356691
-9.5 9.26702 0.0400001
-9.4 9.3371 0.0277622
-9.3 9.44153 0.037525
-9.2 9.58567 0.0365998
-9.1 9.63403 0.0330672
-9 9.73701 0.0376339
-8.9 9.85311 0.0359712
-8.8 9.95592 0.0387906
-8.7 10.0598 0.0399784
-8.6 10.106 0.0378207
-8.5 10.2292 0.0388203
-8.4 10.261 0.0352717
-8.3 10.3354 0.0367426
-8.2 10.4597 0.0380008
-8.1 10.5633 0.0362539
-8 10.6662 0.0368938
-7.9 10.6816 0.033095
-7.8 10.7828 0.0363764
-7.7 10.7929 0.0345062
-7.6 10.935 0.0341165
-7.5 11.0301 0.0386085
-7.4 10.9569 0.0352284
-7.3 11.0991 0.0350454
-7.2 11.1707 0.0407537
-7.1 11.2597 0.0393794
-7 11.3373 0.0421707
-6.9 11.4568 0.0302454
-6.8 11.5227 0.0305814
-6.7 11.5795 0.0330828
-6.6 11.7756 0.038912
-6.5 11.8209 0.0360819
-6.4 11.9963 0.0395625
-6.3 11.9713 0.0347336
-6.2 12.2045 0.0350402
-6.1 12.2123 0.0361757
-6 12.3469 0.0367211
-5.9 12.4275 0.0363085
-5.8 12.5753 0.0403995
-5.7 12.7146 0.0332885
-5.6 12.8185 0.034928
-5.5 13.0502 0.0334292
-5.4 13.2031 0.0397558
-5.3 13.3867 0.0359274
-5.2 13.6765 0.0338899
-5.1 13.8222 0.0332007
-5 14.2495 0.0343987
-4.9 14.6755 0.0348328
-4.8 15.3773 0.0342666
-4.7 16.4141 0.0379927
-4.6 18.2729 0.0439202
-4.5 21.1496 0.0488269
-4.4 23.9216 0.048709
-4.3 25.544 0.0499317
-4.2 25.843 0.0582486
-4.1 25.7653 0.056066
-4 25.8222 0.0550608
-3.9 25.6934 0.0549148
-3.8 25.5893 0.0536508
-3.7 25.918 0.0477301
-3.6 26.1117 0.0552057
-3.5 26.0834 0.0508279
-3.4 26.4577 0.0592188
-3.3 26.9823 0.0566811
-3.2 27.0535 0.0565394
-3.1 26.7792 0.0527801
-3 26.7988 0.0615681
-2.9 27.0795 0.0606937
-2.8 26.9279 0.0609226
-2.7 26.6213 0.0583577
-2.6 27.0968 0.0557323
-2.5 27.6488 0.0753397
-2.4 27.6328 0.0628002
-2.3 27.2363 0.0655127
-2.2 27.5782 0.063819
-2.1 27.8883 0.0658062
-2 27.8872 0.0669581
-1.9 27.4739 0.0609361
-1.8 27.7032 0.0620574
-1.7 28.4797 0.0716229
-1.6 28.623 0.070976
-1.5 28.1719 0.0613716
-1.4 27.8871 0.0652036
-1.3 28.6948 0.0661011
-1.2 29.4586 0.0667548
-1.1 29.2294 0.0739956
-1 28.5855 0.0658121
-0.9 28.6397 0.0730959
-0.8 29.5138 0.0697746
-0.7 30.0148 0.0743181
-0.6 29.6754 0.0739383
-0.5 29.0144 0.0745996
-0.4 29.5211 0.073156
-0.3 31.4331 0.0683683
-0.2 33.8015 0.0758657
-0.1 33.9297 0.0696038
0 33.9299 0.0722705
0.1 35.4627 0.0787303
0.2 36.6417 0.0903134
0.3 31.5318 0.0847547
0.4 30.6449 0.0690849
0.5 30.5526 0.063381
0.6 31.7801 0.0769494
0.7 33.0328 0.0802585
0.8 32.4808 0.0818828
0.9 31.3838 0.0930276
1 31.1637 0.0718157
1.1 32.4726 0.0859195
1.2 33.5356 0.0841732
1.3 33.615 0.0865552
1.4 32.425 0.0930533
1.5 31.8807 0.0765765
1.6 33.0156 0.0791248
1.7 34.456 0.0938236
1.8 34.8774 0.101811
1.9 33.9621 0.0905439
2 32.7715 0.0826384
2.1 33.289 0.0875912
2.2 35.1872 0.0943848
2.3 36.3687 0.10737
2.4 36.0375 0.0995454
2.5 34.5324 0.0961682
2.6 34.2234 0.0848179
2.7 35.5117 0.0913288
2.8 37.3029 0.102994
2.9 37.7103 0.0904069
3 36.3371 0.0982401
3.1 35.125 0.10256
3.2 35.5529 0.0994607
3.3 37.8858 0.101506
3.4 39.9883 0.112143
3.5 40.2554 0.110755
3.6 38.7627 0.103282
3.7 37.0314 0.115473
3.8 37.6001 0.115523
3.9 39.9096 0.111819
4 42.0112 0.111794
4.1 42.2188 0.124839
4.2 40.3523 0.115249
4.3 39.1248 0.106226
4.4 40.206 0.122439
4.5 42.687 0.120674
4.6 45.2397 0.139337
4.7 45.3467 0.130986
4.8 43.269 0.126506
4.9 41.3444 0.145614
5 41.9216 0.134409
5.1 44.5958 0.125096
5.2 47.8724 0.132931
5.3 49.0892 0.175588
5.4 47.7933 0.161401
5.5 45.7483 0.150914
5.6 45.7155 0.152005
5.7 48.504 0.154599
5.8 52.7694 0.15862
5.9 55.9235 0.165364
6 55.4905 0.194463
6.1 52.6154 0.186988
6.2 50.2685 0.181492
6.3 50.7296 0.200562
6.4 54.634 0.209903
6.5 58.9676 0.182531
6.6 61.8047 0.219827
6.7 61.9289 0.200421
6.8 61.2187 0.233164
6.9 61.937 0.24304
7 67.7797 0.258502
7.1 77.1574 0.25119
7.2 88.5375 0.288409
7.3 100.417 0.373116
7.4 111.597 0.387884
7.5 122.512 0.396473
7.6 130.2 0.653099
7.7 135.665 0.999205
7.8 132.815 1.34558
7.9 117.905 2.48458
8 95.2657 3.15077
8.1 81.1243 3.1745
8.2 79.2757 3.55368
8.3 74.1753 3.69981
8.4 66.5874 3.54185
8.5 77.4482 3.9931
8.6 73.2317 3.55511
8.7 80.1233 3.44747
8.8 71.7754 3.70795
8.9 68.4827 3.83259
9 70.803 3.53687
9.1 71.1467 3.67312
9.2 71.5762 3.37248
9.3 66.7549 3.67609
9.4 71.4543 3.45871
9.5 70.8222 3.6684
9.6 72.492 3.8955
9.7 68.0361 3.77393
9.8 68.7539 3.68875
9.9 69.0529 3.567
10 68.4347 3.43515
10.1 71.3702 3.60698
10.2 73.4819 3.74067
