-10.2 6.85466 0.00261093
-10.1 6.91194 0.00293659
-10 6.9764 0.0028123
-9.9 7.02374 0.00310854
-9.8 7.08023 0.00321149
-9.7 7.12668 0.0034119
-9.6 7.17158 0.00328431
-9.5 7.21654 0.00370954
-9.4 7.26624 0.0031928
-9.3 7.3078 0.00291369
-9.2 7.35539 0.00337005
-9.1 7.40043 0.00390699
-9 7.44445 0.00312928
-8.9 7.49902 0.00315326
-8.8 7.55225 0.00348749
-8.7 7.5969 0.00355451
-8.6 7.64635 0.0032908
-8.5 7.69689 0.00380286
-8.4 7.74888 0.00370522
-8.3 7.79612 0.00353231
-8.2 7.85607 0.00320557
-8.1 7.91099 0.00362214
-8 7.96149 0.00353771
-7.9 8.02429 0.00384889
-7.8 8.0767 0.00352944
-7.7 8.13955 0.00363443
-7.6 8.20318 0.00378416
-7.5 8.26249 0.00358595
-7.4 8.32937 0.00379529
-7.3 8.39056 0.00362792
-7.2 8.4617 0.00342522
-7.1 8.53413 0.00402535
-7 8.61047 0.00379044
-6.9 8.68538 0.00344284
-6.8 8.76638 0.00345194
-6.7 8.84421 0.003569
-6.6 8.92598 0.0033912
-6.5 9.01161 0.00384091
-6.4 9.10086 0.00389118
-6.3 9.20217 0.00398657
-6.2 9.30429 0.00407365
-6.1 9.41268 0.00431997
-6 9.52906 0.00399781
-5.9 9.64627 0.00410025
-5.8 9.7749 0.00382049
-5.7 9.91894 0.00396979
-5.6 10.0704 0.00386015
-5.5 10.2408 0.00397518
-5.4 10.4317 0.00401023
-5.3 10.6393 0.00406697
-5.2 10.8906 0.00423549
-5.1 11.1982 0.00440605
-5 11.5846 0.00548826
-4.9 12.06 0.00610673
-4.8 12.4815 0.00632831
-4.7 12.6872 0.00647764
-4.6 12.6301 0.00731693
-4.5 12.5037 0.00723273
-4.4 12.4765 0.00744855
-4.3 12.544 0.0067592
-4.2 12.6633 0.00687429
-4.1 12.7796 0.00705067
-4 12.8474 0.00695178
-3.9 12.8634 0.00686671
-3.8 12.9063 0.00679622
-3.7 12.9717 0.00679161
-3.6 13.0187 0.00706187
-3.5 13.0893 0.00794313
-3.4 13.1774 0.00784047
-3.3 13.2513 0.00761668
-3.2 13.2941 0.00825299
-3.1 13.3635 0.00864992
-3 13.4549 0.00785304
-2.9 13.5107 0.00799508
-2.8 13.5576 0.00834712
-2.7 13.6554 0.00818445
-2.6 13.7802 0.00817649
-2.5 13.8406 0.00889464
-2.4 13.8751 0.00839879
-2.3 13.9661 0.00820005
-2.2 14.0662 0.00810367
-2.1 14.1318 0.00854085
-2 14.1555 0.00943074
-1.9 14.2444 0.00975953
-1.8 14.3796 0.0092852
-1.7 14.4852 0.00915388
-1.6 14.5044 0.00901667
-1.5 14.5596 0.00882281
-1.4 14.6819 0.00859268
-1.3 14.8278 0.00843832
-1.2 14.8745 0.00951366
-1.1 14.8723 0.00953172
-1 14.9841 0.0101366
-0.9 15.174 0.00930956
-0.8 15.2842 0.0105976
-0.7 15.3095 0.011801
-0.6 15.3543 0.0103623
-0.5 15.502 0.0108759
-0.4 15.7289 0.0123696
-0.3 15.9718 0.0112698
-0.2 15.7161 0.0100658
-0.1 15.9746 0.0112057
0 16.2942 0.0120376
0.1 16.5476 0.0104697
0.2 16.5979 0.0108257
0.3 16.5944 0.0116556
0.4 16.7798 0.0117737
0.5 17.0972 0.0117476
0.6 17.3092 0.0150421
0.7 17.3587 0.0139932
0.8 17.3885 0.0137411
0.9 17.5335 0.0145636
1 17.8868 0.0138046
1.1 18.1828 0.0154604
1.2 18.2765 0.0157133
1.3 18.2492 0.0161569
1.4 18.3786 0.0145328
1.5 18.7633 0.018333
1.6 19.1655 0.0181516
1.7 19.3382 0.0185582
1.8 19.3288 0.0174545
1.9 19.3628 0.0160846
2 19.7097 0.0181871
2.1 20.1985 0.0172508
2.2 20.5612 0.0188657
2.3 20.6163 0.0178224
2.4 20.5365 0.0184364
2.5 20.7464 0.018272
2.6 21.2767 0.0154881
2.7 21.822 0.0191099
2.8 22.0715 0.0223631
2.9 22.0843 0.0223047
3 22.1883 0.0241858
3.1 22.7292 0.0259342
3.2 23.593 0.0259896
3.3 24.3312 0.0278131
3.4 24.6373 0.0292006
3.5 24.5718 0.0268364
3.6 24.7863 0.0299445
3.7 25.5608 0.0286423
3.8 26.7389 0.0330542
3.9 27.6959 0.0348545
4 28.0433 0.0399646
4.1 28.0045 0.0370681
4.2 28.1942 0.0431231
4.3 29.1387 0.0417659
4.4 30.6974 0.0513726
4.5 32.346 0.0509399
4.6 33.61 0.0534709
4.7 34.7422 0.054581
4.8 36.492 0.053326
4.9 39.8594 0.0640019
5 44.8253 0.0745583
5.1 51.0879 0.110866
5.2 57.6243 0.131876
5.3 63.9773 0.175274
5.4 69.5076 0.283119
5.5 72.9574 0.456818
5.6 71.71 0.804298
5.7 61.8745 1.27505
5.8 49.0885 1.67555
5.9 45.3825 1.71789
6 43.2783 1.75451
6.1 40.8288 1.44733
6.2 43.0549 1.55098
6.3 43.2271 2.25815
6.4 43.699 1.99868
6.5 43.0071 1.41927
6.6 45.0037 1.90496
6.7 47.1228 2.09991
6.8 43.6898 1.99593
6.9 42.1742 1.78821
7 41.7347 1.8255
7.1 44.0133 2.50091
7.2 44.2893 2.44971
7.3 43.8495 2.31821
7.4 46.4248 2.77459
7.5 45.4384 2.03364
7.6 42.1504 1.65786
7.7 67.6719 22.8253
7.8 44.7688 1.88933
7.9 47.922 2.78958
8 53.6908 5.78192
8.1 41.2126 1.74072
8.2 43.5945 2.11128
8.3 43.7689 2.65493
8.4 42.311 2.29909
8.5 41.0762 1.90931
8.6 46.8366 3.98802
8.7 50.0164 7.94771
8.8 44.3862 2.19662
8.9 66.4794 23.2649
9 45.4263 2.07317
9.1 47.5855 3.00817
9.2 47.2404 3.4109
9.3 41.3124 1.87079
9.4 41.2766 2.26102
9.5 42.5226 2.58954
9.6 43.4493 1.90532
9.7 42.9239 1.9911
9.8 74.8547 34.0747
9.9 42.7321 3.3099
10 49.8951 8.15195
10.1 43.322 2.20124
10.2 77.7354 31.2376
