1.09967 6.11492e-07 0
3.099 1.28858e-06 0
5.09833 1.48612e-06 0
7.09767 1.58379e-06 0
9.097 1.73621e-06 0
11.0963 1.96903e-06 0
13.0957 2.011e-06 0
15.095 2.19057e-06 0
17.0943 2.31816e-06 0
19.0937 2.47422e-06 0
21.093 2.46614e-06 0
23.0923 2.5446e-06 0
25.0917 2.5317e-06 0
27.091 2.64945e-06 0
29.0903 2.46393e-06 0
31.0897 2.45227e-06 0
33.089 2.39143e-06 0
35.0883 2.29825e-06 0
37.0877 2.20686e-06 0
39.087 2.15603e-06 0
41.0863 2.12446e-06 0
43.0857 2.18491e-06 0
45.085 2.18645e-06 0
47.0843 2.35067e-06 0
49.0837 2.18491e-06 0
51.083 2.12448e-06 0
53.0823 2.05827e-06 0
55.0817 2.06989e-06 0
57.081 2.05706e-06 0
59.0803 2.24164e-06 0
61.0797 2.28599e-06 0
63.079 2.26621e-06 0
65.0783 2.03676e-06 0
67.0777 2.19766e-06 0
69.077 2.28059e-06 0
71.0763 1.83956e-06 0
73.0757 1.78767e-06 0
75.075 2.03768e-06 0
77.0743 2.15471e-06 0
79.0737 1.8659e-06 0
81.073 2.22937e-06 0
83.0723 1.9302e-06 0
85.0717 1.79623e-06 0
87.071 1.99694e-06 0
89.0703 1.78928e-06 0
91.0697 1.68451e-06 0
93.069 1.68111e-06 0
95.0683 1.79122e-06 0
97.0677 1.70957e-06 0
99.067 1.72552e-06 0
101.066 1.52447e-06 0
103.066 1.56316e-06 0
105.065 2.41496e-06 0
107.064 1.85289e-06 0
109.064 1.31031e-06 0
111.063 1.64821e-06 0
113.062 1.60781e-06 0
115.062 1.40843e-06 0
117.061 1.50265e-06 0
119.06 1.39565e-06 0
121.06 1.32206e-06 0
123.059 1.4324e-06 0
125.058 1.30454e-06 0
127.058 1.24008e-06 0
129.057 1.34133e-06 0
131.056 9.85256e-07 0
133.056 1.12764e-06 0
135.055 1.20098e-06 0
137.054 1.13457e-06 0
139.054 9.40721e-07 0
141.053 1.06173e-06 0
143.052 2.51254e-06 0
145.052 0.000227041 0
147.051 0.00275131 0
149.05 0.00175952 0
151.05 3.76734e-05 0
153.049 1.00033e-08 0
155.048 0 0
157.048 0 0
159.047 0 0
161.046 0 0
163.046 0 0
165.045 0 0
167.044 0 0
169.044 0 0
171.043 0 0
173.042 0 0
175.042 0 0
177.041 0 0
179.04 0 0
181.04 0 0
183.039 0 0
185.038 0 0
187.038 0 0
189.037 0 0
191.036 0 0
193.036 0 0
195.035 0 0
197.034 0 0
199.034 0 0
201.033 0 0
203.032 0 0
205.032 0 0
207.031 0 0
209.03 0 0
211.03 0 0
213.029 0 0
215.028 0 0
217.028 0 0
219.027 0 0
221.026 0 0
223.026 0 0
225.025 0 0
227.024 0 0
229.024 0 0
231.023 0 0
233.022 0 0
235.022 0 0
237.021 0 0
239.02 0 0
241.02 0 0
243.019 0 0
245.018 0 0
247.018 0 0
249.017 0 0
251.016 0 0
253.016 0 0
255.015 0 0
257.014 0 0
259.014 0 0
261.013 0 0
263.012 0 0
265.012 0 0
267.011 0 0
269.01 0 0
271.01 0 0
273.009 0 0
275.008 0 0
277.008 0 0
279.007 0 0
281.006 0 0
283.006 0 0
285.005 0 0
287.004 0 0
289.004 0 0
291.003 0 0
293.002 0 0
295.002 0 0
297.001 0 0
299 0 0
