-2.2 0 0
-2.1 0.0468597 0
-2 0.0469073 0
-1.9 0.046959 0
-1.8 0.0470339 0
-1.7 0.0470884 0
-1.6 0.0470373 0
-1.5 0.0470976 0
-1.4 0.0471145 0
-1.3 0.0471386 0
-1.2 0.0472346 0
-1.1 0.0472431 0
-1 0.0473774 0
-0.9 0.0474037 0
-0.8 0.0474104 0
-0.7 0.0474713 0
-0.6 0.0474889 0
-0.5 0.0474897 0
-0.4 0.0475881 0
-0.3 0.0475591 0
-0.2 0.0478674 0
-0.1 0.0479251 0
2.22045e-16 0.0479418 0
0.1 0.0480483 0
0.2 0.0480652 0
0.3 0.0478886 0
0.4 0.0478636 0
0.5 0.0479267 0
0.6 0.0480336 0
0.7 0.0480878 0
0.8 0.0480957 0
0.9 0.048082 0
1 0.048171 0
1.1 0.0482317 0
1.2 0.0483246 0
1.3 0.0483654 0
1.4 0.0484632 0
1.5 0.0485703 0
1.6 0.0486941 0
1.7 0.0487312 0
1.8 0.0488143 0
1.9 0.0489204 0
2 0.0489524 0
2.1 0.0490563 0
2.2 0.0490698 0
2.3 0.0490814 0
2.4 0.0491375 0
2.5 0.0492138 0
2.6 0.0492552 0
2.7 0.0493433 0
2.8 0.0495066 0
2.9 0.0495305 0
3 0.0496472 0
3.1 0.0497564 0
3.2 0.0498565 0
3.3 0.0499467 0
3.4 0.0500608 0
3.5 0.0501825 0
3.6 0.0501233 0
3.7 0.05021 0
3.8 0.0502995 0
3.9 0.0503616 0
4 0.0504953 0
4.1 0.0506375 0
4.2 0.0507132 0
4.3 0.0510012 0
4.4 0.051052 0
4.5 0.0511289 0
4.6 0.051175 0
4.7 0.0512844 0
4.8 0.0514924 0
4.9 0.0515137 0
5 0.0516805 0
5.1 0.0517963 0
5.2 0.0520006 0
5.3 0.0520976 0
5.4 0.0521562 0
5.5 0.0523145 0
5.6 0.0525002 0
5.7 0.0527187 0
5.8 0.0527739 0
5.9 0.0529309 0
6 0.0531116 0
6.1 0.0533098 0
6.2 0.0534091 0
6.3 0.0536608 0
6.4 0.0537302 0
6.5 0.0540388 0
6.6 0.0541818 0
6.7 0.0543042 0
6.8 0.0545647 0
6.9 0.0547278 0
7 0.055063 0
7.1 0.0551709 0
7.2 0.0553241 0
7.3 0.0555105 0
7.4 0.0558034 0
7.5 0.0559922 0
7.6 0.0562082 0
7.7 0.056436 0
7.8 0.0567579 0
7.9 0.0570342 0
8 0.0572944 0
8.1 0.0574284 0
8.2 0.0577041 0
8.3 0.0579435 0
8.4 0.0582857 0
8.5 0.0583882 0
8.6 0.058729 0
8.7 0.0588978 0
8.8 0.0592613 0
8.9 0.0595103 0
9 0.0599314 0
9.1 0.0603112 0
9.2 0.0606716 0
9.3 0.0609219 0
9.4 0.0612407 0
9.5 0.0618036 0
9.6 0.0621386 0
9.7 0.0625622 0
9.8 0.0628518 0
9.9 0.0633533 0
10 0.0637221 0
10.1 0.064119 0
10.2 0.0645639 0
10.3 0.0650753 0
10.4 0.0655765 0
10.5 0.0661858 0
10.6 0.0667036 0
10.7 0.0672673 0
10.8 0.0678303 0
10.9 0.0684459 0
11 0.069075 0
11.1 0.0698457 0
11.2 0.070495 0
11.3 0.0712503 0
11.4 0.0721758 0
11.5 0.073005 0
11.6 0.0738538 0
11.7 0.0747241 0
11.8 0.0758131 0
11.9 0.0766971 0
12 0.0777737 0
12.1 0.0787797 0
12.2 0.0799625 0
12.3 0.081421 0
12.4 0.0829249 0
12.5 0.0841052 0
12.6 0.0856037 0
12.7 0.0872769 0
12.8 0.0890875 0
12.9 0.0908845 0
13 0.0929446 0
13.1 0.0953949 0
13.2 0.097521 0
13.3 0.100255 0
13.4 0.103259 0
13.5 0.106894 0
13.6 0.110601 0
13.7 0.114755 0
13.8 0.119812 0
13.9 0.125269 0
14 0.131316 0
14.1 0.139137 0
14.2 0.148249 0
14.3 0.160131 0
14.4 0.174319 0
14.5 0.189244 0
14.6 0.203042 0
14.7 0.210638 0
14.8 0.205025 0
14.9 0.182241 0
15 0.143127 0
15.1 0.0991713 0
15.2 0.0584467 0
15.3 0.0287199 0
15.4 0.0118567 0
15.5 0.00426067 0
15.6 0.00138749 0
15.7 0.000335189 0
15.8 0.000110661 0
15.9 1.96512e-18 0
16 0 0
16.1 0 0
16.2 0 0
16.3 0 0
16.4 0 0
16.5 0 0
16.6 0 0
16.7 0 0
16.8 0 0
16.9 0 0
17 0 0
17.1 0 0
17.2 0 0
17.3 0 0
17.4 0 0
17.5 0 0
17.6 0 0
17.7 0 0
17.8 0 0
17.9 0 0
18 0 0
18.1 0 0
18.2 0 0
