-2.2 0 0
-2.1 3.24317e-05 0
-2 9.08377e-05 0
-1.9 3.13538e-05 0
-1.8 0.000237017 0
-1.7 0.000165666 0
-1.6 4.14269e-05 0
-1.5 2.35461e-05 0
-1.4 8.59794e-05 0
-1.3 4.83836e-05 0
-1.2 0.000135217 0
-1.1 5.06311e-05 0
-1 3.41895e-05 0
-0.9 5.77774e-05 0
-0.8 6.86171e-05 0
-0.7 4.33265e-05 0
-0.6 0.000194151 0
-0.5 0.000128625 0
-0.4 5.49772e-05 0
-0.3 5.86657e-05 0
-0.2 0.000140214 0
-0.1 6.4848e-05 0
2.22045e-16 4.8719e-05 0
0.1 0.000128937 0
0.2 4.38852e-05 0
0.3 0.000158032 0
0.4 0.000143542 0
0.5 0.000131619 0
0.6 0.000170328 0
0.7 6.67677e-05 0
0.8 0.00018139 0
0.9 6.95301e-05 0
1 4.24251e-05 0
1.1 0.000152547 0
1.2 0.000147255 0
1.3 7.15775e-05 0
1.4 0.000177231 0
1.5 0.000216375 0
1.6 7.37559e-05 0
1.7 3.29431e-05 0
1.8 7.25445e-06 0
1.9 2.40559e-05 0
2 0.000277227 0
2.1 9.4823e-05 0
2.2 9.18285e-05 0
2.3 9.81499e-05 0
2.4 0.000196361 0
2.5 6.75443e-05 0
2.6 8.9296e-05 0
2.7 0.000128799 0
2.8 5.56114e-05 0
2.9 0.000104968 0
3 0.000205458 0
3.1 0.000132151 0
3.2 0.000128841 0
3.3 0.000115155 0
3.4 0.000147437 0
3.5 8.20714e-05 0
3.6 0.000231993 0
3.7 2.60789e-05 0
3.8 6.92208e-05 0
3.9 7.67504e-06 0
4 0.000129476 0
4.1 0.000112262 0
4.2 0.000212486 0
4.3 1.82468e-05 0
4.4 6.33262e-05 0
4.5 7.72419e-05 0
4.6 0.000208349 0
4.7 0 0
4.8 0.000138667 0
4.9 9.00168e-05 0
5 6.19647e-05 0
5.1 7.66101e-05 0
5.2 3.44028e-05 0
5.3 0.000103017 0
5.4 7.96289e-05 0
5.5 6.07985e-05 0
5.6 0.000168407 0
5.7 4.84715e-05 0
5.8 4.08856e-05 0
5.9 4.65524e-05 0
6 7.24628e-05 0
6.1 3.63978e-05 0
6.2 0.000113984 0
6.3 0.000151465 0
6.4 1.98269e-05 0
6.5 0.000159383 0
6.6 6.29436e-05 0
6.7 9.42627e-05 0
6.8 9.97992e-05 0
6.9 8.0745e-05 0
7 8.399e-05 0
7.1 3.90969e-05 0
7.2 0.000109311 0
7.3 0.000104984 0
7.4 8.82309e-05 0
7.5 8.63123e-05 0
7.6 8.73175e-05 0
7.7 8.696e-05 0
7.8 3.7381e-05 0
7.9 6.31429e-05 0
8 4.21452e-05 0
8.1 0.000136113 0
8.2 8.15302e-05 0
8.3 5.27907e-05 0
8.4 0.000147507 0
8.5 9.39069e-05 0
8.6 3.01655e-05 0
8.7 0.000131004 0
8.8 0.000100773 0
8.9 1.46253e-05 0
9 3.09942e-05 0
9.1 4.28144e-05 0
9.2 0.000132655 0
9.3 2.99942e-05 0
9.4 2.66161e-05 0
9.5 2.39665e-05 0
9.6 0.000113385 0
9.7 1.87903e-05 0
9.8 4.81672e-05 0
9.9 9.94616e-06 0
10 3.20115e-05 0
10.1 0.000115868 0
10.2 2.31102e-05 0
10.3 0 0
10.4 8.42043e-05 0
10.5 2.92579e-05 0
10.6 3.85773e-05 0
10.7 7.98878e-05 0
10.8 5.90813e-05 0
10.9 2.58501e-05 0
11 2.244e-05 0
11.1 7.019e-05 0
11.2 5.17203e-05 0
11.3 5.84007e-05 0
11.4 6.05752e-05 0
11.5 5.97145e-05 0
11.6 8.07427e-05 0
11.7 4.859e-05 0
11.8 1.26429e-06 0
11.9 5.01703e-05 0
12 5.60103e-05 0
12.1 4.39299e-05 0
12.2 5.47858e-05 0
12.3 7.11862e-05 0
12.4 3.90606e-05 0
12.5 0.00010826 0
12.6 4.05596e-05 0
12.7 7.18284e-19 0
12.8 6.69349e-05 0
12.9 0.000126083 0
13 1.74911e-05 0
13.1 3.27107e-05 0
13.2 6.95663e-05 0
13.3 9.19506e-05 0
13.4 1.32097e-05 0
13.5 1.10708e-05 0
13.6 1.26625e-05 0
13.7 2.02623e-05 0
13.8 1.13388e-05 0
13.9 2.32889e-05 0
14 0 0
14.1 2.40816e-05 0
14.2 1.30551e-05 0
14.3 2.07916e-05 0
14.4 3.69306e-19 0
14.5 0 0
14.6 0 0
14.7 0 0
14.8 0 0
14.9 0 0
15 0 0
15.1 0 0
15.2 0 0
15.3 0 0
15.4 0 0
15.5 0 0
15.6 0 0
15.7 0 0
15.8 0 0
15.9 0 0
16 0 0
16.1 0 0
16.2 0 0
16.3 0 0
16.4 0 0
16.5 0 0
16.6 0 0
16.7 0 0
16.8 0 0
16.9 0 0
17 0 0
17.1 0 0
17.2 0 0
17.3 0 0
17.4 0 0
17.5 0 0
17.6 0 0
17.7 0 0
17.8 0 0
17.9 0 0
18 0 0
18.1 0 0
18.2 0 0
