-2.2 0 0
-2.1 0.0477265 0
-2 0.0481159 0
-1.9 0.0478797 0
-1.8 0.048315 0
-1.7 0.0485011 0
-1.6 0.0484149 0
-1.5 0.0487309 0
-1.4 0.0489121 0
-1.3 0.0492629 0
-1.2 0.0499712 0
-1.1 0.0496879 0
-1 0.0497595 0
-0.9 0.0498418 0
-0.8 0.0496337 0
-0.7 0.0504007 0
-0.6 0.0501199 0
-0.5 0.0506067 0
-0.4 0.050752 0
-0.3 0.051098 0
-0.2 0.0514633 0
-0.1 0.0515789 0
2.22045e-16 0.0511733 0
0.1 0.0516003 0
0.2 0.0515504 0
0.3 0.0514616 0
0.4 0.0519176 0
0.5 0.0516489 0
0.6 0.0516713 0
0.7 0.0517145 0
0.8 0.0517717 0
0.9 0.0517522 0
1 0.0520141 0
1.1 0.0520973 0
1.2 0.0522202 0
1.3 0.0525404 0
1.4 0.0527174 0
1.5 0.0528307 0
1.6 0.0532881 0
1.7 0.0532964 0
1.8 0.0532096 0
1.9 0.0531988 0
2 0.0536088 0
2.1 0.0536707 0
2.2 0.0539711 0
2.3 0.0536792 0
2.4 0.0540347 0
2.5 0.0540676 0
2.6 0.0542693 0
2.7 0.0541152 0
2.8 0.0545912 0
2.9 0.0543481 0
3 0.0547645 0
3.1 0.0548549 0
3.2 0.0548087 0
3.3 0.0552813 0
3.4 0.0553477 0
3.5 0.0557219 0
3.6 0.0551691 0
3.7 0.0552521 0
3.8 0.0554674 0
3.9 0.0555675 0
4 0.0553808 0
4.1 0.0556844 0
4.2 0.0554298 0
4.3 0.0559113 0
4.4 0.0559776 0
4.5 0.0561347 0
4.6 0.0559687 0
4.7 0.0561552 0
4.8 0.0567266 0
4.9 0.0568078 0
5 0.0571737 0
5.1 0.0570557 0
5.2 0.0570911 0
5.3 0.0574467 0
5.4 0.0576428 0
5.5 0.0574988 0
5.6 0.0575815 0
5.7 0.0579088 0
5.8 0.057589 0
5.9 0.0581626 0
6 0.0582908 0
6.1 0.0586244 0
6.2 0.0586087 0
6.3 0.0585567 0
6.4 0.058832 0
6.5 0.059244 0
6.6 0.0594995 0
6.7 0.0595878 0
6.8 0.0598946 0
6.9 0.0599253 0
7 0.0600082 0
7.1 0.0600383 0
7.2 0.0602863 0
7.3 0.0605985 0
7.4 0.0609522 0
7.5 0.061439 0
7.6 0.0613212 0
7.7 0.0615215 0
7.8 0.0617115 0
7.9 0.061793 0
8 0.0625311 0
8.1 0.0624057 0
8.2 0.0630621 0
8.3 0.0632688 0
8.4 0.0632935 0
8.5 0.0634406 0
8.6 0.0635099 0
8.7 0.0639515 0
8.8 0.0645937 0
8.9 0.064248 0
9 0.0644308 0
9.1 0.0651311 0
9.2 0.0654475 0
9.3 0.0655406 0
9.4 0.065851 0
9.5 0.0661923 0
9.6 0.0665324 0
9.7 0.0672625 0
9.8 0.0673461 0
9.9 0.0675996 0
10 0.068171 0
10.1 0.0687514 0
10.2 0.0687941 0
10.3 0.0695186 0
10.4 0.070108 0
10.5 0.0707626 0
10.6 0.071102 0
10.7 0.071817 0
10.8 0.0723202 0
10.9 0.0729081 0
11 0.0733286 0
11.1 0.0741071 0
11.2 0.0750181 0
11.3 0.0755264 0
11.4 0.0763334 0
11.5 0.0771187 0
11.6 0.0778888 0
11.7 0.0785644 0
11.8 0.0796224 0
11.9 0.0801036 0
12 0.0813705 0
12.1 0.0823604 0
12.2 0.0833025 0
12.3 0.0843997 0
12.4 0.0859212 0
12.5 0.0870886 0
12.6 0.0887636 0
12.7 0.0907291 0
12.8 0.0924373 0
12.9 0.09378 0
13 0.0956861 0
13.1 0.0984401 0
13.2 0.100209 0
13.3 0.103048 0
13.4 0.105655 0
13.5 0.109249 0
13.6 0.112615 0
13.7 0.116618 0
13.8 0.12129 0
13.9 0.126801 0
14 0.13293 0
14.1 0.140754 0
14.2 0.14985 0
14.3 0.161774 0
14.4 0.176104 0
14.5 0.191078 0
14.6 0.204985 0
14.7 0.212888 0
14.8 0.207406 0
14.9 0.184558 0
15 0.145153 0
15.1 0.100655 0
15.2 0.0594462 0
15.3 0.029283 0
15.4 0.0121292 0
15.5 0.00439985 0
15.6 0.0015281 0
15.7 0.000508053 0
15.8 0.00025742 0
15.9 7.73401e-05 0
16 0.000109881 0
16.1 9.16436e-05 0
16.2 0.000126917 0
16.3 7.79829e-05 0
16.4 6.03673e-05 0
16.5 8.96328e-05 0
16.6 5.38672e-05 0
16.7 8.34037e-05 0
16.8 7.07476e-05 0
16.9 2.8053e-05 0
17 4.40327e-05 0
17.1 3.42381e-05 0
17.2 3.8711e-05 0
17.3 3.38668e-05 0
17.4 1.13149e-05 0
17.5 7.19024e-06 0
17.6 2.27857e-05 0
17.7 2.60974e-05 0
17.8 5.96743e-05 0
17.9 3.13371e-05 0
18 3.59114e-05 0
18.1 1.36322e-05 0
18.2 5.01565e-05 0
