-2.2 0 0
-2.1 2.76693e-05 0
-2 5.87193e-05 0
-1.9 2.01901e-05 0
-1.8 4.98777e-05 0
-1.7 0.000130962 0
-1.6 3.59092e-05 0
-1.5 6.41049e-05 0
-1.4 8.23793e-05 0
-1.3 9.01295e-05 0
-1.2 2.15703e-05 0
-1.1 2.30472e-05 0
-1 4.05067e-05 0
-0.9 4.39211e-05 0
-0.8 6.6441e-05 0
-0.7 9.29823e-05 0
-0.6 9.14592e-05 0
-0.5 5.60587e-05 0
-0.4 2.44303e-05 0
-0.3 2.83507e-05 0
-0.2 1.25852e-05 0
-0.1 1.97122e-05 0
2.22045e-16 4.95005e-05 0
0.1 1.73866e-05 0
0.2 0 0
0.3 0 0
0.4 9.16035e-05 0
0.5 2.11216e-05 0
0.6 2.56025e-05 0
0.7 9.46714e-07 0
0.8 4.31528e-05 0
0.9 4.07658e-05 0
1 9.53771e-07 0
1.1 1.02208e-19 0
1.2 1.53434e-05 0
1.3 4.33493e-05 0
1.4 1.48151e-05 0
1.5 4.23218e-20 0
1.6 1.906e-05 0
1.7 2.7744e-05 0
1.8 1.12739e-19 0
1.9 2.53867e-05 0
2 9.05148e-05 0
2.1 2.33122e-05 0
2.2 2.7197e-06 0
2.3 3.03808e-05 0
2.4 4.37203e-06 0
2.5 4.6781e-06 0
2.6 2.87203e-05 0
2.7 1.5255e-05 0
2.8 4.0994e-05 0
2.9 8.2084e-06 0
3 4.28399e-05 0
3.1 2.12381e-05 0
3.2 4.82931e-05 0
3.3 2.1684e-19 0
3.4 2.1254e-05 0
3.5 2.3607e-05 0
3.6 3.03547e-05 0
3.7 1.65576e-05 0
3.8 1.28439e-05 0
3.9 4.51377e-05 0
4 8.92961e-05 0
4.1 1.81076e-05 0
4.2 1.71103e-05 0
4.3 6.94691e-05 0
4.4 4.97721e-05 0
4.5 5.64718e-06 0
4.6 1.66882e-05 0
4.7 3.78105e-05 0
4.8 6.11005e-05 0
4.9 3.88496e-05 0
5 2.6697e-05 0
5.1 2.52707e-06 0
5.2 0 0
5.3 6.78308e-06 0
5.4 0 0
5.5 9.96738e-06 0
5.6 4.12275e-05 0
5.7 1.04889e-05 0
5.8 4.40875e-05 0
5.9 3.57682e-05 0
6 3.50497e-05 0
6.1 7.80449e-05 0
6.2 7.45555e-05 0
6.3 3.80928e-05 0
6.4 1.80788e-05 0
6.5 2.74069e-05 0
6.6 4.18988e-20 0
6.7 4.71739e-06 0
6.8 4.15046e-20 0
6.9 4.34938e-05 0
7 7.41788e-06 0
7.1 2.24191e-05 0
7.2 2.38857e-05 0
7.3 3.20669e-07 0
7.4 3.88728e-05 0
7.5 1.70846e-05 0
7.6 3.42016e-06 0
7.7 1.04213e-05 0
7.8 2.47706e-05 0
7.9 2.84962e-05 0
8 3.96062e-05 0
8.1 3.29757e-05 0
8.2 4.59259e-05 0
8.3 1.92507e-05 0
8.4 3.01791e-05 0
8.5 1.50474e-05 0
8.6 1.2233e-05 0
8.7 2.03434e-05 0
8.8 1.72367e-05 0
8.9 1.29003e-05 0
9 6.07981e-06 0
9.1 1.57674e-05 0
9.2 2.81215e-19 0
9.3 1.40796e-06 0
9.4 2.86678e-07 0
9.5 0 0
9.6 1.23516e-05 0
9.7 2.20229e-19 0
9.8 1.24357e-05 0
9.9 8.33839e-06 0
10 1.11043e-05 0
10.1 7.24565e-05 0
10.2 2.97754e-05 0
10.3 2.78395e-05 0
10.4 3.96014e-05 0
10.5 3.27907e-05 0
10.6 0 0
10.7 4.95745e-05 0
10.8 2.45644e-05 0
10.9 1.83592e-05 0
11 3.825e-06 0
11.1 1.25872e-05 0
11.2 4.57321e-05 0
11.3 6.31711e-05 0
11.4 4.26718e-05 0
11.5 2.8406e-05 0
11.6 3.20801e-05 0
11.7 1.977e-05 0
11.8 2.88082e-05 0
11.9 3.01274e-05 0
12 7.14463e-06 0
12.1 0 0
12.2 3.19038e-05 0
12.3 2.24449e-07 0
12.4 1.87851e-19 0
12.5 1.05751e-05 0
12.6 0 0
12.7 2.03527e-05 0
12.8 0 0
12.9 0 0
13 0 0
13.1 0 0
13.2 0 0
13.3 1.0727e-05 0
13.4 0 0
13.5 0 0
13.6 0 0
13.7 0 0
13.8 0 0
13.9 0 0
14 0 0
14.1 0 0
14.2 0 0
14.3 0 0
14.4 0 0
14.5 0 0
14.6 0 0
14.7 0 0
14.8 0 0
14.9 0 0
15 0 0
15.1 0 0
15.2 0 0
15.3 0 0
15.4 0 0
15.5 0 0
15.6 5.57901e-06 0
15.7 7.07694e-06 0
15.8 2.03562e-05 0
15.9 3.6253e-19 0
16 0 0
16.1 0 0
16.2 0 0
16.3 0 0
16.4 0 0
16.5 0 0
16.6 0 0
16.7 0 0
16.8 0 0
16.9 0 0
17 0 0
17.1 0 0
17.2 0 0
17.3 0 0
17.4 0 0
17.5 0 0
17.6 0 0
17.7 0 0
17.8 0 0
17.9 0 0
18 0 0
18.1 0 0
18.2 0 0
