-2.2 0 0
-2.1 0.000643403 0
-2 0.000862423 0
-1.9 0.000598946 0
-1.8 0.0005028 0
-1.7 0.000794027 0
-1.6 0.000478009 0
-1.5 0.00053904 0
-1.4 0.000703816 0
-1.3 0.000602637 0
-1.2 0.000805783 0
-1.1 0.000786256 0
-1 0.000497076 0
-0.9 0.00082562 0
-0.8 0.000712109 0
-0.7 0.000940179 0
-0.6 0.000974339 0
-0.5 0.000688789 0
-0.4 0.000832478 0
-0.3 0.000456857 0
-0.2 0.000627243 0
-0.1 0.000845172 0
2.22045e-16 0.000860142 0
0.1 0.000761337 0
0.2 0.000641505 0
0.3 0.00111526 0
0.4 0.00120067 0
0.5 0.000631003 0
0.6 0.000406763 0
0.7 0.000584042 0
0.8 0.000628961 0
0.9 0.000497196 0
1 0.000937299 0
1.1 0.00103177 0
1.2 0.000467169 0
1.3 0.000861735 0
1.4 0.000681522 0
1.5 0.00062717 0
1.6 0.000619435 0
1.7 0.000754602 0
1.8 0.000679079 0
1.9 0.000743426 0
2 0.000770508 0
2.1 0.000655305 0
2.2 0.00110443 0
2.3 0.000578468 0
2.4 0.000712602 0
2.5 0.000795353 0
2.6 0.00101677 0
2.7 0.000761713 0
2.8 0.000686116 0
2.9 0.000585873 0
3 0.000628249 0
3.1 0.00115461 0
3.2 0.000750976 0
3.3 0.000868953 0
3.4 0.000853063 0
3.5 0.000792622 0
3.6 0.000632361 0
3.7 0.00069417 0
3.8 0.000611895 0
3.9 0.000941036 0
4 0.000753425 0
4.1 0.000854218 0
4.2 0.00067566 0
4.3 0.000470083 0
4.4 0.000955477 0
4.5 0.000689259 0
4.6 0.000546134 0
4.7 0.000589019 0
4.8 0.000894115 0
4.9 0.000716616 0
5 0.000688919 0
5.1 0.000557884 0
5.2 0.000782404 0
5.3 0.000602249 0
5.4 0.00103817 0
5.5 0.000333424 0
5.6 0.000751921 0
5.7 0.000427166 0
5.8 0.000457132 0
5.9 0.000666417 0
6 0.000970284 0
6.1 0.000868684 0
6.2 0.000410537 0
6.3 0.00071451 0
6.4 0.000691961 0
6.5 0.000633515 0
6.6 0.000791759 0
6.7 0.000591801 0
6.8 0.000658781 0
6.9 0.000814372 0
7 0.00070694 0
7.1 0.000601204 0
7.2 0.000883764 0
7.3 0.000687546 0
7.4 0.000673879 0
7.5 0.000756158 0
7.6 0.00063553 0
7.7 0.000866787 0
7.8 0.000374415 0
7.9 0.000791527 0
8 0.000861238 0
8.1 0.000777307 0
8.2 0.0010912 0
8.3 0.000699469 0
8.4 0.000949957 0
8.5 0.000690158 0
8.6 0.000689378 0
8.7 0.000537733 0
8.8 0.000750154 0
8.9 0.000608378 0
9 0.000665753 0
9.1 0.000712046 0
9.2 0.000944416 0
9.3 0.000664541 0
9.4 0.000916779 0
9.5 0.000400311 0
9.6 0.000997307 0
9.7 0.000395276 0
9.8 0.000356705 0
9.9 0.000638947 0
10 0.000796321 0
10.1 0.000814859 0
10.2 0.000492428 0
10.3 0.000445048 0
10.4 0.00096278 0
10.5 0.000640902 0
10.6 0.000700808 0
10.7 0.00105963 0
10.8 0.000553234 0
10.9 0.000655815 0
11 0.000699028 0
11.1 0.00083312 0
11.2 0.000600986 0
11.3 0.000947347 0
11.4 0.000782337 0
11.5 0.000858542 0
11.6 0.00069547 0
11.7 0.000356449 0
11.8 0.000452835 0
11.9 0.00107951 0
12 0.000918894 0
12.1 0.000774416 0
12.2 0.0010113 0
12.3 0.00072551 0
12.4 0.000622149 0
12.5 0.000847377 0
12.6 0.000785678 0
12.7 0.000654883 0
12.8 0.00115872 0
12.9 0.000755856 0
13 0.000813725 0
13.1 0.00112162 0
13.2 0.00118519 0
13.3 0.00142471 0
13.4 0.0018844 0
13.5 0.00153337 0
13.6 0.00158595 0
13.7 0.00135805 0
13.8 0.00107419 0
13.9 0.00128738 0
14 0.00113661 0
14.1 0.00119844 0
14.2 0.00156621 0
14.3 0.00123194 0
14.4 0.00133189 0
14.5 0.00116215 0
14.6 0.000691431 0
14.7 0.000704155 0
14.8 0.000298085 0
14.9 0.000204219 0
15 0.000136152 0
15.1 7.71365e-05 0
15.2 9.23462e-05 0
15.3 2.17228e-05 0
15.4 3.7998e-05 0
15.5 3.57609e-05 0
15.6 1.86351e-05 0
15.7 1.28285e-05 0
15.8 0 0
15.9 0 0
16 0 0
16.1 5.98482e-05 0
16.2 1.69995e-05 0
16.3 1.74235e-05 0
16.4 1.63011e-05 0
16.5 3.66377e-05 0
16.6 0 0
16.7 8.85096e-19 0
16.8 2.49132e-05 0
16.9 6.89515e-06 0
17 3.33733e-05 0
17.1 0 0
17.2 1.38869e-05 0
17.3 5.81547e-07 0
17.4 3.09829e-05 0
17.5 5.42133e-06 0
17.6 0 0
17.7 1.84018e-05 0
17.8 0.000102639 0
17.9 0 0
18 0 0
18.1 9.17472e-06 0
18.2 1.50041e-05 0
