-2.2 0 0
-2.1 7.02411e-07 0
-2 1.55205e-06 0
-1.9 1.16003e-06 0
-1.8 1.24678e-06 0
-1.7 6.2548e-07 0
-1.6 4.26842e-07 0
-1.5 8.49922e-07 0
-1.4 1.55562e-06 0
-1.3 1.86167e-06 0
-1.2 8.99237e-07 0
-1.1 1.23986e-06 0
-1 1.23036e-06 0
-0.9 1.70059e-06 0
-0.8 1.8253e-06 0
-0.7 2.011e-06 0
-0.6 1.24272e-06 0
-0.5 1.43856e-06 0
-0.4 2.12923e-06 0
-0.3 2.12038e-06 0
-0.2 1.15918e-06 0
-0.1 5.85254e-07 0
2.22045e-16 9.75375e-07 0
0.1 2.10526e-06 0
0.2 7.38224e-07 0
0.3 6.78508e-07 0
0.4 1.13556e-06 0
0.5 1.44054e-06 0
0.6 1.33808e-06 0
0.7 1.11443e-06 0
0.8 2.11276e-06 0
0.9 1.45777e-06 0
1 2.3777e-06 0
1.1 7.90366e-07 0
1.2 2.67823e-06 0
1.3 2.76743e-06 0
1.4 2.02132e-06 0
1.5 8.18079e-07 0
1.6 8.51129e-07 0
1.7 1.63651e-06 0
1.8 1.65175e-06 0
1.9 5.97245e-07 0
2 9.28219e-07 0
2.1 1.26012e-06 0
2.2 2.21161e-06 0
2.3 1.42149e-06 0
2.4 1.8147e-06 0
2.5 1.13626e-06 0
2.6 2.14381e-06 0
2.7 2.64838e-06 0
2.8 2.87331e-06 0
2.9 1.98619e-06 0
3 1.63692e-06 0
3.1 1.66809e-06 0
3.2 1.70052e-06 0
3.3 2.58933e-06 0
3.4 3.51476e-06 0
3.5 1.74525e-06 0
3.6 1.04551e-06 0
3.7 5.57957e-07 0
3.8 9.50276e-07 0
3.9 1.08707e-06 0
4 8.72087e-07 0
4.1 1.81185e-06 0
4.2 5.8525e-07 0
4.3 1.39519e-06 0
4.4 1.13109e-06 0
4.5 1.48612e-06 0
4.6 1.09196e-06 0
4.7 1.06174e-06 0
4.8 2.66804e-06 0
4.9 1.74798e-06 0
5 2.47721e-06 0
5.1 1.29919e-06 0
5.2 1.11945e-06 0
5.3 1.37142e-06 0
5.4 2.21793e-06 0
5.5 4.8492e-07 0
5.6 1.05946e-06 0
5.7 7.67216e-07 0
5.8 1.79071e-06 0
5.9 5.33431e-07 0
6 5.6208e-07 0
6.1 1.57033e-06 0
6.2 1.19597e-06 0
6.3 7.78814e-07 0
6.4 1.04035e-06 0
6.5 1.24149e-06 0
6.6 1.68216e-06 0
6.7 7.9459e-07 0
6.8 7.79129e-07 0
6.9 2.76959e-06 0
7 1.03055e-06 0
7.1 5.42515e-07 0
7.2 5.1909e-07 0
7.3 9.3824e-07 0
7.4 8.82306e-07 0
7.5 1.33148e-06 0
7.6 7.7541e-07 0
7.7 8.87746e-07 0
7.8 5.6023e-07 0
7.9 1.13292e-06 0
8 1.01554e-06 0
8.1 7.6298e-07 0
8.2 4.28931e-07 0
8.3 1.31993e-06 0
8.4 9.4626e-07 0
8.5 6.27584e-07 0
8.6 6.79591e-07 0
8.7 1.43005e-06 0
8.8 1.6843e-06 0
8.9 1.39552e-06 0
9 1.17557e-06 0
9.1 2.38485e-06 0
9.2 1.88136e-06 0
9.3 2.19564e-06 0
9.4 1.82397e-06 0
9.5 9.38044e-07 0
9.6 1.12835e-06 0
9.7 8.78026e-07 0
9.8 4.61169e-07 0
9.9 6.7224e-07 0
10 1.02743e-06 0
10.1 1.46903e-06 0
10.2 1.04792e-06 0
10.3 1.65458e-06 0
10.4 1.78932e-06 0
10.5 8.40775e-07 0
10.6 7.25811e-07 0
10.7 8.72933e-07 0
10.8 1.36031e-06 0
10.9 4.82499e-07 0
11 1.03347e-06 0
11.1 6.6302e-07 0
11.2 4.0439e-07 0
11.3 8.5412e-07 0
11.4 4.74934e-07 0
11.5 5.83055e-07 0
11.6 8.80316e-07 0
11.7 1.18764e-06 0
11.8 1.51286e-06 0
11.9 5.95868e-07 0
12 4.04045e-07 0
12.1 3.94077e-07 0
12.2 5.56161e-07 0
12.3 1.37782e-06 0
12.4 1.32658e-06 0
12.5 1.60279e-06 0
12.6 1.78313e-06 0
12.7 9.96147e-07 0
12.8 1.41573e-06 0
12.9 2.16857e-06 0
13 2.64395e-06 0
13.1 3.73199e-06 0
13.2 3.21481e-06 0
13.3 4.13071e-06 0
13.4 5.93475e-06 0
13.5 8.65227e-06 0
13.6 6.31136e-06 0
13.7 6.16932e-06 0
13.8 5.56933e-06 0
13.9 3.335e-06 0
14 2.9852e-06 0
14.1 7.26243e-07 0
14.2 8.06875e-07 0
14.3 6.57734e-07 0
14.4 5.85053e-07 0
14.5 5.0204e-07 0
14.6 1.22616e-07 0
14.7 3.26719e-09 0
14.8 0 0
14.9 0 0
15 0 0
15.1 2.09384e-07 0
15.2 1.01354e-07 0
15.3 4.80047e-11 0
15.4 8.5303e-25 0
15.5 0 0
15.6 1.27638e-07 0
15.7 3.99667e-07 0
15.8 0 0
15.9 0 0
16 4.55343e-11 0
16.1 0 0
16.2 0 0
16.3 0 0
16.4 0 0
16.5 0 0
16.6 0 0
16.7 0 0
16.8 0 0
16.9 1.207e-10 0
17 0 0
17.1 0 0
17.2 0 0
17.3 7.77232e-11 0
17.4 4.73353e-11 0
17.5 0 0
17.6 0 0
17.7 0 0
17.8 4.4115e-11 0
17.9 0 0
18 0 0
18.1 0 0
18.2 0 0
