-2.2 0 0
-2.1 0.0100485 0
-2 0.0100461 0
-1.9 0.0100248 0
-1.8 0.0100269 0
-1.7 0.0100142 0
-1.6 0.0100088 0
-1.5 0.0100056 0
-1.4 0.00999318 0
-1.3 0.00998713 0
-1.2 0.00999557 0
-1.1 0.00997273 0
-1 0.00995482 0
-0.9 0.00995227 0
-0.8 0.009934 0
-0.7 0.00993536 0
-0.6 0.00992313 0
-0.5 0.00991388 0
-0.4 0.00989831 0
-0.3 0.00988865 0
-0.2 0.00987834 0
-0.1 0.00986846 0
2.22045e-16 0.00983831 0
0.1 0.00983344 0
0.2 0.00981695 0
0.3 0.00980348 0
0.4 0.00979844 0
0.5 0.00977279 0
0.6 0.00975457 0
0.7 0.00974091 0
0.8 0.00971635 0
0.9 0.00969767 0
1 0.00969035 0
1.1 0.00967593 0
1.2 0.00966426 0
1.3 0.00965803 0
1.4 0.0096457 0
1.5 0.00963358 0
1.6 0.00962291 0
1.7 0.00960826 0
1.8 0.00958575 0
1.9 0.00957586 0
2 0.00956749 0
2.1 0.00954962 0
2.2 0.00952874 0
2.3 0.0095087 0
2.4 0.00950795 0
2.5 0.00947775 0
2.6 0.00946606 0
2.7 0.00945304 0
2.8 0.0094512 0
2.9 0.00943287 0
3 0.00942516 0
3.1 0.00940539 0
3.2 0.00938336 0
3.3 0.00936339 0
3.4 0.00934889 0
3.5 0.00933045 0
3.6 0.00929981 0
3.7 0.0092807 0
3.8 0.00926346 0
3.9 0.00924933 0
4 0.00921892 0
4.1 0.00919913 0
4.2 0.00917739 0
4.3 0.00917655 0
4.4 0.00915203 0
4.5 0.00913484 0
4.6 0.00911562 0
4.7 0.00909773 0
4.8 0.00908922 0
4.9 0.00907787 0
5 0.00905313 0
5.1 0.0090254 0
5.2 0.00900839 0
5.3 0.00899775 0
5.4 0.00897781 0
5.5 0.00896337 0
5.6 0.00894499 0
5.7 0.00892842 0
5.8 0.00890921 0
5.9 0.00889691 0
6 0.00888028 0
6.1 0.00886791 0
6.2 0.00884342 0
6.3 0.00882352 0
6.4 0.00880835 0
6.5 0.00879444 0
6.6 0.00877256 0
6.7 0.00875397 0
6.8 0.00873528 0
6.9 0.00872034 0
7 0.00870302 0
7.1 0.00867701 0
7.2 0.00866459 0
7.3 0.00865198 0
7.4 0.00863673 0
7.5 0.00862839 0
7.6 0.0085955 0
7.7 0.008573 0
7.8 0.00855442 0
7.9 0.00853806 0
8 0.00852151 0
8.1 0.00848474 0
8.2 0.00847956 0
8.3 0.00845016 0
8.4 0.00842391 0
8.5 0.00839813 0
8.6 0.00836768 0
8.7 0.0083521 0
8.8 0.00833106 0
8.9 0.00830482 0
9 0.00828671 0
9.1 0.00827319 0
9.2 0.00825525 0
9.3 0.00822568 0
9.4 0.00819611 0
9.5 0.0081789 0
9.6 0.00816192 0
9.7 0.00814262 0
9.8 0.00811051 0
9.9 0.00808396 0
10 0.00806662 0
10.1 0.00804996 0
10.2 0.00802492 0
10.3 0.00801109 0
10.4 0.0079916 0
10.5 0.00797458 0
10.6 0.00794759 0
10.7 0.00792998 0
10.8 0.00790905 0
10.9 0.00788934 0
11 0.00786599 0
11.1 0.00785347 0
11.2 0.00783555 0
11.3 0.00780695 0
11.4 0.00778938 0
11.5 0.00777319 0
11.6 0.0077469 0
11.7 0.00772183 0
11.8 0.00770528 0
11.9 0.00767777 0
12 0.00766186 0
12.1 0.00763295 0
12.2 0.00760474 0
12.3 0.00758903 0
12.4 0.00757317 0
12.5 0.00754721 0
12.6 0.00752408 0
12.7 0.00750657 0
12.8 0.00747647 0
12.9 0.00744308 0
13 0.0074224 0
13.1 0.00740702 0
13.2 0.00736551 0
13.3 0.00734421 0
13.4 0.00731394 0
13.5 0.00728976 0
13.6 0.00725216 0
13.7 0.00721747 0
13.8 0.00718926 0
13.9 0.00714565 0
14 0.00710222 0
14.1 0.00706031 0
14.2 0.00699921 0
14.3 0.00692777 0
14.4 0.00679635 0
14.5 0.00655757 0
14.6 0.00618307 0
14.7 0.00559217 0
14.8 0.00475138 0
14.9 0.0037064 0
15 0.00259781 0
15.1 0.00161599 0
15.2 0.000866548 0
15.3 0.000393782 0
15.4 0.000155249 0
15.5 5.42245e-05 0
15.6 1.90753e-05 0
15.7 7.11734e-06 0
15.8 3.83371e-06 0
15.9 2.06499e-06 0
16 2.48835e-06 0
16.1 2.48247e-06 0
16.2 3.49949e-06 0
16.3 1.15326e-06 0
16.4 1.32645e-06 0
16.5 1.26003e-06 0
16.6 1.16707e-06 0
16.7 1.44652e-06 0
16.8 9.35459e-07 0
16.9 5.88969e-07 0
17 6.87867e-07 0
17.1 8.92914e-07 0
17.2 9.25137e-07 0
17.3 6.53448e-07 0
17.4 1.45478e-07 0
17.5 1.99584e-07 0
17.6 3.71721e-07 0
17.7 5.92068e-07 0
17.8 9.98983e-07 0
17.9 6.41862e-07 0
18 7.15384e-07 0
18.1 3.58737e-07 0
18.2 7.42043e-07 0
