-2.2 0 0
-2.1 5.13756 0
-2 5.14647 0
-1.9 5.16594 0
-1.8 5.16854 0
-1.7 5.18613 0
-1.6 5.19909 0
-1.5 5.21152 0
-1.4 5.22122 0
-1.3 5.2425 0
-1.2 5.25749 0
-1.1 5.27422 0
-1 5.28367 0
-0.9 5.30176 0
-0.8 5.30782 0
-0.7 5.32066 0
-0.6 5.33346 0
-0.5 5.34164 0
-0.4 5.37776 0
-0.3 5.3767 0
-0.2 5.39697 0
-0.1 5.42255 0
2.22045e-16 5.42668 0
0.1 5.45018 0
0.2 5.45768 0
0.3 5.48358 0
0.4 5.49771 0
0.5 5.51444 0
0.6 5.53087 0
0.7 5.5463 0
0.8 5.56104 0
0.9 5.56675 0
1 5.59001 0
1.1 5.5969 0
1.2 5.61818 0
1.3 5.63804 0
1.4 5.65703 0
1.5 5.67682 0
1.6 5.70687 0
1.7 5.71369 0
1.8 5.72978 0
1.9 5.76109 0
2 5.77042 0
2.1 5.79148 0
2.2 5.80937 0
2.3 5.82763 0
2.4 5.84962 0
2.5 5.86366 0
2.6 5.88302 0
2.7 5.90571 0
2.8 5.92393 0
2.9 5.94207 0
3 5.9581 0
3.1 5.98894 0
3.2 6.01017 0
3.3 6.03347 0
3.4 6.0543 0
3.5 6.07563 0
3.6 6.09412 0
3.7 6.10676 0
3.8 6.1383 0
3.9 6.1576 0
4 6.18266 0
4.1 6.21874 0
4.2 6.23058 0
4.3 6.26986 0
4.4 6.29275 0
4.5 6.30886 0
4.6 6.32877 0
4.7 6.35507 0
4.8 6.3939 0
4.9 6.40861 0
5 6.44356 0
5.1 6.46414 0
5.2 6.4987 0
5.3 6.52169 0
5.4 6.54952 0
5.5 6.56549 0
5.6 6.60767 0
5.7 6.63457 0
5.8 6.65245 0
5.9 6.69717 0
6 6.72421 0
6.1 6.7528 0
6.2 6.78067 0
6.3 6.81958 0
6.4 6.85632 0
6.5 6.89363 0
6.6 6.93572 0
6.7 6.95442 0
6.8 6.99229 0
6.9 7.03521 0
7 7.07129 0
7.1 7.10674 0
7.2 7.14494 0
7.3 7.1737 0
7.4 7.22125 0
7.5 7.25318 0
7.6 7.30456 0
7.7 7.34947 0
7.8 7.38589 0
7.9 7.43427 0
8 7.47651 0
8.1 7.52856 0
8.2 7.56812 0
8.3 7.61855 0
8.4 7.66972 0
8.5 7.72445 0
8.6 7.7785 0
8.7 7.80576 0
8.8 7.87841 0
8.9 7.91555 0
9 7.98983 0
9.1 8.03581 0
9.2 8.12074 0
9.3 8.16169 0
9.4 8.21023 0
9.5 8.304 0
9.6 8.36738 0
9.7 8.42395 0
9.8 8.50263 0
9.9 8.57214 0
10 8.65869 0
10.1 8.72091 0
10.2 8.79272 0
10.3 8.8752 0
10.4 8.95472 0
10.5 9.06144 0
10.6 9.15874 0
10.7 9.25238 0
10.8 9.3377 0
10.9 9.44196 0
11 9.54024 0
11.1 9.66451 0
11.2 9.74892 0
11.3 9.86652 0
11.4 10.0151 0
11.5 10.1483 0
11.6 10.2855 0
11.7 10.4094 0
11.8 10.5821 0
11.9 10.6946 0
12 10.8787 0
12.1 11.0486 0
12.2 11.2165 0
12.3 11.4234 0
12.4 11.6606 0
12.5 11.8342 0
12.6 12.0564 0
12.7 12.3156 0
12.8 12.5933 0
12.9 12.8802 0
13 13.1799 0
13.1 13.5227 0
13.2 13.8532 0
13.3 14.2514 0
13.4 14.6882 0
13.5 15.2042 0
13.6 15.7465 0
13.7 16.3665 0
13.8 17.0819 0
13.9 17.9133 0
14 18.8282 0
14.1 20.0103 0
14.2 21.4375 0
14.3 23.3773 0
14.4 25.9076 0
14.5 29.1189 0
14.6 33.1463 0
14.7 38.0863 0
14.8 43.6666 0
14.9 49.8209 0
15 55.8827 0
15.1 62.3209 0
15.2 68.7211 0
15.3 74.6486 0
15.4 78.7082 0
15.5 82.9034 0
15.6 86.6205 0
15.7 86.8994 0
15.8 113.549 0
15.9 2.00373e-12 0
16 0 0
16.1 0 0
16.2 0 0
16.3 0 0
16.4 0 0
16.5 0 0
16.6 0 0
16.7 0 0
16.8 0 0
16.9 0 0
17 0 0
17.1 0 0
17.2 0 0
17.3 0 0
17.4 0 0
17.5 0 0
17.6 0 0
17.7 0 0
17.8 0 0
17.9 0 0
18 0 0
18.1 0 0
18.2 0 0
