-2.2 0 0
-2.1 0.0483117 0
-2 0.0486981 0
-1.9 0.0484632 0
-1.8 0.048897 0
-1.7 0.049077 0
-1.6 0.048996 0
-1.5 0.04931 0
-1.4 0.0494858 0
-1.3 0.0498353 0
-1.2 0.050539 0
-1.1 0.0502545 0
-1 0.0503236 0
-0.9 0.0504045 0
-0.8 0.0501968 0
-0.7 0.0509525 0
-0.6 0.0506768 0
-0.5 0.0511555 0
-0.4 0.0512994 0
-0.3 0.0516381 0
-0.2 0.0520219 0
-0.1 0.0521349 0
2.22045e-16 0.0517322 0
0.1 0.0521573 0
0.2 0.0521046 0
0.3 0.0519935 0
0.4 0.0524425 0
0.5 0.0521739 0
0.6 0.0521964 0
0.7 0.0522387 0
0.8 0.0522893 0
0.9 0.0522666 0
1 0.0525268 0
1.1 0.0526075 0
1.2 0.052728 0
1.3 0.0530422 0
1.4 0.0532176 0
1.5 0.0533289 0
1.6 0.0537799 0
1.7 0.0537845 0
1.8 0.0536967 0
1.9 0.0536897 0
2 0.0540912 0
2.1 0.0541511 0
2.2 0.0544442 0
2.3 0.0541514 0
2.4 0.0545079 0
2.5 0.0545333 0
2.6 0.054735 0
2.7 0.0545831 0
2.8 0.055053 0
2.9 0.0548132 0
3 0.055227 0
3.1 0.0553155 0
3.2 0.0552727 0
3.3 0.0557344 0
3.4 0.0558014 0
3.5 0.0561709 0
3.6 0.0556219 0
3.7 0.0557057 0
3.8 0.0559186 0
3.9 0.0560206 0
4 0.0558353 0
4.1 0.0561351 0
4.2 0.0558869 0
4.3 0.0563692 0
4.4 0.0564332 0
4.5 0.0565909 0
4.6 0.0564307 0
4.7 0.056622 0
4.8 0.0571912 0
4.9 0.0572784 0
5 0.057638 0
5.1 0.0575237 0
5.2 0.0575663 0
5.3 0.057923 0
5.4 0.0581186 0
5.5 0.0579861 0
5.6 0.0580732 0
5.7 0.0584017 0
5.8 0.0580939 0
5.9 0.0586667 0
6 0.0588016 0
6.1 0.0591389 0
6.2 0.0591263 0
6.3 0.0590832 0
6.4 0.0593658 0
6.5 0.0597821 0
6.6 0.0600415 0
6.7 0.0601384 0
6.8 0.0604486 0
6.9 0.0604857 0
7 0.0605789 0
7.1 0.0606136 0
7.2 0.0608696 0
7.3 0.0611878 0
7.4 0.0615457 0
7.5 0.0620355 0
7.6 0.0619222 0
7.7 0.0621271 0
7.8 0.0623196 0
7.9 0.0624109 0
8 0.0631461 0
8.1 0.0630198 0
8.2 0.0636789 0
8.3 0.0638874 0
8.4 0.0639174 0
8.5 0.0640669 0
8.6 0.0641365 0
8.7 0.0645824 0
8.8 0.0652184 0
8.9 0.0648828 0
9 0.0650707 0
9.1 0.0657669 0
9.2 0.0660861 0
9.3 0.0661789 0
9.4 0.0664852 0
9.5 0.0668304 0
9.6 0.0671718 0
9.7 0.0678944 0
9.8 0.0679776 0
9.9 0.0682282 0
10 0.0687982 0
10.1 0.0693707 0
10.2 0.069421 0
10.3 0.0701405 0
10.4 0.0707253 0
10.5 0.0713785 0
10.6 0.0717181 0
10.7 0.0724317 0
10.8 0.0729372 0
10.9 0.0735246 0
11 0.0739465 0
11.1 0.0747324 0
11.2 0.075643 0
11.3 0.0761586 0
11.4 0.0769731 0
11.5 0.0777657 0
11.6 0.0785465 0
11.7 0.0792319 0
11.8 0.0802998 0
11.9 0.0807988 0
12 0.0820697 0
12.1 0.0830704 0
12.2 0.0840202 0
12.3 0.0851337 0
12.4 0.0866626 0
12.5 0.0878374 0
12.6 0.0895136 0
12.7 0.0914769 0
12.8 0.0931815 0
12.9 0.0945243 0
13 0.0964305 0
13.1 0.0991786 0
13.2 0.100954 0
13.3 0.103797 0
13.4 0.106422 0
13.5 0.110034 0
13.6 0.113418 0
13.7 0.117435 0
13.8 0.122105 0
13.9 0.127581 0
14 0.133652 0
14.1 0.141386 0
14.2 0.15037 0
14.3 0.162153 0
14.4 0.176291 0
14.5 0.191002 0
14.6 0.204562 0
14.7 0.212027 0
14.8 0.206144 0
14.9 0.183053 0
15 0.143713 0
15.1 0.0994879 0
15.2 0.0586664 0
15.3 0.0288603 0
15.4 0.0119457 0
15.5 0.00432985 0
15.6 0.0015039 0
15.7 0.000500029 0
15.8 0.00025333 0
15.9 7.67474e-05 0
16 0.000108682 0
16.1 9.10361e-05 0
16.2 0.000126006 0
16.3 7.64628e-05 0
16.4 5.95721e-05 0
16.5 8.80526e-05 0
16.6 5.31089e-05 0
16.7 8.22994e-05 0
16.8 6.91428e-05 0
16.9 2.73863e-05 0
17 4.29715e-05 0
17.1 3.38279e-05 0
17.2 3.82226e-05 0
17.3 3.3123e-05 0
17.4 1.09906e-05 0
17.5 7.12905e-06 0
17.6 2.22899e-05 0
17.7 2.57188e-05 0
17.8 5.86335e-05 0
17.9 3.0826e-05 0
18 3.53423e-05 0
18.1 1.33847e-05 0
18.2 4.90581e-05 0
