-2.2 0 0
-2.1 0.0462666 0
-2 0.046316 0
-1.9 0.0463686 0
-1.8 0.046445 0
-1.7 0.0465026 0
-1.6 0.0464525 0
-1.5 0.0465148 0
-1.4 0.0465341 0
-1.3 0.046561 0
-1.2 0.04666 0
-1.1 0.0466706 0
-1 0.0468071 0
-0.9 0.0468369 0
-0.8 0.0468465 0
-0.7 0.0469115 0
-0.6 0.0469331 0
-0.5 0.0469366 0
-0.4 0.0470381 0
-0.3 0.0470125 0
-0.2 0.0473064 0
-0.1 0.047367 0
2.22045e-16 0.0473866 0
0.1 0.0474958 0
0.2 0.0475152 0
0.3 0.0473583 0
0.4 0.0473346 0
0.5 0.0474011 0
0.6 0.0475108 0
0.7 0.0475688 0
0.8 0.04758 0
0.9 0.0475689 0
1 0.0476606 0
1.1 0.0477243 0
1.2 0.0478206 0
1.3 0.0478637 0
1.4 0.0479648 0
1.5 0.0480756 0
1.6 0.0482021 0
1.7 0.0482426 0
1.8 0.0483286 0
1.9 0.0484385 0
2 0.048473 0
2.1 0.0485804 0
2.2 0.0485966 0
2.3 0.0486115 0
2.4 0.0486702 0
2.5 0.0487492 0
2.6 0.0487924 0
2.7 0.0488826 0
2.8 0.0490483 0
2.9 0.0490729 0
3 0.0491912 0
3.1 0.0493028 0
3.2 0.0494034 0
3.3 0.0494958 0
3.4 0.0496126 0
3.5 0.0497348 0
3.6 0.0496749 0
3.7 0.0497617 0
3.8 0.0498514 0
3.9 0.0499135 0
4 0.050047 0
4.1 0.0501899 0
4.2 0.0502636 0
4.3 0.050552 0
4.4 0.0506012 0
4.5 0.0506761 0
4.6 0.050721 0
4.7 0.0508274 0
4.8 0.0510343 0
4.9 0.0510538 0
5 0.0512185 0
5.1 0.0513304 0
5.2 0.0515311 0
5.3 0.051625 0
5.4 0.0516801 0
5.5 0.0518328 0
5.6 0.0520146 0
5.7 0.0522286 0
5.8 0.0522788 0
5.9 0.05243 0
6 0.0526055 0
6.1 0.0527994 0
6.2 0.0528922 0
6.3 0.0531386 0
6.4 0.053202 0
6.5 0.0535062 0
6.6 0.0536418 0
6.7 0.0537586 0
6.8 0.0540128 0
6.9 0.0541687 0
7 0.0544973 0
7.1 0.0546003 0
7.2 0.0547473 0
7.3 0.0549275 0
7.4 0.0552162 0
7.5 0.0554011 0
7.6 0.0556111 0
7.7 0.0558338 0
7.8 0.0561525 0
7.9 0.0564253 0
8 0.0566832 0
8.1 0.0568152 0
8.2 0.0570866 0
8.3 0.0573222 0
8.4 0.0576634 0
8.5 0.0577632 0
8.6 0.0581017 0
8.7 0.0582673 0
8.8 0.0586289 0
8.9 0.0588755 0
9 0.0592947 0
9.1 0.0596724 0
9.2 0.0600315 0
9.3 0.0602813 0
9.4 0.0606003 0
9.5 0.061165 0
9.6 0.0615005 0
9.7 0.0619242 0
9.8 0.0622145 0
9.9 0.0627189 0
10 0.0630905 0
10.1 0.0634877 0
10.2 0.0639331 0
10.3 0.0644466 0
10.4 0.0649489 0
10.5 0.0655606 0
10.6 0.0660783 0
10.7 0.0666429 0
10.8 0.0672051 0
10.9 0.0678195 0
11 0.0684467 0
11.1 0.0692126 0
11.2 0.0698558 0
11.3 0.0706045 0
11.4 0.0715234 0
11.5 0.0723441 0
11.6 0.0731815 0
11.7 0.0740413 0
11.8 0.07512 0
11.9 0.0759911 0
12 0.0770586 0
12.1 0.0780533 0
12.2 0.0792255 0
12.3 0.080674 0
12.4 0.0821707 0
12.5 0.0833462 0
12.6 0.0848386 0
12.7 0.0865117 0
12.8 0.0883239 0
12.9 0.0901216 0
13 0.092185 0
13.1 0.0946347 0
13.2 0.0967568 0
13.3 0.0994809 0
13.4 0.10247 0
13.5 0.106086 0
13.6 0.109775 0
13.7 0.113916 0
13.8 0.11898 0
13.9 0.12447 0
14 0.130571 0
14.1 0.138483 0
14.2 0.147705 0
14.3 0.159728 0
14.4 0.174107 0
14.5 0.189295 0
14.6 0.203445 0
14.7 0.211479 0
14.8 0.206269 0
14.9 0.183733 0
15 0.144556 0
15.1 0.100333 0
15.2 0.0592228 0
15.3 0.0291403 0
15.4 0.0120387 0
15.5 0.00432974 0
15.6 0.00141046 0
15.7 0.000341013 0
15.8 0.000112917 0
15.9 2.01933e-18 0
16 0 0
16.1 0 0
16.2 0 0
16.3 0 0
16.4 0 0
16.5 0 0
16.6 0 0
16.7 0 0
16.8 0 0
16.9 0 0
17 0 0
17.1 0 0
17.2 0 0
17.3 0 0
17.4 0 0
17.5 0 0
17.6 0 0
17.7 0 0
17.8 0 0
17.9 0 0
18 0 0
18.1 0 0
18.2 0 0
