1 0
3 0
5 0
7 1.03236e-08
9 0.000445263
11 0.00034969
13 0.000219173
15 0.000136384
17 9.28667e-05
19 6.62308e-05
21 5.08533e-05
23 3.37381e-05
25 2.45969e-05
27 1.99791e-05
29 1.66463e-05
31 1.39681e-05
33 1.17654e-05
35 9.83165e-06
37 8.22894e-06
39 6.9111e-06
41 5.83588e-06
43 4.971e-06
45 4.25027e-06
47 3.67129e-06
49 3.18541e-06
51 2.79831e-06
53 2.44647e-06
55 2.1696e-06
57 1.92282e-06
59 1.70878e-06
61 1.52483e-06
63 1.36738e-06
65 1.23102e-06
67 1.11016e-06
69 1.01491e-06
71 9.23955e-07
73 8.43069e-07
75 7.66119e-07
77 7.04076e-07
79 6.49207e-07
81 5.99445e-07
83 5.51317e-07
85 5.10603e-07
87 4.6992e-07
89 4.37616e-07
91 4.04876e-07
93 3.78955e-07
95 3.57265e-07
97 3.32406e-07
99 3.09718e-07
101 2.90036e-07
103 2.72308e-07
105 2.55027e-07
107 2.38838e-07
109 2.24408e-07
111 2.11197e-07
113 1.99093e-07
115 1.89071e-07
117 1.81119e-07
119 1.7213e-07
121 1.62573e-07
123 1.53881e-07
125 1.4568e-07
127 1.37914e-07
129 1.3097e-07
131 1.24285e-07
133 1.173e-07
135 1.11394e-07
137 1.05916e-07
139 1.01005e-07
141 9.62974e-08
143 9.20226e-08
145 8.77954e-08
147 8.38117e-08
149 7.99262e-08
151 7.63771e-08
153 7.32858e-08
155 7.05515e-08
157 7.04252e-08
159 6.87456e-08
161 6.55971e-08
163 6.31614e-08
165 6.02352e-08
167 5.78567e-08
169 5.53087e-08
171 5.29042e-08
173 5.08905e-08
175 4.88861e-08
177 4.67798e-08
179 4.48322e-08
181 4.32884e-08
183 4.16257e-08
185 3.97593e-08
187 3.84282e-08
189 3.70674e-08
191 3.5551e-08
193 3.4876e-08
195 3.42068e-08
197 3.30279e-08
199 3.19169e-08
201 3.09853e-08
203 2.98259e-08
205 2.8842e-08
207 2.80086e-08
209 2.69881e-08
211 2.61744e-08
213 2.53674e-08
215 2.44759e-08
217 2.3825e-08
219 2.30023e-08
221 2.23426e-08
223 2.17044e-08
225 2.09868e-08
227 2.03734e-08
229 1.9754e-08
231 1.92488e-08
233 1.86268e-08
235 1.81252e-08
237 1.75987e-08
239 1.70892e-08
241 1.66433e-08
243 1.61328e-08
245 1.57346e-08
247 1.52617e-08
249 1.48789e-08
251 1.44764e-08
253 1.40595e-08
255 1.37441e-08
257 1.35136e-08
259 1.33014e-08
261 1.29149e-08
263 1.27212e-08
265 1.22464e-08
267 1.2095e-08
269 1.16722e-08
271 1.13847e-08
273 1.11656e-08
275 1.08408e-08
277 1.06743e-08
279 1.0479e-08
281 1.01342e-08
283 1.00066e-08
285 9.67931e-09
287 9.48036e-09
289 9.27968e-09
291 9.0083e-09
293 8.78694e-09
295 8.68777e-09
297 8.39541e-09
299 8.23486e-09
301 8.16645e-09
303 7.97177e-09
305 7.74498e-09
307 7.67182e-09
309 7.44217e-09
311 7.2603e-09
313 7.12752e-09
315 6.98886e-09
317 6.78859e-09
319 6.64719e-09
321 6.54331e-09
323 6.37211e-09
325 6.22584e-09
327 6.15378e-09
329 6.07684e-09
331 5.9903e-09
333 5.79111e-09
335 5.74622e-09
337 5.59601e-09
339 5.49926e-09
341 5.33834e-09
343 5.27148e-09
345 5.17122e-09
347 5.06322e-09
349 4.91215e-09
351 4.85725e-09
353 4.75187e-09
355 4.70211e-09
357 4.55036e-09
359 4.43915e-09
361 4.48217e-09
363 4.43228e-09
365 4.35499e-09
367 4.27849e-09
369 4.20332e-09
371 4.1489e-09
373 4.0797e-09
375 3.98264e-09
377 3.87341e-09
379 3.8339e-09
381 3.76661e-09
383 3.70372e-09
385 3.63274e-09
387 3.53564e-09
389 3.47266e-09
391 3.42508e-09
393 3.36679e-09
395 3.33247e-09
397 3.21993e-09
399 3.18899e-09
401 3.12143e-09
403 3.0773e-09
405 3.03212e-09
407 3.08797e-09
409 3.0632e-09
411 3.03314e-09
413 2.92731e-09
415 2.91097e-09
417 2.87829e-09
419 2.81373e-09
421 2.76772e-09
423 2.69611e-09
425 2.65297e-09
427 2.6167e-09
429 2.54319e-09
431 2.54118e-09
433 2.50487e-09
435 2.41813e-09
437 2.39285e-09
439 2.34948e-09
441 2.31257e-09
443 2.26451e-09
445 2.24309e-09
447 2.20644e-09
449 2.18156e-09
451 2.09933e-09
453 2.09842e-09
455 2.0503e-09
457 2.01193e-09
459 2.0042e-09
461 1.97159e-09
463 2.01485e-09
465 1.99087e-09
467 1.96332e-09
469 1.98403e-09
471 1.94861e-09
473 1.93243e-09
475 1.89e-09
477 1.86737e-09
479 1.82675e-09
481 1.79022e-09
483 1.77377e-09
485 1.72459e-09
487 1.69578e-09
489 1.69988e-09
491 1.64778e-09
493 1.62952e-09
495 1.59907e-09
497 1.57462e-09
499 1.5411e-09
501 1.52593e-09
503 1.48681e-09
505 1.47131e-09
507 1.45429e-09
509 1.43883e-09
511 1.41073e-09
513 1.38386e-09
515 1.3605e-09
517 1.3337e-09
519 1.31452e-09
521 1.30666e-09
523 1.27961e-09
525 1.2425e-09
527 1.24054e-09
529 1.22366e-09
531 1.20809e-09
533 1.19072e-09
535 1.17124e-09
537 1.15028e-09
539 1.13278e-09
541 1.10819e-09
543 1.12236e-09
545 1.18051e-09
547 1.15077e-09
549 1.15161e-09
551 1.12786e-09
553 1.11005e-09
555 1.1035e-09
557 1.0754e-09
559 1.06186e-09
561 1.04722e-09
563 1.02653e-09
565 1.0115e-09
567 9.93646e-10
569 9.8216e-10
571 9.61089e-10
573 9.52359e-10
575 8.91542e-10
577 8.96033e-10
579 9.25042e-10
581 8.94919e-10
583 8.84345e-10
585 8.7364e-10
587 8.60606e-10
589 8.45261e-10
591 8.3924e-10
593 8.57658e-10
595 8.53078e-10
597 8.35972e-10
599 8.59722e-10
601 8.39675e-10
603 7.95204e-10
605 7.90707e-10
607 8.19992e-10
609 8.05391e-10
611 7.96295e-10
613 7.86879e-10
615 7.90273e-10
617 7.54122e-10
619 7.48777e-10
621 7.47114e-10
623 7.35988e-10
625 7.29258e-10
627 7.01542e-10
629 6.8707e-10
631 6.68135e-10
633 6.56285e-10
635 6.40104e-10
637 6.4303e-10
639 6.49042e-10
641 6.4194e-10
643 6.37618e-10
645 6.30011e-10
647 6.21778e-10
649 6.07721e-10
651 5.97454e-10
653 5.916e-10
655 5.92445e-10
657 5.86705e-10
659 6.60287e-10
661 6.46175e-10
663 6.26677e-10
665 6.1809e-10
667 6.16028e-10
669 5.91905e-10
671 5.99927e-10
673 5.87059e-10
675 5.90173e-10
677 5.81046e-10
679 5.76549e-10
681 5.6758e-10
683 5.75978e-10
685 5.58354e-10
687 5.51288e-10
689 5.44318e-10
691 5.4534e-10
693 5.3284e-10
695 5.24766e-10
697 5.15672e-10
699 5.01588e-10
701 4.93263e-10
703 4.82012e-10
705 5.82252e-10
707 6.17763e-10
709 6.34987e-10
711 6.49745e-10
713 6.5755e-10
715 6.49425e-10
717 6.23163e-10
719 5.78061e-10
721 5.65182e-10
723 5.47345e-10
725 5.42565e-10
727 5.27408e-10
729 5.4799e-10
731 5.46208e-10
733 6.01537e-10
735 6.01294e-10
737 6.30621e-10
739 7.34466e-10
741 7.13189e-10
743 7.03275e-10
745 6.93255e-10
747 6.84876e-10
749 6.85804e-10
751 6.86035e-10
753 6.72246e-10
755 6.75879e-10
757 6.65472e-10
759 6.55759e-10
761 6.49883e-10
763 6.43401e-10
765 6.38903e-10
767 6.28988e-10
769 6.24078e-10
771 6.19372e-10
773 6.29645e-10
775 6.34407e-10
777 6.44294e-10
779 6.4502e-10
781 6.43906e-10
783 6.30854e-10
785 6.3268e-10
787 6.30655e-10
789 6.32748e-10
791 6.19846e-10
793 6.21312e-10
795 6.23526e-10
797 6.16109e-10
799 6.12052e-10
801 6.17449e-10
803 7.04647e-10
805 7.3914e-10
807 7.51188e-10
809 7.55066e-10
811 7.69891e-10
813 8.13142e-10
815 1.08993e-09
817 1.36809e-09
819 1.72511e-09
821 2.04934e-09
823 4.41717e-09
825 4.95077e-11
827 0
829 0
831 0
833 0
835 0
837 0
839 0
841 0
843 0
845 0
847 0
849 0
851 0
853 0
855 0
857 0
859 0
861 0
863 0
865 0
867 0
869 0
871 0
873 0
875 0
877 0
879 0
881 0
883 0
885 0
887 0
889 0
891 0
893 0
895 0
897 0
899 0
901 0
903 0
905 0
907 0
909 0
911 0
913 0
915 0
917 0
919 0
921 0
923 0
925 0
927 0
929 0
931 0
933 0
935 0
937 0
939 0
941 0
943 0
945 0
947 0
949 0
951 0
953 0
955 0
957 0
959 0
961 0
963 0
965 0
967 0
969 0
971 0
973 0
975 0
977 0
979 0
981 0
983 0
985 0
987 0
989 0
991 0
993 0
995 0
997 0
999 0
1001 0
1003 0
1005 0
1007 0
1009 0
1011 0
1013 0
1015 0
1017 0
1019 0
1021 0
1023 0
1025 0
1027 0
1029 0
1031 0
1033 0
1035 0
1037 0
1039 0
1041 0
1043 0
1045 0
1047 0
1049 0
1051 0
1053 0
1055 0
1057 0
1059 0
1061 0
1063 0
1065 0
1067 0
1069 0
1071 0
1073 0
1075 0
1077 0
1079 0
1081 0
1083 0
1085 0
1087 0
1089 0
1091 0
1093 0
1095 0
1097 0
1099 0
1101 0
1103 0
1105 0
1107 0
1109 0
1111 0
1113 0
1115 0
1117 0
1119 0
1121 0
1123 0
1125 0
1127 0
1129 0
1131 0
1133 0
1135 0
1137 0
1139 0
1141 0
1143 0
1145 0
1147 0
1149 0
1151 0
1153 0
1155 0
1157 0
1159 0
1161 0
1163 0
1165 0
1167 0
1169 0
1171 0
1173 0
1175 0
1177 0
1179 0
1181 0
1183 0
1185 0
1187 0
1189 0
1191 0
1193 0
1195 0
1197 0
1199 0
1201 0
1203 0
1205 0
1207 0
1209 0
1211 0
1213 0
1215 0
1217 0
1219 0
1221 0
1223 0
1225 0
1227 0
1229 0
1231 0
1233 0
1235 0
1237 0
1239 0
1241 0
1243 0
1245 0
1247 0
1249 0
1251 0
1253 0
1255 0
1257 0
1259 0
1261 0
1263 0
1265 0
1267 0
1269 0
1271 0
1273 0
1275 0
1277 0
1279 0
1281 0
1283 0
1285 0
1287 0
1289 0
1291 0
1293 0
1295 0
1297 0
1299 0
1301 0
1303 0
1305 0
1307 0
1309 0
1311 0
1313 0
1315 0
1317 0
1319 0
1321 0
1323 0
1325 0
1327 0
1329 0
1331 0
1333 0
1335 0
1337 0
1339 0
1341 0
1343 0
1345 0
1347 0
1349 0
1351 0
1353 0
1355 0
1357 0
1359 0
1361 0
1363 0
1365 0
1367 0
1369 0
1371 0
1373 0
1375 0
1377 0
1379 0
1381 0
1383 0
1385 0
1387 0
1389 0
1391 0
1393 0
1395 0
1397 0
1399 0
1401 0
1403 0
1405 0
1407 0
1409 0
1411 0
1413 0
1415 0
1417 0
1419 0
1421 0
1423 0
1425 0
1427 0
1429 0
1431 0
1433 0
1435 0
1437 0
1439 0
1441 0
1443 0
1445 0
1447 0
1449 0
1451 0
1453 0
1455 0
1457 0
1459 0
1461 0
1463 0
1465 0
1467 0
1469 0
1471 0
1473 0
1475 0
1477 0
1479 0
1481 0
1483 0
1485 0
1487 0
1489 0
1491 0
1493 0
1495 0
1497 0
1499 0
1501 0
1503 0
1505 0
1507 0
1509 0
1511 0
1513 0
1515 0
1517 0
1519 0
1521 0
1523 0
1525 0
1527 0
1529 0
1531 0
1533 0
1535 0
1537 0
1539 0
1541 0
1543 0
1545 0
1547 0
1549 0
1551 0
1553 0
1555 0
1557 0
1559 0
1561 0
1563 0
1565 0
1567 0
1569 0
1571 0
1573 0
1575 0
1577 0
1579 0
1581 0
1583 0
1585 0
1587 0
1589 0
1591 0
1593 0
1595 0
1597 0
1599 0
1601 0
1603 0
1605 0
1607 0
1609 0
1611 0
1613 0
1615 0
1617 0
1619 0
1621 0
1623 0
1625 0
1627 0
1629 0
1631 0
1633 0
1635 0
1637 0
1639 0
1641 0
1643 0
1645 0
1647 0
1649 0
1651 0
1653 0
1655 0
1657 0
1659 0
1661 0
1663 0
1665 0
1667 0
1669 0
1671 0
1673 0
1675 0
1677 0
1679 0
1681 0
1683 0
1685 0
1687 0
1689 0
1691 0
1693 0
1695 0
1697 0
1699 0
1701 0
1703 0
1705 0
1707 0
1709 0
1711 0
1713 0
1715 0
1717 0
1719 0
1721 0
1723 0
1725 0
1727 0
1729 0
1731 0
1733 0
1735 0
1737 0
1739 0
1741 0
1743 0
1745 0
1747 0
1749 0
1751 0
1753 0
1755 0
1757 0
1759 0
1761 0
1763 0
1765 0
1767 0
1769 0
1771 0
1773 0
1775 0
1777 0
1779 0
1781 0
1783 0
1785 0
1787 0
1789 0
1791 0
1793 0
1795 0
1797 0
1799 0
1801 0
1803 0
1805 0
1807 0
1809 0
1811 0
1813 0
1815 0
1817 0
1819 0
1821 0
1823 0
1825 0
1827 0
1829 0
1831 0
1833 0
1835 0
1837 0
1839 0
1841 0
1843 0
1845 0
1847 0
1849 0
1851 0
1853 0
1855 0
1857 0
1859 0
1861 0
1863 0
1865 0
1867 0
1869 0
1871 0
1873 0
1875 0
1877 0
1879 0
1881 0
1883 0
1885 0
1887 0
1889 0
1891 0
1893 0
1895 0
1897 0
1899 0
1901 0
1903 0
1905 0
1907 0
1909 0
1911 0
1913 0
1915 0
1917 0
1919 0
1921 0
1923 0
1925 0
1927 0
1929 0
1931 0
1933 0
1935 0
1937 0
1939 0
1941 0
1943 0
1945 0
1947 0
1949 0
1951 0
1953 0
1955 0
1957 0
1959 0
1961 0
1963 0
1965 0
1967 0
1969 0
1971 0
1973 0
1975 0
1977 0
1979 0
1981 0
1983 0
1985 0
1987 0
1989 0
1991 0
1993 0
1995 0
1997 0
1999 0
