1 0
3 0
5 0
7 0
9 0
11 0
13 0
15 7.92945e-05
17 0.000287153
19 0.000224354
21 0.00017985
23 0.000141186
25 0.000110598
27 8.01401e-05
29 7.43033e-05
31 5.67987e-05
33 4.2822e-05
35 3.86537e-05
37 3.44799e-05
39 2.87382e-05
41 2.28697e-05
43 1.87239e-05
45 1.56949e-05
47 1.36787e-05
49 1.2132e-05
51 1.1023e-05
53 1.00284e-05
55 9.08021e-06
57 8.17883e-06
59 7.46955e-06
61 6.78263e-06
63 6.13229e-06
65 5.52071e-06
67 5.00684e-06
69 4.5519e-06
71 4.14687e-06
73 3.72983e-06
75 3.41926e-06
77 3.1086e-06
79 2.85263e-06
81 2.62447e-06
83 2.41073e-06
85 2.21917e-06
87 2.03814e-06
89 1.8894e-06
91 1.7592e-06
93 1.63092e-06
95 1.52387e-06
97 1.41455e-06
99 1.33131e-06
101 1.23474e-06
103 1.15741e-06
105 1.0848e-06
107 1.01962e-06
109 9.63418e-07
111 8.9965e-07
113 8.50671e-07
115 8.024e-07
117 7.54022e-07
119 7.1047e-07
121 6.69201e-07
123 6.41126e-07
125 6.02442e-07
127 5.76755e-07
129 5.45261e-07
131 5.19305e-07
133 4.95215e-07
135 4.68106e-07
137 4.42789e-07
139 4.24541e-07
141 4.04518e-07
143 3.86542e-07
145 3.68685e-07
147 3.52825e-07
149 3.36596e-07
151 3.22342e-07
153 3.10954e-07
155 2.96247e-07
157 2.85307e-07
159 2.73158e-07
161 2.6411e-07
163 2.49893e-07
165 2.43562e-07
167 2.3258e-07
169 2.25347e-07
171 2.15727e-07
173 2.06144e-07
175 2.01493e-07
177 1.91536e-07
179 1.86543e-07
181 1.76124e-07
183 1.74146e-07
185 1.64321e-07
187 1.61072e-07
189 1.5648e-07
191 1.48438e-07
193 1.44618e-07
195 1.4036e-07
197 1.35628e-07
199 1.30613e-07
201 1.26913e-07
203 1.22614e-07
205 1.17462e-07
207 1.14935e-07
209 1.11867e-07
211 1.07542e-07
213 1.0438e-07
215 1.00523e-07
217 9.89552e-08
219 9.50432e-08
221 9.21493e-08
223 9.03032e-08
225 8.62325e-08
227 8.61117e-08
229 8.21665e-08
231 8.07283e-08
233 7.75123e-08
235 7.55849e-08
237 7.32823e-08
239 7.15636e-08
241 6.97619e-08
243 6.73003e-08
245 6.57368e-08
247 6.37132e-08
249 6.26026e-08
251 6.08572e-08
253 5.91585e-08
255 5.78927e-08
257 5.56719e-08
259 5.53077e-08
261 5.26381e-08
263 5.18852e-08
265 5.01645e-08
267 4.94818e-08
269 4.90083e-08
271 4.86681e-08
273 4.72659e-08
275 4.68584e-08
277 4.46011e-08
279 4.47231e-08
281 4.28096e-08
283 4.26906e-08
285 4.06649e-08
287 3.97308e-08
289 3.93482e-08
291 3.82431e-08
293 3.70703e-08
295 3.62913e-08
297 3.5214e-08
299 3.52401e-08
301 3.32156e-08
303 3.35863e-08
305 3.20505e-08
307 3.11643e-08
309 3.1438e-08
311 2.94521e-08
313 2.96069e-08
315 2.91206e-08
317 2.80724e-08
319 2.72265e-08
321 2.73179e-08
323 2.61609e-08
325 2.6204e-08
327 2.53868e-08
329 2.48699e-08
331 2.48433e-08
333 2.4077e-08
335 2.39281e-08
337 2.28363e-08
339 2.27684e-08
341 2.20263e-08
343 2.13854e-08
345 2.16072e-08
347 2.08366e-08
349 2.03725e-08
351 2.02531e-08
353 1.95083e-08
355 1.94583e-08
357 1.8715e-08
359 1.8783e-08
361 1.84231e-08
363 1.81468e-08
365 1.74258e-08
367 1.7477e-08
369 1.71531e-08
371 1.68511e-08
373 1.61411e-08
375 1.59107e-08
377 1.6131e-08
379 1.55227e-08
381 1.54349e-08
383 1.50229e-08
385 1.47213e-08
387 1.46324e-08
389 1.4501e-08
391 1.36957e-08
393 1.38648e-08
395 1.39206e-08
397 1.2998e-08
399 1.31e-08
401 1.30783e-08
403 1.28658e-08
405 1.22293e-08
407 1.2488e-08
409 1.24468e-08
411 1.1739e-08
413 1.17117e-08
415 1.19301e-08
417 1.12437e-08
419 1.11615e-08
421 1.13228e-08
423 1.08153e-08
425 1.0731e-08
427 1.06814e-08
429 1.06032e-08
431 1.02071e-08
433 1.00834e-08
435 9.99008e-09
437 9.84375e-09
439 9.38517e-09
441 9.77071e-09
443 9.50713e-09
445 9.16131e-09
447 8.93401e-09
449 9.34468e-09
451 8.6124e-09
453 8.92125e-09
455 8.81037e-09
457 8.51173e-09
459 8.54215e-09
461 8.30089e-09
463 8.35135e-09
465 7.96829e-09
467 8.18654e-09
469 7.69877e-09
471 8.04336e-09
473 7.74826e-09
475 7.50358e-09
477 7.49033e-09
479 7.40838e-09
481 7.26444e-09
483 7.15377e-09
485 7.29555e-09
487 7.06295e-09
489 6.80256e-09
491 6.90499e-09
493 6.75483e-09
495 6.69128e-09
497 6.54281e-09
499 6.24409e-09
501 6.58874e-09
503 6.27362e-09
505 6.38483e-09
507 5.99389e-09
509 5.89936e-09
511 6.44316e-09
513 5.70237e-09
515 6.19439e-09
517 5.65413e-09
519 5.52602e-09
521 5.90764e-09
523 5.5922e-09
525 5.76049e-09
527 5.39306e-09
529 5.19081e-09
531 5.65902e-09
533 5.47998e-09
535 5.30672e-09
537 5.24101e-09
539 5.01731e-09
541 5.28343e-09
543 5.14263e-09
545 5.16086e-09
547 4.97043e-09
549 4.79138e-09
551 5.08232e-09
553 4.65102e-09
555 4.89166e-09
557 4.83695e-09
559 4.66976e-09
561 4.67672e-09
563 4.58742e-09
565 4.53173e-09
567 4.76691e-09
569 4.47188e-09
571 4.32752e-09
573 4.28671e-09
575 4.33823e-09
577 4.23594e-09
579 4.4731e-09
581 4.28925e-09
583 4.05374e-09
585 4.05161e-09
587 4.10252e-09
589 3.90677e-09
591 4.15855e-09
593 4.2414e-09
595 3.88415e-09
597 3.79124e-09
599 3.8073e-09
601 3.80022e-09
603 3.7898e-09
605 3.99289e-09
607 3.89606e-09
609 3.42158e-09
611 3.74883e-09
613 3.4809e-09
615 3.70869e-09
617 3.65245e-09
619 3.57672e-09
621 3.62643e-09
623 3.42834e-09
625 3.41079e-09
627 3.36063e-09
629 3.40729e-09
631 3.52735e-09
633 3.49751e-09
635 3.47071e-09
637 3.18185e-09
639 3.19883e-09
641 3.18819e-09
643 3.37375e-09
645 3.31278e-09
647 3.38676e-09
649 3.15671e-09
651 3.10019e-09
653 2.93208e-09
655 3.3053e-09
657 3.07758e-09
659 3.09971e-09
661 3.2394e-09
663 3.09003e-09
665 2.90386e-09
667 3.11898e-09
669 2.96401e-09
671 3.16173e-09
673 2.999e-09
675 2.95681e-09
677 2.9734e-09
679 2.79153e-09
681 3.05335e-09
683 2.897e-09
685 3.0249e-09
687 2.90773e-09
689 2.90912e-09
691 2.87555e-09
693 2.76067e-09
695 3.08202e-09
697 2.89746e-09
699 2.90482e-09
701 3.0128e-09
703 3.00694e-09
705 2.87722e-09
707 3.03693e-09
709 3.04454e-09
711 3.13121e-09
713 3.13119e-09
715 3.24138e-09
717 3.26217e-09
719 3.14449e-09
721 3.28103e-09
723 3.52028e-09
725 3.53063e-09
727 3.59404e-09
729 3.82724e-09
731 3.78525e-09
733 4.13708e-09
735 4.49191e-09
737 4.82473e-09
739 5.41752e-09
741 6.20147e-09
743 8.52637e-09
745 1.55418e-08
747 2.69634e-11
749 1.75262e-10
751 1.8144e-10
753 5.3139e-11
755 1.89913e-10
757 1.29907e-10
759 1.2337e-10
761 1.75315e-10
763 9.67498e-11
765 1.20889e-10
767 1.6994e-10
769 1.18837e-10
771 1.37601e-10
773 1.68874e-10
775 9.93005e-11
777 1.59604e-10
779 1.39394e-10
781 1.20495e-10
783 1.68693e-10
785 1.26512e-10
787 1.37621e-10
789 1.82771e-10
791 1.10502e-10
793 1.04461e-10
795 1.62495e-10
797 1.74095e-10
799 8.65974e-11
801 2.04726e-10
803 1.23686e-10
805 1.00629e-10
807 1.84486e-10
809 1.174e-10
811 1.50124e-10
813 1.53827e-10
815 1.62493e-10
817 1.0234e-10
819 1.29266e-10
821 1.83127e-10
823 1.39593e-10
825 1.11444e-10
827 1.57363e-10
829 2.18088e-10
831 1.03791e-10
833 1.60876e-10
835 1.24404e-10
837 2.15718e-10
839 1.36464e-10
841 1.00171e-10
843 1.60006e-10
845 2.05007e-10
847 1.5497e-10
849 8.44267e-11
851 2.40242e-10
853 1.69466e-10
855 8.1901e-11
857 2.55339e-10
859 1.49349e-10
861 9.6053e-11
863 2.04338e-10
865 1.78264e-10
867 1.16138e-10
869 1.57825e-10
871 1.39258e-10
873 1.39257e-10
875 1.7053e-10
877 1.54979e-10
879 1.1685e-10
881 1.69956e-10
883 1.34779e-10
885 1.29703e-10
887 1.51806e-10
889 1.51177e-10
891 1.3111e-10
893 1.73446e-10
895 9.91147e-11
897 1.63755e-10
899 1.24971e-10
901 1.50188e-10
903 1.74983e-10
905 1.09023e-10
907 1.74596e-10
909 1.2041e-10
911 1.74387e-10
913 1.57747e-10
915 1.07125e-10
917 1.83553e-10
919 9.26145e-11
921 1.64134e-10
923 1.68267e-10
925 9.24352e-11
927 1.97417e-10
929 1.34241e-10
931 9.36103e-11
933 1.49941e-10
935 1.7517e-10
937 1.22261e-10
939 1.18774e-10
941 1.78388e-10
943 1.3417e-10
945 9.38769e-11
947 1.63122e-10
949 1.54869e-10
951 8.9328e-11
953 1.32448e-10
955 1.63984e-10
957 1.12671e-10
959 8.86537e-11
961 2.02651e-10
963 8.76834e-11
965 8.40281e-11
967 1.76338e-10
969 1.30681e-10
971 9.94007e-11
973 1.20921e-10
975 1.28258e-10
977 1.08766e-10
979 1.12837e-10
981 1.35764e-10
983 1.15961e-10
985 1.65876e-10
987 8.59922e-11
989 1.74808e-10
991 1.36702e-10
993 8.1366e-11
995 1.15004e-10
997 1.75046e-10
999 1.4118e-10
1001 8.51239e-11
1003 9.90186e-11
1005 2.07644e-10
1007 8.41769e-11
1009 1.13123e-10
1011 8.04765e-11
1013 2.02118e-10
1015 9.47726e-11
1017 1.08566e-10
1019 8.27129e-11
1021 1.79075e-10
1023 7.27026e-11
1025 1.5207e-10
1027 1.11792e-10
1029 1.36597e-10
1031 1.10821e-10
1033 1.31331e-10
1035 1.2351e-10
1037 9.17543e-11
1039 1.2378e-10
1041 1.48981e-10
1043 9.21993e-11
1045 9.17148e-11
1047 1.64818e-10
1049 1.3229e-10
1051 8.37951e-11
1053 9.03898e-11
1055 1.6047e-10
1057 9.43471e-11
1059 1.3287e-10
1061 1.2866e-10
1063 9.00913e-11
1065 1.30196e-10
1067 1.37949e-10
1069 1.30732e-10
1071 1.36582e-10
1073 1.4478e-10
1075 9.28715e-11
1077 1.38189e-10
1079 1.03594e-10
1081 9.70703e-11
1083 1.70266e-10
1085 1.12087e-10
1087 1.47171e-10
1089 1.1832e-10
1091 8.80226e-11
1093 1.39849e-10
1095 1.26474e-10
1097 1.39274e-10
1099 7.88489e-11
1101 1.60894e-10
1103 9.19291e-11
1105 1.36422e-10
1107 1.44883e-10
1109 8.29108e-11
1111 1.17301e-10
1113 1.60016e-10
1115 1.34587e-10
1117 1.10658e-10
1119 5.96225e-11
1121 1.20892e-10
1123 1.56493e-10
1125 1.77535e-10
1127 7.82044e-11
1129 6.6273e-11
1131 9.20451e-11
1133 1.32862e-10
1135 1.58403e-10
1137 1.23796e-10
1139 8.40004e-11
1141 9.89056e-11
1143 8.65249e-11
1145 1.25354e-10
1147 1.78121e-10
1149 6.29009e-11
1151 8.8454e-11
1153 1.2636e-10
1155 1.04833e-10
1157 1.94583e-10
1159 7.39739e-11
1161 5.68568e-11
1163 1.09835e-10
1165 1.30772e-10
1167 2.11828e-10
1169 1.05648e-10
1171 2.98622e-11
1173 9.36602e-11
1175 1.1563e-10
1177 1.21912e-10
1179 1.89228e-10
1181 4.61935e-11
1183 4.38323e-11
1185 1.10878e-10
1187 7.54474e-11
1189 1.87055e-10
1191 1.31698e-10
1193 4.80923e-11
1195 9.14211e-11
1197 8.31103e-11
1199 1.02144e-10
1201 2.03505e-10
1203 1.19923e-10
1205 1.68806e-11
1207 1.11255e-10
1209 7.55121e-11
1211 1.24017e-10
1213 1.35992e-10
1215 1.08224e-10
1217 5.03682e-11
1219 1.14051e-10
1221 6.31931e-11
1223 1.41724e-10
1225 1.81906e-10
1227 7.6499e-11
1229 6.05435e-11
1231 6.83113e-11
1233 7.4358e-11
1235 1.24202e-10
1237 1.75909e-10
1239 9.0607e-11
1241 7.1328e-11
1243 1.0439e-10
1245 5.96778e-11
1247 8.5338e-11
1249 1.86206e-10
1251 1.3125e-10
1253 7.58431e-11
1255 4.97037e-11
1257 7.75767e-11
1259 9.05088e-11
1261 7.99092e-11
1263 1.86913e-10
1265 8.2362e-11
1267 5.42531e-11
1269 9.66925e-11
1271 7.33002e-11
1273 8.50872e-11
1275 1.60011e-10
1277 1.31784e-10
1279 6.74254e-11
1281 4.38665e-11
1283 8.02102e-11
1285 8.2148e-11
1287 1.15754e-10
1289 1.29523e-10
1291 1.34727e-10
1293 5.89319e-11
1295 4.34023e-11
1297 5.79503e-11
1299 1.07607e-10
1301 1.57444e-10
1303 9.56606e-11
1305 1.14033e-10
1307 6.31936e-11
1309 6.64633e-11
1311 7.7419e-11
1313 9.73241e-11
1315 1.60602e-10
1317 1.14363e-10
1319 5.75163e-11
1321 5.35705e-11
1323 4.89931e-11
1325 6.05217e-11
1327 9.91409e-11
1329 1.24956e-10
1331 1.56105e-10
1333 5.18903e-11
1335 6.32352e-11
1337 6.24657e-11
1339 4.91564e-11
1341 6.60027e-11
1343 9.35249e-11
1345 1.46595e-10
1347 1.10848e-10
1349 6.09362e-11
1351 3.70019e-11
1353 4.58231e-11
1355 7.91918e-11
1357 8.72478e-11
1359 7.56228e-11
1361 1.45419e-10
1363 1.03321e-10
1365 5.24112e-11
1367 7.47996e-11
1369 5.82778e-11
1371 6.58025e-11
1373 7.31027e-11
1375 1.24145e-10
1377 1.14434e-10
1379 8.74616e-11
1381 5.94952e-11
1383 6.28953e-11
1385 7.06416e-11
1387 9.85807e-11
1389 8.05338e-11
1391 1.28582e-10
1393 9.07548e-11
1395 8.05468e-11
1397 6.89951e-11
1399 7.08103e-11
1401 5.69534e-11
1403 7.28485e-11
1405 7.52578e-11
1407 1.36571e-10
1409 7.26218e-11
1411 7.52984e-11
1413 7.9904e-11
1415 7.57136e-11
1417 4.47695e-11
1419 8.20082e-11
1421 7.67925e-11
1423 1.23388e-10
1425 8.15623e-11
1427 8.57644e-11
1429 5.73094e-11
1431 7.70778e-11
1433 1.48948e-11
1435 8.80617e-11
1437 8.15762e-11
1439 1.14581e-10
1441 9.99144e-11
1443 8.77981e-11
1445 5.22696e-11
1447 9.29187e-11
1449 7.63669e-11
1451 5.48639e-11
1453 8.16514e-11
1455 6.19975e-11
1457 1.07471e-10
1459 8.23034e-11
1461 7.62983e-11
1463 4.77472e-11
1465 8.95989e-11
1467 7.77779e-11
1469 3.85821e-11
1471 9.12979e-11
1473 9.12448e-11
1475 8.15818e-11
1477 6.34955e-11
1479 8.65982e-11
1481 6.90859e-11
1483 7.09032e-11
1485 6.79268e-11
1487 5.17085e-11
1489 1.03702e-10
1491 7.45885e-11
1493 7.80718e-11
1495 7.20209e-11
1497 8.78075e-11
1499 6.12271e-11
1501 5.52205e-11
1503 7.45458e-11
1505 4.9798e-11
1507 8.07038e-11
1509 8.36793e-11
1511 5.89287e-11
1513 1.11246e-10
1515 6.98038e-11
1517 6.28803e-11
1519 6.32442e-11
1521 9.39165e-11
1523 6.13007e-11
1525 6.6886e-11
1527 4.26802e-11
1529 8.46105e-11
1531 1.00505e-10
1533 7.28663e-11
1535 6.30818e-11
1537 7.2832e-11
1539 5.65474e-11
1541 5.31228e-11
1543 8.13848e-11
1545 7.11608e-11
1547 5.61874e-11
1549 4.62995e-11
1551 1.57619e-10
1553 5.59778e-11
1555 4.81412e-11
1557 5.85975e-11
1559 5.5074e-11
1561 8.82774e-11
1563 6.73591e-11
1565 7.60606e-11
1567 6.43094e-11
1569 4.1744e-11
1571 1.05066e-10
1573 1.03689e-10
1575 8.84303e-11
1577 5.09641e-11
1579 5.11945e-11
1581 5.77277e-11
1583 6.26158e-11
1585 6.30327e-11
1587 1.13092e-10
1589 3.32882e-11
1591 4.16237e-11
1593 9.99851e-11
1595 1.0998e-10
1597 8.00872e-11
1599 5.84267e-11
1601 5.21853e-11
1603 5.56657e-11
1605 6.39112e-11
1607 6.85369e-11
1609 9.91853e-11
1611 3.77382e-11
1613 6.95098e-11
1615 1.21423e-10
1617 7.42744e-11
1619 9.37789e-11
1621 6.38967e-11
1623 3.81451e-11
1625 6.34004e-11
1627 4.6245e-11
1629 8.88472e-11
1631 6.28505e-11
1633 7.30743e-11
1635 5.5254e-11
1637 7.10933e-11
1639 7.02726e-11
1641 9.28148e-11
1643 9.07801e-11
1645 5.23132e-11
1647 4.77403e-11
1649 7.70854e-11
1651 7.73373e-11
1653 7.00406e-11
1655 5.54696e-11
1657 5.57973e-11
1659 6.7821e-11
1661 6.09031e-11
1663 8.71844e-11
1665 8.32213e-11
1667 7.43208e-11
1669 1.8339e-11
1671 7.6044e-11
1673 7.79903e-11
1675 7.90356e-11
1677 5.71193e-11
1679 5.34105e-11
1681 5.86616e-11
1683 7.65371e-11
1685 5.85671e-11
1687 1.07771e-10
1689 8.78743e-11
1691 4.05548e-11
1693 3.16677e-11
1695 7.67116e-11
1697 8.47655e-11
1699 5.80431e-11
1701 6.79825e-11
1703 5.37337e-11
1705 3.20308e-11
1707 8.39732e-11
1709 5.59137e-11
1711 1.27665e-10
1713 5.56434e-11
1715 7.74993e-11
1717 1.58149e-11
1719 7.62393e-11
1721 8.0713e-11
1723 6.72485e-11
1725 8.50643e-11
1727 2.76241e-11
1729 3.14198e-11
1731 7.91196e-11
1733 5.92509e-11
1735 9.24673e-11
1737 8.78728e-11
1739 5.29635e-11
1741 6.82809e-11
1743 4.26005e-11
1745 5.92549e-11
1747 5.6622e-11
1749 7.78527e-11
1751 8.0006e-11
1753 5.04175e-11
1755 2.92218e-11
1757 2.89559e-11
1759 1.03506e-10
1761 9.21606e-11
1763 8.10209e-11
1765 6.71402e-11
1767 5.39339e-11
1769 5.95286e-11
1771 4.03773e-11
1773 4.79051e-11
1775 6.91594e-11
1777 7.36876e-11
1779 5.70394e-11
1781 7.32274e-11
1783 4.26681e-11
1785 7.12317e-11
1787 9.11313e-11
1789 7.21965e-11
1791 4.73451e-11
1793 8.53241e-11
1795 6.62583e-11
1797 4.05176e-11
1799 4.52555e-11
1801 7.51465e-11
1803 6.09988e-11
1805 6.84771e-11
1807 6.0944e-11
1809 7.77907e-11
1811 4.12269e-11
1813 8.80198e-11
1815 3.55231e-11
1817 9.51337e-11
1819 6.50529e-11
1821 6.77275e-11
1823 5.37026e-11
1825 5.52376e-11
1827 3.34087e-11
1829 6.29199e-11
1831 7.03263e-11
1833 7.49515e-11
1835 7.0244e-11
1837 5.35189e-11
1839 7.34493e-11
1841 6.12802e-11
1843 6.23644e-11
1845 9.87146e-11
1847 4.74766e-11
1849 5.62516e-11
1851 6.60026e-11
1853 4.77638e-11
1855 5.11639e-11
1857 5.61401e-11
1859 3.6381e-11
1861 1.11333e-10
1863 2.18354e-11
1865 5.33877e-11
1867 9.16593e-11
1869 7.212e-11
1871 1.80888e-11
1873 6.75612e-11
1875 9.59497e-11
1877 8.17373e-11
1879 4.68255e-11
1881 6.41913e-11
1883 6.46968e-11
1885 3.91667e-11
1887 7.60114e-11
1889 5.38245e-11
1891 5.89675e-11
1893 3.39668e-11
1895 5.3534e-11
1897 1.32948e-10
1899 5.66739e-11
1901 3.2152e-11
1903 6.79134e-11
1905 7.71174e-11
1907 7.79277e-11
1909 3.84415e-11
1911 6.67979e-11
1913 6.19613e-11
1915 5.37819e-11
1917 5.47827e-11
1919 5.09814e-11
1921 4.13899e-11
1923 2.81681e-11
1925 1.13129e-10
1927 6.72091e-11
1929 7.26223e-11
1931 6.20477e-11
1933 4.69875e-11
1935 8.84085e-11
1937 5.5145e-11
1939 8.56883e-11
1941 5.85663e-11
1943 5.19244e-11
1945 5.97596e-11
1947 5.23285e-11
1949 4.44647e-11
1951 6.71123e-11
1953 1.92341e-11
1955 4.31939e-11
1957 8.17423e-11
1959 8.52788e-11
1961 5.1427e-11
1963 4.83013e-11
1965 6.131e-11
1967 6.70785e-11
1969 5.59431e-11
1971 9.14397e-11
1973 6.12493e-11
1975 4.94578e-11
1977 5.67903e-11
1979 4.87916e-11
1981 7.85181e-11
1983 7.44661e-11
1985 2.55121e-11
1987 5.17497e-11
1989 6.00802e-11
1991 6.68192e-11
1993 6.95386e-11
1995 7.23042e-11
1997 6.46786e-11
1999 4.21694e-11
