0.102705 0
0.108336 2.41237e-09
0.114275 0
0.12054 8.96871e-09
0.127149 2.16896e-09
0.13412 0
0.141474 6.02398e-09
0.14923 1.92034e-09
0.157412 1.84105e-09
0.166042 5.47142e-09
0.175145 3.52566e-09
0.184748 0
0.194877 6.64709e-09
0.205561 1.61402e-09
0.216831 4.77768e-09
0.228719 3.08326e-09
0.241259 4.58546e-09
0.254486 2.93986e-09
0.268439 5.84817e-09
0.283156 1.41321e-09
0.29868 7.00434e-09
0.315056 5.6091e-09
0.332329 1.3495e-09
0.350549 6.64791e-09
0.369768 5.27151e-09
0.390041 5.1766e-09
0.411426 5.05847e-09
0.433983 4.93988e-09
0.457776 6.05841e-09
0.482874 4.74033e-09
0.509348 5.84566e-09
0.537274 5.74993e-09
0.56673 4.50961e-09
0.597802 3.31336e-09
0.630577 5.42068e-09
0.665149 4.27212e-09
0.701616 5.24544e-09
0.740083 4.125e-09
0.780659 5.04391e-09
0.823459 5.96184e-09
0.868606 5.87805e-09
0.916228 5.78069e-09
0.966461 5.6872e-09
1.01945 5.57448e-09
1.07534 6.39025e-09
1.1343 7.19308e-09
1.19649 7.09639e-09
1.26208 6.0948e-09
1.33128 7.70126e-09
1.40427 7.58186e-09
1.48126 9.14299e-09
1.56247 7.37503e-09
1.64813 8.06687e-09
1.73849 6.33806e-09
1.83381 6.27438e-09
1.93435 6.15707e-09
2.0404 6.07687e-09
2.15227 7.4887e-09
2.27027 7.41126e-09
2.39474 7.30717e-09
2.52603 7.31695e-09
2.66452 9.1406e-09
2.81061 7.94358e-09
2.9647 9.06141e-09
3.12725 8.58336e-09
3.2987 9.82801e-09
3.47956 9.34875e-09
3.67033 9.69666e-09
3.87155 1.11072e-08
4.08382 8.3469e-09
4.30772 3.22945e-09
4.54389 0
4.79301 0
5.05579 0
5.33298 0
5.62537 0
5.93379 0
6.25911 0
6.60227 0
6.96425 0
7.34607 0
7.74883 0
8.17366 0
8.62179 0
9.09449 0
9.5931 0
10.1191 0
10.6738 0
11.259 0
11.8763 0
12.5275 0
13.2143 0
13.9388 0
14.703 0
15.5091 0
16.3594 0
17.2563 0
18.2024 0
19.2004 0
20.253 0
21.3634 0
22.5347 0
23.7702 0
25.0734 0
26.4481 0
27.8981 0
29.4277 0
31.0411 0
32.7429 0
34.5381 0
36.4317 0
38.4291 0
40.536 0
42.7584 0
45.1027 0
47.5755 0
50.1839 0
52.9353 0
55.8375 0
58.8988 0
62.128 0
65.5342 0
69.1272 0
72.9172 0
76.9149 0
81.1319 0
85.58 0
90.272 0
95.2212 0
100.442 0
105.949 0
111.757 0
117.885 0
124.348 0
131.165 0
138.356 0
145.942 0
153.943 0
162.384 0
171.286 0
180.677 0
190.583 0
201.032 0
212.054 0
223.68 0
235.943 0
248.879 0
262.524 0
276.917 0
292.1 0
