1.09967 0
3.099 7.78395e-12
5.09833 2.43804e-11
7.09767 7.86785e-12
9.097 7.90511e-12
11.0963 0
13.0957 7.36255e-12
15.095 7.20363e-12
17.0943 2.121e-11
19.0937 2.75881e-11
21.093 6.73726e-12
23.0923 6.61076e-12
25.0917 3.24827e-11
27.091 0
29.0903 6.25673e-12
31.0897 1.8504e-11
33.089 3.02127e-11
35.0883 1.18725e-11
37.0877 2.34148e-11
39.087 0
41.0863 2.28673e-11
43.0857 2.83098e-11
45.085 1.12527e-11
47.0843 2.23771e-11
49.0837 1.11078e-11
51.083 3.85912e-11
53.0823 2.18979e-11
55.0817 1.63578e-11
57.081 4.34865e-11
59.0803 1.63334e-11
61.0797 2.72967e-11
63.079 4.3861e-11
65.0783 2.75375e-11
67.0777 2.21334e-11
69.077 4.45848e-11
71.0763 3.95454e-11
73.0757 3.99284e-11
75.075 4.62796e-11
77.0743 4.69313e-11
79.0737 7.19446e-11
81.073 4.2795e-11
83.0723 6.22592e-11
85.0717 7.68005e-11
87.071 5.89373e-11
89.0703 6.6895e-11
91.0697 9.60373e-11
93.069 9.89449e-11
95.0683 9.47113e-11
97.0677 9.74821e-11
99.067 1.15735e-10
101.066 1.11288e-10
103.066 1.31287e-10
105.065 1.44407e-10
107.064 1.40437e-10
109.064 1.81315e-10
111.063 1.50472e-10
113.062 1.85155e-10
115.062 1.61186e-10
117.061 2.0859e-10
119.06 2.26848e-10
121.06 2.23587e-10
123.059 2.77635e-10
125.058 2.39559e-10
127.058 2.35823e-10
129.057 2.8419e-10
131.056 2.55233e-10
133.056 2.50859e-10
135.055 2.75128e-10
137.054 2.70444e-10
139.054 2.181e-10
141.053 2.58187e-10
143.052 3.02304e-10
145.052 2.79178e-10
147.051 2.53485e-10
149.05 2.26265e-10
151.05 2.55165e-10
153.049 2.44609e-10
155.048 1.90267e-10
157.048 2.20059e-10
159.047 2.29492e-10
161.046 2.62964e-10
163.046 2.57937e-10
165.045 3.09398e-10
167.044 3.41257e-10
169.044 3.74523e-10
171.043 4.13229e-10
173.042 4.11487e-10
175.042 4.51413e-10
177.041 5.44082e-10
179.04 5.99892e-10
181.04 7.21048e-10
183.039 3.933e-10
185.038 3.61851e-10
187.038 3.98366e-10
189.037 5.27595e-10
191.036 4.83823e-10
193.036 5.31291e-10
195.035 5.80394e-10
197.034 7.69703e-10
199.034 7.05703e-10
201.033 9.3474e-10
203.032 0
205.032 0
207.031 0
209.03 0
211.03 0
213.029 0
215.028 0
217.028 0
219.027 0
221.026 0
223.026 0
225.025 0
227.024 0
229.024 0
231.023 0
233.022 0
235.022 0
237.021 0
239.02 0
241.02 0
243.019 0
245.018 0
247.018 0
249.017 0
251.016 0
253.016 0
255.015 0
257.014 0
259.014 0
261.013 0
263.012 0
265.012 0
267.011 0
269.01 0
271.01 0
273.009 0
275.008 0
277.008 0
279.007 0
281.006 0
283.006 0
285.005 0
287.004 0
289.004 0
291.003 0
293.002 0
295.002 0
297.001 0
299 0
