1 0
3 0
5 0
7 0
9 0
11 0
13 0
15 8.0828e-05
17 0.000284701
19 0.000223401
21 0.000178425
23 0.000137674
25 0.000109298
27 7.83103e-05
29 7.01425e-05
31 5.42511e-05
33 4.0468e-05
35 3.63853e-05
37 3.26888e-05
39 2.71556e-05
41 2.18093e-05
43 1.76536e-05
45 1.47922e-05
47 1.28482e-05
49 1.1406e-05
51 1.02936e-05
53 9.33623e-06
55 8.48274e-06
57 7.69367e-06
59 6.97549e-06
61 6.32555e-06
63 5.73015e-06
65 5.17977e-06
67 4.68756e-06
69 4.26065e-06
71 3.87614e-06
73 3.51519e-06
75 3.20815e-06
77 2.9392e-06
79 2.68025e-06
81 2.46906e-06
83 2.25947e-06
85 2.08583e-06
87 1.9224e-06
89 1.77332e-06
91 1.64969e-06
93 1.52694e-06
95 1.41714e-06
97 1.32305e-06
99 1.23622e-06
101 1.1498e-06
103 1.07438e-06
105 1.00726e-06
107 9.45699e-07
109 8.87647e-07
111 8.35598e-07
113 7.85696e-07
115 7.39543e-07
117 6.97073e-07
119 6.57922e-07
121 6.21959e-07
123 5.88721e-07
125 5.58199e-07
127 5.28783e-07
129 5.01907e-07
131 4.76515e-07
133 4.52823e-07
135 4.30076e-07
137 4.0933e-07
139 3.89952e-07
141 3.71728e-07
143 3.54996e-07
145 3.39123e-07
147 3.24377e-07
149 3.10263e-07
151 2.95951e-07
153 2.82831e-07
155 2.70645e-07
157 2.6018e-07
159 2.49722e-07
161 2.39164e-07
163 2.28566e-07
165 2.20016e-07
167 2.11853e-07
169 2.03988e-07
171 1.95054e-07
173 1.87427e-07
175 1.81436e-07
177 1.74884e-07
179 1.6714e-07
181 1.6177e-07
183 1.56598e-07
185 1.50254e-07
187 1.44661e-07
189 1.40635e-07
191 1.353e-07
193 1.30064e-07
195 1.26765e-07
197 1.22098e-07
199 1.17389e-07
201 1.14732e-07
203 1.10305e-07
205 1.06498e-07
207 1.04209e-07
209 9.99154e-08
211 9.71282e-08
213 9.46576e-08
215 9.07179e-08
217 8.8905e-08
219 8.5834e-08
221 8.30728e-08
223 8.13853e-08
225 7.80727e-08
227 7.65683e-08
229 7.38383e-08
231 7.20219e-08
233 7.01052e-08
235 6.75686e-08
237 6.64833e-08
239 6.38745e-08
241 6.28778e-08
243 6.05646e-08
245 5.93344e-08
247 5.75662e-08
249 5.60053e-08
251 5.47152e-08
253 5.29784e-08
255 5.20509e-08
257 5.01767e-08
259 4.94935e-08
261 4.76268e-08
263 4.7053e-08
265 4.52807e-08
267 4.47049e-08
269 4.39311e-08
271 4.33526e-08
273 4.25206e-08
275 4.21779e-08
277 4.06508e-08
279 4.01113e-08
281 3.85723e-08
283 3.79088e-08
285 3.65111e-08
287 3.61847e-08
289 3.48818e-08
291 3.43617e-08
293 3.3203e-08
295 3.2726e-08
297 3.16729e-08
299 3.11692e-08
301 3.01797e-08
303 2.96301e-08
305 2.89243e-08
307 2.82042e-08
309 2.76425e-08
311 2.68226e-08
313 2.65036e-08
315 2.56171e-08
317 2.52813e-08
319 2.4477e-08
321 2.41074e-08
323 2.35321e-08
325 2.31284e-08
327 2.28684e-08
329 2.22814e-08
331 2.20863e-08
333 2.14306e-08
335 2.11023e-08
337 2.05881e-08
339 2.01802e-08
341 1.98239e-08
343 1.93761e-08
345 1.91223e-08
347 1.85864e-08
349 1.84185e-08
351 1.79313e-08
353 1.76777e-08
355 1.73505e-08
357 1.69586e-08
359 1.67327e-08
361 1.63861e-08
363 1.61047e-08
365 1.58226e-08
367 1.55154e-08
369 1.52525e-08
371 1.49947e-08
373 1.46814e-08
375 1.44686e-08
377 1.4212e-08
379 1.39577e-08
381 1.37423e-08
383 1.34556e-08
385 1.32675e-08
387 1.30228e-08
389 1.28066e-08
391 1.26216e-08
393 1.23683e-08
395 1.21892e-08
397 1.1993e-08
399 1.17698e-08
401 1.16296e-08
403 1.1387e-08
405 1.12051e-08
407 1.1048e-08
409 1.0843e-08
411 1.06889e-08
413 1.0541e-08
415 1.03355e-08
417 1.0152e-08
419 1.00492e-08
421 9.90184e-09
423 9.64343e-09
425 9.61103e-09
427 9.43871e-09
429 9.21777e-09
431 9.18817e-09
433 8.99525e-09
435 8.81943e-09
437 8.75534e-09
439 8.63299e-09
441 8.44034e-09
443 8.32888e-09
445 8.27172e-09
447 8.12589e-09
449 7.95968e-09
451 7.87899e-09
453 7.7978e-09
455 7.67129e-09
457 7.49973e-09
459 7.46225e-09
461 7.37506e-09
463 7.20738e-09
465 7.09985e-09
467 7.08169e-09
469 6.98154e-09
471 6.80513e-09
473 6.75783e-09
475 6.70429e-09
477 6.58627e-09
479 6.47722e-09
481 6.37317e-09
483 6.37411e-09
485 6.25762e-09
487 6.13613e-09
489 6.03591e-09
491 6.03371e-09
493 5.94592e-09
495 5.83761e-09
497 5.75054e-09
499 5.69187e-09
501 5.66471e-09
503 5.59131e-09
505 5.44807e-09
507 5.40918e-09
509 5.36085e-09
511 5.31293e-09
513 5.23842e-09
515 5.13254e-09
517 5.08647e-09
519 5.0373e-09
521 4.99051e-09
523 4.92956e-09
525 4.83916e-09
527 4.79616e-09
529 4.75473e-09
531 4.71184e-09
533 4.66947e-09
535 4.5539e-09
537 4.52803e-09
539 4.50923e-09
541 4.43905e-09
543 4.42413e-09
545 4.30538e-09
547 4.28412e-09
549 4.26128e-09
551 4.21357e-09
553 4.1788e-09
555 4.11404e-09
557 4.02629e-09
559 4.02649e-09
561 3.99921e-09
563 3.96423e-09
565 3.90135e-09
567 3.85439e-09
569 3.79542e-09
571 3.80593e-09
573 3.75203e-09
575 3.72329e-09
577 3.65873e-09
579 3.62334e-09
581 3.58721e-09
583 3.57106e-09
585 3.5442e-09
587 3.50008e-09
589 3.45337e-09
591 3.42899e-09
593 3.38675e-09
595 3.37414e-09
597 3.34212e-09
599 3.32473e-09
601 3.27475e-09
603 3.25452e-09
605 3.20715e-09
607 3.20766e-09
609 3.16341e-09
611 3.16851e-09
613 3.11926e-09
615 3.09798e-09
617 3.04704e-09
619 3.03072e-09
621 3.01066e-09
623 3.00297e-09
625 2.98914e-09
627 2.93193e-09
629 2.92062e-09
631 2.89354e-09
633 2.86186e-09
635 2.84476e-09
637 2.84721e-09
639 2.82363e-09
641 2.78024e-09
643 2.74841e-09
645 2.73901e-09
647 2.7359e-09
649 2.69206e-09
651 2.70482e-09
653 2.68389e-09
655 2.66209e-09
657 2.6345e-09
659 2.6107e-09
661 2.62003e-09
663 2.61591e-09
665 2.5808e-09
667 2.58696e-09
669 2.56153e-09
671 2.54597e-09
673 2.52069e-09
675 2.52662e-09
677 2.52323e-09
679 2.49846e-09
681 2.51556e-09
683 2.47179e-09
685 2.46561e-09
687 2.46058e-09
689 2.46579e-09
691 2.48098e-09
693 2.44308e-09
695 2.4655e-09
697 2.46156e-09
699 2.48659e-09
701 2.45619e-09
703 2.51194e-09
705 2.53248e-09
707 2.54314e-09
709 2.56338e-09
711 2.61027e-09
713 2.61735e-09
715 2.68265e-09
717 2.70917e-09
719 2.79011e-09
721 2.83188e-09
723 2.87842e-09
725 3.01163e-09
727 3.04081e-09
729 3.22928e-09
731 3.33663e-09
733 3.53752e-09
735 3.78573e-09
737 4.15574e-09
739 4.62175e-09
741 5.59899e-09
743 7.352e-09
745 1.34929e-08
747 0
749 0
751 0
753 0
755 0
757 0
759 0
761 0
763 0
765 0
767 0
769 0
771 0
773 0
775 0
777 0
779 0
781 0
783 0
785 0
787 0
789 0
791 0
793 0
795 0
797 0
799 0
801 0
803 0
805 0
807 0
809 0
811 0
813 0
815 0
817 0
819 0
821 0
823 0
825 0
827 0
829 0
831 0
833 0
835 0
837 0
839 0
841 0
843 0
845 0
847 0
849 0
851 0
853 0
855 0
857 0
859 0
861 0
863 0
865 0
867 0
869 0
871 0
873 0
875 0
877 0
879 0
881 0
883 0
885 0
887 0
889 0
891 0
893 0
895 0
897 0
899 0
901 0
903 0
905 0
907 0
909 0
911 0
913 0
915 0
917 0
919 0
921 0
923 0
925 0
927 0
929 0
931 0
933 0
935 0
937 0
939 0
941 0
943 0
945 0
947 0
949 0
951 0
953 0
955 0
957 0
959 0
961 0
963 0
965 0
967 0
969 0
971 0
973 0
975 0
977 0
979 0
981 0
983 0
985 0
987 0
989 0
991 0
993 0
995 0
997 0
999 0
1001 0
1003 0
1005 0
1007 0
1009 0
1011 0
1013 0
1015 0
1017 0
1019 0
1021 0
1023 0
1025 0
1027 0
1029 0
1031 0
1033 0
1035 0
1037 0
1039 0
1041 0
1043 0
1045 0
1047 0
1049 0
1051 0
1053 0
1055 0
1057 0
1059 0
1061 0
1063 0
1065 0
1067 0
1069 0
1071 0
1073 0
1075 0
1077 0
1079 0
1081 0
1083 0
1085 0
1087 0
1089 0
1091 0
1093 0
1095 0
1097 0
1099 0
1101 0
1103 0
1105 0
1107 0
1109 0
1111 0
1113 0
1115 0
1117 0
1119 0
1121 0
1123 0
1125 0
1127 0
1129 0
1131 0
1133 0
1135 0
1137 0
1139 0
1141 0
1143 0
1145 0
1147 0
1149 0
1151 0
1153 0
1155 0
1157 0
1159 0
1161 0
1163 0
1165 0
1167 0
1169 0
1171 0
1173 0
1175 0
1177 0
1179 0
1181 0
1183 0
1185 0
1187 0
1189 0
1191 0
1193 0
1195 0
1197 0
1199 0
1201 0
1203 0
1205 0
1207 0
1209 0
1211 0
1213 0
1215 0
1217 0
1219 0
1221 0
1223 0
1225 0
1227 0
1229 0
1231 0
1233 0
1235 0
1237 0
1239 0
1241 0
1243 0
1245 0
1247 0
1249 0
1251 0
1253 0
1255 0
1257 0
1259 0
1261 0
1263 0
1265 0
1267 0
1269 0
1271 0
1273 0
1275 0
1277 0
1279 0
1281 0
1283 0
1285 0
1287 0
1289 0
1291 0
1293 0
1295 0
1297 0
1299 0
1301 0
1303 0
1305 0
1307 0
1309 0
1311 0
1313 0
1315 0
1317 0
1319 0
1321 0
1323 0
1325 0
1327 0
1329 0
1331 0
1333 0
1335 0
1337 0
1339 0
1341 0
1343 0
1345 0
1347 0
1349 0
1351 0
1353 0
1355 0
1357 0
1359 0
1361 0
1363 0
1365 0
1367 0
1369 0
1371 0
1373 0
1375 0
1377 0
1379 0
1381 0
1383 0
1385 0
1387 0
1389 0
1391 0
1393 0
1395 0
1397 0
1399 0
1401 0
1403 0
1405 0
1407 0
1409 0
1411 0
1413 0
1415 0
1417 0
1419 0
1421 0
1423 0
1425 0
1427 0
1429 0
1431 0
1433 0
1435 0
1437 0
1439 0
1441 0
1443 0
1445 0
1447 0
1449 0
1451 0
1453 0
1455 0
1457 0
1459 0
1461 0
1463 0
1465 0
1467 0
1469 0
1471 0
1473 0
1475 0
1477 0
1479 0
1481 0
1483 0
1485 0
1487 0
1489 0
1491 0
1493 0
1495 0
1497 0
1499 0
1501 0
1503 0
1505 0
1507 0
1509 0
1511 0
1513 0
1515 0
1517 0
1519 0
1521 0
1523 0
1525 0
1527 0
1529 0
1531 0
1533 0
1535 0
1537 0
1539 0
1541 0
1543 0
1545 0
1547 0
1549 0
1551 0
1553 0
1555 0
1557 0
1559 0
1561 0
1563 0
1565 0
1567 0
1569 0
1571 0
1573 0
1575 0
1577 0
1579 0
1581 0
1583 0
1585 0
1587 0
1589 0
1591 0
1593 0
1595 0
1597 0
1599 0
1601 0
1603 0
1605 0
1607 0
1609 0
1611 0
1613 0
1615 0
1617 0
1619 0
1621 0
1623 0
1625 0
1627 0
1629 0
1631 0
1633 0
1635 0
1637 0
1639 0
1641 0
1643 0
1645 0
1647 0
1649 0
1651 0
1653 0
1655 0
1657 0
1659 0
1661 0
1663 0
1665 0
1667 0
1669 0
1671 0
1673 0
1675 0
1677 0
1679 0
1681 0
1683 0
1685 0
1687 0
1689 0
1691 0
1693 0
1695 0
1697 0
1699 0
1701 0
1703 0
1705 0
1707 0
1709 0
1711 0
1713 0
1715 0
1717 0
1719 0
1721 0
1723 0
1725 0
1727 0
1729 0
1731 0
1733 0
1735 0
1737 0
1739 0
1741 0
1743 0
1745 0
1747 0
1749 0
1751 0
1753 0
1755 0
1757 0
1759 0
1761 0
1763 0
1765 0
1767 0
1769 0
1771 0
1773 0
1775 0
1777 0
1779 0
1781 0
1783 0
1785 0
1787 0
1789 0
1791 0
1793 0
1795 0
1797 0
1799 0
1801 0
1803 0
1805 0
1807 0
1809 0
1811 0
1813 0
1815 0
1817 0
1819 0
1821 0
1823 0
1825 0
1827 0
1829 0
1831 0
1833 0
1835 0
1837 0
1839 0
1841 0
1843 0
1845 0
1847 0
1849 0
1851 0
1853 0
1855 0
1857 0
1859 0
1861 0
1863 0
1865 0
1867 0
1869 0
1871 0
1873 0
1875 0
1877 0
1879 0
1881 0
1883 0
1885 0
1887 0
1889 0
1891 0
1893 0
1895 0
1897 0
1899 0
1901 0
1903 0
1905 0
1907 0
1909 0
1911 0
1913 0
1915 0
1917 0
1919 0
1921 0
1923 0
1925 0
1927 0
1929 0
1931 0
1933 0
1935 0
1937 0
1939 0
1941 0
1943 0
1945 0
1947 0
1949 0
1951 0
1953 0
1955 0
1957 0
1959 0
1961 0
1963 0
1965 0
1967 0
1969 0
1971 0
1973 0
1975 0
1977 0
1979 0
1981 0
1983 0
1985 0
1987 0
1989 0
1991 0
1993 0
1995 0
1997 0
1999 0
