0.102705 7.62934e-07
0.108336 7.72782e-07
0.114275 7.67912e-07
0.12054 7.80112e-07
0.127149 8.05697e-07
0.13412 8.16343e-07
0.141474 8.09693e-07
0.14923 8.38158e-07
0.157412 8.61483e-07
0.166042 8.60914e-07
0.175145 9.00637e-07
0.184748 9.22559e-07
0.194877 9.2859e-07
0.205561 9.78078e-07
0.216831 9.82245e-07
0.228719 1.04023e-06
0.241259 1.04773e-06
0.254486 1.10903e-06
0.268439 1.13546e-06
0.283156 1.18753e-06
0.29868 1.22836e-06
0.315056 1.27361e-06
0.332329 1.32174e-06
0.350549 1.36652e-06
0.369768 1.41809e-06
0.390041 1.46909e-06
0.411426 1.52109e-06
0.433983 1.57533e-06
0.457776 1.6316e-06
0.482874 1.6895e-06
0.509348 1.74946e-06
0.537274 1.80963e-06
0.56673 1.87226e-06
0.597802 1.932e-06
0.630577 2.00507e-06
0.665149 2.07527e-06
0.701616 2.14749e-06
0.740083 2.22371e-06
0.780659 2.30559e-06
0.823459 2.38639e-06
0.868606 2.47274e-06
0.916228 2.56351e-06
0.966461 2.65897e-06
1.01945 2.75854e-06
1.07534 2.86126e-06
1.1343 2.97074e-06
1.19649 3.07989e-06
1.26208 3.19739e-06
1.33128 3.31865e-06
1.40427 3.44135e-06
1.48126 3.57465e-06
1.56247 3.71838e-06
1.64813 3.89985e-06
1.73849 4.08468e-06
1.83381 4.28452e-06
1.93435 4.49684e-06
2.0404 4.52593e-06
2.15227 4.67507e-06
2.27027 4.86948e-06
2.39474 5.05709e-06
2.52603 5.26767e-06
2.66452 5.47121e-06
2.81061 5.70361e-06
2.9647 5.92468e-06
3.12725 6.17688e-06
3.2987 6.42648e-06
3.47956 6.70361e-06
3.67033 6.97797e-06
3.87155 7.27862e-06
4.08382 7.58002e-06
4.30772 7.90508e-06
4.54389 8.24803e-06
4.79301 8.60208e-06
5.05579 8.97994e-06
5.33298 9.37203e-06
5.62537 9.8036e-06
5.93379 1.0233e-05
6.25911 1.07123e-05
6.60227 1.12026e-05
6.96425 1.17391e-05
7.34607 1.22801e-05
7.74883 1.28969e-05
8.17366 1.34958e-05
8.62179 1.41812e-05
9.09449 1.48544e-05
9.5931 1.56361e-05
10.1191 1.63993e-05
10.6738 1.72604e-05
11.259 1.80611e-05
11.8763 1.89786e-05
12.5275 1.98306e-05
13.2143 2.07365e-05
13.9388 2.15394e-05
14.703 2.23155e-05
15.5091 2.29099e-05
16.3594 2.34445e-05
17.2563 2.37927e-05
18.2024 2.41263e-05
19.2004 2.44201e-05
20.253 2.50268e-05
21.3634 2.59914e-05
22.5347 2.7785e-05
23.7702 3.01342e-05
25.0734 3.30045e-05
26.4481 3.54022e-05
27.8981 3.64557e-05
29.4277 3.56216e-05
31.0411 3.43908e-05
32.7429 3.58486e-05
34.5381 4.05649e-05
36.4317 4.4752e-05
38.4291 4.2731e-05
40.536 4.03527e-05
42.7584 4.64376e-05
45.1027 4.9749e-05
47.5755 4.40467e-05
50.1839 5.10182e-05
52.9353 5.04784e-05
55.8375 5.04286e-05
58.8988 5.43639e-05
62.128 5.00434e-05
65.5342 5.32175e-05
69.1272 5.34101e-05
72.9172 4.63204e-05
76.9149 4.75442e-05
81.1319 4.82976e-05
85.58 6.22487e-06
90.272 2.73004e-09
95.2212 0
100.442 0
105.949 0
111.757 0
117.885 0
124.348 0
131.165 0
138.356 0
145.942 0
153.943 0
162.384 0
171.286 0
180.677 0
190.583 0
201.032 0
212.054 0
223.68 0
235.943 0
248.879 0
262.524 0
276.917 0
292.1 0
