0.102705 7.74268e-08
0.108336 7.7994e-08
0.114275 8.09085e-08
0.12054 8.66021e-08
0.127149 7.1631e-08
0.13412 7.36216e-08
0.141474 8.09287e-08
0.14923 7.00967e-08
0.157412 6.72958e-08
0.166042 7.71102e-08
0.175145 7.02423e-08
0.184748 6.01542e-08
0.194877 7.63907e-08
0.205561 6.35266e-08
0.216831 6.67025e-08
0.228719 6.89412e-08
0.241259 6.7377e-08
0.254486 6.59189e-08
0.268439 7.24645e-08
0.283156 6.35524e-08
0.29868 7.32793e-08
0.315056 6.26965e-08
0.332329 6.22602e-08
0.350549 6.28136e-08
0.369768 6.61487e-08
0.390041 6.34562e-08
0.411426 6.4855e-08
0.433983 6.76569e-08
0.457776 6.23358e-08
0.482874 6.37766e-08
0.509348 6.2222e-08
0.537274 5.92274e-08
0.56673 5.83718e-08
0.597802 5.72163e-08
0.630577 5.86034e-08
0.665149 5.6875e-08
0.701616 5.61478e-08
0.740083 5.2386e-08
0.780659 5.34219e-08
0.823459 4.98298e-08
0.868606 4.75942e-08
0.916228 4.58073e-08
0.966461 4.57265e-08
1.01945 4.42959e-08
1.07534 4.2944e-08
1.1343 4.01497e-08
1.19649 4.09776e-08
1.26208 4.15353e-08
1.33128 4.06215e-08
1.40427 3.73993e-08
1.48126 3.82214e-08
1.56247 3.73002e-08
1.64813 3.89437e-08
1.73849 3.59541e-08
1.83381 3.64989e-08
1.93435 3.66981e-08
2.0404 3.42056e-08
2.15227 3.26706e-08
2.27027 3.10217e-08
2.39474 2.98135e-08
2.52603 2.96594e-08
2.66452 2.80568e-08
2.81061 2.51879e-08
2.9647 2.06174e-08
3.12725 1.78286e-08
3.2987 1.37705e-08
3.47956 1.3427e-08
3.67033 1.03798e-08
3.87155 8.46853e-09
4.08382 6.32221e-09
4.30772 5.8595e-09
4.54389 6.0491e-09
4.79301 6.00631e-09
5.05579 6.6631e-09
5.33298 5.61429e-09
5.62537 4.97556e-09
5.93379 4.70734e-09
6.25911 5.89199e-09
6.60227 1.50538e-09
6.96425 0
7.34607 0
7.74883 0
8.17366 0
8.62179 0
9.09449 0
9.5931 0
10.1191 0
10.6738 0
11.259 0
11.8763 0
12.5275 0
13.2143 0
13.9388 0
14.703 0
15.5091 0
16.3594 0
17.2563 0
18.2024 0
19.2004 0
20.253 0
21.3634 0
22.5347 0
23.7702 0
25.0734 0
26.4481 0
27.8981 0
29.4277 0
31.0411 0
32.7429 0
34.5381 0
36.4317 0
38.4291 0
40.536 0
42.7584 0
45.1027 0
47.5755 0
50.1839 0
52.9353 0
55.8375 0
58.8988 0
62.128 0
65.5342 0
69.1272 0
72.9172 0
76.9149 0
81.1319 0
85.58 0
90.272 0
95.2212 0
100.442 0
105.949 0
111.757 0
117.885 0
124.348 0
131.165 0
138.356 0
145.942 0
153.943 0
162.384 0
171.286 0
180.677 0
190.583 0
201.032 0
212.054 0
223.68 0
235.943 0
248.879 0
262.524 0
276.917 0
292.1 0
