1 0
3 0
5 0
7 0
9 0.000128965
11 0.000804793
13 0.000543639
15 0.000363818
17 0.000257413
19 0.00018776
21 0.000130004
23 8.88705e-05
25 7.97087e-05
27 6.38369e-05
29 4.69186e-05
31 3.58548e-05
33 2.77113e-05
35 2.3044e-05
37 1.976e-05
39 1.7129e-05
41 1.48008e-05
43 1.29836e-05
45 1.13983e-05
47 1.00329e-05
49 8.89386e-06
51 7.92161e-06
53 7.04469e-06
55 6.32328e-06
57 5.66208e-06
59 5.09984e-06
61 4.58166e-06
63 4.13252e-06
65 3.74123e-06
67 3.3807e-06
69 3.09202e-06
71 2.82054e-06
73 2.56127e-06
75 2.35314e-06
77 2.14703e-06
79 1.98266e-06
81 1.83897e-06
83 1.70308e-06
85 1.56663e-06
87 1.46469e-06
89 1.353e-06
91 1.25974e-06
93 1.18727e-06
95 1.11116e-06
97 1.03146e-06
99 9.68428e-07
101 9.07853e-07
103 8.54778e-07
105 7.92615e-07
107 7.46028e-07
109 7.10821e-07
111 6.67804e-07
113 6.32719e-07
115 5.95974e-07
117 5.60735e-07
119 5.27469e-07
121 4.97481e-07
123 4.75444e-07
125 4.50237e-07
127 4.25405e-07
129 4.05113e-07
131 3.84437e-07
133 3.64762e-07
135 3.50142e-07
137 3.36663e-07
139 3.24094e-07
141 3.0767e-07
143 2.95822e-07
145 2.80027e-07
147 2.68874e-07
149 2.55898e-07
151 2.44744e-07
153 2.33363e-07
155 2.26196e-07
157 2.15412e-07
159 2.0857e-07
161 1.99649e-07
163 1.92753e-07
165 1.83643e-07
167 1.76495e-07
169 1.68636e-07
171 1.63835e-07
173 1.5689e-07
175 1.50139e-07
177 1.47512e-07
179 1.38777e-07
181 1.35293e-07
183 1.30184e-07
185 1.27062e-07
187 1.23221e-07
189 1.18913e-07
191 1.1397e-07
193 1.11337e-07
195 1.06376e-07
197 1.03449e-07
199 1.00224e-07
201 9.56702e-08
203 9.28579e-08
205 9.04382e-08
207 8.73198e-08
209 8.45728e-08
211 8.23085e-08
213 7.93751e-08
215 7.71463e-08
217 7.39271e-08
219 7.18777e-08
221 7.01605e-08
223 6.75026e-08
225 6.60474e-08
227 6.39884e-08
229 6.54804e-08
231 6.16859e-08
233 5.99287e-08
235 5.98226e-08
237 5.63302e-08
239 5.51333e-08
241 5.36656e-08
243 5.21536e-08
245 5.14367e-08
247 4.8328e-08
249 4.87938e-08
251 4.59845e-08
253 4.57584e-08
255 4.49878e-08
257 4.18778e-08
259 4.20461e-08
261 4.15398e-08
263 3.95336e-08
265 3.89526e-08
267 3.79815e-08
269 3.68183e-08
271 3.63311e-08
273 3.48142e-08
275 3.40848e-08
277 3.28513e-08
279 3.30642e-08
281 3.1769e-08
283 3.09284e-08
285 3.05526e-08
287 3.0005e-08
289 2.84527e-08
291 2.86212e-08
293 2.76515e-08
295 2.70029e-08
297 2.59439e-08
299 2.61035e-08
301 2.59892e-08
303 2.47956e-08
305 2.40271e-08
307 2.40119e-08
309 2.39302e-08
311 2.25746e-08
313 2.2998e-08
315 2.1925e-08
317 2.10081e-08
319 2.1404e-08
321 2.04255e-08
323 1.97892e-08
325 2.07571e-08
327 1.91145e-08
329 1.91962e-08
331 1.92613e-08
333 1.7379e-08
335 1.87691e-08
337 1.71786e-08
339 1.74151e-08
341 1.70089e-08
343 1.64058e-08
345 1.64827e-08
347 1.58255e-08
349 1.61022e-08
351 1.506e-08
353 1.52347e-08
355 1.51724e-08
357 1.48338e-08
359 1.38987e-08
361 1.40488e-08
363 1.4219e-08
365 1.36097e-08
367 1.246e-08
369 1.3125e-08
371 1.34148e-08
373 1.22587e-08
375 1.2049e-08
377 1.18136e-08
379 1.27801e-08
381 1.13626e-08
383 1.13206e-08
385 1.14825e-08
387 1.13048e-08
389 1.13114e-08
391 1.04206e-08
393 1.05042e-08
395 1.03518e-08
397 1.03975e-08
399 1.02024e-08
401 9.50677e-09
403 9.88239e-09
405 9.3384e-09
407 9.84313e-09
409 9.38438e-09
411 8.71554e-09
413 8.77858e-09
415 8.74402e-09
417 8.6013e-09
419 8.77263e-09
421 8.61001e-09
423 7.80604e-09
425 8.36573e-09
427 8.0556e-09
429 7.78338e-09
431 8.08752e-09
433 7.77487e-09
435 7.2194e-09
437 7.55404e-09
439 7.47253e-09
441 7.00583e-09
443 7.16906e-09
445 7.48865e-09
447 6.57408e-09
449 6.63915e-09
451 6.85163e-09
453 6.59675e-09
455 6.12143e-09
457 6.34895e-09
459 6.77161e-09
461 5.78679e-09
463 6.28654e-09
465 6.12479e-09
467 5.77391e-09
469 5.56012e-09
471 5.49458e-09
473 5.88463e-09
475 5.71027e-09
477 5.43771e-09
479 5.2675e-09
481 5.1399e-09
483 4.76367e-09
485 5.0472e-09
487 4.71407e-09
489 5.00528e-09
491 5.28235e-09
493 4.58217e-09
495 4.75258e-09
497 4.5989e-09
499 4.18447e-09
501 4.58334e-09
503 4.32776e-09
505 4.35789e-09
507 4.31795e-09
509 4.52309e-09
511 4.08092e-09
513 4.44095e-09
515 3.80084e-09
517 3.92268e-09
519 3.67963e-09
521 4.05745e-09
523 3.86505e-09
525 3.72046e-09
527 3.93572e-09
529 3.65734e-09
531 3.64643e-09
533 3.98748e-09
535 3.41949e-09
537 3.28734e-09
539 2.97903e-09
541 3.93659e-09
543 3.32284e-09
545 3.19288e-09
547 3.24532e-09
549 3.32438e-09
551 3.40225e-09
553 3.01089e-09
555 3.05439e-09
557 3.10265e-09
559 2.94301e-09
561 2.62021e-09
563 2.99232e-09
565 2.7968e-09
567 2.7963e-09
569 2.87327e-09
571 2.67072e-09
573 2.67971e-09
575 2.83539e-09
577 2.59953e-09
579 2.7547e-09
581 2.80618e-09
583 2.5139e-09
585 2.42689e-09
587 2.47766e-09
589 2.34346e-09
591 2.18509e-09
593 2.1752e-09
595 2.74651e-09
597 2.37888e-09
599 2.28856e-09
601 2.23832e-09
603 2.56884e-09
605 2.14007e-09
607 2.32408e-09
609 2.23814e-09
611 2.3148e-09
613 2.14716e-09
615 2.13064e-09
617 1.88134e-09
619 1.90641e-09
621 1.91499e-09
623 2.03073e-09
625 2.07346e-09
627 2.29695e-09
629 1.68467e-09
631 2.0353e-09
633 1.88086e-09
635 1.95384e-09
637 2.00926e-09
639 1.92683e-09
641 1.66148e-09
643 2.2093e-09
645 1.72952e-09
647 1.73059e-09
649 1.57107e-09
651 1.61295e-09
653 1.66247e-09
655 1.5652e-09
657 1.74992e-09
659 1.74491e-09
661 1.9673e-09
663 1.53148e-09
665 1.56436e-09
667 1.32658e-09
669 1.74876e-09
671 1.79644e-09
673 1.50148e-09
675 1.57067e-09
677 1.8389e-09
679 1.5684e-09
681 1.59348e-09
683 1.53752e-09
685 1.35799e-09
687 1.49199e-09
689 1.2187e-09
691 1.29515e-09
693 1.5583e-09
695 1.50383e-09
697 1.46364e-09
699 1.4589e-09
701 1.39102e-09
703 1.36591e-09
705 1.19389e-09
707 1.54181e-09
709 1.26183e-09
711 1.40606e-09
713 1.31861e-09
715 1.329e-09
717 1.37059e-09
719 1.30688e-09
721 1.26882e-09
723 1.18299e-09
725 1.30377e-09
727 1.21066e-09
729 1.16575e-09
731 1.1005e-09
733 1.13219e-09
735 1.038e-09
737 1.16016e-09
739 1.05577e-09
741 1.18756e-09
743 1.19152e-09
745 1.16823e-09
747 1.17205e-09
749 1.15544e-09
751 1.00579e-09
753 1.1759e-09
755 1.15341e-09
757 1.11687e-09
759 1.13376e-09
761 1.34759e-09
763 1.14743e-09
765 1.11826e-09
767 1.14794e-09
769 1.05974e-09
771 1.09592e-09
773 1.02243e-09
775 1.16153e-09
777 1.19716e-09
779 1.05886e-09
781 9.60082e-10
783 8.68363e-10
785 9.67615e-10
787 9.65749e-10
789 1.12773e-09
791 1.08723e-09
793 9.07989e-10
795 9.43309e-10
797 9.34861e-10
799 1.00761e-09
801 1.00483e-09
803 1.00244e-09
805 9.19223e-10
807 9.91358e-10
809 8.71626e-10
811 9.73902e-10
813 9.52915e-10
815 9.13755e-10
817 9.30358e-10
819 9.46551e-10
821 7.73724e-10
823 7.8344e-10
825 8.66305e-10
827 8.64427e-10
829 8.87012e-10
831 8.96762e-10
833 8.5232e-10
835 7.36388e-10
837 8.2455e-10
839 7.51077e-10
841 6.7798e-10
843 7.833e-10
845 8.81662e-10
847 7.62072e-10
849 7.30924e-10
851 7.17565e-10
853 8.15476e-10
855 6.96847e-10
857 7.47774e-10
859 8.39936e-10
861 9.83251e-10
863 9.74576e-10
865 1.0301e-09
867 8.42929e-10
869 1.00192e-09
871 8.26972e-10
873 9.22569e-10
875 8.97337e-10
877 8.83444e-10
879 7.56545e-10
881 8.34449e-10
883 9.11898e-10
885 8.02179e-10
887 9.01647e-10
889 7.81891e-10
891 8.47388e-10
893 7.11097e-10
895 8.71143e-10
897 6.68936e-10
899 7.95386e-10
901 8.10312e-10
903 7.637e-10
905 8.17452e-10
907 7.1124e-10
909 7.42601e-10
911 6.41824e-10
913 7.60957e-10
915 8.57562e-10
917 7.25219e-10
919 7.66994e-10
921 7.5449e-10
923 6.44462e-10
925 7.56908e-10
927 6.52515e-10
929 7.9101e-10
931 6.12103e-10
933 6.80398e-10
935 6.63108e-10
937 5.81485e-10
939 6.32806e-10
941 6.3215e-10
943 6.89254e-10
945 7.03374e-10
947 5.59605e-10
949 6.00703e-10
951 6.93782e-10
953 5.982e-10
955 5.9725e-10
957 5.59207e-10
959 5.53045e-10
961 5.82899e-10
963 6.60121e-10
965 5.70706e-10
967 6.68167e-10
969 4.85818e-10
971 4.95306e-10
973 5.87295e-10
975 6.8922e-10
977 7.0297e-10
979 6.60811e-10
981 6.89911e-10
983 9.53799e-10
985 1.00717e-09
987 8.62549e-10
989 8.20117e-10
991 8.58682e-10
993 1.04286e-09
995 7.79057e-10
997 8.47335e-10
999 7.5062e-10
1001 9.53861e-10
1003 7.57691e-10
1005 8.10754e-10
1007 7.64461e-10
1009 7.57835e-10
1011 8.80077e-10
1013 6.46478e-10
1015 8.1251e-10
1017 6.73376e-10
1019 8.38876e-10
1021 7.3911e-10
1023 7.13302e-10
1025 6.58421e-10
1027 7.54302e-10
1029 7.23849e-10
1031 7.07732e-10
1033 7.11326e-10
1035 7.43768e-10
1037 6.65118e-10
1039 5.86931e-10
1041 6.48206e-10
1043 7.64271e-10
1045 6.83912e-10
1047 6.5889e-10
1049 6.52723e-10
1051 5.80163e-10
1053 6.40466e-10
1055 6.75408e-10
1057 1.03139e-09
1059 1.00804e-09
1061 1.0249e-09
1063 9.0985e-10
1065 8.86507e-10
1067 8.10323e-10
1069 6.34993e-10
1071 6.43353e-10
1073 5.41169e-10
1075 5.22215e-10
1077 3.71162e-10
1079 3.46092e-10
1081 2.9491e-10
1083 2.26982e-10
1085 1.7684e-10
1087 1.77963e-10
1089 2.53624e-10
1091 2.51681e-11
1093 0
1095 0
1097 0
1099 0
1101 0
1103 0
1105 0
1107 0
1109 0
1111 0
1113 0
1115 0
1117 0
1119 0
1121 0
1123 0
1125 0
1127 0
1129 0
1131 0
1133 0
1135 0
1137 0
1139 0
1141 0
1143 0
1145 0
1147 0
1149 0
1151 0
1153 0
1155 0
1157 0
1159 0
1161 0
1163 0
1165 0
1167 0
1169 0
1171 0
1173 0
1175 0
1177 0
1179 0
1181 0
1183 0
1185 0
1187 0
1189 0
1191 0
1193 0
1195 0
1197 0
1199 0
1201 0
1203 0
1205 0
1207 0
1209 0
1211 0
1213 0
1215 0
1217 0
1219 0
1221 0
1223 0
1225 0
1227 0
1229 0
1231 0
1233 0
1235 0
1237 0
1239 0
1241 0
1243 0
1245 0
1247 0
1249 0
1251 0
1253 0
1255 0
1257 0
1259 0
1261 0
1263 0
1265 0
1267 0
1269 0
1271 0
1273 0
1275 0
1277 0
1279 0
1281 0
1283 0
1285 0
1287 0
1289 0
1291 0
1293 0
1295 0
1297 0
1299 0
1301 0
1303 0
1305 0
1307 0
1309 0
1311 0
1313 0
1315 0
1317 0
1319 0
1321 0
1323 0
1325 0
1327 0
1329 0
1331 0
1333 0
1335 0
1337 0
1339 0
1341 0
1343 0
1345 0
1347 0
1349 0
1351 0
1353 0
1355 0
1357 0
1359 0
1361 0
1363 0
1365 0
1367 0
1369 0
1371 0
1373 0
1375 0
1377 0
1379 0
1381 0
1383 0
1385 0
1387 0
1389 0
1391 0
1393 0
1395 0
1397 0
1399 0
1401 0
1403 0
1405 0
1407 0
1409 0
1411 0
1413 0
1415 0
1417 0
1419 0
1421 0
1423 0
1425 0
1427 0
1429 0
1431 0
1433 0
1435 0
1437 0
1439 0
1441 0
1443 0
1445 0
1447 0
1449 0
1451 0
1453 0
1455 0
1457 0
1459 0
1461 0
1463 0
1465 0
1467 0
1469 0
1471 0
1473 0
1475 0
1477 0
1479 0
1481 0
1483 0
1485 0
1487 0
1489 0
1491 0
1493 0
1495 0
1497 0
1499 0
1501 0
1503 0
1505 0
1507 0
1509 0
1511 0
1513 0
1515 0
1517 0
1519 0
1521 0
1523 0
1525 0
1527 0
1529 0
1531 0
1533 0
1535 0
1537 0
1539 0
1541 0
1543 0
1545 0
1547 0
1549 0
1551 0
1553 0
1555 0
1557 0
1559 0
1561 0
1563 0
1565 0
1567 0
1569 0
1571 0
1573 0
1575 0
1577 0
1579 0
1581 0
1583 0
1585 0
1587 0
1589 0
1591 0
1593 0
1595 0
1597 0
1599 0
1601 0
1603 0
1605 0
1607 0
1609 0
1611 0
1613 0
1615 0
1617 0
1619 0
1621 0
1623 0
1625 0
1627 0
1629 0
1631 0
1633 0
1635 0
1637 0
1639 0
1641 0
1643 0
1645 0
1647 0
1649 0
1651 0
1653 0
1655 0
1657 0
1659 0
1661 0
1663 0
1665 0
1667 0
1669 0
1671 0
1673 0
1675 0
1677 0
1679 0
1681 0
1683 0
1685 0
1687 0
1689 0
1691 0
1693 0
1695 0
1697 0
1699 0
1701 0
1703 0
1705 0
1707 0
1709 0
1711 0
1713 0
1715 0
1717 0
1719 0
1721 0
1723 0
1725 0
1727 0
1729 0
1731 0
1733 0
1735 0
1737 0
1739 0
1741 0
1743 0
1745 0
1747 0
1749 0
1751 0
1753 0
1755 0
1757 0
1759 0
1761 0
1763 0
1765 0
1767 0
1769 0
1771 0
1773 0
1775 0
1777 0
1779 0
1781 0
1783 0
1785 0
1787 0
1789 0
1791 0
1793 0
1795 0
1797 0
1799 0
1801 0
1803 0
1805 0
1807 0
1809 0
1811 0
1813 0
1815 0
1817 0
1819 0
1821 0
1823 0
1825 0
1827 0
1829 0
1831 0
1833 0
1835 0
1837 0
1839 0
1841 0
1843 0
1845 0
1847 0
1849 0
1851 0
1853 0
1855 0
1857 0
1859 0
1861 0
1863 0
1865 0
1867 0
1869 0
1871 0
1873 0
1875 0
1877 0
1879 0
1881 0
1883 0
1885 0
1887 0
1889 0
1891 0
1893 0
1895 0
1897 0
1899 0
1901 0
1903 0
1905 0
1907 0
1909 0
1911 0
1913 0
1915 0
1917 0
1919 0
1921 0
1923 0
1925 0
1927 0
1929 0
1931 0
1933 0
1935 0
1937 0
1939 0
1941 0
1943 0
1945 0
1947 0
1949 0
1951 0
1953 0
1955 0
1957 0
1959 0
1961 0
1963 0
1965 0
1967 0
1969 0
1971 0
1973 0
1975 0
1977 0
1979 0
1981 0
1983 0
1985 0
1987 0
1989 0
1991 0
1993 0
1995 0
1997 0
1999 0
