1 0
3 0
5 0
7 4.81263e-08
9 0.000816296
11 0.000667775
13 0.000424188
15 0.000274446
17 0.000203399
19 0.000124853
21 9.9725e-05
23 7.62933e-05
25 5.52397e-05
27 4.08256e-05
29 3.10591e-05
31 2.5109e-05
33 2.13156e-05
35 1.80601e-05
37 1.55644e-05
39 1.34318e-05
41 1.17093e-05
43 1.01895e-05
45 8.94255e-06
47 7.90353e-06
49 6.99184e-06
51 6.22983e-06
53 5.51644e-06
55 4.9231e-06
57 4.40734e-06
59 3.9545e-06
61 3.56368e-06
63 3.18536e-06
65 2.88835e-06
67 2.61197e-06
69 2.39829e-06
71 2.19209e-06
73 1.99261e-06
75 1.82291e-06
77 1.68079e-06
79 1.54418e-06
81 1.42515e-06
83 1.31487e-06
85 1.22361e-06
87 1.13057e-06
89 1.05914e-06
91 9.75851e-07
93 9.09774e-07
95 8.66407e-07
97 8.01886e-07
99 7.4479e-07
101 7.02723e-07
103 6.61438e-07
105 6.16764e-07
107 5.7858e-07
109 5.45041e-07
111 5.1345e-07
113 4.87691e-07
115 4.61995e-07
117 4.41632e-07
119 4.23441e-07
121 4.01302e-07
123 3.75737e-07
125 3.57616e-07
127 3.39847e-07
129 3.20868e-07
131 3.05507e-07
133 2.88173e-07
135 2.74959e-07
137 2.6014e-07
139 2.47678e-07
141 2.37895e-07
143 2.25426e-07
145 2.1611e-07
147 2.05819e-07
149 1.98127e-07
151 1.89259e-07
153 1.81691e-07
155 1.72448e-07
157 1.69556e-07
159 1.63823e-07
161 1.55682e-07
163 1.52048e-07
165 1.45732e-07
167 1.39197e-07
169 1.32123e-07
171 1.28573e-07
173 1.23158e-07
175 1.18032e-07
177 1.14107e-07
179 1.09491e-07
181 1.05374e-07
183 1.02127e-07
185 9.76505e-08
187 9.48973e-08
189 9.20039e-08
191 8.80093e-08
193 8.72098e-08
195 8.54319e-08
197 8.14815e-08
199 7.95227e-08
201 7.68258e-08
203 7.38941e-08
205 7.08632e-08
207 7.01182e-08
209 6.6561e-08
211 6.4984e-08
213 6.28578e-08
215 6.09183e-08
217 5.90294e-08
219 5.80923e-08
221 5.50578e-08
223 5.40714e-08
225 5.28021e-08
227 4.97316e-08
229 5.00061e-08
231 4.7405e-08
233 4.67755e-08
235 4.49613e-08
237 4.32617e-08
239 4.30368e-08
241 4.0136e-08
243 4.14618e-08
245 3.76674e-08
247 3.94689e-08
249 3.57654e-08
251 3.72484e-08
253 3.44079e-08
255 3.38086e-08
257 3.46185e-08
259 3.23292e-08
261 3.31557e-08
263 3.06006e-08
265 3.141e-08
267 2.93814e-08
269 2.93663e-08
271 2.82487e-08
273 2.7621e-08
275 2.72229e-08
277 2.66224e-08
279 2.58194e-08
281 2.5667e-08
283 2.44792e-08
285 2.42008e-08
287 2.36463e-08
289 2.31993e-08
291 2.2244e-08
293 2.25332e-08
295 2.11641e-08
297 2.06684e-08
299 2.11528e-08
301 2.0434e-08
303 1.90406e-08
305 1.99584e-08
307 1.91425e-08
309 1.79989e-08
311 1.78373e-08
313 1.83322e-08
315 1.73149e-08
317 1.61445e-08
319 1.71672e-08
321 1.69057e-08
323 1.55275e-08
325 1.4985e-08
327 1.61202e-08
329 1.54279e-08
331 1.44704e-08
333 1.39469e-08
335 1.49756e-08
337 1.43497e-08
339 1.33155e-08
341 1.31647e-08
343 1.30716e-08
345 1.33452e-08
347 1.22714e-08
349 1.23889e-08
351 1.19289e-08
353 1.1971e-08
355 1.20071e-08
357 1.10832e-08
359 1.09484e-08
361 1.13528e-08
363 1.1333e-08
365 1.08938e-08
367 1.04268e-08
369 1.04337e-08
371 1.04719e-08
373 1.02685e-08
375 9.66632e-09
377 9.86453e-09
379 9.21483e-09
381 1.0021e-08
383 8.91377e-09
385 8.7811e-09
387 8.86883e-09
389 8.90987e-09
391 8.84476e-09
393 8.17051e-09
395 8.22233e-09
397 8.07214e-09
399 7.70625e-09
401 8.12577e-09
403 7.80001e-09
405 7.70844e-09
407 7.15966e-09
409 7.9333e-09
411 7.25413e-09
413 7.51478e-09
415 7.66973e-09
417 6.74002e-09
419 7.20574e-09
421 7.00512e-09
423 6.62315e-09
425 6.61293e-09
427 6.73757e-09
429 6.4063e-09
431 5.92886e-09
433 6.29953e-09
435 6.24825e-09
437 5.93723e-09
439 6.07597e-09
441 5.61208e-09
443 5.83892e-09
445 5.29165e-09
447 5.53705e-09
449 5.76057e-09
451 4.97003e-09
453 5.15208e-09
455 5.36083e-09
457 4.98651e-09
459 5.16067e-09
461 4.67976e-09
463 4.99109e-09
465 5.05743e-09
467 5.05491e-09
469 4.85308e-09
471 4.81929e-09
473 4.79525e-09
475 4.89374e-09
477 4.63038e-09
479 4.52867e-09
481 4.47915e-09
483 4.40364e-09
485 4.28927e-09
487 4.27465e-09
489 4.20168e-09
491 3.98848e-09
493 4.21704e-09
495 3.97313e-09
497 3.92881e-09
499 3.98066e-09
501 3.58303e-09
503 3.98372e-09
505 3.56963e-09
507 3.6446e-09
509 3.35334e-09
511 3.60757e-09
513 3.40786e-09
515 3.4654e-09
517 3.51746e-09
519 3.38302e-09
521 3.04724e-09
523 3.30175e-09
525 3.10915e-09
527 3.19075e-09
529 3.13347e-09
531 2.75011e-09
533 2.93162e-09
535 2.94602e-09
537 3.04601e-09
539 2.95934e-09
541 2.68151e-09
543 2.82002e-09
545 2.98563e-09
547 3.06933e-09
549 2.78499e-09
551 2.9739e-09
553 2.67947e-09
555 2.62494e-09
557 2.74662e-09
559 2.65847e-09
561 2.80111e-09
563 2.72495e-09
565 2.3159e-09
567 2.61363e-09
569 2.35712e-09
571 2.51538e-09
573 2.49678e-09
575 2.44972e-09
577 2.36513e-09
579 2.15999e-09
581 2.1772e-09
583 2.12178e-09
585 2.11425e-09
587 2.33165e-09
589 2.36915e-09
591 2.20944e-09
593 1.91511e-09
595 2.31478e-09
597 1.93512e-09
599 2.41221e-09
601 2.37032e-09
603 2.21304e-09
605 2.13196e-09
607 2.09557e-09
609 1.8495e-09
611 1.96741e-09
613 2.0764e-09
615 2.04482e-09
617 2.14887e-09
619 1.9307e-09
621 1.74046e-09
623 1.79761e-09
625 1.96887e-09
627 1.80849e-09
629 2.00723e-09
631 1.72874e-09
633 1.87843e-09
635 1.89851e-09
637 1.52e-09
639 1.57544e-09
641 1.50278e-09
643 1.49002e-09
645 1.71421e-09
647 1.83581e-09
649 1.47853e-09
651 1.6884e-09
653 1.31511e-09
655 1.49839e-09
657 1.48098e-09
659 1.7997e-09
661 1.60909e-09
663 1.82736e-09
665 1.61362e-09
667 1.78777e-09
669 1.58429e-09
671 1.53598e-09
673 1.42278e-09
675 1.39236e-09
677 1.41867e-09
679 1.55318e-09
681 1.64879e-09
683 1.37086e-09
685 1.55523e-09
687 1.25064e-09
689 1.35664e-09
691 1.37905e-09
693 1.39643e-09
695 1.37863e-09
697 1.2322e-09
699 1.56695e-09
701 1.16695e-09
703 1.42193e-09
705 1.24815e-09
707 1.2313e-09
709 1.16281e-09
711 1.16922e-09
713 1.09145e-09
715 1.14873e-09
717 1.06608e-09
719 1.24919e-09
721 1.19563e-09
723 1.16339e-09
725 1.10245e-09
727 1.0505e-09
729 1.12089e-09
731 1.01083e-09
733 1.24758e-09
735 1.15599e-09
737 1.35742e-09
739 1.57009e-09
741 1.61478e-09
743 1.50036e-09
745 1.32899e-09
747 1.64163e-09
749 1.34056e-09
751 1.34148e-09
753 1.29036e-09
755 1.2647e-09
757 1.5036e-09
759 1.21039e-09
761 1.28596e-09
763 1.1919e-09
765 1.33814e-09
767 1.27711e-09
769 1.17648e-09
771 1.23931e-09
773 1.25773e-09
775 1.1453e-09
777 1.14706e-09
779 1.1485e-09
781 1.06933e-09
783 1.13286e-09
785 1.17116e-09
787 1.01467e-09
789 1.23932e-09
791 1.71921e-09
793 1.60864e-09
795 1.58883e-09
797 1.26211e-09
799 1.22869e-09
801 1.01872e-09
803 8.78834e-10
805 7.07333e-10
807 5.05625e-10
809 4.31404e-10
811 3.35134e-10
813 4.58255e-10
815 4.18998e-11
817 2.08668e-11
819 8.3365e-11
821 4.17134e-11
823 6.2327e-11
825 6.21331e-11
827 2.06337e-11
829 6.17565e-11
831 4.105e-11
833 6.16187e-11
835 6.14448e-11
837 4.08581e-11
839 2.03569e-11
841 8.12022e-11
843 4.04633e-11
845 6.07488e-11
847 4.03799e-11
849 2.01177e-11
851 8.02892e-11
853 6.00545e-11
855 1.99707e-11
857 7.97588e-11
859 1.98768e-11
861 3.9741e-11
863 3.96055e-11
865 7.90128e-11
867 3.93525e-11
869 7.85728e-11
871 0
873 7.83177e-11
875 1.95518e-11
877 9.746e-11
879 1.94163e-11
881 9.68678e-11
883 0
885 9.65534e-11
887 1.92679e-11
889 9.61068e-11
891 1.91901e-11
893 5.73812e-11
895 3.82146e-11
897 3.81058e-11
899 5.70795e-11
901 7.58769e-11
903 5.68084e-11
905 0
907 7.53868e-11
909 1.88069e-11
911 5.63116e-11
913 7.48781e-11
915 7.46954e-11
917 3.72903e-11
919 0
921 9.27634e-11
923 7.39717e-11
925 3.69375e-11
927 1.10555e-10
929 1.83813e-11
931 1.83667e-11
933 3.66826e-11
935 7.31353e-11
937 5.46943e-11
939 7.27919e-11
941 5.44482e-11
943 5.43955e-11
945 1.81073e-11
947 7.22263e-11
949 3.60403e-11
951 8.9803e-11
953 6.60629e-11
955 3.57569e-11
957 5.3575e-11
959 5.34712e-11
961 3.55823e-11
963 7.10874e-11
965 5.30728e-11
967 1.05892e-10
969 7.05091e-11
971 1.75917e-11
973 5.27089e-11
975 5.26696e-11
977 8.75336e-11
979 3.48834e-11
981 5.21921e-11
983 8.68764e-11
985 5.20525e-11
987 6.92595e-11
989 5.1872e-11
991 6.90553e-11
993 8.61345e-11
995 1.71796e-11
997 3.42554e-11
999 1.36804e-10
1001 5.12343e-11
1003 3.40791e-11
1005 5.10739e-11
1007 8.49813e-11
1009 3.39513e-11
1011 1.01292e-10
1013 1.68581e-11
1015 6.73322e-11
1017 1.17689e-10
1019 1.6806e-11
1021 3.35395e-11
1023 6.69604e-11
1025 9.99677e-11
1027 9.96882e-11
1029 4.97875e-11
1031 0
1033 1.32467e-10
1035 8.27038e-11
1037 1.65255e-11
1039 3.29706e-11
1041 8.19156e-11
1043 1.309e-10
1045 8.17253e-11
1047 1.63289e-11
1049 4.89367e-11
1051 6.51863e-11
1053 9.74932e-11
1055 3.23684e-11
1057 4.84057e-11
1059 3.22576e-11
1061 1.28867e-10
1063 9.65614e-11
1065 4.82477e-11
1067 3.21135e-11
1069 1.27954e-10
1071 4.77566e-11
1073 7.95339e-11
1075 4.76703e-11
1077 1.5875e-11
1079 9.51574e-11
1081 6.33933e-11
1083 7.91462e-11
1085 6.3222e-11
1087 7.84144e-11
1089 7.83622e-11
1091 3.13386e-11
1093 1.09536e-10
1095 1.5638e-11
1097 1.56326e-11
1099 7.79607e-11
1101 7.76672e-11
1103 7.73797e-11
1105 7.72367e-11
1107 6.17521e-11
1109 6.17058e-11
1111 1.07926e-10
1113 1.07843e-10
1115 4.61807e-11
1117 4.58367e-11
1119 1.52338e-11
1121 9.13648e-11
1123 1.06524e-10
1125 3.04068e-11
1127 9.12177e-11
1129 7.59325e-11
1131 4.5432e-11
1133 1.2076e-10
1135 6.0139e-11
1137 1.05126e-10
1139 4.50109e-11
1141 1.50007e-11
1143 1.04918e-10
1145 7.48891e-11
1147 4.47861e-11
1149 7.45113e-11
1151 1.0387e-10
1153 7.40079e-11
1155 7.39753e-11
1157 1.03518e-10
1159 1.33024e-10
1161 0
1163 5.8981e-11
1165 1.02862e-10
1167 5.85583e-11
1169 4.38334e-11
1171 8.75091e-11
1173 2.91664e-11
1175 1.31188e-10
1177 4.37164e-11
1179 7.26885e-11
1181 1.3049e-10
1183 8.67331e-11
1185 2.88234e-11
1187 7.19101e-11
1189 7.18907e-11
1191 4.31286e-11
1193 1.00576e-10
1195 5.74536e-11
1197 4.29543e-11
1199 8.56089e-11
1201 7.11585e-11
1203 5.67718e-11
1205 9.92596e-11
1207 1.41765e-10
1209 5.66883e-11
1211 7.27696e-11
1213 5.65137e-11
1215 5.63525e-11
1217 9.82929e-11
1219 5.60563e-11
1221 6.99145e-11
1223 4.19424e-11
1225 8.38712e-11
1227 6.98646e-11
1229 9.76676e-11
1231 2.78018e-11
1233 1.38695e-10
1235 6.92758e-11
1237 8.27954e-11
1239 5.51527e-11
1241 6.89283e-11
1243 9.64911e-11
1245 2.75588e-11
1247 6.87101e-11
1249 9.60102e-11
1251 8.20152e-11
1253 2.72785e-11
1255 9.52476e-11
1257 6.79779e-11
1259 6.79717e-11
1261 1.35935e-10
1263 9.50082e-11
1265 5.417e-11
1267 8.0959e-11
1269 8.08541e-11
1271 4.03586e-11
1273 5.36708e-11
1275 4.02184e-11
1277 5.36235e-11
1279 1.47453e-10
1281 4.01153e-11
1283 6.67695e-11
1285 7.98628e-11
1287 3.98535e-11
1289 1.19279e-10
1291 9.26152e-11
1293 6.61056e-11
1295 7.93283e-11
1297 9.24776e-11
1299 3.96174e-11
1301 3.9472e-11
1303 5.26012e-11
1305 3.93394e-11
1307 6.5397e-11
1309 1.30471e-10
1311 6.52027e-11
1313 6.52087e-11
1315 9.12447e-11
1317 2.59846e-11
1319 1.4279e-10
1321 5.18246e-11
1323 7.7565e-11
1325 1.03192e-10
1327 5.14933e-11
1329 3.85926e-11
1331 5.14623e-11
1333 3.85503e-11
1335 3.85001e-11
1337 7.68148e-11
1339 5.10468e-11
1341 1.02057e-10
1343 7.63733e-11
1345 7.62475e-11
1347 7.61451e-11
1349 5.07645e-11
1351 6.34008e-11
1353 1.13949e-10
1355 1.26299e-10
1357 3.78167e-11
1359 3.77644e-11
1361 8.79459e-11
1363 3.76278e-11
1365 3.75669e-11
1367 6.25922e-11
1369 1.25167e-11
1371 9.99191e-11
1373 6.23175e-11
1375 8.7032e-11
1377 7.45484e-11
1379 4.96109e-11
1381 7.42998e-11
1383 3.70908e-11
1385 8.64627e-11
1387 1.35803e-10
1389 7.39341e-11
1391 6.15639e-11
1393 3.68424e-11
1395 4.90515e-11
1397 6.12363e-11
1399 1.22439e-11
1401 6.10014e-11
1403 6.09485e-11
1405 4.87128e-11
1407 4.86413e-11
1409 9.71675e-11
1411 3.63699e-11
1413 7.26971e-11
1415 9.66922e-11
1417 6.03182e-11
1419 2.41182e-11
1421 7.21889e-11
1423 8.41526e-11
1425 1.20087e-10
1427 3.6016e-11
1429 4.79122e-11
1431 4.78625e-11
1433 5.97354e-11
1435 8.3438e-11
1437 5.95248e-11
1439 3.56513e-11
1441 4.74872e-11
1443 4.73882e-11
1445 8.28755e-11
1447 9.45946e-11
1449 1.1802e-11
1451 9.43056e-11
1453 9.41658e-11
1455 2.35233e-11
1457 1.17253e-11
1459 9.37925e-11
1461 1.40457e-10
1463 1.1688e-11
1465 8.17316e-11
1467 3.49705e-11
1469 3.4923e-11
1471 8.13529e-11
1473 4.64225e-11
1475 9.28038e-11
1477 3.47492e-11
1479 3.46836e-11
1481 2.30912e-11
1483 9.21837e-11
1485 6.90314e-11
1487 3.45164e-11
1489 3.44542e-11
1491 9.17468e-11
1493 5.72984e-11
1495 4.57643e-11
1497 4.57043e-11
1499 7.98669e-11
1501 1.02436e-10
1503 4.54823e-11
1505 4.5396e-11
1507 5.67217e-11
1509 4.53199e-11
1511 6.78672e-11
1513 4.52243e-11
1515 1.12942e-11
1517 7.89429e-11
1519 7.8777e-11
1521 3.36842e-11
1523 1.12134e-11
1525 4.47995e-11
1527 1.0071e-10
1529 3.35336e-11
1531 2.23185e-11
1533 3.34668e-11
1535 8.91543e-11
1537 6.67553e-11
1539 2.22123e-11
1541 5.53921e-11
1543 7.74439e-11
1545 7.73801e-11
1547 5.51919e-11
1549 8.82395e-11
1551 2.20251e-11
1553 4.40243e-11
1555 4.39964e-11
1557 4.39491e-11
1559 2.18719e-11
1561 6.55572e-11
1563 5.45972e-11
1565 6.54507e-11
1567 2.17839e-11
1569 2.17729e-11
1571 4.35174e-11
1573 8.69709e-11
1575 0
1577 6.50526e-11
1579 2.16092e-11
1581 6.4786e-11
1583 5.39404e-11
1585 6.45865e-11
1587 3.22745e-11
1589 8.59746e-11
1591 7.51816e-11
1593 9.65487e-11
1595 4.28798e-11
1597 5.35904e-11
1599 3.20486e-11
1601 6.39566e-11
1603 3.18917e-11
1605 4.25097e-11
1607 2.12301e-11
1609 6.36561e-11
1611 5.30155e-11
1613 4.24008e-11
1615 2.11865e-11
1617 5.2774e-11
1619 5.2774e-11
1621 5.2627e-11
1623 3.15087e-11
1625 3.14819e-11
1627 4.19394e-11
1629 6.28884e-11
1631 7.33014e-11
1633 5.23177e-11
1635 7.32104e-11
1637 7.30255e-11
1639 8.33186e-11
1641 6.23887e-11
1643 4.14773e-11
1645 4.14588e-11
1647 5.17893e-11
1649 5.17672e-11
1651 4.13974e-11
1653 2.06757e-11
1655 2.06608e-11
1657 4.12618e-11
1659 5.14576e-11
1661 4.10728e-11
1663 5.12651e-11
1665 2.04843e-11
1667 1.02384e-11
1669 7.16e-11
1671 6.13366e-11
1673 3.06265e-11
1675 2.04113e-11
1677 5.09055e-11
1679 4.06594e-11
1681 6.08995e-11
1683 3.03762e-11
1685 1.11309e-10
1687 4.04421e-11
1689 7.0745e-11
1691 4.04159e-11
1693 8.07936e-11
1695 4.0306e-11
1697 1.00608e-11
1699 6.02876e-11
1701 4.01515e-11
1703 4.00662e-11
1705 9.99674e-12
1707 1.99773e-11
1709 6.99057e-11
1711 2.99443e-11
1713 2.9935e-11
1715 4.98208e-11
1717 1.98849e-11
1719 1.9854e-11
1721 2.97719e-11
1723 5.94176e-11
1725 5.93532e-11
1727 2.96503e-11
1729 2.95993e-11
1731 5.91896e-11
1733 2.95553e-11
1735 3.93699e-11
1737 2.94934e-11
1739 6.8712e-11
1741 8.81888e-11
1743 2.9324e-11
1745 3.91376e-11
1747 2.92862e-11
1749 8.77502e-11
1751 4.87362e-11
1753 1.94849e-11
1755 0
1757 5.82933e-11
1759 5.82483e-11
1761 1.93914e-11
1763 5.80265e-11
1765 1.93266e-11
1767 2.89602e-11
1769 3.85617e-11
1771 2.88925e-11
1773 2.88842e-11
1775 2.88637e-11
1777 2.88083e-11
1779 1.91924e-11
1781 4.79382e-11
1783 5.74172e-11
1785 2.86766e-11
1787 2.86407e-11
1789 3.81478e-11
1791 3.80928e-11
1793 3.80759e-11
1795 1.90185e-11
1797 7.59561e-11
1799 6.64318e-11
1801 5.68759e-11
1803 1.89491e-11
1805 1.89171e-11
1807 7.55387e-11
1809 4.718e-11
1811 3.7703e-11
1813 4.70615e-11
1815 5.63993e-11
1817 1.8785e-11
1819 3.75302e-11
1821 4.68479e-11
1823 3.74708e-11
1825 2.80622e-11
1827 3.73848e-11
1829 3.73234e-11
1831 1.86465e-11
1833 3.7227e-11
1835 1.86088e-11
1837 2.78675e-11
1839 2.7847e-11
1841 4.63573e-11
1843 9.26219e-11
1845 2.77513e-11
1847 1.84939e-11
1849 4.61546e-11
1851 5.53367e-11
1853 4.60379e-11
1855 6.43819e-11
1857 4.59348e-11
1859 4.592e-11
1861 1.83418e-11
1863 6.41382e-11
1865 4.57799e-11
1867 4.57259e-11
1869 4.5715e-11
1871 7.29716e-11
1873 4.55311e-11
1875 4.54847e-11
1877 3.63726e-11
1879 9.08986e-12
1881 3.63207e-11
1883 4.53416e-11
1885 2.72011e-11
1887 4.52769e-11
1889 1.80544e-11
1891 2.70755e-11
1893 2.70479e-11
1895 2.70146e-11
1897 1.79984e-11
1899 6.29321e-11
1901 2.69515e-11
1903 5.38828e-11
1905 3.58871e-11
1907 1.79092e-11
1909 6.26006e-11
1911 1.78555e-11
1913 7.13702e-11
1915 5.34863e-11
1917 1.78246e-11
1919 5.34148e-11
1921 4.44874e-11
1923 3.55461e-11
1925 2.66156e-11
1927 7.08498e-11
1929 3.53774e-11
1931 5.29883e-11
1933 6.1796e-11
1935 3.52972e-11
1937 3.52718e-11
1939 1.76262e-11
1941 8.80488e-12
1943 2.64197e-11
1945 5.26864e-11
1947 1.75367e-11
1949 4.38079e-11
1951 1.74975e-11
1953 2.62367e-11
1955 2.62019e-11
1957 4.36558e-11
1959 1.74479e-11
1961 2.61457e-11
1963 1.74146e-11
1965 2.61191e-11
1967 3.47388e-11
1969 3.4703e-11
1971 4.3323e-11
1973 3.46286e-11
1975 1.72967e-11
1977 3.45867e-11
1979 8.63921e-11
1981 5.18127e-11
1983 2.58757e-11
1985 3.44316e-11
1987 4.29655e-11
1989 3.43456e-11
1991 5.14354e-11
1993 3.42653e-11
1995 7.70843e-11
1997 8.55909e-12
1999 6.84385e-11
