-10.2 6.67389
-10.1 6.70239
-10 6.74498
-9.9 6.77653
-9.8 6.82772
-9.7 6.87154
-9.6 6.91099
-9.5 6.9688
-9.4 7.00534
-9.3 7.07601
-9.2 7.10776
-9.1 7.16815
-9 7.2284
-8.9 7.28722
-8.8 7.32146
-8.7 7.32959
-8.6 7.38721
-8.5 7.41945
-8.4 7.4795
-8.3 7.53097
-8.2 7.57803
-8.1 7.63829
-8 7.69447
-7.9 7.75174
-7.8 7.85035
-7.7 7.89124
-7.6 7.97044
-7.5 8.00029
-7.4 8.08014
-7.3 8.1204
-7.2 8.16735
-7.1 8.25211
-7 8.35206
-6.9 8.41793
-6.8 8.50034
-6.7 8.58909
-6.6 8.67391
-6.5 8.73261
-6.4 8.87709
-6.3 8.94393
-6.2 9.03626
-6.1 9.15273
-6 9.27928
-5.9 9.41852
-5.8 9.52938
-5.7 9.69708
-5.6 9.84497
-5.5 10.0511
-5.4 10.2699
-5.3 10.4648
-5.2 10.7484
-5.1 11.1157
-5 11.5593
-4.9 12.0826
-4.8 12.3759
-4.7 12.4843
-4.6 12.252
-4.5 12.2587
-4.4 12.26
-4.3 12.3926
-4.2 12.5405
-4.1 12.6305
-4 12.6118
-3.9 12.6856
-3.8 12.8516
-3.7 12.805
-3.6 12.8691
-3.5 12.9674
-3.4 12.9966
-3.3 13.0598
-3.2 13.2008
-3.1 13.2028
-3 13.2749
-2.9 13.2618
-2.8 13.4172
-2.7 13.5508
-2.6 13.57
-2.5 13.532
-2.4 13.5533
-2.3 13.6433
-2.2 13.7334
-2.1 13.8024
-2 13.9382
-1.9 14.0527
-1.8 14.1289
-1.7 14.2474
-1.6 14.3654
-1.5 14.5593
-1.4 14.5734
-1.3 14.5683
-1.2 14.5656
-1.1 14.7733
-1 14.8885
-0.9 15.0039
-0.8 15.0917
-0.7 14.9991
-0.6 15.3432
-0.5 15.4693
-0.4 15.5191
-0.3 15.5101
-0.2 15.6512
-0.1 16.087
0 16.2941
0.1 16.2316
0.2 16.2073
0.3 16.6719
0.4 16.849
0.5 17.0372
0.6 16.928
0.7 16.995
0.8 17.1806
0.9 17.6503
1 18.0116
1.1 18.1219
1.2 17.8574
1.3 18.1009
1.4 18.6775
1.5 18.9169
1.6 18.7922
1.7 18.8821
1.8 18.9841
1.9 19.4991
2 20.1802
2.1 20.4363
2.2 20.0961
2.3 20.3273
2.4 20.8502
2.5 21.1813
2.6 21.4623
2.7 21.4996
2.8 21.4789
2.9 21.858
3 22.7097
3.1 24.0441
3.2 24.2494
3.3 23.884
3.4 23.4783
3.5 23.7732
3.6 25.3571
3.7 26.5421
3.8 27.4414
3.9 27.4739
4 27.5195
4.1 28.5967
4.2 30.0512
4.3 32.1198
4.4 33.6994
4.5 34.4587
4.6 34.819
4.7 37.6726
4.8 41.5158
4.9 49.0877
5 55.998
5.1 61.966
5.2 65.6558
5.3 77.265
5.4 78.2503
5.5 90.4143
5.6 54.4562
5.7 25.9578
5.8 29.3659
5.9 35.3147
6 48.2807
6.1 109.129
6.2 0
6.3 0
6.4 0
6.5 0
6.6 0
6.7 0
6.8 0
6.9 0
7 0
7.1 0
7.2 0
7.3 0
7.4 0
7.5 0
7.6 0
7.7 0
7.8 0
7.9 0
8 0
8.1 0
8.2 0
8.3 0
8.4 0
8.5 0
8.6 0
8.7 0
8.8 0
8.9 0
9 0
9.1 0
9.2 0
9.3 0
9.4 0
9.5 0
9.6 0
9.7 0
9.8 0
9.9 0
10 0
10.1 0
10.2 0
