-10.2 0.0552685
-10.1 0.055454
-10 0.0556676
-9.9 0.0558455
-9.8 0.0561748
-9.7 0.0564963
-9.6 0.0567224
-9.5 0.0571838
-9.4 0.0574215
-9.3 0.0579214
-9.2 0.0580259
-9.1 0.0585177
-9 0.0589009
-8.9 0.0592408
-8.8 0.059346
-8.7 0.0592708
-8.6 0.0596868
-8.5 0.0598365
-8.4 0.0601743
-8.3 0.0604761
-8.2 0.0607825
-8.1 0.0611505
-8 0.0614285
-7.9 0.0617531
-7.8 0.0624734
-7.7 0.0627435
-7.6 0.06319
-7.5 0.0632362
-7.4 0.0637773
-7.3 0.0639043
-7.2 0.0640998
-7.1 0.0647697
-7 0.0653857
-6.9 0.0658249
-6.8 0.0662916
-6.7 0.0667858
-6.6 0.0673151
-6.5 0.0677002
-6.4 0.0686968
-6.3 0.0690761
-6.2 0.0696475
-6.1 0.0704446
-6 0.0712767
-5.9 0.0721707
-5.8 0.0727543
-5.7 0.0739286
-5.6 0.0748945
-5.5 0.0763735
-5.4 0.0778448
-5.3 0.0791997
-5.2 0.0812297
-5.1 0.0837638
-5 0.086799
-4.9 0.0902269
-4.8 0.0912322
-4.7 0.0906317
-4.6 0.0872857
-4.5 0.0861162
-4.4 0.0847822
-4.3 0.0846717
-4.2 0.084462
-4.1 0.083863
-4 0.082476
-3.9 0.0816307
-3.8 0.0814474
-3.7 0.0797856
-3.6 0.078992
-3.5 0.0783105
-3.4 0.0771766
-3.3 0.0762895
-3.2 0.0758506
-3.1 0.0744534
-3 0.0735472
-2.9 0.0721991
-2.8 0.0719029
-2.7 0.0713193
-2.6 0.0701184
-2.5 0.0685488
-2.4 0.0674986
-2.3 0.0667207
-2.2 0.0660264
-2.1 0.0652802
-2 0.0647401
-1.9 0.0641525
-1.8 0.0633141
-1.7 0.0626259
-1.6 0.0620229
-1.5 0.0616792
-1.4 0.0603854
-1.3 0.0590848
-1.2 0.0578666
-1.1 0.0576128
-1 0.056845
-0.9 0.0560945
-0.8 0.0551722
-0.7 0.0535638
-0.6 0.0537355
-0.5 0.052967
-0.4 0.0518708
-0.3 0.0505169
-0.2 0.0485486
-0.1 0.0488192
0 0.0479163
0.1 0.046301
0.2 0.0449582
0.3 0.0464332
0.4 0.045616
0.5 0.0448281
0.6 0.0431087
0.7 0.0421074
0.8 0.0413728
0.9 0.0413121
1 0.0408325
1.1 0.0396189
1.2 0.0376176
1.3 0.0370602
1.4 0.0370976
1.5 0.0362211
1.6 0.0344919
1.7 0.0334705
1.8 0.0325412
1.9 0.0323773
2 0.0322666
2.1 0.0312184
2.2 0.0292374
2.3 0.0283684
2.4 0.0279088
2.5 0.0270486
2.6 0.0261039
2.7 0.0248425
2.8 0.0236103
2.9 0.022981
3 0.0228553
3.1 0.0230043
3.2 0.021656
3.3 0.0198202
3.4 0.0182361
3.5 0.0175293
3.6 0.0178778
3.7 0.0175203
3.8 0.0167414
3.9 0.0152749
4 0.0140175
4.1 0.0135238
4.2 0.0131039
4.3 0.0126737
4.4 0.0117572
4.5 0.01038
4.6 0.00915022
4.7 0.00866676
4.8 0.00817482
4.9 0.00783885
5 0.00625902
5.1 0.00408163
5.2 0.0023997
5.3 0.00122648
5.4 0.000440742
5.5 0.0001333
5.6 2.30766e-05
5.7 6.35925e-06
5.8 7.30867e-06
5.9 9.23811e-06
6 1.24973e-05
6.1 1.58023e-05
6.2 0
6.3 0
6.4 0
6.5 0
6.6 0
6.7 0
6.8 0
6.9 0
7 0
7.1 0
7.2 0
7.3 0
7.4 0
7.5 0
7.6 0
7.7 0
7.8 0
7.9 0
8 0
8.1 0
8.2 0
8.3 0
8.4 0
8.5 0
8.6 0
8.7 0
8.8 0
8.9 0
9 0
9.1 0
9.2 0
9.3 0
9.4 0
9.5 0
9.6 0
9.7 0
9.8 0
9.9 0
10 0
10.1 0
10.2 0
