-10.2 6.96781
-10.1 6.99339
-10 7.03765
-9.9 7.07399
-9.8 7.1125
-9.7 7.15451
-9.6 7.19383
-9.5 7.23654
-9.4 7.28015
-9.3 7.32503
-9.2 7.37016
-9.1 7.41847
-9 7.46763
-8.9 7.51564
-8.8 7.56764
-8.7 7.63136
-8.6 7.71637
-8.5 7.77944
-8.4 7.78529
-8.3 7.84652
-8.2 7.91456
-8.1 8.02793
-8 8.08908
-7.9 8.16287
-7.8 8.31889
-7.7 8.2896
-7.6 8.32241
-7.5 8.39912
-7.4 8.54184
-7.3 8.61789
-7.2 8.7792
-7.1 8.86349
-7 8.95577
-6.9 8.98573
-6.8 9.07477
-6.7 9.30683
-6.6 9.51354
-6.5 9.6162
-6.4 9.58676
-6.3 9.79193
-6.2 9.8857
-6.1 10.2345
-6 10.4643
-5.9 10.6505
-5.8 10.9163
-5.7 11.1133
-5.6 11.5213
-5.5 11.994
-5.4 12.305
-5.3 13.0641
-5.2 13.878
-5.1 15.7888
-5 19.15
-4.9 22.9471
-4.8 27.4018
-4.7 29.3477
-4.6 26.8477
-4.5 26.3331
-4.4 24.9787
-4.3 25.0756
-4.2 26.6749
-4.1 27.8432
-4 25.7292
-3.9 27.1588
-3.8 26.3686
-3.7 27.5762
-3.6 26.6749
-3.5 27.6544
-3.4 28.528
-3.3 28.125
-3.2 27.76
-3.1 28.947
-3 28.8926
-2.9 27.1782
-2.8 27.1873
-2.7 28.9907
-2.6 29.6977
-2.5 30.0025
-2.4 29.1517
-2.3 29.621
-2.2 29.134
-2.1 28.2195
-2 28.9451
-1.9 29.0843
-1.8 31.0095
-1.7 30.0628
-1.6 30.054
-1.5 30.8959
-1.4 31.6098
-1.3 31.9296
-1.2 30.6361
-1.1 30.6424
-1 31.8776
-0.9 32.8239
-0.8 32.5617
-0.7 32.1509
-0.6 31.3381
-0.5 32.1935
-0.4 33.0323
-0.3 33.2191
-0.2 35.7534
-0.1 37.136
0 38.3088
0.1 39.4781
0.2 37.0954
0.3 33.2326
0.4 34.8247
0.5 37.399
0.6 35.9575
0.7 35.6944
0.8 36.1538
0.9 35.8701
1 39.0529
1.1 40.5389
1.2 37.3472
1.3 37.0564
1.4 39.2031
1.5 40.2052
1.6 40.2933
1.7 40.9991
1.8 37.5343
1.9 39.0895
2 42.1575
2.1 43.7901
2.2 45.2112
2.3 42.8361
2.4 41.6632
2.5 44.1188
2.6 49.1502
2.7 45.6544
2.8 45.1245
2.9 43.1995
3 46.8924
3.1 48.913
3.2 54.2802
3.3 51.3316
3.4 48.3682
3.5 49.2822
3.6 52.4536
3.7 55.3545
3.8 58.0511
3.9 56.5061
4 52.8074
4.1 53.7889
4.2 60.212
4.3 62.9578
4.4 67.6285
4.5 73.5415
4.6 65.4506
4.7 69.8379
4.8 74.4241
4.9 85.898
5 107.89
5.1 118.667
5.2 138.188
5.3 147.358
5.4 143.993
5.5 135.542
5.6 156.518
5.7 186.141
5.8 0
5.9 0
6 0
6.1 0
6.2 0
6.3 0
6.4 0
6.5 0
6.6 0
6.7 0
6.8 0
6.9 0
7 0
7.1 0
7.2 0
7.3 0
7.4 0
7.5 0
7.6 0
7.7 0
7.8 0
7.9 0
8 0
8.1 0
8.2 0
8.3 0
8.4 0
8.5 0
8.6 0
8.7 0
8.8 0
8.9 0
9 0
9.1 0
9.2 0
9.3 0
9.4 0
9.5 0
9.6 0
9.7 0
9.8 0
9.9 0
10 0
10.1 0
10.2 0
