-10.2 4.95161
-10.1 4.96806
-10 5.00055
-9.9 5.02896
-9.8 5.05763
-9.7 5.0896
-9.6 5.11724
-9.5 5.14991
-9.4 5.18275
-9.3 5.21318
-9.2 5.24668
-9.1 5.28077
-9 5.31657
-8.9 5.3514
-8.8 5.3873
-8.7 5.42528
-8.6 5.46337
-8.5 5.50126
-8.4 5.54233
-8.3 5.58277
-8.2 5.62373
-8.1 5.6697
-8 5.71518
-7.9 5.7626
-7.8 5.81045
-7.7 5.85905
-7.6 5.90974
-7.5 5.96355
-7.4 6.01916
-7.3 6.07542
-7.2 6.13143
-7.1 6.1934
-7 6.25831
-6.9 6.32507
-6.8 6.3951
-6.7 6.4646
-6.6 6.54282
-6.5 6.62356
-6.4 6.707
-6.3 6.79763
-6.2 6.89132
-6.1 6.992
-6 7.09909
-5.9 7.21356
-5.8 7.3429
-5.7 7.47806
-5.6 7.62789
-5.5 7.79711
-5.4 7.98937
-5.3 8.21565
-5.2 8.50035
-5.1 8.88669
-5 9.44947
-4.9 10.0914
-4.8 10.5842
-4.7 10.7274
-4.6 10.4762
-4.5 10.3558
-4.4 10.4463
-4.3 10.4776
-4.2 10.7097
-4.1 10.8405
-4 10.8019
-3.9 10.8882
-3.8 10.9414
-3.7 11.0191
-3.6 10.9946
-3.5 11.1224
-3.4 11.2133
-3.3 11.1531
-3.2 11.2574
-3.1 11.3319
-3 11.34
-2.9 11.4712
-2.8 11.6401
-2.7 11.6835
-2.6 11.8787
-2.5 11.7945
-2.4 11.8001
-2.3 11.9031
-2.2 11.9376
-2.1 12.035
-2 12.1567
-1.9 12.3802
-1.8 12.5626
-1.7 12.5063
-1.6 12.4943
-1.5 12.7699
-1.4 12.8218
-1.3 13.0849
-1.2 12.8545
-1.1 12.9036
-1 13.1764
-0.9 13.242
-0.8 13.2361
-0.7 13.2304
-0.6 13.385
-0.5 13.7597
-0.4 13.7985
-0.3 13.6891
-0.2 13.8984
-0.1 14.4167
0 14.8021
0.1 14.942
0.2 14.5564
0.3 14.8667
0.4 15.1629
0.5 15.5305
0.6 15.6164
0.7 15.5054
0.8 15.7815
0.9 16.3758
1 16.5765
1.1 16.4044
1.2 16.1241
1.3 16.1339
1.4 16.5122
1.5 17.3756
1.6 17.7882
1.7 17.7861
1.8 17.5684
1.9 18.5237
2 19.6067
2.1 19.4722
2.2 19.1442
2.3 19.2723
2.4 19.4748
2.5 20.5105
2.6 21.0278
2.7 21.2157
2.8 20.6023
2.9 20.724
3 21.7562
3.1 23.4814
3.2 24.3902
3.3 23.9741
3.4 24.1476
3.5 24.1791
3.6 25.7091
3.7 27.4462
3.8 28.4913
3.9 29.2902
4 28.3508
4.1 28.7073
4.2 31.2159
4.3 34.4791
4.4 36.0111
4.5 36.8601
4.6 37.2013
4.7 40.4567
4.8 48.8755
4.9 56.3181
5 66.6146
5.1 77.9546
5.2 92.937
5.3 105.647
5.4 108.864
5.5 105.177
5.6 83.5719
5.7 262.2
5.8 0
5.9 0
6 0
6.1 0
6.2 0
6.3 0
6.4 0
6.5 0
6.6 0
6.7 0
6.8 0
6.9 0
7 0
7.1 0
7.2 0
7.3 0
7.4 0
7.5 0
7.6 0
7.7 0
7.8 0
7.9 0
8 0
8.1 0
8.2 0
8.3 0
8.4 0
8.5 0
8.6 0
8.7 0
8.8 0
8.9 0
9 0
9.1 0
9.2 0
9.3 0
9.4 0
9.5 0
9.6 0
9.7 0
9.8 0
9.9 0
10 0
10.1 0
10.2 0
