-10.2 5.04707
-10.1 5.30896
-10 5.52684
-9.9 5.37268
-9.8 5.66001
-9.7 5.79565
-9.6 6.01146
-9.5 6.4544
-9.4 6.43412
-9.3 6.99008
-9.2 6.87076
-9.1 7.07884
-9 7.60091
-8.9 8.23873
-8.8 8.25793
-8.7 7.62614
-8.6 7.40777
-8.5 7.14544
-8.4 7.16408
-8.3 7.7428
-8.2 7.47934
-8.1 7.84337
-8 7.65242
-7.9 7.51816
-7.8 8.45172
-7.7 8.36718
-7.6 9.15076
-7.5 8.57146
-7.4 9.06152
-7.3 8.81492
-7.2 7.91388
-7.1 8.36498
-7 9.15972
-6.9 9.06499
-6.8 9.49583
-6.7 9.66041
-6.6 9.57081
-6.5 9.30208
-6.4 10.3152
-6.3 9.9514
-6.2 9.58813
-6.1 10.1599
-6 10.2887
-5.9 11.0336
-5.8 10.5421
-5.7 11.2817
-5.6 11.1567
-5.5 11.8136
-5.4 12.8265
-5.3 12.883
-5.2 14.0775
-5.1 16.3997
-5 19.79
-4.9 27.9655
-4.8 33.9325
-4.7 38.4673
-4.6 34.6796
-4.5 32.5727
-4.4 31.756
-4.3 32.153
-4.2 33.176
-4.1 35.0152
-4 33.4561
-3.9 32.7447
-3.8 35.9961
-3.7 34.1003
-3.6 34.5665
-3.5 35.7172
-3.4 34.7605
-3.3 34.2726
-3.2 36.8386
-3.1 35.2897
-3 36.5886
-2.9 35.0484
-2.8 35.8355
-2.7 37.3507
-2.6 37.4464
-2.5 37.2927
-2.4 35.1581
-2.3 36.9076
-2.2 36.2272
-2.1 35.1103
-2 36.2911
-1.9 37.8014
-1.8 37.8989
-1.7 37.4044
-1.6 38.6806
-1.5 40.349
-1.4 40.7569
-1.3 40.1212
-1.2 37.5551
-1.1 39.4064
-1 39.721
-0.9 41.3414
-0.8 42.4482
-0.7 37.8018
-0.6 40.9867
-0.5 42.3283
-0.4 42.694
-0.3 40.7258
-0.2 38.7824
-0.1 42.285
0 46.3524
0.1 45.2091
0.2 39.5979
0.3 44.3414
0.4 45.6555
0.5 49.212
0.6 46.175
0.7 44.8369
0.8 43.3633
0.9 46.9076
1 51.7019
1.1 53.0015
1.2 48.5199
1.3 44.7681
1.4 51.1977
1.5 54.9401
1.6 52.4735
1.7 51.4211
1.8 48.3257
1.9 47.715
2 57.547
2.1 61.4745
2.2 54.5892
2.3 53.3948
2.4 54.7426
2.5 58.4068
2.6 61.2505
2.7 60.568
2.8 55.5824
2.9 53.457
3 55.7714
3.1 69.3263
3.2 72.2338
3.3 70.7782
3.4 62.8053
3.5 56.0336
3.6 61.7036
3.7 70.8999
3.8 79.4549
3.9 78.7513
4 70.7406
4.1 71.771
4.2 74.6801
4.3 84.8159
4.4 94.5513
4.5 99.3053
4.6 84.3028
4.7 95.4285
4.8 98.3969
4.9 131.652
5 155.475
5.1 188.944
5.2 180.011
5.3 237.477
5.4 237.843
5.5 309.529
5.6 205.004
5.7 24.3315
5.8 28.2521
5.9 35.247
6 53.1312
6.1 285.08
6.2 0
6.3 0
6.4 0
6.5 0
6.6 0
6.7 0
6.8 0
6.9 0
7 0
7.1 0
7.2 0
7.3 0
7.4 0
7.5 0
7.6 0
7.7 0
7.8 0
7.9 0
8 0
8.1 0
8.2 0
8.3 0
8.4 0
8.5 0
8.6 0
8.7 0
8.8 0
8.9 0
9 0
9.1 0
9.2 0
9.3 0
9.4 0
9.5 0
9.6 0
9.7 0
9.8 0
9.9 0
10 0
10.1 0
10.2 0
