-10.2 0
-10.1 2.08428e-05
-10 3.96496e-05
-9.9 7.93523e-05
-9.8 7.61233e-05
-9.7 3.93451e-05
-9.6 6.7835e-05
-9.5 6.46383e-05
-9.4 7.76281e-05
-9.3 3.95789e-05
-9.2 8.34033e-05
-9.1 0.00010366
-9 0.000120579
-8.9 4.01347e-05
-8.8 3.68495e-05
-8.7 3.09992e-05
-8.6 1.22982e-05
-8.5 3.54372e-07
-8.4 1.73334e-05
-8.3 0.000107614
-8.2 2.62456e-05
-8.1 0
-8 3.34539e-05
-7.9 7.20812e-05
-7.8 4.82551e-05
-7.7 5.15407e-05
-7.6 9.19765e-05
-7.5 4.63084e-06
-7.4 5.30716e-05
-7.3 5.17258e-05
-7.2 3.36041e-05
-7.1 3.9609e-05
-7 4.14455e-05
-6.9 3.03793e-05
-6.8 4.9867e-05
-6.7 0.000134197
-6.6 0.000128451
-6.5 0.000100827
-6.4 0.000124429
-6.3 3.07577e-05
-6.2 5.15255e-05
-6.1 5.15694e-05
-6 7.49345e-06
-5.9 2.0351e-05
-5.8 6.89868e-05
-5.7 5.02039e-05
-5.6 0.000105253
-5.5 0.000116968
-5.4 1.64349e-05
-5.3 2.81848e-05
-5.2 4.47387e-05
-5.1 2.73996e-05
-5 6.10433e-05
-4.9 4.15516e-05
-4.8 7.61832e-05
-4.7 2.94816e-05
-4.6 5.38974e-05
-4.5 4.01258e-05
-4.4 6.63259e-05
-4.3 1.72858e-05
-4.2 4.25791e-05
-4.1 9.3438e-05
-4 7.4105e-05
-3.9 2.36218e-05
-3.8 3.73354e-05
-3.7 1.48196e-05
-3.6 5.58184e-05
-3.5 5.86235e-05
-3.4 4.3533e-05
-3.3 5.43799e-05
-3.2 3.3676e-06
-3.1 2.09076e-05
-3 6.08465e-05
-2.9 1.86071e-06
-2.8 0
-2.7 9.08414e-05
-2.6 4.53116e-05
-2.5 6.48478e-05
-2.4 3.19856e-05
-2.3 0
-2.2 1.80572e-06
-2.1 0
-2 0
-1.9 1.36462e-05
-1.8 5.3007e-06
-1.7 1.24525e-05
-1.6 4.06719e-06
-1.5 1.13991e-05
-1.4 1.35279e-05
-1.3 9.00338e-06
-1.2 1.20577e-05
-1.1 7.09463e-05
-1 1.75132e-06
-0.9 0
-0.8 0
-0.7 1.2208e-05
-0.6 6.11806e-06
-0.5 6.82104e-06
-0.4 2.40953e-05
-0.3 5.12695e-05
-0.2 6.65804e-06
-0.1 2.86129e-06
0 1.30255e-05
0.1 1.13715e-05
0.2 6.03398e-06
0.3 0
0.4 1.04262e-05
0.5 0
0.6 5.95673e-06
0.7 2.40836e-06
0.8 0
0.9 0
1 0
1.1 8.87649e-06
1.2 1.15545e-05
1.3 4.75226e-06
1.4 2.86848e-05
1.5 2.57311e-05
1.6 4.56458e-05
1.7 1.4198e-05
1.8 0
1.9 4.48979e-06
2 8.11876e-06
2.1 0
2.2 0
2.3 0
2.4 0
2.5 0
2.6 0
2.7 0
2.8 0
2.9 0
3 0
3.1 0
3.2 0
3.3 0
3.4 0
3.5 1.67232e-05
3.6 0
3.7 0
3.8 0
3.9 5.46108e-06
4 0
4.1 1.03383e-05
4.2 0
4.3 0
4.4 0
4.5 0
4.6 0
4.7 0
4.8 0
4.9 0
5 0
5.1 0
5.2 0
5.3 0
5.4 0
5.5 0
5.6 0
5.7 0
5.8 0
5.9 0
6 0
6.1 0
6.2 0
6.3 0
6.4 0
6.5 0
6.6 0
6.7 0
6.8 0
6.9 0
7 0
7.1 0
7.2 0
7.3 0
7.4 0
7.5 0
7.6 0
7.7 0
7.8 0
7.9 0
8 0
8.1 0
8.2 0
8.3 0
8.4 0
8.5 0
8.6 0
8.7 0
8.8 0
8.9 0
9 0
9.1 0
9.2 0
9.3 0
9.4 0
9.5 0
9.6 0
9.7 0
9.8 0
9.9 0
10 0
10.1 0
10.2 0
