-10.2 0.0577488
-10.1 0.0564515
-10 0.0572348
-9.9 0.0577363
-9.8 0.0579041
-9.7 0.0582119
-9.6 0.0590818
-9.5 0.0592658
-9.4 0.0598173
-9.3 0.0602191
-9.2 0.0607191
-9.1 0.0608315
-9 0.0611237
-8.9 0.0616012
-8.8 0.061491
-8.7 0.061623
-8.6 0.0619654
-8.5 0.0625361
-8.4 0.0629455
-8.3 0.063012
-8.2 0.0634062
-8.1 0.0638692
-8 0.0644289
-7.9 0.0647989
-7.8 0.0652664
-7.7 0.0656529
-7.6 0.0660203
-7.5 0.0661444
-7.4 0.0669599
-7.3 0.0673986
-7.2 0.0675281
-7.1 0.0682185
-7 0.0680927
-6.9 0.0685604
-6.8 0.069162
-6.7 0.0705506
-6.6 0.0710236
-6.5 0.0713478
-6.4 0.0718643
-6.3 0.0722357
-6.2 0.0725601
-6.1 0.0735207
-6 0.0744001
-5.9 0.0745096
-5.8 0.0760578
-5.7 0.0769704
-5.6 0.0778149
-5.5 0.079146
-5.4 0.0802564
-5.3 0.0820525
-5.2 0.0838049
-5.1 0.0860163
-5 0.0887679
-4.9 0.0914387
-4.8 0.0924824
-4.7 0.0914062
-4.6 0.0885438
-4.5 0.0873115
-4.4 0.0861451
-4.3 0.0856929
-4.2 0.0853562
-4.1 0.0846707
-4 0.0830968
-3.9 0.0831133
-3.8 0.082113
-3.7 0.0818993
-3.6 0.0803908
-3.5 0.0797885
-3.4 0.0788689
-3.3 0.0779542
-3.2 0.0768433
-3.1 0.0760536
-3 0.0746593
-2.9 0.0732051
-2.8 0.0728507
-2.7 0.0728896
-2.6 0.0718208
-2.5 0.0707579
-2.4 0.0691863
-2.3 0.0684836
-2.2 0.0667674
-2.1 0.0660162
-2 0.0655325
-1.9 0.0651671
-1.8 0.0648884
-1.7 0.0635481
-1.6 0.0626378
-1.5 0.0626301
-1.4 0.0616211
-1.3 0.06013
-1.2 0.0587637
-1.1 0.0583443
-1 0.057837
-0.9 0.0571869
-0.8 0.0558916
-0.7 0.0546359
-0.6 0.0539171
-0.5 0.0533641
-0.4 0.0526943
-0.3 0.0514506
-0.2 0.0508707
-0.1 0.0501437
0 0.0494476
0.1 0.0483395
0.2 0.046518
0.3 0.0459296
0.4 0.0454399
0.5 0.0447622
0.6 0.0435096
0.7 0.0428239
0.8 0.0419934
0.9 0.0416962
1 0.0416569
1.1 0.040117
1.2 0.038141
1.3 0.0375065
1.4 0.0369551
1.5 0.036357
1.6 0.0351509
1.7 0.0336296
1.8 0.0325451
1.9 0.0322971
2 0.031975
2.1 0.0315218
2.2 0.0298251
2.3 0.0287288
2.4 0.0276377
2.5 0.0273061
2.6 0.0265073
2.7 0.0250657
2.8 0.0238098
2.9 0.0231169
3 0.0229015
3.1 0.0221336
3.2 0.0211517
3.3 0.0196733
3.4 0.0186
3.5 0.0178569
3.6 0.0176259
3.7 0.0167516
3.8 0.0157049
3.9 0.0143804
4 0.0131864
4.1 0.0128344
4.2 0.0127646
4.3 0.0120249
4.4 0.0111024
4.5 0.00998758
4.6 0.00873791
4.7 0.00823165
4.8 0.00762253
4.9 0.00686078
5 0.00575812
5.1 0.00388402
5.2 0.00231813
5.3 0.000887634
5.4 0.000337209
5.5 0.000150941
5.6 4.92991e-05
5.7 2.83443e-05
5.8 0
5.9 0
6 0
6.1 0
6.2 0
6.3 0
6.4 0
6.5 0
6.6 0
6.7 0
6.8 0
6.9 0
7 0
7.1 0
7.2 0
7.3 0
7.4 0
7.5 0
7.6 0
7.7 0
7.8 0
7.9 0
8 0
8.1 0
8.2 0
8.3 0
8.4 0
8.5 0
8.6 0
8.7 0
8.8 0
8.9 0
9 0
9.1 0
9.2 0
9.3 0
9.4 0
9.5 0
9.6 0
9.7 0
9.8 0
9.9 0
10 0
10.1 0
10.2 0
