-10.2 6.85631
-10.1 6.87562
-10 6.91359
-9.9 6.94481
-9.8 6.98007
-9.7 7.01669
-9.6 7.05157
-9.5 7.09017
-9.4 7.12901
-9.3 7.16828
-9.2 7.20826
-9.1 7.24861
-9 7.2924
-8.9 7.33609
-8.8 7.37907
-8.7 7.42193
-8.6 7.467
-8.5 7.51519
-8.4 7.56403
-8.3 7.61608
-8.2 7.67256
-8.1 7.71619
-8 7.76921
-7.9 7.82438
-7.8 7.87849
-7.7 7.94107
-7.6 8.00128
-7.5 8.05897
-7.4 8.12414
-7.3 8.19407
-7.2 8.25889
-7.1 8.33097
-7 8.40532
-6.9 8.48428
-6.8 8.56929
-6.7 8.65186
-6.6 8.73096
-6.5 8.8276
-6.4 8.91759
-6.3 9.02201
-6.2 9.12869
-6.1 9.24666
-6 9.3699
-5.9 9.49505
-5.8 9.62812
-5.7 9.78008
-5.6 9.94149
-5.5 10.1275
-5.4 10.3291
-5.3 10.5767
-5.2 10.8575
-5.1 11.2501
-5 11.7208
-4.9 12.2276
-4.8 12.5714
-4.7 12.6599
-4.6 12.4794
-4.5 12.4975
-4.4 12.4754
-4.3 12.5329
-4.2 12.6392
-4.1 12.7558
-4 12.7127
-3.9 12.7475
-3.8 12.8344
-3.7 12.9215
-3.6 13.0334
-3.5 13.1834
-3.4 13.1948
-3.3 13.2105
-3.2 13.3086
-3.1 13.4286
-3 13.5013
-2.9 13.523
-2.8 13.5899
-2.7 13.7317
-2.6 13.8065
-2.5 13.8405
-2.4 13.9144
-2.3 14.1678
-2.2 14.2725
-2.1 14.1731
-2 14.2
-1.9 14.4088
-1.8 14.4668
-1.7 14.54
-1.6 14.624
-1.5 14.8285
-1.4 14.8987
-1.3 14.909
-1.2 14.9023
-1.1 15.08
-1 15.1549
-0.9 15.3253
-0.8 15.2431
-0.7 15.294
-0.6 15.6502
-0.5 15.895
-0.4 15.9133
-0.3 15.8543
-0.2 17.9705
-0.1 18.4653
0 18.7047
0.1 18.6431
0.2 18.7018
0.3 16.9713
0.4 17.2943
0.5 17.4639
0.6 17.4545
0.7 17.3674
0.8 17.7797
0.9 18.1665
1 18.4551
1.1 18.5205
1.2 18.3019
1.3 18.3872
1.4 18.8069
1.5 19.3188
1.6 19.2413
1.7 18.9943
1.8 19.3782
1.9 20.0509
2 20.7564
2.1 21.0035
2.2 20.6077
2.3 20.7043
2.4 21.0112
2.5 21.8473
2.6 22.2473
2.7 22.5656
2.8 22.0801
2.9 22.3387
3 23.3624
3.1 24.7656
3.2 25.2066
3.3 25.214
3.4 25.1892
3.5 25.3376
3.6 26.7078
3.7 27.9868
3.8 28.5939
3.9 28.6821
4 28.0838
4.1 29.3473
4.2 31.4682
4.3 33.4818
4.4 35.1304
4.5 35.9505
4.6 36.2151
4.7 39.6623
4.8 43.8389
4.9 49.8973
5 60.8024
5.1 68.7328
5.2 74.8077
5.3 75.4569
5.4 95.3922
5.5 85.0789
5.6 127.804
5.7 0
5.8 0
5.9 0
6 0
6.1 0
6.2 0
6.3 0
6.4 0
6.5 0
6.6 0
6.7 0
6.8 0
6.9 0
7 0
7.1 0
7.2 0
7.3 0
7.4 0
7.5 0
7.6 0
7.7 0
7.8 0
7.9 0
8 0
8.1 0
8.2 0
8.3 0
8.4 0
8.5 0
8.6 0
8.7 0
8.8 0
8.9 0
9 0
9.1 0
9.2 0
9.3 0
9.4 0
9.5 0
9.6 0
9.7 0
9.8 0
9.9 0
10 0
10.1 0
10.2 0
