-10.2 3.70208e-13
-10.1 8.6539e-08
-10 3.95527e-07
-9.9 6.84321e-07
-9.8 8.09798e-07
-9.7 5.99185e-07
-9.6 5.15423e-07
-9.5 6.34473e-07
-9.4 8.65999e-07
-9.3 4.52161e-07
-9.2 9.62927e-07
-9.1 9.17173e-07
-9 1.28771e-06
-8.9 3.0931e-07
-8.8 4.04603e-07
-8.7 1.91821e-07
-8.6 5.32229e-08
-8.5 4.91261e-10
-8.4 7.15981e-08
-8.3 6.92496e-07
-8.2 1.28339e-07
-8.1 0
-8 2.64826e-07
-7.9 6.18616e-07
-7.8 4.49348e-07
-7.7 5.38229e-07
-7.6 6.67034e-07
-7.5 4.1874e-08
-7.4 4.1686e-07
-7.3 4.66827e-07
-7.2 1.94674e-07
-7.1 1.9404e-07
-7 2.81011e-07
-6.9 2.83009e-07
-6.8 9.44765e-07
-6.7 1.79881e-06
-6.6 1.88269e-06
-6.5 9.86601e-07
-6.4 1.16397e-06
-6.3 1.68981e-07
-6.2 4.13687e-07
-6.1 3.2539e-07
-6 5.77047e-08
-5.9 1.29027e-07
-5.8 6.27618e-07
-5.7 5.65087e-07
-5.6 1.09273e-06
-5.5 1.15698e-06
-5.4 2.65269e-07
-5.3 1.55606e-07
-5.2 5.28736e-07
-5.1 6.36764e-07
-5 4.28496e-07
-4.9 3.21686e-07
-4.8 5.5723e-07
-4.7 1.27113e-07
-4.6 4.02097e-07
-4.5 5.70357e-07
-4.4 7.9252e-07
-4.3 1.12927e-07
-4.2 5.75806e-07
-4.1 8.58337e-07
-4 8.70705e-07
-3.9 4.27501e-07
-3.8 2.39112e-07
-3.7 1.47004e-07
-3.6 4.70485e-07
-3.5 5.40428e-07
-3.4 4.43837e-07
-3.3 3.78663e-07
-3.2 2.54357e-08
-3.1 1.1568e-07
-3 3.56429e-07
-2.9 2.05547e-08
-2.8 0
-2.7 6.49051e-07
-2.6 5.12677e-07
-2.5 4.51618e-07
-2.4 1.87194e-07
-2.3 0
-2.2 2.94106e-09
-2.1 0
-2 0
-1.9 4.35068e-08
-1.8 1.38991e-08
-1.7 3.64433e-08
-1.6 2.31156e-08
-1.5 7.93012e-08
-1.4 1.07077e-07
-1.3 3.33766e-08
-1.2 5.22541e-08
-1.1 6.74439e-07
-1 3.64826e-08
-0.9 0
-0.8 0
-0.7 3.86195e-08
-0.6 1.71366e-08
-0.5 1.59446e-08
-0.4 1.53342e-07
-0.3 4.11193e-07
-0.2 3.53939e-08
-0.1 5.96038e-09
0 1.80752e-07
0.1 2.11527e-07
0.2 1.9316e-08
0.3 0
0.4 4.05617e-08
0.5 0
0.6 2.47012e-08
0.7 4.21473e-09
0.8 0
0.9 0
1 0
1.1 3.41871e-08
1.2 4.94699e-08
1.3 1.15548e-08
1.4 1.82781e-07
1.5 1.41848e-07
1.6 5.23615e-07
1.7 7.07263e-08
1.8 0
1.9 1.06442e-08
2 4.91798e-08
2.1 0
2.2 0
2.3 0
2.4 0
2.5 0
2.6 0
2.7 0
2.8 0
2.9 0
3 0
3.1 0
3.2 0
3.3 0
3.4 0
3.5 9.16235e-08
3.6 0
3.7 0
3.8 0
3.9 1.44704e-08
4 0
4.1 4.07195e-08
4.2 0
4.3 0
4.4 0
4.5 0
4.6 0
4.7 0
4.8 0
4.9 0
5 0
5.1 0
5.2 0
5.3 0
5.4 0
5.5 0
5.6 0
5.7 0
5.8 0
5.9 0
6 0
6.1 0
6.2 0
6.3 0
6.4 0
6.5 0
6.6 0
6.7 0
6.8 0
6.9 0
7 0
7.1 0
7.2 0
7.3 0
7.4 0
7.5 0
7.6 0
7.7 0
7.8 0
7.9 0
8 0
8.1 0
8.2 0
8.3 0
8.4 0
8.5 0
8.6 0
8.7 0
8.8 0
8.9 0
9 0
9.1 0
9.2 0
9.3 0
9.4 0
9.5 0
9.6 0
9.7 0
9.8 0
9.9 0
10 0
10.1 0
10.2 0
