-10.2 0.00845493
-10.1 0.0084664
-10 0.00849759
-9.9 0.00850535
-9.8 0.00852089
-9.7 0.00851391
-9.6 0.00853367
-9.5 0.00853721
-9.4 0.008564
-9.3 0.00858021
-9.2 0.00858177
-9.1 0.00857392
-9 0.00858525
-8.9 0.00856046
-8.8 0.00855979
-8.7 0.00856376
-8.6 0.00855904
-8.5 0.00857284
-8.4 0.00857095
-8.3 0.00856105
-8.2 0.00857123
-8.1 0.00856889
-8 0.00857866
-7.9 0.00859739
-7.8 0.0085845
-7.7 0.00857831
-7.6 0.00857617
-7.5 0.00854922
-7.4 0.00854109
-7.3 0.00851972
-7.2 0.00851989
-7.1 0.00849964
-7 0.00849897
-6.9 0.00848731
-6.8 0.00846976
-6.7 0.00847869
-6.6 0.00846574
-6.5 0.00847113
-6.4 0.00844201
-6.3 0.00842469
-6.2 0.00837615
-6.1 0.00835056
-6 0.00834039
-5.9 0.00834694
-5.8 0.0083344
-5.7 0.00832091
-5.6 0.00829038
-5.5 0.00830704
-5.4 0.008259
-5.3 0.00823244
-5.2 0.00821842
-5.1 0.00820345
-5 0.00815703
-4.9 0.008085
-4.8 0.00797286
-4.7 0.00788954
-4.6 0.00777705
-4.5 0.00767546
-4.4 0.0075768
-4.3 0.00749162
-4.2 0.00739773
-4.1 0.00729141
-4 0.00718805
-3.9 0.00709593
-3.8 0.00699032
-3.7 0.00691274
-3.6 0.00680118
-3.5 0.00669684
-3.4 0.00660192
-3.3 0.00649983
-3.2 0.00640339
-3.1 0.0063031
-3 0.00622091
-2.9 0.00612939
-2.8 0.00600876
-2.7 0.00592724
-2.6 0.0058475
-2.5 0.0057232
-2.4 0.00565058
-2.3 0.00555105
-2.2 0.0054297
-2.1 0.00535151
-2 0.00527472
-1.9 0.00518501
-1.8 0.00510694
-1.7 0.00499963
-1.6 0.00492417
-1.5 0.00484588
-1.4 0.0047415
-1.3 0.00465832
-1.2 0.00459197
-1.1 0.00449161
-1 0.00439706
-0.9 0.00429509
-0.8 0.00422606
-0.7 0.00414457
-0.6 0.00404548
-0.5 0.00396115
-0.4 0.00388778
-0.3 0.00378181
-0.2 0.00371355
-0.1 0.00360191
0 0.00351999
0.1 0.00343049
0.2 0.00332523
0.3 0.00324581
0.4 0.00315673
0.5 0.00307085
0.6 0.0029991
0.7 0.00295227
0.8 0.00287396
0.9 0.0028001
1 0.00272642
1.1 0.002666
1.2 0.00254531
1.3 0.00246279
1.4 0.00238715
1.5 0.00232245
1.6 0.00224495
1.7 0.00215798
1.8 0.00207742
1.9 0.00203205
2 0.00197433
2.1 0.00189317
2.2 0.00183353
2.3 0.00174913
2.4 0.00169234
2.5 0.001637
2.6 0.00157069
2.7 0.00149192
2.8 0.00141772
2.9 0.00136222
3 0.00132526
3.1 0.00128019
3.2 0.00119979
3.3 0.00111877
3.4 0.00106687
3.5 0.00101639
3.6 0.000973208
3.7 0.000927944
3.8 0.00087614
3.9 0.0008121
4 0.000755185
4.1 0.000704374
4.2 0.000664189
4.3 0.000616987
4.4 0.000582238
4.5 0.000547203
4.6 0.000499125
4.7 0.00046256
4.8 0.000426422
4.9 0.000387184
5 0.000334069
5.1 0.00029119
5.2 0.000255543
5.3 0.000230008
5.4 0.000226524
5.5 0.00022467
5.6 0.000226477
5.7 0.000209723
5.8 0.000206807
5.9 0.000197884
6 0.00018406
6.1 0.000180239
6.2 0.000192774
6.3 0.000182124
6.4 0.000182122
6.5 0.000180266
6.6 0.000181484
6.7 0.000187686
6.8 0.000183059
6.9 0.000173471
7 0.000184039
7.1 0.000172476
7.2 0.000161754
7.3 0.000156904
7.4 0.000146884
7.5 0.000141922
7.6 0.000144979
7.7 0.00014217
7.8 0.000143888
7.9 0.000140804
8 0.000144577
8.1 0.00012953
8.2 0.000128774
8.3 0.000118799
8.4 0.000113683
8.5 0.00010987
8.6 0.000106197
8.7 0.000106562
8.8 0.000105407
8.9 9.91342e-05
9 9.38306e-05
9.1 0.000102935
9.2 0.000112924
9.3 0.000103253
9.4 0.000100455
9.5 9.6682e-05
9.6 9.68524e-05
9.7 9.331e-05
9.8 8.63021e-05
9.9 8.33801e-05
10 8.22296e-05
10.1 8.26032e-05
10.2 7.7703e-05
