1 0
3 0
5 0
7 0
9 0
11 0
13 0
15 0
17 0
19 0
21 0
23 5.2032e-08
25 5.36678e-07
27 2.08149e-06
29 4.92009e-06
31 8.55751e-06
33 1.22092e-05
35 1.58713e-05
37 1.87482e-05
39 2.05068e-05
41 2.1382e-05
43 2.15646e-05
45 2.12529e-05
47 2.06546e-05
49 1.9822e-05
51 1.89931e-05
53 1.79771e-05
55 1.69616e-05
57 1.5861e-05
59 1.48782e-05
61 1.39017e-05
63 1.29461e-05
65 1.20497e-05
67 1.12103e-05
69 1.04587e-05
71 9.7747e-06
73 9.06615e-06
75 8.47748e-06
77 7.87046e-06
79 7.3679e-06
81 6.9392e-06
83 6.48135e-06
85 6.04252e-06
87 5.68995e-06
89 5.29035e-06
91 4.98255e-06
93 4.73965e-06
95 4.44336e-06
97 4.16966e-06
99 3.94216e-06
101 3.70603e-06
103 3.48735e-06
105 3.29809e-06
107 3.11408e-06
109 2.96439e-06
111 2.83461e-06
113 2.66879e-06
115 2.53757e-06
117 2.40826e-06
119 2.27881e-06
121 2.16518e-06
123 2.05489e-06
125 1.95643e-06
127 1.85872e-06
129 1.77205e-06
131 1.68691e-06
133 1.61112e-06
135 1.5447e-06
137 1.48533e-06
139 1.43569e-06
141 1.36878e-06
143 1.31133e-06
145 1.24848e-06
147 1.19143e-06
149 1.14187e-06
151 1.09368e-06
153 1.05393e-06
155 1.01343e-06
157 9.75567e-07
159 9.37447e-07
161 8.97442e-07
163 8.64569e-07
165 8.30727e-07
167 8.01843e-07
169 7.64681e-07
171 7.36595e-07
173 7.14867e-07
175 6.8413e-07
177 6.57513e-07
179 6.36467e-07
181 6.13652e-07
183 5.9346e-07
185 5.75005e-07
187 5.60506e-07
189 5.35852e-07
191 5.17148e-07
193 4.99548e-07
195 4.8074e-07
197 4.63347e-07
199 4.49557e-07
201 4.39748e-07
203 4.32396e-07
205 4.21387e-07
207 4.02476e-07
209 3.90347e-07
211 3.78933e-07
213 3.64542e-07
215 3.56357e-07
217 3.4359e-07
219 3.35067e-07
221 3.18747e-07
223 3.09179e-07
225 3.0773e-07
227 2.99583e-07
229 2.94519e-07
231 2.84689e-07
233 2.78791e-07
235 2.71305e-07
237 2.63459e-07
239 2.55419e-07
241 2.46833e-07
243 2.43363e-07
245 2.33658e-07
247 2.28439e-07
249 2.22214e-07
251 2.14294e-07
253 2.12797e-07
255 2.03075e-07
257 1.9892e-07
259 1.95899e-07
261 1.88225e-07
263 1.85276e-07
265 1.79224e-07
267 1.74801e-07
269 1.69843e-07
271 1.68064e-07
273 1.60962e-07
275 1.59273e-07
277 1.54669e-07
279 1.50607e-07
281 1.47507e-07
283 1.43334e-07
285 1.40741e-07
287 1.35389e-07
289 1.36206e-07
291 1.29368e-07
293 1.29965e-07
295 1.23513e-07
297 1.21991e-07
299 1.20666e-07
301 1.16262e-07
303 1.1738e-07
305 1.12488e-07
307 1.1164e-07
309 1.08465e-07
311 1.06599e-07
313 1.0383e-07
315 1.01968e-07
317 9.90619e-08
319 9.8252e-08
321 9.45526e-08
323 9.40408e-08
325 9.29712e-08
327 9.14109e-08
329 8.86326e-08
331 8.75043e-08
333 8.5927e-08
335 8.42407e-08
337 8.09109e-08
339 8.09275e-08
341 7.99374e-08
343 7.61417e-08
345 7.53408e-08
347 7.58245e-08
349 7.27134e-08
351 7.10702e-08
353 7.07936e-08
355 7.10377e-08
357 6.70831e-08
359 6.67115e-08
361 6.6335e-08
363 6.35591e-08
365 6.38417e-08
367 6.14886e-08
369 6.05759e-08
371 5.97101e-08
373 5.74123e-08
375 5.87424e-08
377 5.68657e-08
379 5.52016e-08
381 5.35937e-08
383 5.30918e-08
385 5.52401e-08
387 5.16792e-08
389 5.06106e-08
391 4.9876e-08
393 4.99691e-08
395 4.96139e-08
397 4.78421e-08
399 4.59515e-08
401 4.59141e-08
403 4.61321e-08
405 4.53253e-08
407 4.37139e-08
409 4.2388e-08
411 4.18945e-08
413 4.19517e-08
415 4.2148e-08
417 4.00729e-08
419 3.85244e-08
421 3.89241e-08
423 3.86637e-08
425 3.80797e-08
427 3.9434e-08
429 3.63431e-08
431 3.59074e-08
433 3.67823e-08
435 3.49497e-08
437 3.50776e-08
439 3.51846e-08
441 3.27728e-08
443 3.31733e-08
445 3.34972e-08
447 3.17276e-08
449 3.17221e-08
451 3.19711e-08
453 2.98506e-08
455 3.06583e-08
457 2.97503e-08
459 2.91063e-08
461 2.87419e-08
463 2.89666e-08
465 2.77968e-08
467 2.76659e-08
469 2.71495e-08
471 2.6568e-08
473 2.61765e-08
475 2.59556e-08
477 2.54496e-08
479 2.46787e-08
481 2.38182e-08
483 2.41834e-08
485 2.31398e-08
487 2.35152e-08
489 2.25876e-08
491 2.31761e-08
493 2.14821e-08
495 2.2214e-08
497 2.16683e-08
499 2.11705e-08
501 2.07966e-08
503 2.08055e-08
505 2.04076e-08
507 2.02999e-08
509 2.00147e-08
511 1.89636e-08
513 1.93781e-08
515 1.93638e-08
517 1.84733e-08
519 1.85775e-08
521 1.85522e-08
523 1.79109e-08
525 1.85771e-08
527 1.71798e-08
529 1.7032e-08
531 1.70145e-08
533 1.68848e-08
535 1.6802e-08
537 1.51304e-08
539 1.73607e-08
541 1.62159e-08
543 1.6345e-08
545 1.55004e-08
547 1.53194e-08
549 1.51963e-08
551 1.43043e-08
553 1.4663e-08
555 1.43263e-08
557 1.39986e-08
559 1.32077e-08
561 1.42829e-08
563 1.38748e-08
565 1.33719e-08
567 1.3694e-08
569 1.29382e-08
571 1.2694e-08
573 1.31754e-08
575 1.2208e-08
577 1.24974e-08
579 1.22767e-08
581 1.19459e-08
583 1.13664e-08
585 1.18799e-08
587 1.21541e-08
589 1.19361e-08
591 1.17574e-08
593 1.10966e-08
595 1.09599e-08
597 1.13565e-08
599 1.11072e-08
601 1.07811e-08
603 1.0472e-08
605 1.0345e-08
607 1.05998e-08
609 1.03943e-08
611 9.51793e-09
613 9.88512e-09
615 1.01397e-08
617 1.03043e-08
619 1.02303e-08
621 9.66153e-09
623 9.31575e-09
625 9.57945e-09
627 9.12925e-09
629 9.86502e-09
631 8.9717e-09
633 8.4612e-09
635 8.90046e-09
637 8.86746e-09
639 9.06681e-09
641 8.53913e-09
643 8.23653e-09
645 8.19189e-09
647 8.35642e-09
649 8.7424e-09
651 8.29299e-09
653 8.41324e-09
655 8.21462e-09
657 7.644e-09
659 8.17726e-09
661 7.83634e-09
663 7.72333e-09
665 7.23208e-09
667 7.38986e-09
669 7.43461e-09
671 7.55662e-09
673 7.53372e-09
675 7.69003e-09
677 7.07422e-09
679 7.48667e-09
681 7.14155e-09
683 7.15779e-09
685 7.34928e-09
687 7.05067e-09
689 7.3329e-09
691 6.76913e-09
693 7.2275e-09
695 6.63282e-09
697 6.36036e-09
699 6.87686e-09
701 6.78703e-09
703 6.22898e-09
705 6.09255e-09
707 5.94503e-09
709 6.24352e-09
711 6.11409e-09
713 6.47919e-09
715 6.19153e-09
717 6.28807e-09
719 5.56418e-09
721 5.41489e-09
723 5.63556e-09
725 6.31268e-09
727 5.66115e-09
729 5.69081e-09
731 5.87355e-09
733 5.43798e-09
735 5.53396e-09
737 5.8083e-09
739 5.43587e-09
741 5.22889e-09
743 5.39877e-09
745 5.28749e-09
747 5.15082e-09
749 5.45596e-09
751 5.17344e-09
753 4.94958e-09
755 5.03743e-09
757 5.28126e-09
759 5.75998e-09
761 5.42201e-09
763 5.49986e-09
765 5.30995e-09
767 4.76016e-09
769 4.66781e-09
771 5.39291e-09
773 5.11689e-09
775 4.96148e-09
777 5.03879e-09
779 5.16701e-09
781 4.87178e-09
783 4.99278e-09
785 4.97413e-09
787 4.64838e-09
789 4.80592e-09
791 4.86728e-09
793 4.69088e-09
795 4.77335e-09
797 4.37337e-09
799 4.64354e-09
801 4.41246e-09
803 4.08365e-09
805 4.645e-09
807 4.31338e-09
809 4.39541e-09
811 4.2418e-09
813 4.37803e-09
815 4.11084e-09
817 4.11917e-09
819 3.76239e-09
821 3.92772e-09
823 3.85911e-09
825 3.97478e-09
827 4.17172e-09
829 4.06298e-09
831 3.92341e-09
833 3.84654e-09
835 3.99236e-09
837 3.80585e-09
839 3.79892e-09
841 3.57498e-09
843 3.77337e-09
845 3.71132e-09
847 3.52035e-09
849 3.67884e-09
851 3.78641e-09
853 3.4633e-09
855 3.7891e-09
857 3.58798e-09
859 3.95359e-09
861 4.30456e-09
863 4.28716e-09
865 4.16033e-09
867 4.56563e-09
869 4.04734e-09
871 3.85996e-09
873 3.98822e-09
875 4.10674e-09
877 3.96811e-09
879 3.88529e-09
881 3.87373e-09
883 4.33081e-09
885 3.99469e-09
887 3.83604e-09
889 3.97621e-09
891 3.66175e-09
893 4.06141e-09
895 3.67859e-09
897 3.63311e-09
899 3.50205e-09
901 3.72694e-09
903 3.86215e-09
905 3.44264e-09
907 3.79301e-09
909 3.50094e-09
911 3.47445e-09
913 3.6931e-09
915 3.50493e-09
917 3.54221e-09
919 3.28759e-09
921 3.41951e-09
923 3.44871e-09
925 2.96862e-09
927 2.88409e-09
929 3.23131e-09
931 3.30139e-09
933 3.11127e-09
935 3.18723e-09
937 2.98134e-09
939 2.99499e-09
941 3.20173e-09
943 3.21779e-09
945 3.04349e-09
947 2.92892e-09
949 3.04661e-09
951 2.99635e-09
953 2.99383e-09
955 2.9108e-09
957 2.67314e-09
959 2.91112e-09
961 2.91494e-09
963 2.88396e-09
965 2.85777e-09
967 2.87832e-09
969 2.9483e-09
971 2.73975e-09
973 2.9687e-09
975 3.21017e-09
977 3.13551e-09
979 3.24527e-09
981 3.61207e-09
983 4.76246e-09
985 5.40456e-09
987 5.77994e-09
989 5.56348e-09
991 5.88466e-09
993 6.00643e-09
995 5.60345e-09
997 5.7373e-09
999 5.40187e-09
1001 5.1276e-09
1003 5.23072e-09
1005 5.05558e-09
1007 4.89449e-09
1009 4.7049e-09
1011 4.808e-09
1013 4.80689e-09
1015 4.68859e-09
1017 4.75863e-09
1019 4.69018e-09
1021 4.72669e-09
1023 4.90599e-09
1025 4.54879e-09
1027 4.6e-09
1029 4.79429e-09
1031 4.53248e-09
1033 4.85003e-09
1035 4.55794e-09
1037 4.49222e-09
1039 4.35218e-09
1041 4.22852e-09
1043 4.40857e-09
1045 4.13677e-09
1047 4.29597e-09
1049 4.37457e-09
1051 4.3603e-09
1053 4.1392e-09
1055 4.42896e-09
1057 4.40682e-09
1059 4.0653e-09
1061 4.40152e-09
1063 4.81326e-09
1065 4.48974e-09
1067 4.67653e-09
1069 4.85933e-09
1071 4.75627e-09
1073 4.85906e-09
1075 4.99975e-09
1077 4.61918e-09
1079 4.69826e-09
1081 4.61171e-09
1083 4.74308e-09
1085 4.92541e-09
1087 5.31263e-09
1089 5.19847e-09
1091 5.4069e-09
1093 7.92573e-09
1095 9.07763e-09
1097 9.89438e-09
1099 9.3836e-09
1101 9.58824e-09
1103 1.03646e-08
1105 1.32858e-08
1107 1.57211e-08
1109 2.75349e-08
1111 2.30057e-08
1113 1.79739e-11
1115 0
1117 3.57839e-11
1119 0
1121 3.56858e-11
1123 3.56313e-11
1125 0
1127 0
1129 1.76659e-11
1131 0
1133 0
1135 3.52245e-11
1137 0
1139 3.51194e-11
1141 1.75557e-11
1143 1.75295e-11
1145 0
1147 1.74156e-11
1149 0
1151 0
1153 0
1155 3.46626e-11
1157 0
1159 5.18312e-11
1161 0
1163 1.72231e-11
1165 0
1167 1.71362e-11
1169 0
1171 0
1173 0
1175 3.40727e-11
1177 0
1179 5.10169e-11
1181 0
1183 1.68828e-11
1185 0
1187 1.68374e-11
1189 0
1191 0
1193 0
1195 1.67684e-11
1197 3.34768e-11
1199 0
1201 4.98648e-11
1203 0
1205 1.65819e-11
1207 0
1209 0
1211 0
1213 0
1215 0
1217 4.91773e-11
1219 1.63592e-11
1221 3.27182e-11
1223 0
1225 3.26524e-11
1227 0
1229 0
1231 0
1233 0
1235 0
1237 3.22622e-11
1239 3.22462e-11
1241 0
1243 3.21875e-11
1245 0
1247 3.21449e-11
1249 0
1251 0
1253 0
1255 0
1257 1.58887e-11
1259 1.58788e-11
1261 1.58745e-11
1263 1.58617e-11
1265 0
1267 3.16672e-11
1269 3.15465e-11
1271 1.57246e-11
1273 0
1275 1.56636e-11
1277 0
1279 0
1281 0
1283 3.12523e-11
1285 1.55559e-11
1287 1.55428e-11
1289 1.54673e-11
1291 3.09046e-11
1293 1.54485e-11
1295 0
1297 1.54313e-11
1299 1.54204e-11
1301 0
1303 0
1305 0
1307 1.53022e-11
1309 3.04826e-11
1311 1.52264e-11
1313 0
1315 4.56349e-11
1317 1.52022e-11
1319 0
1321 1.51732e-11
1323 1.51317e-11
1325 0
1327 0
1329 0
1331 1.50082e-11
1333 1.49992e-11
1335 4.49824e-11
1337 0
1339 2.99205e-11
1341 1.49398e-11
1343 1.48796e-11
1345 0
1347 1.48029e-11
1349 1.47944e-11
1351 0
1353 0
1355 0
1357 1.47752e-11
1359 1.47613e-11
1361 2.93873e-11
1363 2.92926e-11
1365 1.4615e-11
1367 1.45899e-11
1369 1.45859e-11
1371 0
1373 1.45721e-11
1375 2.91418e-11
1377 0
1379 0
1381 0
1383 0
1385 2.87813e-11
1387 1.43811e-11
1389 1.43792e-11
1391 2.87522e-11
1393 1.43726e-11
1395 1.43665e-11
1397 1.43405e-11
1399 0
1401 1.4274e-11
1403 2.84742e-11
1405 0
1407 0
1409 0
1411 0
1413 1.41726e-11
1415 1.41695e-11
1417 2.82877e-11
1419 2.82116e-11
1421 1.40408e-11
1423 0
1425 0
1427 2.79911e-11
1429 0
1431 1.39786e-11
1433 2.79536e-11
1435 0
1437 0
1439 0
1441 0
1443 0
1445 2.76247e-11
1447 0
1449 5.5149e-11
1451 1.37847e-11
1453 0
1455 0
1457 1.37267e-11
1459 0
1461 2.73879e-11
1463 1.3659e-11
1465 1.36213e-11
1467 0
1469 0
1471 0
1473 0
1475 0
1477 2.71558e-11
1479 0
1481 2.70187e-11
1483 4.04808e-11
1485 0
1487 0
1489 1.34063e-11
1491 0
1493 0
1495 0
1497 2.68114e-11
1499 1.339e-11
1501 1.3353e-11
1503 0
1505 0
1507 0
1509 0
1511 1.32207e-11
1513 0
1515 2.6434e-11
1517 2.642e-11
1519 2.63911e-11
1521 0
1523 0
1525 1.31142e-11
1527 0
1529 0
1531 0
1533 1.30411e-11
1535 1.30411e-11
1537 2.60629e-11
1539 1.30426e-11
1541 0
1543 0
1545 0
1547 1.29045e-11
1549 1.28784e-11
1551 3.8641e-11
1553 2.5729e-11
1555 0
1557 0
1559 1.28303e-11
1561 1.28507e-11
1563 0
1565 0
1567 0
1569 0
1571 2.54178e-11
1573 1.26998e-11
1575 1.26896e-11
1577 1.26929e-11
1579 0
1581 0
1583 0
1585 1.26257e-11
1587 1.26118e-11
1589 3.77624e-11
1591 1.25729e-11
1593 0
1595 2.50648e-11
1597 0
1599 1.25124e-11
1601 0
1603 0
1605 0
1607 1.24261e-11
1609 2.48427e-11
1611 0
1613 1.23734e-11
1615 0
1617 1.23666e-11
1619 0
1621 0
1623 0
1625 1.23189e-11
1627 1.22966e-11
1629 2.45685e-11
1631 2.79579e-11
1633 1.22492e-11
1635 0
1637 1.22026e-11
1639 1.21863e-11
1641 0
1643 0
1645 0
1647 1.21483e-11
1649 1.21365e-11
1651 0
1653 2.41907e-11
1655 0
1657 4.47724e-12
1659 1.20586e-11
1661 0
1663 0
1665 1.20066e-11
1667 1.19928e-11
1669 0
1671 2.39419e-11
1673 3.58749e-11
1675 0
1677 1.19258e-11
1679 0
1681 2.38034e-11
1683 0
1685 0
1687 0
1689 0
1691 1.1836e-11
1693 1.18165e-11
1695 0
1697 2.35741e-11
1699 0
1701 0
1703 0
1705 1.17406e-11
1707 0
1709 2.3397e-11
1711 0
1713 0
1715 1.16465e-11
1717 2.33013e-11
1719 2.32765e-11
1721 6.65294e-12
1723 0
1725 1.16095e-11
1727 1.15818e-11
1729 1.15794e-11
1731 0
1733 0
1735 0
1737 1.15122e-11
1739 1.88169e-11
1741 1.1479e-11
1743 1.14696e-11
1745 0
1747 0
1749 0
1751 0
1753 1.14206e-11
1755 1.13941e-11
1757 0
1759 1.1374e-11
1761 0
1763 1.13442e-11
1765 2.26568e-11
1767 2.26489e-11
1769 8.34184e-12
1771 0
1773 2.2579e-11
1775 0
1777 1.12773e-11
1779 0
1781 1.12209e-11
1783 0
1785 8.83646e-12
1787 1.11925e-11
1789 2.23538e-11
1791 0
1793 1.11612e-11
1795 0
1797 0
1799 0
1801 0
1803 0
1805 2.21381e-11
1807 0
1809 9.68527e-12
1811 0
1813 1.10352e-11
1815 3.30646e-11
1817 1.10242e-11
1819 1.09962e-11
1821 1.09957e-11
1823 0
1825 1.0982e-11
1827 1.09377e-11
1829 0
1831 0
1833 2.18032e-11
1835 0
1837 1.08753e-11
1839 0
1841 1.08696e-11
1843 2.17303e-11
1845 0
1847 1.08473e-11
1849 0
1851 0
1853 0
1855 2.18752e-11
1857 0
1859 0
1861 1.07483e-11
1863 1.07408e-11
1865 1.08421e-11
1867 1.07215e-11
1869 2.14994e-11
1871 1.07085e-11
1873 2.13668e-11
1875 1.067e-11
1877 1.06408e-11
1879 0
1881 1.06216e-11
1883 1.07603e-11
1885 1.06147e-11
1887 1.06034e-11
1889 1.05926e-11
1891 1.05929e-11
1893 0
1895 0
1897 0
1899 2.10564e-11
1901 1.05349e-11
1903 0
1905 1.0493e-11
1907 0
1909 0
1911 0
1913 0
1915 1.04484e-11
1917 1.04386e-11
1919 1.04218e-11
1921 0
1923 0
1925 2.07674e-11
1927 3.12793e-11
1929 1.03603e-11
1931 1.04925e-11
1933 2.07048e-11
1935 0
1937 0
1939 1.03338e-11
1941 0
1943 2.05852e-11
1945 1.0296e-11
1947 0
1949 1.0247e-11
1951 0
1953 0
1955 2.04936e-11
1957 0
1959 3.07873e-11
1961 1.02434e-11
1963 0
1965 1.01796e-11
1967 1.0315e-11
1969 3.06165e-11
1971 0
1973 0
1975 0
1977 1.0111e-11
1979 1.01054e-11
1981 0
1983 2.03341e-11
1985 0
1987 2.01504e-11
1989 1.00611e-11
1991 3.01967e-11
1993 0
1995 0
1997 0
1999 1.00025e-11
