1 0
3 0
5 0
7 0
9 0
11 0
13 0
15 0
17 0
19 1.29779e-08
21 4.42629e-07
23 2.2451e-06
25 6.02184e-06
27 1.10342e-05
29 1.60761e-05
31 2.06877e-05
33 2.35731e-05
35 2.4945e-05
37 2.51927e-05
39 2.47261e-05
41 2.37453e-05
43 2.2665e-05
45 2.12162e-05
47 1.98375e-05
49 1.83678e-05
51 1.70685e-05
53 1.57273e-05
55 1.45003e-05
57 1.33554e-05
59 1.22766e-05
61 1.12662e-05
63 1.03668e-05
65 9.5247e-06
67 8.77465e-06
69 8.16204e-06
71 7.58087e-06
73 7.00563e-06
75 6.45802e-06
77 6.00946e-06
79 5.59185e-06
81 5.24953e-06
83 4.8624e-06
85 4.54006e-06
87 4.21068e-06
89 3.96045e-06
91 3.68877e-06
93 3.47676e-06
95 3.28516e-06
97 3.08734e-06
99 2.88711e-06
101 2.7204e-06
103 2.56423e-06
105 2.40907e-06
107 2.26454e-06
109 2.14007e-06
111 2.02213e-06
113 1.90907e-06
115 1.82216e-06
117 1.74907e-06
119 1.66244e-06
121 1.57951e-06
123 1.49375e-06
125 1.4235e-06
127 1.34794e-06
129 1.28076e-06
131 1.21902e-06
133 1.15318e-06
135 1.09436e-06
137 1.04485e-06
139 9.95255e-07
141 9.53214e-07
143 9.07795e-07
145 8.69554e-07
147 8.29879e-07
149 7.95336e-07
151 7.56392e-07
153 7.29183e-07
155 7.02502e-07
157 6.77402e-07
159 6.57301e-07
161 6.28758e-07
163 6.00794e-07
165 5.78145e-07
167 5.55695e-07
169 5.29584e-07
171 5.14163e-07
173 5.06325e-07
175 4.90833e-07
177 4.6723e-07
179 4.48277e-07
181 4.35446e-07
183 4.17751e-07
185 4.00171e-07
187 3.86944e-07
189 3.72512e-07
191 3.57537e-07
193 3.49719e-07
195 3.43204e-07
197 3.32413e-07
199 3.21844e-07
201 3.12791e-07
203 3.00988e-07
205 2.92949e-07
207 2.82827e-07
209 2.71021e-07
211 2.634e-07
213 2.5906e-07
215 2.46966e-07
217 2.39127e-07
219 2.33301e-07
221 2.26297e-07
223 2.18322e-07
225 2.11736e-07
227 2.06789e-07
229 2.00377e-07
231 1.94197e-07
233 1.87581e-07
235 1.85503e-07
237 1.75756e-07
239 1.76625e-07
241 1.64749e-07
243 1.669e-07
245 1.57252e-07
247 1.56755e-07
249 1.48761e-07
251 1.48892e-07
253 1.41514e-07
255 1.39293e-07
257 1.37585e-07
259 1.35704e-07
261 1.31158e-07
263 1.29884e-07
265 1.23977e-07
267 1.2189e-07
269 1.19834e-07
271 1.15395e-07
273 1.13536e-07
275 1.09785e-07
277 1.08996e-07
279 1.06779e-07
281 1.02298e-07
283 1.01995e-07
285 9.92842e-08
287 9.57352e-08
289 9.33266e-08
291 9.38378e-08
293 8.85578e-08
295 8.79219e-08
297 8.75239e-08
299 8.30679e-08
301 8.22861e-08
303 8.20866e-08
305 7.91004e-08
307 7.75686e-08
309 7.68874e-08
311 7.27127e-08
313 7.35662e-08
315 7.13065e-08
317 6.92352e-08
319 6.74689e-08
321 6.76122e-08
323 6.44145e-08
325 6.32069e-08
327 6.2617e-08
329 6.407e-08
331 5.96219e-08
333 5.85998e-08
335 5.84688e-08
337 5.80978e-08
339 5.62281e-08
341 5.37063e-08
343 5.35014e-08
345 5.40043e-08
347 5.14173e-08
349 5.03012e-08
351 4.8793e-08
353 4.89574e-08
355 4.87285e-08
357 4.60575e-08
359 4.48184e-08
361 4.60476e-08
363 4.47795e-08
365 4.6068e-08
367 4.2592e-08
369 4.28713e-08
371 4.21636e-08
373 4.14573e-08
375 4.22844e-08
377 3.87645e-08
379 3.96805e-08
381 3.82537e-08
383 3.74854e-08
385 3.80783e-08
387 3.52162e-08
389 3.61895e-08
391 3.51254e-08
393 3.40371e-08
395 3.43646e-08
397 3.308e-08
399 3.24903e-08
401 3.22393e-08
403 3.13779e-08
405 3.07122e-08
407 3.16096e-08
409 3.16573e-08
411 3.08931e-08
413 2.98807e-08
415 3.01256e-08
417 2.93978e-08
419 2.8391e-08
421 2.88527e-08
423 2.76249e-08
425 2.65641e-08
427 2.72628e-08
429 2.61041e-08
431 2.64483e-08
433 2.45571e-08
435 2.53786e-08
437 2.43848e-08
439 2.40437e-08
441 2.40963e-08
443 2.32438e-08
445 2.28995e-08
447 2.23392e-08
449 2.21083e-08
451 2.174e-08
453 2.01601e-08
455 2.24415e-08
457 2.09163e-08
459 2.06308e-08
461 1.99168e-08
463 2.05991e-08
465 2.0209e-08
467 2.03893e-08
469 1.94258e-08
471 2.0782e-08
473 1.98229e-08
475 1.95418e-08
477 1.89194e-08
479 1.90298e-08
481 1.81782e-08
483 1.79493e-08
485 1.73944e-08
487 1.74436e-08
489 1.7504e-08
491 1.74401e-08
493 1.61623e-08
495 1.67047e-08
497 1.62461e-08
499 1.57001e-08
501 1.5478e-08
503 1.52175e-08
505 1.44705e-08
507 1.49259e-08
509 1.51567e-08
511 1.4619e-08
513 1.41342e-08
515 1.37396e-08
517 1.4219e-08
519 1.30958e-08
521 1.33878e-08
523 1.33581e-08
525 1.24582e-08
527 1.23293e-08
529 1.29045e-08
531 1.25159e-08
533 1.24498e-08
535 1.1831e-08
537 1.20017e-08
539 1.16995e-08
541 1.09598e-08
543 1.14177e-08
545 1.20077e-08
547 1.226e-08
549 1.15055e-08
551 1.1466e-08
553 1.15151e-08
555 1.15312e-08
557 1.14043e-08
559 1.08733e-08
561 1.04948e-08
563 1.07192e-08
565 9.96862e-09
567 9.89465e-09
569 1.01265e-08
571 1.00901e-08
573 9.76541e-09
575 8.85315e-09
577 9.72388e-09
579 9.31554e-09
581 9.46813e-09
583 8.91442e-09
585 9.43184e-09
587 8.49384e-09
589 8.72486e-09
591 8.66595e-09
593 8.57702e-09
595 8.28477e-09
597 8.44721e-09
599 9.25015e-09
601 8.92212e-09
603 7.95051e-09
605 8.20226e-09
607 8.17845e-09
609 8.37519e-09
611 8.26229e-09
613 8.27654e-09
615 7.74527e-09
617 7.90665e-09
619 7.98473e-09
621 7.40865e-09
623 7.37392e-09
625 7.20317e-09
627 7.42969e-09
629 7.10545e-09
631 6.99889e-09
633 6.78696e-09
635 6.41503e-09
637 6.43318e-09
639 6.94181e-09
641 6.56669e-09
643 6.55437e-09
645 6.45871e-09
647 6.19955e-09
649 6.19943e-09
651 6.03465e-09
653 6.33069e-09
655 6.09379e-09
657 6.03387e-09
659 6.64137e-09
661 6.53558e-09
663 6.88719e-09
665 6.15026e-09
667 6.01917e-09
669 6.33113e-09
671 6.00096e-09
673 6.25675e-09
675 6.1048e-09
677 5.88546e-09
679 5.98609e-09
681 5.90316e-09
683 5.5171e-09
685 5.79374e-09
687 5.87149e-09
689 5.55672e-09
691 5.37132e-09
693 5.81334e-09
695 5.60776e-09
697 5.15488e-09
699 5.47018e-09
701 4.70328e-09
703 4.66246e-09
705 6.26633e-09
707 6.46179e-09
709 6.40974e-09
711 6.76121e-09
713 7.16183e-09
715 6.51856e-09
717 6.4413e-09
719 6.12234e-09
721 5.54525e-09
723 5.6283e-09
725 5.545e-09
727 5.38488e-09
729 5.65148e-09
731 5.60336e-09
733 5.97335e-09
735 6.19205e-09
737 6.65547e-09
739 7.41115e-09
741 7.36218e-09
743 7.20744e-09
745 7.15633e-09
747 6.98506e-09
749 7.02983e-09
751 6.96615e-09
753 6.91144e-09
755 7.02016e-09
757 6.70221e-09
759 6.64221e-09
761 6.80137e-09
763 6.4075e-09
765 6.41137e-09
767 6.77201e-09
769 6.13127e-09
771 6.54008e-09
773 6.6837e-09
775 6.64253e-09
777 6.46452e-09
779 6.61462e-09
781 6.4705e-09
783 6.43242e-09
785 6.64055e-09
787 6.31166e-09
789 6.22017e-09
791 6.56661e-09
793 6.31499e-09
795 6.71992e-09
797 6.44197e-09
799 6.00438e-09
801 6.48198e-09
803 7.31178e-09
805 7.71493e-09
807 7.7895e-09
809 7.56615e-09
811 8.20567e-09
813 7.97661e-09
815 1.11907e-08
817 1.40804e-08
819 1.76266e-08
821 2.09115e-08
823 4.54784e-08
825 5.95701e-10
827 0
829 0
831 0
833 0
835 0
837 0
839 0
841 0
843 0
845 0
847 0
849 0
851 0
853 0
855 0
857 0
859 0
861 0
863 0
865 0
867 0
869 0
871 0
873 0
875 0
877 0
879 0
881 0
883 0
885 0
887 0
889 0
891 0
893 0
895 0
897 0
899 0
901 0
903 0
905 0
907 0
909 0
911 0
913 0
915 0
917 0
919 0
921 0
923 0
925 0
927 0
929 0
931 0
933 0
935 0
937 0
939 0
941 0
943 0
945 0
947 0
949 0
951 0
953 0
955 0
957 0
959 0
961 0
963 0
965 0
967 0
969 0
971 0
973 0
975 0
977 0
979 0
981 0
983 0
985 0
987 0
989 0
991 0
993 0
995 0
997 0
999 0
1001 0
1003 0
1005 0
1007 0
1009 0
1011 0
1013 0
1015 0
1017 0
1019 0
1021 0
1023 0
1025 0
1027 0
1029 0
1031 0
1033 0
1035 0
1037 0
1039 0
1041 0
1043 0
1045 0
1047 0
1049 0
1051 0
1053 0
1055 0
1057 0
1059 0
1061 0
1063 0
1065 0
1067 0
1069 0
1071 0
1073 0
1075 0
1077 0
1079 0
1081 0
1083 0
1085 0
1087 0
1089 0
1091 0
1093 0
1095 0
1097 0
1099 0
1101 0
1103 0
1105 0
1107 0
1109 0
1111 0
1113 0
1115 0
1117 0
1119 0
1121 0
1123 0
1125 0
1127 0
1129 0
1131 0
1133 0
1135 0
1137 0
1139 0
1141 0
1143 0
1145 0
1147 0
1149 0
1151 0
1153 0
1155 0
1157 0
1159 0
1161 0
1163 0
1165 0
1167 0
1169 0
1171 0
1173 0
1175 0
1177 0
1179 0
1181 0
1183 0
1185 0
1187 0
1189 0
1191 0
1193 0
1195 0
1197 0
1199 0
1201 0
1203 0
1205 0
1207 0
1209 0
1211 0
1213 0
1215 0
1217 0
1219 0
1221 0
1223 0
1225 0
1227 0
1229 0
1231 0
1233 0
1235 0
1237 0
1239 0
1241 0
1243 0
1245 0
1247 0
1249 0
1251 0
1253 0
1255 0
1257 0
1259 0
1261 0
1263 0
1265 0
1267 0
1269 0
1271 0
1273 0
1275 0
1277 0
1279 0
1281 0
1283 0
1285 0
1287 0
1289 0
1291 0
1293 0
1295 0
1297 0
1299 0
1301 0
1303 0
1305 0
1307 0
1309 0
1311 0
1313 0
1315 0
1317 0
1319 0
1321 0
1323 0
1325 0
1327 0
1329 0
1331 0
1333 0
1335 0
1337 0
1339 0
1341 0
1343 0
1345 0
1347 0
1349 0
1351 0
1353 0
1355 0
1357 0
1359 0
1361 0
1363 0
1365 0
1367 0
1369 0
1371 0
1373 0
1375 0
1377 0
1379 0
1381 0
1383 0
1385 0
1387 0
1389 0
1391 0
1393 0
1395 0
1397 0
1399 0
1401 0
1403 0
1405 0
1407 0
1409 0
1411 0
1413 0
1415 0
1417 0
1419 0
1421 0
1423 0
1425 0
1427 0
1429 0
1431 0
1433 0
1435 0
1437 0
1439 0
1441 0
1443 0
1445 0
1447 0
1449 0
1451 0
1453 0
1455 0
1457 0
1459 0
1461 0
1463 0
1465 0
1467 0
1469 0
1471 0
1473 0
1475 0
1477 0
1479 0
1481 0
1483 0
1485 0
1487 0
1489 0
1491 0
1493 0
1495 0
1497 0
1499 0
1501 0
1503 0
1505 0
1507 0
1509 0
1511 0
1513 0
1515 0
1517 0
1519 0
1521 0
1523 0
1525 0
1527 0
1529 0
1531 0
1533 0
1535 0
1537 0
1539 0
1541 0
1543 0
1545 0
1547 0
1549 0
1551 0
1553 0
1555 0
1557 0
1559 0
1561 0
1563 0
1565 0
1567 0
1569 0
1571 0
1573 0
1575 0
1577 0
1579 0
1581 0
1583 0
1585 0
1587 0
1589 0
1591 0
1593 0
1595 0
1597 0
1599 0
1601 0
1603 0
1605 0
1607 0
1609 0
1611 0
1613 0
1615 0
1617 0
1619 0
1621 0
1623 0
1625 0
1627 0
1629 0
1631 0
1633 0
1635 0
1637 0
1639 0
1641 0
1643 0
1645 0
1647 0
1649 0
1651 0
1653 0
1655 0
1657 0
1659 0
1661 0
1663 0
1665 0
1667 0
1669 0
1671 0
1673 0
1675 0
1677 0
1679 0
1681 0
1683 0
1685 0
1687 0
1689 0
1691 0
1693 0
1695 0
1697 0
1699 0
1701 0
1703 0
1705 0
1707 0
1709 0
1711 0
1713 0
1715 0
1717 0
1719 0
1721 0
1723 0
1725 0
1727 0
1729 0
1731 0
1733 0
1735 0
1737 0
1739 0
1741 0
1743 0
1745 0
1747 0
1749 0
1751 0
1753 0
1755 0
1757 0
1759 0
1761 0
1763 0
1765 0
1767 0
1769 0
1771 0
1773 0
1775 0
1777 0
1779 0
1781 0
1783 0
1785 0
1787 0
1789 0
1791 0
1793 0
1795 0
1797 0
1799 0
1801 0
1803 0
1805 0
1807 0
1809 0
1811 0
1813 0
1815 0
1817 0
1819 0
1821 0
1823 0
1825 0
1827 0
1829 0
1831 0
1833 0
1835 0
1837 0
1839 0
1841 0
1843 0
1845 0
1847 0
1849 0
1851 0
1853 0
1855 0
1857 0
1859 0
1861 0
1863 0
1865 0
1867 0
1869 0
1871 0
1873 0
1875 0
1877 0
1879 0
1881 0
1883 0
1885 0
1887 0
1889 0
1891 0
1893 0
1895 0
1897 0
1899 0
1901 0
1903 0
1905 0
1907 0
1909 0
1911 0
1913 0
1915 0
1917 0
1919 0
1921 0
1923 0
1925 0
1927 0
1929 0
1931 0
1933 0
1935 0
1937 0
1939 0
1941 0
1943 0
1945 0
1947 0
1949 0
1951 0
1953 0
1955 0
1957 0
1959 0
1961 0
1963 0
1965 0
1967 0
1969 0
1971 0
1973 0
1975 0
1977 0
1979 0
1981 0
1983 0
1985 0
1987 0
1989 0
1991 0
1993 0
1995 0
1997 0
1999 0
