1.09967 2.04008e-08
3.099 2.23324e-08
5.09833 2.32288e-08
7.09767 2.48174e-08
9.097 2.69238e-08
11.0963 2.90238e-08
13.0957 3.0215e-08
15.095 3.30455e-08
17.0943 3.56783e-08
19.0937 3.75761e-08
21.093 4.19825e-08
23.0923 4.52011e-08
25.0917 4.74446e-08
27.091 5.31263e-08
29.0903 5.67451e-08
31.0897 6.22609e-08
33.089 6.73972e-08
35.0883 7.3698e-08
37.0877 8.09913e-08
39.087 8.89336e-08
41.0863 9.62744e-08
43.0857 1.06153e-07
45.085 1.16543e-07
47.0843 1.25452e-07
49.0837 1.3826e-07
51.083 1.51331e-07
53.0823 1.66171e-07
55.0817 1.8007e-07
57.081 1.97055e-07
59.0803 2.15156e-07
61.0797 2.35381e-07
63.079 2.56118e-07
65.0783 2.80181e-07
67.0777 3.04232e-07
69.077 3.33955e-07
71.0763 3.62497e-07
73.0757 3.97431e-07
75.075 4.32553e-07
77.0743 4.73831e-07
79.0737 5.18665e-07
81.073 5.63991e-07
83.0723 6.17217e-07
85.0717 6.75629e-07
87.071 7.37266e-07
89.0703 8.06019e-07
91.0697 8.84506e-07
93.069 9.63785e-07
95.0683 1.05551e-06
97.0677 1.15725e-06
99.067 1.26462e-06
101.066 1.38315e-06
103.066 1.51593e-06
105.065 1.67923e-06
107.064 1.82735e-06
109.064 1.95959e-06
111.063 2.15798e-06
113.062 2.38278e-06
115.062 2.60146e-06
117.061 2.85648e-06
119.06 3.11447e-06
121.06 3.41631e-06
123.059 3.73366e-06
125.058 4.08085e-06
127.058 4.45473e-06
129.057 4.86157e-06
131.056 5.30147e-06
133.056 5.78425e-06
135.055 6.31019e-06
137.054 6.867e-06
139.054 7.48511e-06
141.053 8.13263e-06
143.052 8.8301e-06
145.052 9.60396e-06
147.051 1.03623e-05
149.05 1.12164e-05
151.05 1.21625e-05
153.049 1.30792e-05
155.048 1.40568e-05
157.048 1.51031e-05
159.047 1.61438e-05
161.046 1.72002e-05
163.046 1.82515e-05
165.045 1.92518e-05
167.044 2.03041e-05
169.044 2.11957e-05
171.043 2.2005e-05
173.042 2.25505e-05
175.042 2.29431e-05
177.041 2.30206e-05
179.04 2.29113e-05
181.04 2.25255e-05
183.039 2.17133e-05
185.038 2.05174e-05
187.038 1.88326e-05
189.037 1.68127e-05
191.036 1.43765e-05
193.036 1.16159e-05
195.035 9.011e-06
197.034 6.74135e-06
199.034 4.69141e-06
201.033 2.94172e-06
203.032 1.6701e-06
205.032 8.03111e-07
207.031 3.9809e-07
209.03 1.11467e-07
211.03 3.34618e-08
213.029 8.44294e-10
215.028 0
217.028 0
219.027 0
221.026 0
223.026 0
225.025 0
227.024 0
229.024 0
231.023 0
233.022 0
235.022 0
237.021 0
239.02 0
241.02 0
243.019 0
245.018 0
247.018 0
249.017 0
251.016 0
253.016 0
255.015 0
257.014 0
259.014 0
261.013 0
263.012 0
265.012 0
267.011 0
269.01 0
271.01 0
273.009 0
275.008 0
277.008 0
279.007 0
281.006 0
283.006 0
285.005 0
287.004 0
289.004 0
291.003 0
293.002 0
295.002 0
297.001 0
299 0
