1 0
3 0
5 0
7 0
9 0
11 0
13 0
15 0
17 0
19 0
21 0
23 0
25 0
27 0
29 0
31 0
33 0
35 8.44294e-10
37 5.11877e-08
39 2.39162e-07
41 7.119e-07
43 1.55992e-06
45 2.74797e-06
47 4.27447e-06
49 5.81006e-06
51 7.3712e-06
53 8.98852e-06
55 1.05924e-05
57 1.1924e-05
59 1.28483e-05
61 1.35095e-05
63 1.39701e-05
65 1.41951e-05
67 1.41534e-05
69 1.41974e-05
71 1.39933e-05
73 1.36891e-05
75 1.34299e-05
77 1.30272e-05
79 1.26467e-05
81 1.22791e-05
83 1.17478e-05
85 1.1336e-05
87 1.08804e-05
89 1.03454e-05
91 9.95025e-06
93 9.51936e-06
95 9.06752e-06
97 8.6815e-06
99 8.29412e-06
101 7.89267e-06
103 7.53717e-06
105 7.19513e-06
107 6.89124e-06
109 6.55212e-06
111 6.25871e-06
113 5.96213e-06
115 5.70356e-06
117 5.44106e-06
119 5.18776e-06
121 4.96769e-06
123 4.75269e-06
125 4.54421e-06
127 4.35334e-06
129 4.16504e-06
131 3.99832e-06
133 3.81815e-06
135 3.64426e-06
137 3.50924e-06
139 3.36239e-06
141 3.22274e-06
143 3.10221e-06
145 2.99149e-06
147 2.87254e-06
149 2.75684e-06
151 2.64006e-06
153 2.54087e-06
155 2.44451e-06
157 2.35339e-06
159 2.27589e-06
161 2.1867e-06
163 2.10977e-06
165 2.02373e-06
167 1.95689e-06
169 1.89663e-06
171 1.8085e-06
173 1.75639e-06
175 1.69994e-06
177 1.63977e-06
179 1.57378e-06
181 1.53179e-06
183 1.48224e-06
185 1.42642e-06
187 1.37926e-06
189 1.33492e-06
191 1.30093e-06
193 1.24502e-06
195 1.21722e-06
197 1.17452e-06
199 1.13527e-06
201 1.10971e-06
203 1.06614e-06
205 1.03146e-06
207 1.01159e-06
209 9.7095e-07
211 9.48976e-07
213 9.22553e-07
215 8.89987e-07
217 8.68086e-07
219 8.37299e-07
221 8.15804e-07
223 7.99709e-07
225 7.6743e-07
227 7.53111e-07
229 7.29789e-07
231 7.09472e-07
233 6.91881e-07
235 6.70054e-07
237 6.57583e-07
239 6.30468e-07
241 6.23808e-07
243 5.98087e-07
245 5.88865e-07
247 5.73177e-07
249 5.57058e-07
251 5.43498e-07
253 5.26065e-07
255 5.16952e-07
257 5.02016e-07
259 4.93954e-07
261 4.73351e-07
263 4.71199e-07
265 4.51511e-07
267 4.46595e-07
269 4.29937e-07
271 4.27997e-07
273 4.09079e-07
275 4.02896e-07
277 3.89031e-07
279 3.83265e-07
281 3.70111e-07
283 3.68397e-07
285 3.50748e-07
287 3.48122e-07
289 3.37222e-07
291 3.28735e-07
293 3.19793e-07
295 3.27775e-07
297 3.19071e-07
299 3.09674e-07
301 3.03686e-07
303 3.02117e-07
305 2.89228e-07
307 2.84669e-07
309 2.82045e-07
311 2.65786e-07
313 2.69024e-07
315 2.62088e-07
317 2.50892e-07
319 2.51217e-07
321 2.41562e-07
323 2.39548e-07
325 2.34491e-07
327 2.28362e-07
329 2.28335e-07
331 2.21576e-07
333 2.17342e-07
335 2.1467e-07
337 2.06979e-07
339 2.06036e-07
341 1.9919e-07
343 1.9811e-07
345 1.92903e-07
347 1.90787e-07
349 1.85031e-07
351 1.83334e-07
353 1.77808e-07
355 1.77817e-07
357 1.69349e-07
359 1.72047e-07
361 1.64478e-07
363 1.65338e-07
365 1.59073e-07
367 1.5848e-07
369 1.53799e-07
371 1.54087e-07
373 1.4938e-07
375 1.47408e-07
377 1.42831e-07
379 1.41948e-07
381 1.41097e-07
383 1.3665e-07
385 1.34628e-07
387 1.33156e-07
389 1.28772e-07
391 1.301e-07
393 1.25888e-07
395 1.21721e-07
397 1.24017e-07
399 1.19202e-07
401 1.15993e-07
403 1.19374e-07
405 1.14359e-07
407 1.09979e-07
409 1.13332e-07
411 1.08603e-07
413 1.06188e-07
415 1.06974e-07
417 1.02751e-07
419 1.02995e-07
421 1.00837e-07
423 9.88378e-08
425 9.76476e-08
427 9.68116e-08
429 9.54524e-08
431 9.21125e-08
433 9.2737e-08
435 9.04529e-08
437 8.87553e-08
439 8.97435e-08
441 8.45131e-08
443 8.56643e-08
445 8.4323e-08
447 8.31531e-08
449 8.12064e-08
451 8.02722e-08
453 7.95724e-08
455 7.91433e-08
457 7.66852e-08
459 7.61005e-08
461 7.45053e-08
463 7.46886e-08
465 7.36757e-08
467 7.08379e-08
469 7.19238e-08
471 7.09044e-08
473 6.90145e-08
475 6.69616e-08
477 6.873e-08
479 6.72683e-08
481 6.49719e-08
483 6.37491e-08
485 6.44454e-08
487 6.35854e-08
489 6.25075e-08
491 6.16191e-08
493 5.94994e-08
495 6.12211e-08
497 5.84171e-08
499 5.93091e-08
501 5.7238e-08
503 5.77389e-08
505 5.65141e-08
507 5.43977e-08
509 5.5048e-08
511 5.56662e-08
513 5.2943e-08
515 5.3117e-08
517 5.14155e-08
519 5.14708e-08
521 5.29464e-08
523 4.97144e-08
525 4.90738e-08
527 4.92191e-08
529 4.83923e-08
531 4.92931e-08
533 4.81542e-08
535 4.6004e-08
537 4.65824e-08
539 4.58945e-08
541 4.62101e-08
543 4.53649e-08
545 4.46504e-08
547 4.33353e-08
549 4.36299e-08
551 4.35847e-08
553 4.37462e-08
555 4.19778e-08
557 4.09496e-08
559 4.10401e-08
561 4.09871e-08
563 4.0723e-08
565 4.07213e-08
567 3.90105e-08
569 3.94033e-08
571 3.9361e-08
573 3.82622e-08
575 3.90553e-08
577 3.77443e-08
579 3.69356e-08
581 3.71716e-08
583 3.6415e-08
585 3.61375e-08
587 3.60603e-08
589 3.60398e-08
591 3.45652e-08
593 3.51471e-08
595 3.51179e-08
597 3.39811e-08
599 3.43847e-08
601 3.37946e-08
603 3.3907e-08
605 3.30542e-08
607 3.25747e-08
609 3.2596e-08
611 3.25118e-08
613 3.24443e-08
615 3.151e-08
617 3.11827e-08
619 3.16616e-08
621 3.08002e-08
623 3.13152e-08
625 3.00966e-08
627 3.05633e-08
629 3.02244e-08
631 2.92822e-08
633 3.00385e-08
635 2.95069e-08
637 2.94491e-08
639 2.81831e-08
641 2.91059e-08
643 2.81125e-08
645 2.82113e-08
647 2.85025e-08
649 2.81499e-08
651 2.77494e-08
653 2.72354e-08
655 2.70462e-08
657 2.69468e-08
659 2.74642e-08
661 2.75023e-08
663 2.72743e-08
665 2.62938e-08
667 2.64034e-08
669 2.60259e-08
671 2.64991e-08
673 2.58989e-08
675 2.65287e-08
677 2.63741e-08
679 2.51287e-08
681 2.59237e-08
683 2.52592e-08
685 2.54273e-08
687 2.49289e-08
689 2.58646e-08
691 2.62113e-08
693 2.51156e-08
695 2.55716e-08
697 2.49417e-08
699 2.55298e-08
701 2.52478e-08
703 2.58164e-08
705 2.63654e-08
707 2.61244e-08
709 2.68672e-08
711 2.62773e-08
713 2.77177e-08
715 2.69606e-08
717 2.82058e-08
719 2.94388e-08
721 2.89861e-08
723 2.92778e-08
725 3.08651e-08
727 3.14179e-08
729 3.35573e-08
731 3.5383e-08
733 3.58959e-08
735 3.84648e-08
737 4.31712e-08
739 4.79599e-08
741 5.79717e-08
743 7.54499e-08
745 1.3952e-07
747 0
749 0
751 0
753 0
755 0
757 0
759 0
761 0
763 0
765 0
767 0
769 0
771 0
773 0
775 0
777 0
779 0
781 0
783 0
785 0
787 0
789 0
791 0
793 0
795 0
797 0
799 0
801 0
803 0
805 0
807 0
809 0
811 0
813 0
815 0
817 0
819 0
821 0
823 0
825 0
827 0
829 0
831 0
833 0
835 0
837 0
839 0
841 0
843 0
845 0
847 0
849 0
851 0
853 0
855 0
857 0
859 0
861 0
863 0
865 0
867 0
869 0
871 0
873 0
875 0
877 0
879 0
881 0
883 0
885 0
887 0
889 0
891 0
893 0
895 0
897 0
899 0
901 0
903 0
905 0
907 0
909 0
911 0
913 0
915 0
917 3.27809e-11
919 0
921 0
923 3.54405e-11
925 0
927 0
929 0
931 3.20091e-11
933 0
935 0
937 3.15696e-11
939 4.47724e-12
941 0
943 0
945 3.13433e-11
947 0
949 0
951 3.11e-11
953 0
955 0
957 0
959 3.08946e-11
961 0
963 0
965 3.0625e-11
967 0
969 0
971 0
973 3.03998e-11
975 0
977 6.65294e-12
979 0
981 3.01492e-11
983 0
985 0
987 0
989 3.71033e-11
991 0
993 0
995 2.97155e-11
997 0
999 0
1001 0
1003 2.93087e-11
1005 0
1007 8.34184e-12
1009 0
1011 2.92922e-11
1013 0
1015 0
1017 8.83646e-12
1019 0
1021 2.86797e-11
1023 0
1025 0
1027 0
1029 2.88104e-11
1031 0
1033 9.68527e-12
1035 0
1037 2.82188e-11
1039 0
1041 0
1043 0
1045 2.815e-11
1047 0
1049 0
1051 0
1053 2.78534e-11
1055 0
1057 0
1059 0
1061 4.9501e-11
1063 0
1065 0
1067 1.08421e-11
1069 1.07801e-11
1071 2.74807e-11
1073 0
1075 0
1077 1.07603e-11
1079 0
1081 2.70426e-11
1083 0
1085 0
1087 0
1089 2.7009e-11
1091 0
1093 0
1095 0
1097 0
1099 2.65113e-11
1101 0
1103 0
1105 0
1107 3.69666e-11
1109 3.68265e-11
1111 0
1113 0
1115 0
1117 2.6238e-11
1119 2.62661e-11
1121 0
1123 0
1125 1.02666e-11
1127 3.61647e-11
1129 3.59478e-11
1131 0
1133 1.0315e-11
1135 2.04733e-11
1137 2.57688e-11
1139 2.56321e-11
1141 0
1143 0
1145 1.02341e-11
1147 0
1149 6.09606e-11
1151 0
1153 0
1155 0
1157 0
1159 2.50679e-11
1161 2.50311e-11
1163 1.00731e-11
1165 0
1167 0
1169 9.96899e-12
1171 5.97669e-11
1173 0
1175 0
1177 0
1179 9.91879e-12
1181 9.89563e-12
1183 4.93762e-11
1185 0
1187 0
1189 0
1191 0
1193 5.83372e-11
1195 1.96169e-11
1197 0
1199 0
1201 9.7565e-12
1203 2.41439e-11
1205 2.40891e-11
1207 0
1209 9.66802e-12
1211 9.69321e-12
1213 0
1215 2.39103e-11
1217 2.39491e-11
1219 0
1221 0
1223 0
1225 9.5669e-12
1227 2.35091e-11
1229 3.30526e-11
1231 0
1233 9.5777e-12
1235 0
1237 0
1239 3.2892e-11
1241 2.33283e-11
1243 0
1245 0
1247 2.83214e-11
1249 0
1251 2.32101e-11
1253 4.19497e-11
1255 9.38379e-12
1257 0
1259 0
1261 9.35365e-12
1263 3.21382e-11
1265 9.31025e-12
1267 2.28331e-11
1269 9.34925e-12
1271 0
1273 0
1275 2.26008e-11
1277 9.30473e-12
1279 3.1683e-11
1281 9.25524e-12
1283 0
1285 0
1287 0
1289 3.15656e-11
1291 0
1293 2.22425e-11
1295 0
1297 0
1299 9.12027e-12
1301 9.13475e-12
1303 2.21573e-11
1305 0
1307 0
1309 2.20187e-11
1311 9.06782e-12
1313 9.07972e-12
1315 0
1317 0
1319 3.07922e-11
1321 0
1323 2.17501e-11
1325 0
1327 0
1329 0
1331 2.15408e-11
1333 3.03844e-11
1335 0
1337 4.29872e-11
1339 8.88768e-12
1341 0
1343 2.13269e-11
1345 8.89538e-12
1347 0
1349 2.12322e-11
1351 2.11449e-11
1353 2.11273e-11
1355 1.76322e-11
1357 0
1359 2.11182e-11
1361 1.76249e-11
1363 2.09815e-11
1365 2.09229e-11
1367 2.96747e-11
1369 0
1371 0
1373 0
1375 2.08287e-11
1377 0
1379 2.94407e-11
1381 2.06971e-11
1383 2.06343e-11
1385 0
1387 0
1389 8.62247e-12
1391 2.05506e-11
1393 0
1395 2.04992e-11
1397 2.04565e-11
1399 1.72651e-11
1401 2.03808e-11
1403 2.03256e-11
1405 0
1407 2.02283e-11
1409 0
1411 2.0216e-11
1413 8.57332e-12
1415 2.01868e-11
1417 2.01063e-11
1419 2.00395e-11
1421 4.56595e-11
1423 1.99862e-11
1425 1.70099e-11
1427 0
1429 1.99561e-11
1431 0
1433 3.96999e-11
1435 2.82827e-11
1437 2.82142e-11
1439 1.97624e-11
1441 0
1443 0
1445 1.96532e-11
1447 8.40848e-12
1449 1.95968e-11
1451 1.95867e-11
1453 1.95423e-11
1455 4.73648e-11
1457 8.36755e-12
1459 0
1461 0
1463 1.93853e-11
1465 8.35957e-12
1467 2.76946e-11
1469 2.76143e-11
1471 0
1473 3.84977e-11
1475 1.91981e-11
1477 0
1479 0
1481 1.91029e-11
1483 1.65538e-11
1485 8.2472e-12
1487 4.63089e-11
1489 0
1491 3.79203e-11
1493 1.89475e-11
1495 0
1497 1.64619e-11
1499 1.88478e-11
1501 8.20611e-12
1503 0
1505 3.74986e-11
1507 0
1509 0
1511 5.60125e-11
1513 1.63363e-11
1515 8.16789e-12
1517 0
1519 3.48939e-11
1521 8.1249e-12
1523 0
1525 5.31843e-11
1527 8.14153e-12
1529 3.4597e-11
1531 3.67595e-11
1533 0
1535 0
1537 8.08233e-12
1539 1.82875e-11
1541 0
1543 8.0663e-12
1545 1.8172e-11
1547 1.81652e-11
1549 4.42839e-11
1551 2.61462e-11
1553 0
1555 0
1557 0
1559 8.00964e-12
1561 1.79739e-11
1563 7.99923e-12
1565 4.37817e-11
1567 0
1569 2.58375e-11
1571 3.56569e-11
1573 1.78069e-11
1575 0
1577 7.96953e-12
1579 1.76659e-11
1581 0
1583 0
1585 0
1587 3.52245e-11
1589 0
1591 6.0604e-11
1593 0
1595 1.75295e-11
1597 0
1599 2.53119e-11
1601 0
1603 7.87232e-12
1605 0
1607 0
1609 5.04096e-11
1611 7.86382e-12
1613 5.96918e-11
1615 0
1617 1.72231e-11
1619 0
1621 1.71362e-11
1623 7.81574e-12
1625 0
1627 0
1629 0
1631 3.40727e-11
1633 7.80953e-12
1635 3.40089e-11
1637 2.48233e-11
1639 3.24792e-11
1641 0
1643 0
1645 1.68374e-11
1647 0
1649 0
1651 0
1653 0
1655 4.12968e-11
1657 1.67145e-11
1659 7.75656e-12
1661 4.98648e-11
1663 1.54658e-11
1665 0
1667 1.65819e-11
1669 0
1671 0
1673 1.54235e-11
1675 0
1677 7.71865e-12
1679 3.27991e-11
1681 1.63782e-11
1683 1.63592e-11
1685 4.04103e-11
1687 0
1689 3.26524e-11
1691 7.68499e-12
1693 7.68269e-12
1695 7.67363e-12
1697 0
1699 0
1701 1.61323e-11
1703 3.22582e-11
1705 2.37583e-11
1707 0
1709 3.21875e-11
1711 1.52848e-11
1713 3.21449e-11
1715 0
1717 0
1719 1.52684e-11
1721 0
1723 7.62011e-12
1725 1.58887e-11
1727 1.58788e-11
1729 2.34895e-11
1731 2.34581e-11
1733 0
1735 3.92664e-11
1737 3.15465e-11
1739 2.33217e-11
1741 7.58663e-12
1743 0
1745 2.32466e-11
1747 0
1749 1.51474e-11
1751 7.58117e-12
1753 5.39673e-11
1755 1.55559e-11
1757 2.31069e-11
1759 7.5708e-12
1761 4.63719e-11
1763 2.30092e-11
1765 0
1767 1.54313e-11
1769 1.54204e-11
1771 0
1773 7.53977e-12
1775 0
1777 1.50768e-11
1779 1.53022e-11
1781 3.8024e-11
1783 2.27691e-11
1785 7.53334e-12
1787 3.79513e-11
1789 1.52085e-11
1791 1.52022e-11
1793 0
1795 1.51732e-11
1797 2.26463e-11
1799 0
1801 0
1803 0
1805 2.2515e-11
1807 1.49992e-11
1809 2.99921e-11
1811 1.49902e-11
1813 1.49729e-11
1815 2.98874e-11
1817 2.23709e-11
1819 0
1821 0
1823 1.48029e-11
1825 2.22833e-11
1827 7.48198e-12
1829 7.4735e-12
1831 7.47245e-12
1833 2.22446e-11
1835 1.47613e-11
1837 2.93873e-11
1839 2.92926e-11
1841 1.4615e-11
1843 7.46744e-12
1845 2.91757e-11
1847 1.49221e-11
1849 7.45313e-12
1851 2.91435e-11
1853 2.20277e-11
1855 0
1857 0
1859 0
1861 0
1863 2.87813e-11
1865 2.92655e-11
1867 4.31314e-11
1869 0
1871 2.18142e-11
1873 1.43665e-11
1875 1.43405e-11
1877 7.4315e-12
1879 2.85269e-11
1881 1.42212e-11
1883 0
1885 7.42409e-12
1887 1.48388e-11
1889 0
1891 1.41726e-11
1893 2.15863e-11
1895 4.24057e-11
1897 2.89124e-11
1899 2.14542e-11
1901 0
1903 0
1905 2.79911e-11
1907 0
1909 1.39786e-11
1911 2.79536e-11
1913 0
1915 0
1917 7.39572e-12
1919 1.4783e-11
1921 7.38893e-12
1923 2.76247e-11
1925 0
1927 6.99195e-11
1929 1.37847e-11
1931 0
1933 0
1935 1.37267e-11
1937 0
1939 2.73879e-11
1941 1.3659e-11
1943 2.83518e-11
1945 1.47313e-11
1947 0
1949 2.20928e-11
1951 0
1953 5.03895e-11
1955 2.09479e-11
1957 0
1959 6.13548e-11
1961 1.35028e-11
1963 0
1965 0
1967 1.34063e-11
1969 0
1971 0
1973 4.14955e-11
1975 2.07317e-11
1977 1.3353e-11
1979 7.33384e-12
1981 7.33139e-12
1983 0
1985 0
1987 1.32207e-11
1989 0
1991 3.37556e-11
1993 3.37428e-11
1995 2.63911e-11
1997 0
1999 1.31142e-11
