1 0
3 0
5 0
7 0
9 0
11 0
13 0
15 0
17 0
19 0
21 0
23 0
25 0
27 0
29 0
31 0
33 0
35 3.73898e-08
37 1.40844e-07
39 3.13438e-07
41 8.68755e-07
43 1.67114e-06
45 2.9865e-06
47 4.68792e-06
49 6.45487e-06
51 7.9925e-06
53 9.69936e-06
55 1.10886e-05
57 1.24481e-05
59 1.35524e-05
61 1.44635e-05
63 1.4896e-05
65 1.51729e-05
67 1.52972e-05
69 1.52667e-05
71 1.515e-05
73 1.48841e-05
75 1.45608e-05
77 1.42104e-05
79 1.37138e-05
81 1.33252e-05
83 1.27867e-05
85 1.22992e-05
87 1.17823e-05
89 1.13299e-05
91 1.09073e-05
93 1.04052e-05
95 9.96059e-06
97 9.52981e-06
99 9.11485e-06
101 8.67327e-06
103 8.27117e-06
105 7.89215e-06
107 7.52671e-06
109 7.21404e-06
111 6.87181e-06
113 6.57776e-06
115 6.25048e-06
117 5.99071e-06
119 5.74085e-06
121 5.46569e-06
123 5.24006e-06
125 4.99364e-06
127 4.78839e-06
129 4.57516e-06
131 4.388e-06
133 4.18429e-06
135 4.0152e-06
137 3.849e-06
139 3.6957e-06
141 3.54188e-06
143 3.39753e-06
145 3.2706e-06
147 3.13914e-06
149 3.0217e-06
151 2.89143e-06
153 2.7732e-06
155 2.65792e-06
157 2.57695e-06
159 2.48814e-06
161 2.39808e-06
163 2.27877e-06
165 2.20696e-06
167 2.14268e-06
169 2.06299e-06
171 1.97838e-06
173 1.90887e-06
175 1.85462e-06
177 1.7799e-06
179 1.71992e-06
181 1.66054e-06
183 1.61826e-06
185 1.55034e-06
187 1.49939e-06
189 1.46541e-06
191 1.40904e-06
193 1.35726e-06
195 1.32465e-06
197 1.27939e-06
199 1.23438e-06
201 1.2011e-06
203 1.16519e-06
205 1.12385e-06
207 1.10042e-06
209 1.05478e-06
211 1.03266e-06
213 1.00383e-06
215 9.60535e-07
217 9.46176e-07
219 9.0844e-07
221 8.88374e-07
223 8.66827e-07
225 8.32884e-07
227 8.18615e-07
229 7.88154e-07
231 7.71593e-07
233 7.49907e-07
235 7.25877e-07
237 7.12598e-07
239 6.87491e-07
241 6.75348e-07
243 6.52461e-07
245 6.38728e-07
247 6.22695e-07
249 6.02175e-07
251 5.91895e-07
253 5.70894e-07
255 5.63395e-07
257 5.41009e-07
259 5.35977e-07
261 5.17738e-07
263 5.09661e-07
265 4.91078e-07
267 4.86573e-07
269 4.70588e-07
271 4.61586e-07
273 4.46895e-07
275 4.39683e-07
277 4.28121e-07
279 4.22009e-07
281 4.06464e-07
283 4.03646e-07
285 3.87832e-07
287 3.83047e-07
289 3.72389e-07
291 3.68579e-07
293 3.54706e-07
295 3.49287e-07
297 3.41136e-07
299 3.34825e-07
301 3.26672e-07
303 3.19204e-07
305 3.13206e-07
307 3.08052e-07
309 2.9825e-07
311 2.92538e-07
313 2.92135e-07
315 2.76488e-07
317 2.79472e-07
319 2.67101e-07
321 2.6657e-07
323 2.60567e-07
325 2.50742e-07
327 2.52256e-07
329 2.40625e-07
331 2.41311e-07
333 2.32389e-07
335 2.31705e-07
337 2.23403e-07
339 2.22075e-07
341 2.15454e-07
343 2.13795e-07
345 2.08141e-07
347 2.05114e-07
349 2.01347e-07
351 1.96492e-07
353 1.92895e-07
355 1.88747e-07
357 1.87921e-07
359 1.82021e-07
361 1.80886e-07
363 1.73958e-07
365 1.74662e-07
367 1.68791e-07
369 1.70206e-07
371 1.62444e-07
373 1.60292e-07
375 1.60517e-07
377 1.52994e-07
379 1.55112e-07
381 1.4964e-07
383 1.46616e-07
385 1.45745e-07
387 1.42239e-07
389 1.40644e-07
391 1.38214e-07
393 1.33995e-07
395 1.32869e-07
397 1.33336e-07
399 1.2678e-07
401 1.27955e-07
403 1.24481e-07
405 1.21979e-07
407 1.2013e-07
409 1.2008e-07
411 1.1522e-07
413 1.14491e-07
415 1.131e-07
417 1.10879e-07
419 1.10398e-07
421 1.07486e-07
423 1.05143e-07
425 1.05313e-07
427 1.03065e-07
429 9.93094e-08
431 1.01492e-07
433 9.66287e-08
435 9.67588e-08
437 9.46008e-08
439 9.40142e-08
441 9.17852e-08
443 9.0338e-08
445 9.0361e-08
447 8.68081e-08
449 8.77644e-08
451 8.58218e-08
453 8.41684e-08
455 8.20851e-08
457 8.24704e-08
459 8.06504e-08
461 7.99744e-08
463 7.67668e-08
465 7.81287e-08
467 7.57552e-08
469 7.51022e-08
471 7.29884e-08
473 7.44575e-08
475 7.09372e-08
477 7.12829e-08
479 6.96461e-08
481 6.98936e-08
483 6.77631e-08
485 6.64353e-08
487 6.59907e-08
489 6.51887e-08
491 6.44924e-08
493 6.34887e-08
495 6.34831e-08
497 6.16155e-08
499 6.0755e-08
501 6.04423e-08
503 5.97192e-08
505 5.98435e-08
507 5.73361e-08
509 5.69171e-08
511 5.56073e-08
513 5.64421e-08
515 5.57797e-08
517 5.40435e-08
519 5.35115e-08
521 5.17643e-08
523 5.32897e-08
525 5.2061e-08
527 5.06328e-08
529 4.98503e-08
531 4.96841e-08
533 5.02675e-08
535 4.83911e-08
537 4.79159e-08
539 4.69574e-08
541 4.67966e-08
543 4.74687e-08
545 4.6894e-08
547 4.63719e-08
549 4.53965e-08
551 4.5708e-08
553 4.52327e-08
555 4.5331e-08
557 4.55985e-08
559 4.46481e-08
561 4.42752e-08
563 4.62013e-08
565 4.40799e-08
567 4.5061e-08
569 4.36195e-08
571 4.40799e-08
573 4.48026e-08
575 4.38505e-08
577 4.15221e-08
579 4.00124e-08
581 4.09332e-08
583 3.93312e-08
585 3.96469e-08
587 3.91515e-08
589 3.92409e-08
591 3.76842e-08
593 3.83867e-08
595 3.74785e-08
597 3.75982e-08
599 3.67211e-08
601 3.70429e-08
603 3.62302e-08
605 3.59925e-08
607 3.63533e-08
609 3.54556e-08
611 3.48739e-08
613 3.50398e-08
615 3.51132e-08
617 3.34995e-08
619 3.34927e-08
621 3.45651e-08
623 3.27787e-08
625 3.35505e-08
627 3.25637e-08
629 3.28469e-08
631 3.24546e-08
633 3.17999e-08
635 3.2499e-08
637 3.15987e-08
639 3.22114e-08
641 3.03304e-08
643 3.06008e-08
645 3.08088e-08
647 3.08958e-08
649 3.06352e-08
651 3.04604e-08
653 2.95391e-08
655 2.92044e-08
657 2.95064e-08
659 2.93902e-08
661 2.98747e-08
663 2.96379e-08
665 2.8873e-08
667 2.85617e-08
669 2.90933e-08
671 2.80453e-08
673 2.78638e-08
675 2.85424e-08
677 2.86172e-08
679 2.7797e-08
681 2.83675e-08
683 2.71899e-08
685 2.7651e-08
687 2.71277e-08
689 2.78365e-08
691 2.75674e-08
693 2.8198e-08
695 2.74613e-08
697 2.7555e-08
699 2.78635e-08
701 2.7549e-08
703 2.74415e-08
705 2.84378e-08
707 2.86613e-08
709 2.87869e-08
711 2.98068e-08
713 2.93814e-08
715 2.98768e-08
717 2.98647e-08
719 3.15998e-08
721 3.13407e-08
723 3.2616e-08
725 3.31675e-08
727 3.41365e-08
729 3.66804e-08
731 3.77639e-08
733 3.87655e-08
735 4.32143e-08
737 4.70444e-08
739 5.23293e-08
741 6.19311e-08
743 8.35171e-08
745 1.52811e-07
747 0
749 0
751 0
753 0
755 0
757 0
759 0
761 0
763 0
765 0
767 0
769 0
771 0
773 0
775 0
777 0
779 0
781 0
783 0
785 0
787 0
789 0
791 0
793 0
795 0
797 0
799 0
801 0
803 0
805 0
807 0
809 0
811 0
813 0
815 0
817 0
819 0
821 0
823 0
825 0
827 0
829 0
831 0
833 0
835 0
837 0
839 0
841 0
843 0
845 0
847 0
849 0
851 0
853 0
855 0
857 0
859 0
861 0
863 0
865 0
867 0
869 0
871 0
873 0
875 0
877 0
879 0
881 0
883 0
885 0
887 0
889 0
891 0
893 0
895 0
897 0
899 0
901 0
903 0
905 0
907 0
909 0
911 0
913 0
915 0
917 0
919 0
921 0
923 0
925 0
927 0
929 0
931 0
933 0
935 0
937 0
939 0
941 0
943 0
945 0
947 0
949 0
951 0
953 0
955 0
957 0
959 0
961 0
963 0
965 0
967 0
969 0
971 0
973 0
975 0
977 0
979 0
981 0
983 0
985 0
987 0
989 0
991 0
993 0
995 0
997 0
999 0
1001 0
1003 0
1005 0
1007 0
1009 0
1011 0
1013 0
1015 0
1017 0
1019 0
1021 0
1023 0
1025 0
1027 0
1029 0
1031 0
1033 0
1035 0
1037 0
1039 0
1041 0
1043 0
1045 0
1047 0
1049 0
1051 0
1053 0
1055 0
1057 0
1059 0
1061 0
1063 0
1065 0
1067 0
1069 0
1071 0
1073 0
1075 0
1077 0
1079 0
1081 0
1083 0
1085 0
1087 0
1089 0
1091 0
1093 0
1095 0
1097 0
1099 0
1101 0
1103 0
1105 0
1107 0
1109 0
1111 0
1113 0
1115 0
1117 0
1119 0
1121 0
1123 0
1125 0
1127 0
1129 0
1131 0
1133 0
1135 0
1137 0
1139 0
1141 0
1143 0
1145 0
1147 0
1149 0
1151 0
1153 0
1155 0
1157 0
1159 0
1161 0
1163 0
1165 0
1167 0
1169 0
1171 0
1173 0
1175 0
1177 0
1179 0
1181 0
1183 0
1185 0
1187 0
1189 0
1191 0
1193 0
1195 0
1197 0
1199 0
1201 0
1203 0
1205 0
1207 0
1209 0
1211 0
1213 0
1215 0
1217 0
1219 0
1221 0
1223 0
1225 0
1227 0
1229 0
1231 0
1233 0
1235 0
1237 0
1239 0
1241 0
1243 0
1245 0
1247 0
1249 0
1251 0
1253 0
1255 0
1257 0
1259 0
1261 0
1263 0
1265 0
1267 0
1269 0
1271 0
1273 0
1275 0
1277 0
1279 0
1281 0
1283 0
1285 0
1287 0
1289 0
1291 0
1293 0
1295 0
1297 0
1299 0
1301 0
1303 0
1305 0
1307 0
1309 0
1311 0
1313 0
1315 0
1317 0
1319 0
1321 0
1323 0
1325 0
1327 0
1329 0
1331 0
1333 0
1335 0
1337 0
1339 0
1341 0
1343 0
1345 0
1347 0
1349 0
1351 0
1353 0
1355 0
1357 0
1359 0
1361 0
1363 0
1365 0
1367 0
1369 0
1371 0
1373 0
1375 0
1377 0
1379 0
1381 0
1383 0
1385 0
1387 0
1389 0
1391 0
1393 0
1395 0
1397 0
1399 0
1401 0
1403 0
1405 0
1407 0
1409 0
1411 0
1413 0
1415 0
1417 0
1419 0
1421 0
1423 0
1425 0
1427 0
1429 0
1431 0
1433 0
1435 0
1437 0
1439 0
1441 0
1443 0
1445 0
1447 0
1449 0
1451 0
1453 0
1455 0
1457 0
1459 0
1461 0
1463 0
1465 0
1467 0
1469 0
1471 0
1473 0
1475 0
1477 0
1479 0
1481 0
1483 0
1485 0
1487 0
1489 0
1491 0
1493 0
1495 0
1497 0
1499 0
1501 0
1503 0
1505 0
1507 0
1509 0
1511 0
1513 0
1515 0
1517 0
1519 0
1521 0
1523 0
1525 0
1527 0
1529 0
1531 0
1533 0
1535 0
1537 0
1539 0
1541 0
1543 0
1545 0
1547 0
1549 0
1551 0
1553 0
1555 0
1557 0
1559 0
1561 0
1563 0
1565 0
1567 0
1569 0
1571 0
1573 0
1575 0
1577 0
1579 0
1581 0
1583 0
1585 0
1587 0
1589 0
1591 0
1593 0
1595 0
1597 0
1599 0
1601 0
1603 0
1605 0
1607 0
1609 0
1611 0
1613 0
1615 0
1617 0
1619 0
1621 0
1623 0
1625 0
1627 0
1629 0
1631 0
1633 0
1635 0
1637 0
1639 0
1641 0
1643 0
1645 0
1647 0
1649 0
1651 0
1653 0
1655 0
1657 0
1659 0
1661 0
1663 0
1665 0
1667 0
1669 0
1671 0
1673 0
1675 0
1677 0
1679 0
1681 0
1683 0
1685 0
1687 0
1689 0
1691 0
1693 0
1695 0
1697 0
1699 0
1701 0
1703 0
1705 0
1707 0
1709 0
1711 0
1713 0
1715 0
1717 0
1719 0
1721 0
1723 0
1725 0
1727 0
1729 0
1731 0
1733 0
1735 0
1737 0
1739 0
1741 0
1743 0
1745 0
1747 0
1749 0
1751 0
1753 0
1755 0
1757 0
1759 0
1761 0
1763 0
1765 0
1767 0
1769 0
1771 0
1773 0
1775 0
1777 0
1779 0
1781 0
1783 0
1785 0
1787 0
1789 0
1791 0
1793 0
1795 0
1797 0
1799 0
1801 0
1803 0
1805 0
1807 0
1809 0
1811 0
1813 0
1815 0
1817 0
1819 0
1821 0
1823 0
1825 0
1827 0
1829 0
1831 0
1833 0
1835 0
1837 0
1839 0
1841 0
1843 0
1845 0
1847 0
1849 0
1851 0
1853 0
1855 0
1857 0
1859 0
1861 0
1863 0
1865 0
1867 0
1869 0
1871 0
1873 0
1875 0
1877 0
1879 0
1881 0
1883 0
1885 0
1887 0
1889 0
1891 0
1893 0
1895 0
1897 0
1899 0
1901 0
1903 0
1905 0
1907 0
1909 0
1911 0
1913 0
1915 0
1917 0
1919 0
1921 0
1923 0
1925 0
1927 0
1929 0
1931 0
1933 0
1935 0
1937 0
1939 0
1941 0
1943 0
1945 0
1947 0
1949 0
1951 0
1953 0
1955 0
1957 0
1959 0
1961 0
1963 0
1965 0
1967 0
1969 0
1971 0
1973 0
1975 0
1977 0
1979 0
1981 0
1983 0
1985 0
1987 0
1989 0
1991 0
1993 0
1995 0
1997 0
1999 0
