1 0
3 0
5 0
7 0
9 0
11 0
13 0
15 0
17 0
19 0
21 0
23 0
25 0
27 0
29 0
31 0
33 7.77797e-10
35 1.60682e-08
37 8.29241e-08
39 3.79114e-07
41 9.35138e-07
43 1.68751e-06
45 2.90212e-06
47 4.41619e-06
49 5.94855e-06
51 7.96655e-06
53 9.79204e-06
55 1.13031e-05
57 1.27309e-05
59 1.36496e-05
61 1.44461e-05
63 1.50849e-05
65 1.53988e-05
67 1.54956e-05
69 1.57086e-05
71 1.56073e-05
73 1.5278e-05
75 1.49104e-05
77 1.44727e-05
79 1.39492e-05
81 1.35229e-05
83 1.29774e-05
85 1.25016e-05
87 1.19846e-05
89 1.14813e-05
91 1.10466e-05
93 1.05366e-05
95 1.00451e-05
97 9.64807e-06
99 9.18277e-06
101 8.73949e-06
103 8.31959e-06
105 7.9744e-06
107 7.6239e-06
109 7.30117e-06
111 6.96931e-06
113 6.65434e-06
115 6.35684e-06
117 6.06878e-06
119 5.79185e-06
121 5.55668e-06
123 5.29917e-06
125 5.06728e-06
127 4.85718e-06
129 4.63336e-06
131 4.44612e-06
133 4.26139e-06
135 4.08418e-06
137 3.91604e-06
139 3.75303e-06
141 3.59807e-06
143 3.45827e-06
145 3.31362e-06
147 3.19659e-06
149 3.06498e-06
151 2.93833e-06
153 2.8256e-06
155 2.71005e-06
157 2.61733e-06
159 2.51563e-06
161 2.42336e-06
163 2.32878e-06
165 2.24629e-06
167 2.17082e-06
169 2.09724e-06
171 2.00632e-06
173 1.93825e-06
175 1.87857e-06
177 1.82111e-06
179 1.73875e-06
181 1.69187e-06
183 1.6358e-06
185 1.57985e-06
187 1.51226e-06
189 1.48121e-06
191 1.42811e-06
193 1.37049e-06
195 1.34291e-06
197 1.2912e-06
199 1.24781e-06
201 1.2227e-06
203 1.17505e-06
205 1.13358e-06
207 1.12152e-06
209 1.06986e-06
211 1.0403e-06
213 1.01652e-06
215 9.74003e-07
217 9.58432e-07
219 9.24025e-07
221 8.96706e-07
223 8.80886e-07
225 8.41658e-07
227 8.28485e-07
229 8.01266e-07
231 7.78516e-07
233 7.5836e-07
235 7.37267e-07
237 7.25665e-07
239 6.9292e-07
241 6.84048e-07
243 6.62374e-07
245 6.4544e-07
247 6.31708e-07
249 6.12675e-07
251 5.97289e-07
253 5.8024e-07
255 5.71079e-07
257 5.51878e-07
259 5.45479e-07
261 5.21641e-07
263 5.20191e-07
265 4.9726e-07
267 4.92224e-07
269 4.74907e-07
271 4.70379e-07
273 4.50645e-07
275 4.46674e-07
277 4.31871e-07
279 4.25003e-07
281 4.12955e-07
283 4.07935e-07
285 3.93493e-07
287 3.88119e-07
289 3.77793e-07
291 3.7082e-07
293 3.59718e-07
295 3.54535e-07
297 3.46182e-07
299 3.38328e-07
301 3.28812e-07
303 3.25074e-07
305 3.18396e-07
307 3.06465e-07
309 3.04346e-07
311 2.98039e-07
313 2.90658e-07
315 2.815e-07
317 2.82344e-07
319 2.70652e-07
321 2.70317e-07
323 2.59923e-07
325 2.57735e-07
327 2.51926e-07
329 2.46877e-07
331 2.42063e-07
333 2.37068e-07
335 2.31913e-07
337 2.30627e-07
339 2.2076e-07
341 2.21195e-07
343 2.13194e-07
345 2.12422e-07
347 2.05018e-07
349 2.05472e-07
351 1.98498e-07
353 1.96521e-07
355 1.91498e-07
357 1.89129e-07
359 1.85344e-07
361 1.817e-07
363 1.77465e-07
365 1.76132e-07
367 1.70876e-07
369 1.69488e-07
371 1.64661e-07
373 1.63747e-07
375 1.60949e-07
377 1.57035e-07
379 1.54554e-07
381 1.50808e-07
383 1.51052e-07
385 1.45367e-07
387 1.45704e-07
389 1.4105e-07
391 1.38447e-07
393 1.38456e-07
395 1.33227e-07
397 1.31929e-07
399 1.32413e-07
401 1.2675e-07
403 1.26018e-07
405 1.24895e-07
407 1.21085e-07
409 1.20495e-07
411 1.17192e-07
413 1.16627e-07
415 1.15191e-07
417 1.11276e-07
419 1.09623e-07
421 1.10761e-07
423 1.06846e-07
425 1.04503e-07
427 1.05085e-07
429 1.02472e-07
431 9.97258e-08
433 9.98266e-08
435 9.81906e-08
437 9.54509e-08
439 9.41687e-08
441 9.47502e-08
443 9.14289e-08
445 8.97646e-08
447 8.93767e-08
449 8.9211e-08
451 8.63061e-08
453 8.3541e-08
455 8.51395e-08
457 8.22641e-08
459 8.26776e-08
461 7.94e-08
463 7.97804e-08
465 7.84024e-08
467 7.72114e-08
469 7.5543e-08
471 7.39155e-08
473 7.56575e-08
475 7.27148e-08
477 7.06556e-08
479 7.08538e-08
481 7.11093e-08
483 6.84943e-08
485 6.81499e-08
487 6.71918e-08
489 6.58058e-08
491 6.58111e-08
493 6.40722e-08
495 6.26255e-08
497 6.38313e-08
499 6.10792e-08
501 6.1533e-08
503 6.05402e-08
505 5.84668e-08
507 5.97008e-08
509 5.73655e-08
511 5.78888e-08
513 5.70414e-08
515 5.4119e-08
517 5.563e-08
519 5.4456e-08
521 5.37174e-08
523 5.30131e-08
525 5.193e-08
527 5.21082e-08
529 5.04495e-08
531 5.06588e-08
533 4.90841e-08
535 4.97885e-08
537 4.93089e-08
539 4.74304e-08
541 4.76188e-08
543 4.78678e-08
545 4.72053e-08
547 4.65919e-08
549 4.71877e-08
551 4.56292e-08
553 4.58247e-08
555 4.58104e-08
557 4.51754e-08
559 4.62399e-08
561 4.57965e-08
563 4.5409e-08
565 4.4391e-08
567 4.59929e-08
569 4.47607e-08
571 4.60776e-08
573 4.48258e-08
575 4.35777e-08
577 4.12905e-08
579 4.18729e-08
581 4.07533e-08
583 4.05975e-08
585 4.05575e-08
587 3.93058e-08
589 3.82222e-08
591 3.90087e-08
593 3.88368e-08
595 3.80084e-08
597 3.91059e-08
599 3.64999e-08
601 3.68143e-08
603 3.58822e-08
605 3.74902e-08
607 3.67443e-08
609 3.63992e-08
611 3.572e-08
613 3.42583e-08
615 3.52239e-08
617 3.38978e-08
619 3.46821e-08
621 3.50291e-08
623 3.40449e-08
625 3.40703e-08
627 3.26606e-08
629 3.2766e-08
631 3.2479e-08
633 3.32504e-08
635 3.29226e-08
637 3.2019e-08
639 3.2398e-08
641 3.1428e-08
643 3.00338e-08
645 3.07589e-08
647 3.08041e-08
649 3.13786e-08
651 3.10544e-08
653 3.06171e-08
655 3.02253e-08
657 2.90253e-08
659 2.91426e-08
661 2.93084e-08
663 3.04583e-08
665 3.00526e-08
667 2.97834e-08
669 2.89772e-08
671 2.83106e-08
673 2.80142e-08
675 2.82564e-08
677 2.87066e-08
679 2.91913e-08
681 2.89934e-08
683 2.76388e-08
685 2.82967e-08
687 2.70377e-08
689 2.77643e-08
691 2.74682e-08
693 2.83621e-08
695 2.91086e-08
697 2.84864e-08
699 2.74955e-08
701 2.75607e-08
703 2.79068e-08
705 2.85888e-08
707 2.87693e-08
709 2.95181e-08
711 3.05563e-08
713 2.96281e-08
715 3.01913e-08
717 3.03318e-08
719 3.11251e-08
721 3.23116e-08
723 3.34029e-08
725 3.44947e-08
727 3.43329e-08
729 3.63648e-08
731 3.70924e-08
733 4.05716e-08
735 4.37779e-08
737 4.69803e-08
739 5.29081e-08
741 6.37757e-08
743 8.32699e-08
745 1.5534e-07
747 0
749 0
751 0
753 0
755 0
757 0
759 0
761 0
763 0
765 0
767 0
769 0
771 0
773 0
775 0
777 0
779 0
781 0
783 0
785 0
787 0
789 0
791 0
793 0
795 0
797 0
799 0
801 0
803 0
805 0
807 0
809 0
811 0
813 0
815 0
817 0
819 0
821 0
823 0
825 0
827 0
829 0
831 0
833 0
835 0
837 0
839 0
841 0
843 0
845 0
847 0
849 0
851 0
853 0
855 0
857 0
859 0
861 0
863 0
865 0
867 0
869 0
871 0
873 0
875 0
877 0
879 0
881 0
883 0
885 0
887 0
889 0
891 0
893 0
895 0
897 0
899 0
901 0
903 0
905 0
907 0
909 0
911 0
913 0
915 0
917 0
919 0
921 0
923 0
925 0
927 0
929 0
931 0
933 0
935 0
937 0
939 0
941 0
943 0
945 0
947 0
949 0
951 0
953 0
955 0
957 0
959 0
961 0
963 0
965 0
967 0
969 0
971 0
973 0
975 0
977 0
979 0
981 0
983 0
985 0
987 0
989 0
991 0
993 0
995 0
997 0
999 0
1001 0
1003 0
1005 0
1007 0
1009 0
1011 0
1013 0
1015 0
1017 0
1019 0
1021 0
1023 0
1025 0
1027 0
1029 0
1031 0
1033 0
1035 0
1037 0
1039 0
1041 0
1043 0
1045 0
1047 0
1049 0
1051 0
1053 0
1055 0
1057 0
1059 0
1061 0
1063 0
1065 0
1067 0
1069 0
1071 0
1073 0
1075 0
1077 0
1079 0
1081 0
1083 0
1085 0
1087 0
1089 0
1091 0
1093 0
1095 0
1097 0
1099 0
1101 0
1103 0
1105 0
1107 0
1109 0
1111 0
1113 0
1115 0
1117 0
1119 0
1121 0
1123 0
1125 0
1127 0
1129 0
1131 0
1133 0
1135 0
1137 0
1139 0
1141 0
1143 0
1145 0
1147 0
1149 0
1151 0
1153 0
1155 0
1157 0
1159 0
1161 0
1163 0
1165 0
1167 0
1169 0
1171 0
1173 0
1175 0
1177 0
1179 0
1181 0
1183 0
1185 0
1187 0
1189 0
1191 0
1193 0
1195 0
1197 0
1199 0
1201 0
1203 0
1205 0
1207 0
1209 0
1211 0
1213 0
1215 0
1217 0
1219 0
1221 0
1223 0
1225 0
1227 0
1229 0
1231 0
1233 0
1235 0
1237 0
1239 0
1241 0
1243 0
1245 0
1247 0
1249 0
1251 0
1253 0
1255 0
1257 0
1259 0
1261 0
1263 0
1265 0
1267 0
1269 0
1271 0
1273 0
1275 0
1277 0
1279 0
1281 0
1283 0
1285 0
1287 0
1289 0
1291 0
1293 0
1295 0
1297 0
1299 0
1301 0
1303 0
1305 0
1307 0
1309 0
1311 0
1313 0
1315 0
1317 0
1319 0
1321 0
1323 0
1325 0
1327 0
1329 0
1331 0
1333 0
1335 0
1337 0
1339 0
1341 0
1343 0
1345 0
1347 0
1349 0
1351 0
1353 0
1355 0
1357 0
1359 0
1361 0
1363 0
1365 0
1367 0
1369 0
1371 0
1373 0
1375 0
1377 0
1379 0
1381 0
1383 0
1385 0
1387 0
1389 0
1391 0
1393 0
1395 0
1397 0
1399 0
1401 0
1403 0
1405 0
1407 0
1409 0
1411 0
1413 0
1415 0
1417 0
1419 0
1421 0
1423 0
1425 0
1427 0
1429 0
1431 0
1433 0
1435 0
1437 0
1439 0
1441 0
1443 0
1445 0
1447 0
1449 0
1451 0
1453 0
1455 0
1457 0
1459 0
1461 0
1463 0
1465 0
1467 0
1469 0
1471 0
1473 0
1475 0
1477 0
1479 0
1481 0
1483 0
1485 0
1487 0
1489 0
1491 0
1493 0
1495 0
1497 0
1499 0
1501 0
1503 0
1505 0
1507 0
1509 0
1511 0
1513 0
1515 0
1517 0
1519 0
1521 0
1523 0
1525 0
1527 0
1529 0
1531 0
1533 0
1535 0
1537 0
1539 0
1541 0
1543 0
1545 0
1547 0
1549 0
1551 0
1553 0
1555 0
1557 1.80138e-11
1559 0
1561 0
1563 0
1565 0
1567 0
1569 0
1571 0
1573 0
1575 0
1577 1.77536e-11
1579 0
1581 0
1583 0
1585 0
1587 0
1589 0
1591 0
1593 0
1595 0
1597 0
1599 1.74477e-11
1601 0
1603 0
1605 0
1607 0
1609 0
1611 0
1613 0
1615 0
1617 0
1619 0
1621 0
1623 1.71256e-11
1625 0
1627 0
1629 0
1631 0
1633 0
1635 0
1637 0
1639 0
1641 0
1643 0
1645 1.68368e-11
1647 0
1649 0
1651 0
1653 0
1655 0
1657 0
1659 0
1661 0
1663 0
1665 0
1667 0
1669 1.65678e-11
1671 0
1673 0
1675 0
1677 0
1679 0
1681 0
1683 0
1685 0
1687 0
1689 0
1691 0
1693 1.63051e-11
1695 0
1697 0
1699 0
1701 0
1703 0
1705 0
1707 0
1709 0
1711 0
1713 0
1715 0
1717 0
1719 0
1721 1.5935e-11
1723 0
1725 1.71309e-13
1727 5.34341e-13
1729 5.24277e-13
1731 0
1733 0
1735 0
1737 0
1739 0
1741 1.0929e-12
1743 0
1745 0
1747 1.56558e-11
1749 0
1751 1.84996e-12
1753 0
1755 2.08456e-12
1757 0
1759 0
1761 0
1763 0
1765 0
1767 0
1769 0
1771 0
1773 1.54025e-11
1775 0
1777 0
1779 0
1781 3.71711e-12
1783 8.25469e-12
1785 0
1787 0
1789 4.3588e-12
1791 0
1793 0
1795 4.76156e-12
1797 0
1799 2.00226e-11
1801 0
1803 0
1805 0
1807 0
1809 0
1811 0
1813 0
1815 0
1817 6.42619e-12
1819 2.16258e-11
1821 0
1823 0
1825 0
1827 1.47923e-11
1829 0
1831 0
1833 0
1835 0
1837 0
1839 0
1841 0
1843 0
1845 0
1847 0
1849 1.45783e-11
1851 0
1853 0
1855 1.4525e-11
1857 0
1859 0
1861 0
1863 7.4429e-12
1865 0
1867 0
1869 0
1871 0
1873 0
1875 0
1877 1.42922e-11
1879 0
1881 1.48572e-11
1883 0
1885 0
1887 1.41815e-11
1889 0
1891 0
1893 0
1895 0
1897 0
1899 0
1901 0
1903 0
1905 0
1907 0
1909 1.39796e-11
1911 0
1913 0
1915 0
1917 0
1919 1.38836e-11
1921 0
1923 7.39115e-12
1925 0
1927 0
1929 0
1931 0
1933 0
1935 0
1937 7.37416e-12
1939 1.36758e-11
1941 7.37198e-12
1943 0
1945 7.36316e-12
1947 0
1949 1.35942e-11
1951 0
1953 0
1955 7.35876e-12
1957 0
1959 0
1961 7.34993e-12
1963 0
1965 0
1967 0
1969 0
1971 0
1973 1.34057e-11
1975 0
1977 0
1979 0
1981 0
1983 1.32581e-11
1985 0
1987 0
1989 0
1991 0
1993 7.32556e-12
1995 0
1997 0
1999 0
