1 0
3 0
5 0
7 0
9 0
11 0
13 0
15 0
17 0
19 9.31729e-08
21 5.6337e-07
23 2.53521e-06
25 6.62833e-06
27 1.21588e-05
29 1.72327e-05
31 2.16351e-05
33 2.51789e-05
35 2.66743e-05
37 2.72084e-05
39 2.68172e-05
41 2.59052e-05
43 2.46871e-05
45 2.31806e-05
47 2.16209e-05
49 2.01081e-05
51 1.87854e-05
53 1.73049e-05
55 1.60478e-05
57 1.47096e-05
59 1.35362e-05
61 1.24166e-05
63 1.14549e-05
65 1.05426e-05
67 9.72865e-06
69 9.05425e-06
71 8.3643e-06
73 7.75141e-06
75 7.12752e-06
77 6.64526e-06
79 6.19144e-06
81 5.77302e-06
83 5.35629e-06
85 4.99015e-06
87 4.64189e-06
89 4.35624e-06
91 4.05116e-06
93 3.82716e-06
95 3.61156e-06
97 3.39095e-06
99 3.16499e-06
101 2.99104e-06
103 2.80454e-06
105 2.64699e-06
107 2.49515e-06
109 2.345e-06
111 2.21579e-06
113 2.101e-06
115 1.99474e-06
117 1.91679e-06
119 1.82665e-06
121 1.73404e-06
123 1.63736e-06
125 1.55278e-06
127 1.48003e-06
129 1.39978e-06
131 1.33669e-06
133 1.26218e-06
135 1.19803e-06
137 1.14477e-06
139 1.08877e-06
141 1.04232e-06
143 9.98931e-07
145 9.49623e-07
147 9.09538e-07
149 8.67207e-07
151 8.32909e-07
153 7.99748e-07
155 7.67809e-07
157 7.49985e-07
159 7.22601e-07
161 6.95164e-07
163 6.68002e-07
165 6.43969e-07
167 6.17001e-07
169 5.95587e-07
171 5.66877e-07
173 5.47853e-07
175 5.30398e-07
177 5.06918e-07
179 4.89382e-07
181 4.72179e-07
183 4.56269e-07
185 4.36879e-07
187 4.21842e-07
189 4.10281e-07
191 3.94095e-07
193 3.8713e-07
195 3.79008e-07
197 3.66194e-07
199 3.53785e-07
201 3.43073e-07
203 3.32337e-07
205 3.18851e-07
207 3.09484e-07
209 3.0148e-07
211 2.91279e-07
213 2.81332e-07
215 2.71755e-07
217 2.65512e-07
219 2.55157e-07
221 2.49816e-07
223 2.42269e-07
225 2.31535e-07
227 2.29546e-07
229 2.19383e-07
231 2.14213e-07
233 2.08394e-07
235 2.02462e-07
237 1.94251e-07
239 1.91838e-07
241 1.85221e-07
243 1.80575e-07
245 1.75231e-07
247 1.7107e-07
249 1.64798e-07
251 1.61414e-07
253 1.57462e-07
255 1.54831e-07
257 1.50501e-07
259 1.48603e-07
261 1.43908e-07
263 1.42138e-07
265 1.37357e-07
267 1.34715e-07
269 1.30463e-07
271 1.27842e-07
273 1.22914e-07
275 1.2292e-07
277 1.20014e-07
279 1.1482e-07
281 1.14141e-07
283 1.11947e-07
285 1.07263e-07
287 1.078e-07
289 1.031e-07
291 1.00091e-07
293 9.94724e-08
295 9.64439e-08
297 9.38232e-08
299 9.25413e-08
301 9.13015e-08
303 8.87538e-08
305 8.68967e-08
307 8.56531e-08
309 8.39596e-08
311 8.11458e-08
313 7.98992e-08
315 7.74442e-08
317 7.78894e-08
319 7.35549e-08
321 7.27347e-08
323 7.17926e-08
325 7.05674e-08
327 6.8206e-08
329 6.78284e-08
331 6.82333e-08
333 6.54197e-08
335 6.40189e-08
337 6.16214e-08
339 6.27611e-08
341 6.04246e-08
343 5.85492e-08
345 5.68708e-08
347 5.6794e-08
349 5.61985e-08
351 5.40419e-08
353 5.34063e-08
355 5.22825e-08
357 5.09321e-08
359 5.0331e-08
361 4.98225e-08
363 4.98537e-08
365 4.88042e-08
367 4.8764e-08
369 4.67272e-08
371 4.61495e-08
373 4.5616e-08
375 4.51068e-08
377 4.32027e-08
379 4.36109e-08
381 4.17855e-08
383 4.11097e-08
385 4.16442e-08
387 3.89686e-08
389 3.94703e-08
391 3.86982e-08
393 3.73691e-08
395 3.72249e-08
397 3.66568e-08
399 3.51401e-08
401 3.53527e-08
403 3.51451e-08
405 3.39293e-08
407 3.41407e-08
409 3.44957e-08
411 3.40458e-08
413 3.27697e-08
415 3.32508e-08
417 3.19216e-08
419 3.17294e-08
421 3.08324e-08
423 3.02863e-08
425 2.9834e-08
427 2.91942e-08
429 2.92403e-08
431 2.84411e-08
433 2.83667e-08
435 2.63468e-08
437 2.65738e-08
439 2.64492e-08
441 2.6371e-08
443 2.57378e-08
445 2.56496e-08
447 2.42615e-08
449 2.44628e-08
451 2.32039e-08
453 2.30286e-08
455 2.3965e-08
457 2.26112e-08
459 2.27976e-08
461 2.20843e-08
463 2.21493e-08
465 2.2949e-08
467 2.14523e-08
469 2.17663e-08
471 2.28308e-08
473 2.13128e-08
475 2.18749e-08
477 2.06428e-08
479 2.10232e-08
481 1.97908e-08
483 1.98194e-08
485 1.92993e-08
487 1.82975e-08
489 1.95935e-08
491 1.82505e-08
493 1.89129e-08
495 1.78556e-08
497 1.76119e-08
499 1.75883e-08
501 1.66887e-08
503 1.70785e-08
505 1.61843e-08
507 1.59705e-08
509 1.5939e-08
511 1.61529e-08
513 1.57326e-08
515 1.55495e-08
517 1.47639e-08
519 1.48868e-08
521 1.455e-08
523 1.46588e-08
525 1.40104e-08
527 1.35536e-08
529 1.38024e-08
531 1.353e-08
533 1.33844e-08
535 1.32702e-08
537 1.26992e-08
539 1.26621e-08
541 1.28123e-08
543 1.26099e-08
545 1.29938e-08
547 1.36922e-08
549 1.21511e-08
551 1.2387e-08
553 1.28983e-08
555 1.24465e-08
557 1.23772e-08
559 1.17627e-08
561 1.15221e-08
563 1.13164e-08
565 1.1168e-08
567 1.16581e-08
569 1.11946e-08
571 1.10464e-08
573 1.06808e-08
575 9.83978e-09
577 1.03866e-08
579 1.06411e-08
581 1.03853e-08
583 9.86582e-09
585 9.54594e-09
587 9.50578e-09
589 9.55599e-09
591 9.35453e-09
593 9.45141e-09
595 9.64628e-09
597 9.79922e-09
599 1.00854e-08
601 9.59049e-09
603 9.02869e-09
605 9.15998e-09
607 9.55149e-09
609 9.37181e-09
611 9.00592e-09
613 8.62088e-09
615 8.78913e-09
617 8.5556e-09
619 8.41775e-09
621 8.16596e-09
623 8.27534e-09
625 8.33791e-09
627 8.15071e-09
629 7.82613e-09
631 7.74904e-09
633 7.20518e-09
635 7.64995e-09
637 7.36281e-09
639 7.5052e-09
641 7.46469e-09
643 7.07008e-09
645 6.96263e-09
647 6.83513e-09
649 6.78248e-09
651 6.73389e-09
653 6.7812e-09
655 6.40328e-09
657 6.484e-09
659 7.51626e-09
661 7.28866e-09
663 7.28222e-09
665 6.98633e-09
667 6.7643e-09
669 6.81749e-09
671 6.69144e-09
673 6.9376e-09
675 6.59183e-09
677 6.82423e-09
679 6.21672e-09
681 6.39465e-09
683 6.2911e-09
685 6.24607e-09
687 6.0354e-09
689 5.96713e-09
691 6.11654e-09
693 5.85978e-09
695 6.01194e-09
697 5.74979e-09
699 5.50837e-09
701 5.18236e-09
703 5.4016e-09
705 5.16866e-09
707 5.25906e-09
709 5.36462e-09
711 5.25514e-09
713 5.2861e-09
715 4.94764e-09
717 5.20501e-09
719 4.7321e-09
721 4.94874e-09
723 4.79177e-09
725 4.64382e-09
727 4.66281e-09
729 4.44238e-09
731 4.64618e-09
733 5.23001e-09
735 5.21507e-09
737 5.68421e-09
739 6.69464e-09
741 6.22871e-09
743 6.38904e-09
745 6.15528e-09
747 6.13088e-09
749 6.13179e-09
751 6.29436e-09
753 5.80195e-09
755 5.92027e-09
757 5.60988e-09
759 5.78284e-09
761 5.30934e-09
763 5.33786e-09
765 5.5043e-09
767 5.4792e-09
769 5.23471e-09
771 5.38009e-09
773 5.16309e-09
775 4.86389e-09
777 4.64887e-09
779 4.63549e-09
781 4.67501e-09
783 4.67743e-09
785 4.80739e-09
787 4.52739e-09
789 5.21029e-09
791 7.93652e-09
793 7.52231e-09
795 6.56873e-09
797 5.77492e-09
799 5.26299e-09
801 4.4448e-09
803 3.50196e-09
805 2.77219e-09
807 2.23424e-09
809 1.5968e-09
811 1.21938e-09
813 1.70453e-09
815 0
817 0
819 0
821 0
823 0
825 0
827 0
829 0
831 0
833 0
835 0
837 0
839 0
841 0
843 0
845 0
847 0
849 0
851 0
853 0
855 0
857 0
859 0
861 0
863 0
865 0
867 0
869 0
871 0
873 0
875 0
877 0
879 0
881 0
883 0
885 0
887 0
889 0
891 0
893 0
895 0
897 0
899 0
901 0
903 0
905 0
907 0
909 0
911 0
913 0
915 0
917 0
919 0
921 0
923 0
925 0
927 0
929 0
931 0
933 1.83432e-11
935 0
937 0
939 0
941 0
943 0
945 0
947 1.80455e-11
949 0
951 0
953 0
955 0
957 0
959 0
961 0
963 1.7769e-11
965 0
967 0
969 0
971 0
973 0
975 0
977 0
979 0
981 1.40748e-11
983 0
985 0
987 0
989 0
991 0
993 0
995 0
997 0
999 0
1001 0
1003 0
1005 0
1007 0
1009 0
1011 0
1013 0
1015 1.68402e-11
1017 0
1019 0
1021 0
1023 0
1025 0
1027 0
1029 0
1031 0
1033 1.65648e-11
1035 0
1037 0
1039 0
1041 0
1043 0
1045 0
1047 0
1049 0
1051 1.62943e-11
1053 0
1055 0
1057 0
1059 0
1061 0
1063 0
1065 0
1067 0
1069 0
1071 1.59397e-11
1073 0
1075 0
1077 0
1079 0
1081 0
1083 0
1085 0
1087 0
1089 0
1091 1.56637e-11
1093 0
1095 0
1097 0
1099 0
1101 0
1103 0
1105 0
1107 0
1109 0
1111 1.54134e-11
1113 0
1115 0
1117 0
1119 0
1121 0
1123 0
1125 0
1127 0
1129 0
1131 0
1133 0
1135 1.5075e-11
1137 0
1139 1.5009e-11
1141 0
1143 0
1145 0
1147 0
1149 0
1151 0
1153 0
1155 0
1157 0
1159 1.47829e-11
1161 1.47737e-11
1163 0
1165 0
1167 0
1169 0
1171 0
1173 0
1175 0
1177 0
1179 0
1181 0
1183 1.44465e-11
1185 1.4386e-11
1187 0
1189 0
1191 0
1193 0
1195 0
1197 0
1199 0
1201 0
1203 0
1205 0
1207 0
1209 1.41733e-11
1211 1.41732e-11
1213 0
1215 0
1217 0
1219 0
1221 0
1223 0
1225 0
1227 0
1229 0
1231 0
1233 0
1235 1.38532e-11
1237 1.3789e-11
1239 0
1241 0
1243 0
1245 0
1247 0
1249 0
1251 0
1253 0
1255 0
1257 0
1259 0
1261 1.35931e-11
1263 1.35563e-11
1265 0
1267 0
1269 0
1271 0
1273 0
1275 0
1277 0
1279 0
1281 0
1283 0
1285 0
1287 0
1289 1.3231e-11
1291 1.32302e-11
1293 0
1295 0
1297 0
1299 0
1301 0
1303 0
1305 0
1307 0
1309 0
1311 0
1313 0
1315 0
1317 0
1319 2.59464e-11
1321 0
1323 0
1325 0
1327 0
1329 0
1331 0
1333 0
1335 0
1337 0
1339 0
1341 0
1343 0
1345 0
1347 0
1349 0
1351 2.53573e-11
1353 0
1355 0
1357 0
1359 0
1361 0
1363 0
1365 0
1367 0
1369 0
1371 0
1373 0
1375 0
1377 0
1379 0
1381 0
1383 1.2357e-11
1385 1.23511e-11
1387 0
1389 0
1391 0
1393 0
1395 0
1397 0
1399 0
1401 0
1403 0
1405 0
1407 0
1409 0
1411 0
1413 0
1415 0
1417 0
1419 1.205e-11
1421 1.20431e-11
1423 0
1425 0
1427 0
1429 0
1431 0
1433 0
1435 0
1437 0
1439 0
1441 0
1443 0
1445 0
1447 0
1449 0
1451 0
1453 0
1455 0
1457 0
1459 2.3473e-11
1461 0
1463 0
1465 0
1467 0
1469 0
1471 0
1473 0
1475 0
1477 0
1479 0
1481 0
1483 0
1485 0
1487 0
1489 0
1491 0
1493 0
1495 0
1497 0
1499 1.1421e-11
1501 1.13955e-11
1503 0
1505 0
1507 1.13395e-11
1509 0
1511 0
1513 0
1515 0
1517 0
1519 0
1521 0
1523 0
1525 0
1527 0
1529 0
1531 0
1533 0
1535 0
1537 1.11443e-11
1539 0
1541 0
1543 1.10676e-11
1545 1.10558e-11
1547 0
1549 0
1551 1.10215e-11
1553 0
1555 0
1557 0
1559 0
1561 0
1563 0
1565 0
1567 0
1569 0
1571 0
1573 0
1575 0
1577 0
1579 0
1581 0
1583 0
1585 1.0769e-11
1587 0
1589 0
1591 1.0744e-11
1593 1.07362e-11
1595 0
1597 0
1599 1.06932e-11
1601 0
1603 0
1605 0
1607 0
1609 0
1611 0
1613 0
1615 0
1617 0
1619 0
1621 0
1623 0
1625 0
1627 0
1629 0
1631 0
1633 1.04668e-11
1635 0
1637 1.04326e-11
1639 0
1641 0
1643 1.03878e-11
1645 0
1647 1.03589e-11
1649 1.03594e-11
1651 0
1653 0
1655 0
1657 0
1659 0
1661 0
1663 0
1665 0
1667 0
1669 0
1671 0
1673 0
1675 0
1677 0
1679 0
1681 0
1683 0
1685 1.01198e-11
1687 0
1689 0
1691 1.01066e-11
1693 0
1695 1.00819e-11
1697 1.00583e-11
1699 0
1701 1.00318e-11
1703 0
1705 0
1707 0
1709 0
1711 0
1713 0
1715 0
1717 0
1719 0
1721 0
1723 0
1725 0
1727 0
1729 0
1731 0
1733 0
1735 0
1737 0
1739 0
1741 9.8057e-12
1743 0
1745 0
1747 9.75689e-12
1749 9.74773e-12
1751 9.74193e-12
1753 0
1755 0
1757 0
1759 9.70371e-12
1761 0
1763 0
1765 0
1767 0
1769 0
1771 0
1773 0
1775 0
1777 0
1779 0
1781 0
1783 0
1785 0
1787 0
1789 0
1791 0
1793 0
1795 0
1797 0
1799 9.48303e-12
1801 0
1803 0
1805 0
1807 0
1809 1.88632e-11
1811 9.44103e-12
1813 0
1815 0
1817 0
1819 9.39076e-12
1821 0
1823 0
1825 0
1827 0
1829 0
1831 0
1833 0
1835 0
1837 0
1839 0
1841 0
1843 9.26744e-12
1845 0
1847 0
1849 0
1851 0
1853 0
1855 9.19865e-12
1857 0
1859 0
1861 0
1863 9.15655e-12
1865 0
1867 0
1869 1.8286e-11
1871 0
1873 0
1875 0
1877 9.09122e-12
1879 0
1881 0
1883 0
1885 0
1887 0
1889 0
1891 0
1893 0
1895 0
1897 0
1899 0
1901 0
1903 0
1905 8.97587e-12
1907 0
1909 0
1911 0
1913 0
1915 0
1917 8.90728e-12
1919 8.89415e-12
1921 0
1923 0
1925 0
1927 0
1929 0
1931 1.76651e-11
1933 0
1935 0
1937 0
1939 8.81845e-12
1941 0
1943 0
1945 0
1947 0
1949 0
1951 0
1953 0
1955 0
1957 0
1959 8.72439e-12
1961 0
1963 0
1965 0
1967 0
1969 0
1971 8.65522e-12
1973 0
1975 0
1977 0
1979 0
1981 0
1983 0
1985 1.72337e-11
1987 0
1989 0
1991 0
1993 0
1995 0
1997 8.55811e-12
1999 8.54289e-12
