-10.2 4.32333
-10.1 4.32877
-10 4.34919
-9.9 4.36986
-9.8 4.38263
-9.7 4.40816
-9.6 4.42232
-9.5 4.43893
-9.4 4.46266
-9.3 4.47774
-9.2 4.5023
-9.1 4.52236
-9 4.53968
-8.9 4.56457
-8.8 4.58113
-8.7 4.60739
-8.6 4.6279
-8.5 4.65017
-8.4 4.67596
-8.3 4.69433
-8.2 4.72376
-8.1 4.74565
-8 4.77126
-7.9 4.79717
-7.8 4.82052
-7.7 4.84998
-7.6 4.87387
-7.5 4.90715
-7.4 4.93196
-7.3 4.96531
-7.2 4.99308
-7.1 5.02619
-7 5.05875
-6.9 5.08999
-6.8 5.12441
-6.7 5.15636
-6.6 5.19443
-6.5 5.22935
-6.4 5.27004
-6.3 5.30768
-6.2 5.35264
-6.1 5.39283
-6 5.44346
-5.9 5.48668
-5.8 5.5383
-5.7 5.58917
-5.6 5.64754
-5.5 5.70878
-5.4 5.7776
-5.3 5.85565
-5.2 5.94657
-5.1 6.05683
-5 6.19323
-4.9 6.34396
-4.8 6.48486
-4.7 6.54372
-4.6 6.58084
-4.5 6.60028
-4.4 6.6881
-4.3 6.71384
-4.2 6.72547
-4.1 6.81341
-4 6.86462
-3.9 6.86352
-3.8 6.86616
-3.7 6.94553
-3.6 7.05625
-3.5 7.08099
-3.4 7.04425
-3.3 7.08296
-3.2 7.14939
-3.1 7.18583
-3 7.17026
-2.9 7.20474
-2.8 7.29304
-2.7 7.35002
-2.6 7.42809
-2.5 7.42498
-2.4 7.52342
-2.3 7.60859
-2.2 7.64572
-2.1 7.68361
-2 7.72558
-1.9 7.80034
-1.8 7.88669
-1.7 7.9062
-1.6 7.94893
-1.5 8.00257
-1.4 8.08641
-1.3 8.13238
-1.2 8.12891
-1.1 8.22065
-1 8.39578
-0.9 8.44429
-0.8 8.49893
-0.7 8.52806
-0.6 8.61167
-0.5 8.77829
-0.4 8.84225
-0.3 8.90541
-0.2 8.97536
-0.1 9.034
0 9.20156
0.1 9.37893
0.2 9.4248
0.3 9.47325
0.4 9.64541
0.5 9.82072
0.6 10.0206
0.7 10.0999
0.8 10.1141
0.9 10.2702
1 10.4715
1.1 10.7098
1.2 10.8366
1.3 10.8235
1.4 11.0211
1.5 11.3205
1.6 11.548
1.7 11.6475
1.8 11.6705
1.9 11.7711
2 12.0881
2.1 12.5749
2.2 12.8757
2.3 12.9181
2.4 13.0059
2.5 13.344
2.6 13.7465
2.7 14.3275
2.8 14.4802
2.9 14.4701
3 14.758
3.1 15.5146
3.2 16.1816
3.3 16.651
3.4 16.9293
3.5 17.1315
3.6 17.5184
3.7 18.6251
3.8 19.6222
3.9 20.2309
4 20.583
4.1 21.1977
4.2 22.4243
4.3 24.2779
4.4 26.15
4.5 27.8384
4.6 30.0016
4.7 33.863
4.8 40.3594
4.9 49.806
5 61.3544
5.1 73.1675
5.2 86.7532
5.3 97.6235
5.4 105.444
5.5 116.091
5.6 142.578
5.7 213.587
5.8 0
5.9 0
6 0
6.1 0
6.2 0
6.3 0
6.4 0
6.5 0
6.6 0
6.7 0
6.8 0
6.9 0
7 0
7.1 0
7.2 0
7.3 0
7.4 0
7.5 0
7.6 0
7.7 0
7.8 0
7.9 0
8 0
8.1 0
8.2 0
8.3 0
8.4 0
8.5 0
8.6 0
8.7 0
8.8 0
8.9 0
9 0
9.1 0
9.2 0
9.3 0
9.4 0
9.5 0
9.6 0
9.7 0
9.8 0
9.9 0
10 0
10.1 0
10.2 0
