-10.2 0.0679622
-10.1 0.0679902
-10 0.068357
-9.9 0.0687942
-9.8 0.0690868
-9.7 0.0698198
-9.6 0.0694973
-9.5 0.0697577
-9.4 0.0699472
-9.3 0.0701317
-9.2 0.0703155
-9.1 0.0704241
-9 0.0708332
-8.9 0.0711058
-8.8 0.070898
-8.7 0.0711318
-8.6 0.0713971
-8.5 0.0721069
-8.4 0.0717598
-8.3 0.0722088
-8.2 0.0723238
-8.1 0.0723387
-8 0.0728437
-7.9 0.0729479
-7.8 0.0733004
-7.7 0.073792
-7.6 0.0740806
-7.5 0.0742291
-7.4 0.0743373
-7.3 0.0750761
-7.2 0.0750084
-7.1 0.0756437
-7 0.0755275
-6.9 0.075784
-6.8 0.0761654
-6.7 0.0767526
-6.6 0.0769166
-6.5 0.0773647
-6.4 0.0777575
-6.3 0.077814
-6.2 0.0781717
-6.1 0.0787177
-6 0.0792561
-5.9 0.0798303
-5.8 0.080132
-5.7 0.0802611
-5.6 0.0808773
-5.5 0.0813926
-5.4 0.0820669
-5.3 0.0827814
-5.2 0.0834538
-5.1 0.0844745
-5 0.0857295
-4.9 0.0869485
-4.8 0.0875281
-4.7 0.087875
-4.6 0.0875769
-4.5 0.0880361
-4.4 0.0879862
-4.3 0.0879566
-4.2 0.0874142
-4.1 0.0874686
-4 0.0872329
-3.9 0.0871544
-3.8 0.0872756
-3.7 0.0867721
-3.6 0.086464
-3.5 0.0864819
-3.4 0.086703
-3.3 0.0868966
-3.2 0.086978
-3.1 0.0871672
-3 0.0866369
-2.9 0.0867114
-2.8 0.0869267
-2.7 0.0870234
-2.6 0.0866223
-2.5 0.0867836
-2.4 0.087266
-2.3 0.0871159
-2.2 0.0862068
-2.1 0.0863576
-2 0.0867572
-1.9 0.0871877
-1.8 0.0865891
-1.7 0.0862398
-1.6 0.0866171
-1.5 0.0866707
-1.4 0.0869283
-1.3 0.0868798
-1.2 0.0865082
-1.1 0.0867298
-1 0.0869864
-0.9 0.0871375
-0.8 0.0871154
-0.7 0.0865542
-0.6 0.0862655
-0.5 0.0868384
-0.4 0.0872904
-0.3 0.0870186
-0.2 0.0865072
-0.1 0.0866552
0 0.0870064
0.1 0.0874248
0.2 0.0867259
0.3 0.0866438
0.4 0.0869528
0.5 0.0871205
0.6 0.0876389
0.7 0.0870323
0.8 0.0867714
0.9 0.0875306
1 0.088068
1.1 0.0881443
1.2 0.0878026
1.3 0.087556
1.4 0.0881364
1.5 0.0886883
1.6 0.0895779
1.7 0.0891348
1.8 0.0877089
1.9 0.0876955
2 0.088763
2.1 0.0900533
2.2 0.0890315
2.3 0.0879009
2.4 0.0871741
2.5 0.0875667
2.6 0.0888348
2.7 0.0893178
2.8 0.0894031
2.9 0.088163
3 0.0881456
3.1 0.0895485
3.2 0.0901908
3.3 0.0903764
3.4 0.0886657
3.5 0.0875059
3.6 0.0878378
3.7 0.0891778
3.8 0.0900462
3.9 0.0879205
4 0.085895
4.1 0.0853889
4.2 0.0864572
4.3 0.0883542
4.4 0.0896908
4.5 0.0894129
4.6 0.0898385
4.7 0.0926625
4.8 0.0959512
4.9 0.0958581
5 0.0843138
5.1 0.0620713
5.2 0.0361293
5.3 0.0166278
5.4 0.00599397
5.5 0.00158179
5.6 0.000373396
5.7 9.72513e-05
5.8 1.47969e-05
5.9 0
6 0
6.1 0
6.2 0
6.3 0
6.4 0
6.5 0
6.6 0
6.7 0
6.8 0
6.9 0
7 0
7.1 0
7.2 0
7.3 0
7.4 0
7.5 0
7.6 0
7.7 0
7.8 0
7.9 0
8 0
8.1 0
8.2 0
8.3 0
8.4 0
8.5 0
8.6 0
8.7 0
8.8 0
8.9 0
9 0
9.1 0
9.2 0
9.3 0
9.4 0
9.5 0
9.6 0
9.7 0
9.8 0
9.9 0
10 0
10.1 0
10.2 0
