-10.2 4.3951
-10.1 4.40258
-10 4.42295
-9.9 4.4446
-9.8 4.46108
-9.7 4.49197
-9.6 4.51002
-9.5 4.52862
-9.4 4.55414
-9.3 4.57338
-9.2 4.60037
-9.1 4.62494
-9 4.64922
-8.9 4.6797
-8.8 4.70652
-8.7 4.79084
-8.6 4.75157
-8.5 4.77668
-8.4 4.80649
-8.3 4.8325
-8.2 4.86508
-8.1 4.89428
-8 4.92592
-7.9 4.9589
-7.8 4.99436
-7.7 5.02848
-7.6 5.07828
-7.5 5.23393
-7.4 5.1507
-7.3 5.32152
-7.2 5.22304
-7.1 5.27178
-7 5.38397
-6.9 5.37087
-6.8 5.49637
-6.7 5.58699
-6.6 5.55456
-6.5 5.64532
-6.4 5.86756
-6.3 5.78616
-6.2 6.09008
-6.1 5.92967
-6 6.25114
-5.9 6.25304
-5.8 6.37884
-5.7 6.49598
-5.6 6.38971
-5.5 6.57705
-5.4 6.80881
-5.3 6.9134
-5.2 7.53541
-5.1 8.40933
-5 9.44869
-4.9 13.2207
-4.8 15.2754
-4.7 14.8274
-4.6 14.5327
-4.5 14.7813
-4.4 14.9732
-4.3 14.9165
-4.2 15.4462
-4.1 14.8082
-4 15.926
-3.9 14.4382
-3.8 14.3969
-3.7 13.8703
-3.6 14.5735
-3.5 16.5069
-3.4 14.9477
-3.3 15.6989
-3.2 16.3339
-3.1 15.988
-3 16.6903
-2.9 14.3559
-2.8 15.5716
-2.7 16.2353
-2.6 16.2651
-2.5 15.6157
-2.4 16.789
-2.3 17.6876
-2.2 18.2198
-2.1 16.565
-2 15.8491
-1.9 16.3016
-1.8 17.546
-1.7 18.0253
-1.6 16.6123
-1.5 16.7945
-1.4 17.4819
-1.3 18.3396
-1.2 18.0906
-1.1 17.2359
-1 17.8044
-0.9 20.3036
-0.8 19.5985
-0.7 18.1873
-0.6 19.0111
-0.5 19.5808
-0.4 21.1292
-0.3 19.706
-0.2 19.3608
-0.1 19.1903
0 20.5684
0.1 21.2403
0.2 21.6738
0.3 20.5255
0.4 20.7058
0.5 21.3182
0.6 23.139
0.7 24.0066
0.8 22.3222
0.9 21.3882
1 22.6749
1.1 25.9658
1.2 25.0911
1.3 23.7833
1.4 22.9413
1.5 24.459
1.6 26.7849
1.7 27.7012
1.8 26.7676
1.9 26.1421
2 26.4496
2.1 30.0226
2.2 32.1147
2.3 30.319
2.4 30.0355
2.5 29.1138
2.6 30.5859
2.7 33.9654
2.8 36.1777
2.9 33.0599
3 32.751
3.1 33.8677
3.2 37.8729
3.3 38.1163
3.4 39.2035
3.5 35.9403
3.6 37.1884
3.7 41.3805
3.8 46.0643
3.9 48.814
4 46.3454
4.1 45.0577
4.2 45.57
4.3 50.2716
4.4 56.3535
4.5 59.1866
4.6 61.555
4.7 68.4939
4.8 84.9423
4.9 109.208
5 138.592
5.1 166.722
5.2 193.097
5.3 218.044
5.4 244.73
5.5 261.745
5.6 249.657
5.7 344.403
5.8 0
5.9 0
6 0
6.1 0
6.2 0
6.3 0
6.4 0
6.5 0
6.6 0
6.7 0
6.8 0
6.9 0
7 0
7.1 0
7.2 0
7.3 0
7.4 0
7.5 0
7.6 0
7.7 0
7.8 0
7.9 0
8 0
8.1 0
8.2 0
8.3 0
8.4 0
8.5 0
8.6 0
8.7 0
8.8 0
8.9 0
9 0
9.1 0
9.2 0
9.3 0
9.4 0
9.5 0
9.6 0
9.7 0
9.8 0
9.9 0
10 0
10.1 0
10.2 0
