-10.2 1.14846e-09
-10.1 6.94557e-08
-10 1.76345e-07
-9.9 1.44469e-07
-9.8 7.02617e-08
-9.7 4.79575e-08
-9.6 5.37799e-09
-9.5 1.48659e-07
-9.4 1.90228e-07
-9.3 3.50725e-09
-9.2 3.17904e-08
-9.1 9.12926e-09
-9 1.89223e-07
-8.9 4.5701e-08
-8.8 4.34658e-09
-8.7 9.87113e-08
-8.6 2.49887e-08
-8.5 1.15741e-07
-8.4 6.99132e-08
-8.3 1.48861e-07
-8.2 3.01889e-07
-8.1 8.89631e-09
-8 9.89865e-08
-7.9 4.99468e-08
-7.8 8.17926e-08
-7.7 4.37665e-08
-7.6 1.99857e-07
-7.5 3.91397e-08
-7.4 3.88153e-08
-7.3 1.89385e-07
-7.2 9.48753e-08
-7.1 3.66797e-07
-7 1.64721e-08
-6.9 6.26457e-08
-6.8 2.89467e-08
-6.7 2.13798e-07
-6.6 1.22654e-07
-6.5 1.59957e-07
-6.4 9.60178e-10
-6.3 1.80349e-07
-6.2 6.04967e-08
-6.1 5.07343e-08
-6 6.88694e-09
-5.9 8.43402e-08
-5.8 1.50256e-07
-5.7 2.16114e-07
-5.6 4.20201e-09
-5.5 8.91094e-09
-5.4 3.35379e-08
-5.3 8.70642e-08
-5.2 1.28545e-07
-5.1 2.81044e-07
-5 3.00485e-08
-4.9 2.01684e-07
-4.8 2.54625e-08
-4.7 5.14929e-08
-4.6 1.58761e-08
-4.5 2.08312e-08
-4.4 7.97233e-08
-4.3 1.06036e-07
-4.2 1.29469e-07
-4.1 8.09023e-08
-4 9.112e-09
-3.9 2.67184e-08
-3.8 8.28831e-08
-3.7 1.49919e-08
-3.6 1.65121e-07
-3.5 1.59176e-08
-3.4 4.80317e-08
-3.3 1.67656e-07
-3.2 2.68838e-07
-3.1 3.58495e-07
-3 1.57754e-07
-2.9 8.51896e-09
-2.8 1.13349e-07
-2.7 1.09774e-07
-2.6 2.34952e-07
-2.5 8.40685e-08
-2.4 2.2496e-07
-2.3 5.48158e-08
-2.2 6.49268e-09
-2.1 8.31392e-08
-2 6.47209e-08
-1.9 1.30367e-07
-1.8 3.56654e-08
-1.7 6.41175e-08
-1.6 1.01527e-08
-1.5 2.77594e-08
-1.4 1.16076e-07
-1.3 3.88044e-08
-1.2 1.41515e-08
-1.1 0
-1 3.66864e-08
-0.9 1.99372e-07
-0.8 6.51086e-08
-0.7 4.33884e-09
-0.6 1.44451e-09
-0.5 7.77734e-09
-0.4 9.64802e-09
-0.3 2.51906e-09
-0.2 1.24594e-09
-0.1 8.7987e-08
0 6.65557e-08
0.1 3.36999e-08
0.2 8.70572e-08
0.3 1.9186e-07
0.4 4.35812e-08
0.5 1.56403e-08
0.6 0
0.7 0
0.8 1.93414e-08
0.9 1.58915e-07
1 9.79015e-08
1.1 4.66343e-10
1.2 1.99433e-08
1.3 1.70994e-08
1.4 2.53785e-08
1.5 1.96813e-08
1.6 8.42862e-09
1.7 4.72179e-10
1.8 6.99807e-08
1.9 1.55609e-08
2 4.28331e-09
2.1 1.65686e-08
2.2 7.25484e-09
2.3 1.82946e-07
2.4 9.49294e-09
2.5 2.91078e-08
2.6 0
2.7 0
2.8 2.49523e-08
2.9 0
3 8.5414e-08
3.1 1.78511e-09
3.2 1.30521e-08
3.3 0
3.4 5.34093e-09
3.5 0
3.6 6.86948e-08
3.7 0
3.8 0
3.9 7.99358e-10
4 5.97026e-08
4.1 7.16775e-10
4.2 8.18914e-09
4.3 1.45542e-08
4.4 3.59107e-09
4.5 0
4.6 0
4.7 0
4.8 0
4.9 0
5 0
5.1 0
5.2 0
5.3 0
5.4 0
5.5 0
5.6 0
5.7 0
5.8 0
5.9 0
6 0
6.1 0
6.2 0
6.3 0
6.4 0
6.5 0
6.6 0
6.7 0
6.8 0
6.9 0
7 0
7.1 0
7.2 0
7.3 0
7.4 0
7.5 0
7.6 0
7.7 0
7.8 0
7.9 0
8 0
8.1 0
8.2 0
8.3 0
8.4 0
8.5 0
8.6 0
8.7 0
8.8 0
8.9 0
9 0
9.1 0
9.2 0
9.3 0
9.4 0
9.5 0
9.6 0
9.7 0
9.8 0
9.9 0
10 0
10.1 0
10.2 0
