-10.2 5.93575
-10.1 5.94154
-10 5.97824
-9.9 6.01978
-9.8 6.0502
-9.7 6.12522
-9.6 6.11278
-9.5 6.1441
-9.4 6.16878
-9.3 6.19902
-9.2 6.23945
-9.1 6.25192
-9 6.28925
-8.9 6.32327
-8.8 6.32506
-8.7 6.36124
-8.6 6.38939
-8.5 6.4574
-8.4 6.44325
-8.3 6.49291
-8.2 6.52652
-8.1 6.53793
-8 6.59438
-7.9 6.61294
-7.8 6.65741
-7.7 6.70387
-7.6 6.73645
-7.5 6.77405
-7.4 6.79953
-7.3 6.87367
-7.2 6.88249
-7.1 6.95057
-7 6.95972
-6.9 6.99507
-6.8 7.03448
-6.7 7.09966
-6.6 7.13852
-6.5 7.19445
-6.4 7.23307
-6.3 7.25634
-6.2 7.31148
-6.1 7.37056
-6 7.4334
-5.9 7.50208
-5.8 7.55798
-5.7 7.58816
-5.6 7.65617
-5.5 7.73062
-5.4 7.81318
-5.3 7.90363
-5.2 7.98348
-5.1 8.09876
-5 8.23202
-4.9 8.37001
-4.8 8.46839
-4.7 8.5444
-4.6 8.55206
-4.5 8.63263
-4.4 8.68483
-4.3 8.72374
-4.2 8.72163
-4.1 8.78002
-4 8.79428
-3.9 8.83273
-3.8 8.90963
-3.7 8.90194
-3.6 8.91214
-3.5 8.972
-3.4 9.03186
-3.3 9.09908
-3.2 9.16277
-3.1 9.21972
-3 9.23768
-2.9 9.29015
-2.8 9.35795
-2.7 9.43969
-2.6 9.45897
-2.5 9.52333
-2.4 9.63402
-2.3 9.68173
-2.2 9.6556
-2.1 9.71792
-2 9.8296
-1.9 9.93741
-1.8 9.93585
-1.7 9.97217
-1.6 10.0711
-1.5 10.1513
-1.4 10.2369
-1.3 10.3109
-1.2 10.3438
-1.1 10.4354
-1 10.5439
-0.9 10.6497
-0.8 10.734
-0.7 10.7529
-0.6 10.8103
-0.5 10.9555
-0.4 11.0955
-0.3 11.1535
-0.2 11.1829
-0.1 11.292
0 11.4302
0.1 11.5794
0.2 11.5908
0.3 11.6846
0.4 11.8354
0.5 11.9596
0.6 12.1399
0.7 12.2025
0.8 12.2798
0.9 12.4943
1 12.6845
1.1 12.8479
1.2 12.9447
1.3 13.0472
1.4 13.2764
1.5 13.5191
1.6 13.8037
1.7 13.935
1.8 13.9231
1.9 14.0916
2 14.4241
2.1 14.8412
2.2 14.9407
2.3 15.0089
2.4 15.1199
2.5 15.4021
2.6 15.8513
2.7 16.2087
2.8 16.5282
2.9 16.6374
3 16.9476
3.1 17.5119
3.2 18.0181
3.3 18.5302
3.4 18.7037
3.5 18.9633
3.6 19.5252
3.7 20.3491
3.8 21.2319
3.9 21.5695
4 21.8601
4.1 22.5059
4.2 23.5685
4.3 24.9997
4.4 26.6035
4.5 28.1031
4.6 29.9945
4.7 33.1365
4.8 37.7875
4.9 44.0922
5 51.3536
5.1 59.2538
5.2 67.1739
5.3 73.999
5.4 82.7058
5.5 87.257
5.6 86.1602
5.7 89.1898
5.8 110.381
5.9 0
6 0
6.1 0
6.2 0
6.3 0
6.4 0
6.5 0
6.6 0
6.7 0
6.8 0
6.9 0
7 0
7.1 0
7.2 0
7.3 0
7.4 0
7.5 0
7.6 0
7.7 0
7.8 0
7.9 0
8 0
8.1 0
8.2 0
8.3 0
8.4 0
8.5 0
8.6 0
8.7 0
8.8 0
8.9 0
9 0
9.1 0
9.2 0
9.3 0
9.4 0
9.5 0
9.6 0
9.7 0
9.8 0
9.9 0
10 0
10.1 0
10.2 0
