-10.2 0.0116337
-10.1 0.011639
-10 0.011679
-9.9 0.0116959
-9.8 0.0117014
-9.7 0.0117318
-9.6 0.0117278
-9.5 0.0117362
-9.4 0.0117569
-9.3 0.0117524
-9.2 0.0117713
-9.1 0.0117702
-9 0.011773
-8.9 0.0117854
-8.8 0.0117779
-8.7 0.0117887
-8.6 0.0117851
-8.5 0.011782
-8.4 0.0117899
-8.3 0.0117806
-8.2 0.0117848
-8.1 0.0117771
-8 0.0117768
-7.9 0.0117745
-7.8 0.0117652
-7.7 0.0117684
-7.6 0.0117521
-7.5 0.0117513
-7.4 0.0117389
-7.3 0.0117318
-7.2 0.0117208
-7.1 0.0117095
-7 0.0117041
-6.9 0.0116926
-6.8 0.0116892
-6.7 0.011675
-6.6 0.0116655
-6.5 0.0116489
-6.4 0.0116421
-6.3 0.011625
-6.2 0.0116132
-6.1 0.0115976
-6 0.0115854
-5.9 0.0115677
-5.8 0.0115574
-5.7 0.0115382
-5.6 0.0115274
-5.5 0.011508
-5.4 0.0114928
-5.3 0.011472
-5.2 0.0114583
-5.1 0.0114368
-5 0.0114189
-4.9 0.0113973
-4.8 0.0113632
-4.7 0.0113194
-4.6 0.0112706
-4.5 0.0112257
-4.4 0.0111752
-4.3 0.0111241
-4.2 0.0110717
-4.1 0.0110253
-4 0.0109737
-3.9 0.0109234
-3.8 0.0108713
-3.7 0.0108184
-3.6 0.010765
-3.5 0.0107167
-3.4 0.0106628
-3.3 0.0106138
-3.2 0.0105643
-3.1 0.0105105
-3 0.010457
-2.9 0.0104032
-2.8 0.0103523
-2.7 0.0102962
-2.6 0.0102376
-2.5 0.01018
-2.4 0.0101266
-2.3 0.0100709
-2.2 0.0100169
-2.1 0.00995718
-2 0.00989904
-1.9 0.009845
-1.8 0.00979015
-1.7 0.00972718
-1.6 0.00966657
-1.5 0.00960669
-1.4 0.00954689
-1.3 0.00948825
-1.2 0.00942609
-1.1 0.00936471
-1 0.00930399
-0.9 0.00924395
-0.8 0.0091827
-0.7 0.00911547
-0.6 0.00905037
-0.5 0.00899192
-0.4 0.00893005
-0.3 0.00886365
-0.2 0.00879165
-0.1 0.0087233
0 0.00866113
0.1 0.00859712
0.2 0.00852901
0.3 0.00845481
0.4 0.00838156
0.5 0.00831367
0.6 0.00824664
0.7 0.0081758
0.8 0.00809819
0.9 0.00802001
1 0.00794721
1.1 0.00787698
1.2 0.00779979
1.3 0.00771575
1.4 0.00762947
1.5 0.00754927
1.6 0.00747257
1.7 0.00739237
1.8 0.00730675
1.9 0.00720937
2 0.00711781
2.1 0.00703262
2.2 0.00694671
2.3 0.0068562
2.4 0.00675181
2.5 0.00664778
2.6 0.00654578
2.7 0.00645248
2.8 0.00635506
2.9 0.00624121
3 0.00612273
3.1 0.0060048
3.2 0.00589366
3.3 0.00578863
3.4 0.00566903
3.5 0.00553729
3.6 0.0053971
3.7 0.00526522
3.8 0.00514049
3.9 0.00501314
4 0.0048659
4.1 0.00469767
4.2 0.0045301
4.3 0.00437354
4.4 0.00422809
4.5 0.0040743
4.6 0.00389592
4.7 0.00369523
4.8 0.00348173
4.9 0.0032497
5 0.00295218
5.1 0.00252001
5.2 0.00196457
5.3 0.00138048
5.4 0.000903015
5.5 0.00061456
5.6 0.000477472
5.7 0.000415258
5.8 0.000391335
5.9 0.000378012
6 0.000368426
6.1 0.000361426
6.2 0.000354793
6.3 0.000347697
6.4 0.000340889
6.5 0.000333057
6.6 0.000325817
6.7 0.00031962
6.8 0.000312617
6.9 0.000307862
7 0.000300801
7.1 0.000294574
7.2 0.000288052
7.3 0.000282091
7.4 0.000274524
7.5 0.000269628
7.6 0.000264405
7.7 0.000259609
7.8 0.000254007
7.9 0.000247797
8 0.000242495
8.1 0.000236065
8.2 0.000230704
8.3 0.000225283
8.4 0.000220412
8.5 0.000215942
8.6 0.000208769
8.7 0.000204613
8.8 0.000200079
8.9 0.000194887
9 0.000190857
9.1 0.000186431
9.2 0.000181224
9.3 0.000176655
9.4 0.000171157
9.5 0.000166925
9.6 0.000161771
9.7 0.000157421
9.8 0.000152594
9.9 0.000147058
10 0.000142004
10.1 0.000137527
10.2 0.000132234
