-10.2 4.40865
-10.1 4.41609
-10 4.85824
-9.9 4.53002
-9.8 4.70568
-9.7 4.81991
-9.6 4.63634
-9.5 4.91195
-9.4 4.80182
-9.3 4.84976
-9.2 5.03184
-9.1 4.84794
-9 4.97014
-8.9 4.94605
-8.8 4.98616
-8.7 5.18729
-8.6 4.96874
-8.5 5.17337
-8.4 5.05084
-8.3 5.14373
-8.2 5.29186
-8.1 5.18579
-8 5.31699
-7.9 5.18255
-7.8 5.33114
-7.7 5.30626
-7.6 5.32909
-7.5 5.3961
-7.4 5.36862
-7.3 5.49207
-7.2 5.49165
-7.1 5.60827
-7 5.58006
-6.9 5.69176
-6.8 5.63521
-6.7 5.73658
-6.6 5.75891
-6.5 5.76007
-6.4 5.80792
-6.3 5.96756
-6.2 5.87889
-6.1 5.96601
-6 6.00544
-5.9 6.04864
-5.8 6.04132
-5.7 6.24509
-5.6 6.20198
-5.5 6.35492
-5.4 6.37781
-5.3 6.54916
-5.2 6.5267
-5.1 6.64699
-5 6.78012
-4.9 6.97447
-4.8 7.12917
-4.7 7.19644
-4.6 7.16891
-4.5 7.22632
-4.4 7.28781
-4.3 7.35274
-4.2 7.27671
-4.1 7.3651
-4 7.38189
-3.9 7.43699
-3.8 7.41603
-3.7 7.43279
-3.6 7.53957
-3.5 7.65802
-3.4 7.66272
-3.3 7.73894
-3.2 7.778
-3.1 7.81887
-3 7.80912
-2.9 7.73384
-2.8 7.84952
-2.7 8.00756
-2.6 7.99398
-2.5 8.00364
-2.4 8.14538
-2.3 8.22395
-2.2 8.3217
-2.1 8.20116
-2 8.32708
-1.9 8.46122
-1.8 8.43711
-1.7 8.466
-1.6 8.54133
-1.5 8.68236
-1.4 8.77751
-1.3 8.82192
-1.2 8.89824
-1.1 8.85961
-1 9.06428
-0.9 9.15988
-0.8 9.26904
-0.7 9.32363
-0.6 9.42906
-0.5 9.57822
-0.4 9.64516
-0.3 9.71681
-0.2 9.78551
-0.1 9.92963
0 10.0265
0.1 10.1813
0.2 10.2446
0.3 10.2526
0.4 10.4112
0.5 10.4939
0.6 10.6205
0.7 10.6773
0.8 10.8885
0.9 10.9728
1 11.1904
1.1 11.2895
1.2 11.4619
1.3 11.4581
1.4 11.7002
1.5 11.8734
1.6 12.3567
1.7 12.4408
1.8 12.4422
1.9 12.5914
2 12.9386
2.1 13.4626
2.2 13.6587
2.3 13.7497
2.4 13.8021
2.5 14.0763
2.6 14.4735
2.7 15.031
2.8 15.4483
2.9 15.5229
3 15.8884
3.1 16.2768
3.2 16.7026
3.3 17.4923
3.4 17.8201
3.5 17.993
3.6 18.5257
3.7 19.3866
3.8 20.3003
3.9 21.0452
4 21.8303
4.1 22.2134
4.2 23.3617
4.3 25.2066
4.4 27.1942
4.5 29.1455
4.6 31.8774
4.7 36.3094
4.8 41.8528
4.9 50.9292
5 61.5456
5.1 74.324
5.2 88.5569
5.3 103.184
5.4 111.467
5.5 130.187
5.6 145.688
5.7 164.42
5.8 181.262
5.9 0
6 0
6.1 0
6.2 0
6.3 0
6.4 0
6.5 0
6.6 0
6.7 0
6.8 0
6.9 0
7 0
7.1 0
7.2 0
7.3 0
7.4 0
7.5 0
7.6 0
7.7 0
7.8 0
7.9 0
8 0
8.1 0
8.2 0
8.3 0
8.4 0
8.5 0
8.6 0
8.7 0
8.8 0
8.9 0
9 0
9.1 0
9.2 0
9.3 0
9.4 0
9.5 0
9.6 0
9.7 0
9.8 0
9.9 0
10 0
10.1 0
10.2 0
