-10.2 0.0114915
-10.1 0.0114782
-10 0.0114558
-9.9 0.0114359
-9.8 0.011423
-9.7 0.0114079
-9.6 0.0113871
-9.5 0.0113623
-9.4 0.0113413
-9.3 0.0113262
-9.2 0.011303
-9.1 0.0112866
-9 0.0112724
-8.9 0.0112558
-8.8 0.0112341
-8.7 0.0112115
-8.6 0.0111945
-8.5 0.0111733
-8.4 0.0111444
-8.3 0.0111277
-8.2 0.0111055
-8.1 0.0110793
-8 0.0110581
-7.9 0.0110452
-7.8 0.0110256
-7.7 0.0110127
-7.6 0.010998
-7.5 0.0109749
-7.4 0.0109549
-7.3 0.0109356
-7.2 0.0109169
-7.1 0.0108998
-7 0.0108713
-6.9 0.0108493
-6.8 0.0108317
-6.7 0.0108164
-6.6 0.0107936
-6.5 0.0107727
-6.4 0.0107563
-6.3 0.0107305
-6.2 0.0107102
-6.1 0.0106915
-6 0.0106703
-5.9 0.0106532
-5.8 0.0106287
-5.7 0.0105918
-5.6 0.0105634
-5.5 0.0105405
-5.4 0.0105203
-5.3 0.0104889
-5.2 0.0104681
-5.1 0.0104465
-5 0.0104227
-4.9 0.0103944
-4.8 0.0103513
-4.7 0.0102985
-4.6 0.0102433
-4.5 0.0102007
-4.4 0.0101412
-4.3 0.0100871
-4.2 0.0100296
-4.1 0.00997639
-4 0.00992391
-3.9 0.0098665
-3.8 0.00981316
-3.7 0.0097541
-3.6 0.00970058
-3.5 0.00964982
-3.4 0.00960282
-3.3 0.00955998
-3.2 0.00950884
-3.1 0.0094537
-3 0.00939283
-2.9 0.0093414
-2.8 0.00928408
-2.7 0.00922728
-2.6 0.00916986
-2.5 0.00911709
-2.4 0.00906768
-2.3 0.00900524
-2.2 0.00894465
-2.1 0.00889172
-2 0.00883746
-1.9 0.00878092
-1.8 0.00871644
-1.7 0.00865719
-1.6 0.00860358
-1.5 0.00855362
-1.4 0.0084927
-1.3 0.00843625
-1.2 0.00837063
-1.1 0.008312
-1 0.00825454
-0.9 0.00818922
-0.8 0.00811925
-0.7 0.00804909
-0.6 0.00798481
-0.5 0.00792849
-0.4 0.00787196
-0.3 0.00780676
-0.2 0.00773735
-0.1 0.00767756
0 0.00761579
0.1 0.00755074
0.2 0.00748322
0.3 0.00742114
0.4 0.00735563
0.5 0.00728884
0.6 0.00721903
0.7 0.00713983
0.8 0.00707334
0.9 0.00701137
1 0.00694416
1.1 0.00686521
1.2 0.00678831
1.3 0.00671501
1.4 0.0066431
1.5 0.00656967
1.6 0.00649216
1.7 0.00639637
1.8 0.00630259
1.9 0.00622872
2 0.0061572
2.1 0.00606862
2.2 0.00596117
2.3 0.00585995
2.4 0.0057684
2.5 0.00568661
2.6 0.00560662
2.7 0.00551354
2.8 0.00541346
2.9 0.00530234
3 0.00520699
3.1 0.00511332
3.2 0.00500617
3.3 0.00487973
3.4 0.00474086
3.5 0.0046143
3.6 0.00450249
3.7 0.0043838
3.8 0.00424509
3.9 0.00407803
4 0.00392893
4.1 0.00379374
4.2 0.00367016
4.3 0.00353339
4.4 0.00337328
4.5 0.00318347
4.6 0.00299634
4.7 0.00279631
4.8 0.00253851
4.9 0.00217463
5 0.00164211
5.1 0.00104775
5.2 0.000537886
5.3 0.000224837
5.4 7.25444e-05
5.5 1.81566e-05
5.6 4.32576e-06
5.7 1.08181e-06
5.8 1.34701e-07
5.9 0
6 0
6.1 0
6.2 0
6.3 0
6.4 0
6.5 0
6.6 0
6.7 0
6.8 0
6.9 0
7 0
7.1 0
7.2 0
7.3 0
7.4 0
7.5 0
7.6 0
7.7 0
7.8 0
7.9 0
8 0
8.1 0
8.2 0
8.3 0
8.4 0
8.5 0
8.6 0
8.7 0
8.8 0
8.9 0
9 0
9.1 0
9.2 0
9.3 0
9.4 0
9.5 0
9.6 0
9.7 0
9.8 0
9.9 0
10 0
10.1 0
10.2 0
