-10.2 6.01178
-10.1 6.0205
-10 6.04804
-9.9 6.07303
-9.8 6.09096
-9.7 6.12566
-9.6 6.14707
-9.5 6.17135
-9.4 6.20333
-9.3 6.22474
-9.2 6.25642
-9.1 6.28187
-9 6.30932
-8.9 6.34275
-8.8 6.36832
-8.7 6.40437
-8.6 6.43443
-8.5 6.46843
-8.4 6.53661
-8.3 6.5264
-8.2 6.56527
-8.1 6.59769
-8 6.6361
-7.9 6.67679
-7.8 6.71731
-7.7 6.76081
-7.6 6.80451
-7.5 6.86561
-7.4 6.96745
-7.3 7.00643
-7.2 7.05928
-7.1 7.00987
-7 7.05913
-6.9 7.11519
-6.8 7.20919
-6.7 7.24653
-6.6 7.33655
-6.5 7.40605
-6.4 7.54601
-6.3 7.64577
-6.2 7.61824
-6.1 7.73846
-6 7.79955
-5.9 7.98021
-5.8 8.1251
-5.7 8.15638
-5.6 8.22039
-5.5 8.36144
-5.4 8.5746
-5.3 8.76822
-5.2 9.02716
-5.1 9.70189
-5 10.6658
-4.9 11.9921
-4.8 13.0629
-4.7 13.4733
-4.6 13.1908
-4.5 13.6805
-4.4 13.6948
-4.3 14.2329
-4.2 13.9457
-4.1 13.9151
-4 13.9335
-3.9 13.903
-3.8 14.5678
-3.7 14.2564
-3.6 13.9017
-3.5 13.8294
-3.4 13.8493
-3.3 14.2753
-3.2 14.4629
-3.1 14.8032
-3 14.4213
-2.9 14.338
-2.8 14.5237
-2.7 15.6994
-2.6 14.5042
-2.5 14.4697
-2.4 15.136
-2.3 16.0608
-2.2 14.8052
-2.1 14.6575
-2 15.141
-1.9 15.5288
-1.8 15.5382
-1.7 15.3814
-1.6 15.7584
-1.5 15.8767
-1.4 16.0953
-1.3 16.3324
-1.2 15.9654
-1.1 16.1039
-1 16.495
-0.9 17.0332
-0.8 16.6112
-0.7 16.8565
-0.6 16.7101
-0.5 17.1916
-0.4 17.656
-0.3 17.9767
-0.2 17.3771
-0.1 17.2749
0 17.8602
0.1 18.7032
0.2 18.2338
0.3 18.1876
0.4 17.8817
0.5 18.4562
0.6 19.858
0.7 19.1744
0.8 18.6664
0.9 18.8555
1 19.7133
1.1 21.0104
1.2 20.803
1.3 19.4918
1.4 20.4793
1.5 21.0288
1.6 23.0943
1.7 23.7914
1.8 22.2861
1.9 21.2398
2 22.4934
2.1 25.1812
2.2 25.6748
2.3 24.9381
2.4 23.7864
2.5 23.5826
2.6 25.126
2.7 26.5638
2.8 27.4454
2.9 26.6235
3 26.017
3.1 27.8906
3.2 29.0659
3.3 32.1394
3.4 31.1317
3.5 30.2673
3.6 30.2578
3.7 32.5914
3.8 36.0786
3.9 36.5885
4 34.7503
4.1 34.525
4.2 35.2026
4.3 38.4599
4.4 42.0891
4.5 44.0808
4.6 44.9123
4.7 49.7865
4.8 59.2159
4.9 72.0439
5 86.4374
5.1 99.6838
5.2 114.128
5.3 124.176
5.4 137.301
5.5 144.746
5.6 144.045
5.7 142.936
5.8 158.633
5.9 0
6 0
6.1 0
6.2 0
6.3 0
6.4 0
6.5 0
6.6 0
6.7 0
6.8 0
6.9 0
7 0
7.1 0
7.2 0
7.3 0
7.4 0
7.5 0
7.6 0
7.7 0
7.8 0
7.9 0
8 0
8.1 0
8.2 0
8.3 0
8.4 0
8.5 0
8.6 0
8.7 0
8.8 0
8.9 0
9 0
9.1 0
9.2 0
9.3 0
9.4 0
9.5 0
9.6 0
9.7 0
9.8 0
9.9 0
10 0
10.1 0
10.2 0
