-10.2 6.0157
-10.1 6.0214
-10 6.04548
-9.9 6.0704
-9.8 6.08471
-9.7 6.11461
-9.6 6.13336
-9.5 6.15309
-9.4 6.18403
-9.3 6.20095
-9.2 6.22794
-9.1 6.25248
-9 6.27309
-8.9 6.30483
-8.8 6.32553
-8.7 6.35327
-8.6 6.38059
-8.5 6.40347
-8.4 6.43705
-8.3 6.46025
-8.2 6.49171
-8.1 6.52001
-8 6.54781
-7.9 6.58208
-7.8 6.60826
-7.7 6.6447
-7.6 6.67303
-7.5 6.70848
-7.4 6.74102
-7.3 6.77516
-7.2 6.81298
-7.1 6.84661
-7 6.88695
-6.9 6.92173
-6.8 6.96489
-6.7 7.00133
-6.6 7.04671
-6.5 7.08688
-6.4 7.13307
-6.3 7.17665
-6.2 7.22519
-6.1 7.2728
-6 7.32382
-5.9 7.3761
-5.8 7.43306
-5.7 7.49022
-5.6 7.55322
-5.5 7.61702
-5.4 7.69031
-5.3 7.7648
-5.2 7.85199
-5.1 7.94757
-5 8.06631
-4.9 8.20097
-4.8 8.33192
-4.7 8.41855
-4.6 8.45106
-4.5 8.48479
-4.4 8.53611
-4.3 8.58615
-4.2 8.60941
-4.1 8.64198
-4 8.69827
-3.9 8.74754
-3.8 8.77064
-3.7 8.80254
-3.6 8.85679
-3.5 8.9168
-3.4 8.95023
-3.3 8.9816
-3.2 9.04053
-3.1 9.10506
-3 9.15056
-2.9 9.18029
-2.8 9.23153
-2.7 9.30105
-2.6 9.35929
-2.5 9.3935
-2.4 9.43508
-2.3 9.50989
-2.2 9.58145
-2.1 9.62878
-2 9.67021
-1.9 9.72707
-1.8 9.81001
-1.7 9.88019
-1.6 9.92573
-1.5 9.97209
-1.4 10.0532
-1.3 10.1514
-1.2 10.2241
-1.1 10.2728
-1 10.3333
-0.9 10.427
-0.8 10.5332
-0.7 10.6089
-0.6 10.6584
-0.5 10.7368
-0.4 10.8505
-0.3 10.9713
-0.2 11.0533
-0.1 11.1112
0 11.2025
0.1 11.3372
0.2 11.4758
0.3 11.569
0.4 11.6323
0.5 11.7401
0.6 11.8956
0.7 12.0573
0.8 12.1773
0.9 12.258
1 12.3627
1.1 12.538
1.2 12.7488
1.3 12.909
1.4 13.0099
1.5 13.1126
1.6 13.3079
1.7 13.5628
1.8 13.7819
1.9 13.9115
2 14.032
2.1 14.2271
2.2 14.5267
2.3 14.8284
2.4 15.0484
2.5 15.1825
2.6 15.3671
2.7 15.6991
2.8 16.1183
2.9 16.4796
3 16.6968
3.1 16.8861
3.2 17.2155
3.3 17.7286
3.4 18.2844
3.5 18.7241
3.6 19.0048
3.7 19.3495
3.8 19.9323
3.9 20.7435
4 21.5631
4.1 22.1635
4.2 22.6195
4.3 23.2515
4.4 24.3141
4.5 25.7921
4.6 27.4417
4.7 29.177
4.8 31.2818
4.9 34.341
5 44.5391
5.1 52.2624
5.2 61.1784
5.3 70.4324
5.4 79.6182
5.5 77.8673
5.6 84.2051
5.7 90.0005
5.8 95.3012
5.9 99.7432
6 107.882
6.1 110.593
6.2 131.337
6.3 0
6.4 0
6.5 0
6.6 0
6.7 0
6.8 0
6.9 0
7 0
7.1 0
7.2 0
7.3 0
7.4 0
7.5 0
7.6 0
7.7 0
7.8 0
7.9 0
8 0
8.1 0
8.2 0
8.3 0
8.4 0
8.5 0
8.6 0
8.7 0
8.8 0
8.9 0
9 0
9.1 0
9.2 0
9.3 0
9.4 0
9.5 0
9.6 0
9.7 0
9.8 0
9.9 0
10 0
10.1 0
10.2 0
