-10.2 5.95625
-10.1 5.95431
-10 6.0564
-9.9 6.07767
-9.8 6.10767
-9.7 6.1933
-9.6 6.19066
-9.5 6.23661
-9.4 6.29065
-9.3 6.3126
-9.2 6.36018
-9.1 6.35527
-9 6.38825
-8.9 6.45424
-8.8 6.46015
-8.7 6.51315
-8.6 6.51811
-8.5 6.54328
-8.4 6.59064
-8.3 6.60841
-8.2 6.67423
-8.1 6.68413
-8 6.72582
-7.9 6.75933
-7.8 6.76493
-7.7 6.8399
-7.6 6.83251
-7.5 6.91084
-7.4 6.90813
-7.3 6.94922
-7.2 7.01131
-7.1 7.06164
-7 7.11773
-6.9 7.14453
-6.8 7.18081
-6.7 7.22378
-6.6 7.28215
-6.5 7.30166
-6.4 7.36182
-6.3 7.40447
-6.2 7.44274
-6.1 7.50181
-6 7.56146
-5.9 7.59585
-5.8 7.63728
-5.7 7.68955
-5.6 7.76914
-5.5 7.83084
-5.4 7.91804
-5.3 7.97773
-5.2 8.08792
-5.1 8.17907
-5 8.28506
-4.9 8.41561
-4.8 8.55273
-4.7 8.64064
-4.6 8.65026
-4.5 8.66723
-4.4 8.72902
-4.3 8.7863
-4.2 8.79033
-4.1 8.802
-4 8.86071
-3.9 8.92116
-3.8 8.92255
-3.7 8.93722
-3.6 9.00979
-3.5 9.08585
-3.4 9.1397
-3.3 9.11477
-3.2 9.20818
-3.1 9.2918
-3 9.28151
-2.9 9.29356
-2.8 9.35647
-2.7 9.44005
-2.6 9.49291
-2.5 9.54174
-2.4 9.55757
-2.3 9.63599
-2.2 9.7441
-2.1 9.78547
-2 9.79994
-1.9 9.88411
-1.8 9.97046
-1.7 9.97502
-1.6 10.0231
-1.5 10.0995
-1.4 10.1932
-1.3 10.2915
-1.2 10.3598
-1.1 10.3914
-1 10.42
-0.9 10.5433
-0.8 10.6362
-0.7 10.7381
-0.6 10.859
-0.5 10.9324
-0.4 11.0467
-0.3 11.1497
-0.2 11.2531
-0.1 11.3087
0 11.387
0.1 11.5091
0.2 11.5808
0.3 11.7448
0.4 11.7811
0.5 11.8323
0.6 11.9889
0.7 12.0957
0.8 12.2157
0.9 12.3193
1 12.4522
1.1 12.5948
1.2 12.7875
1.3 12.892
1.4 12.9919
1.5 13.133
1.6 13.3289
1.7 13.6108
1.8 13.8714
1.9 13.8853
2 13.9908
2.1 14.1961
2.2 14.5069
2.3 14.8507
2.4 15.0356
2.5 15.1485
2.6 15.2463
2.7 15.5857
2.8 15.9795
2.9 16.3659
3 16.6673
3.1 16.8054
3.2 17.1169
3.3 17.6196
3.4 17.9567
3.5 18.5134
3.6 18.7709
3.7 19.0625
3.8 19.5606
3.9 20.3706
4 21.0418
4.1 21.7071
4.2 22.2352
4.3 22.7491
4.4 23.7943
4.5 25.2195
4.6 26.7144
4.7 28.3657
4.8 30.5552
4.9 33.6563
5 38.0558
5.1 44.6792
5.2 52.1767
5.3 60.1245
5.4 68.2863
5.5 76.0196
5.6 79.227
5.7 86.2957
5.8 95.8784
5.9 100.832
6 106.172
6.1 0
6.2 0
6.3 0
6.4 0
6.5 0
6.6 0
6.7 0
6.8 0
6.9 0
7 0
7.1 0
7.2 0
7.3 0
7.4 0
7.5 0
7.6 0
7.7 0
7.8 0
7.9 0
8 0
8.1 0
8.2 0
8.3 0
8.4 0
8.5 0
8.6 0
8.7 0
8.8 0
8.9 0
9 0
9.1 0
9.2 0
9.3 0
9.4 0
9.5 0
9.6 0
9.7 0
9.8 0
9.9 0
10 0
10.1 0
10.2 0
