-10.2 6.17372
-10.1 6.18319
-10 6.20958
-9.9 6.23538
-9.8 6.25516
-9.7 6.28775
-9.6 6.30876
-9.5 6.33204
-9.4 6.36135
-9.3 6.38365
-9.2 6.4166
-9.1 6.44515
-9 6.46922
-8.9 6.50145
-8.8 6.52715
-8.7 6.56211
-8.6 6.59188
-8.5 6.62388
-8.4 6.65846
-8.3 6.68635
-8.2 6.72504
-8.1 6.75676
-8 6.7939
-7.9 6.8312
-7.8 6.86687
-7.7 6.90804
-7.6 6.94391
-7.5 6.99128
-7.4 7.03015
-7.3 7.07816
-7.2 7.12145
-7.1 7.17163
-7 7.22277
-6.9 7.27152
-6.8 7.32523
-6.7 7.37836
-6.6 7.43997
-6.5 7.49848
-6.4 7.56199
-6.3 7.6296
-6.2 7.70794
-6.1 7.78368
-6 7.86848
-5.9 7.95465
-5.8 8.05244
-5.7 8.15727
-5.6 8.28161
-5.5 8.4218
-5.4 8.59073
-5.3 8.79737
-5.2 9.12541
-5.1 9.67804
-5 10.6039
-4.9 11.8352
-4.8 13.1668
-4.7 13.6491
-4.6 13.8876
-4.5 13.4012
-4.4 14.1718
-4.3 14.3205
-4.2 13.7505
-4.1 14.4544
-4 14.8904
-3.9 14.6642
-3.8 13.9709
-3.7 14.4224
-3.6 15.3704
-3.5 15.6224
-3.4 14.8156
-3.3 14.7175
-3.2 15.1149
-3.1 15.3749
-3 14.6575
-2.9 14.3382
-2.8 14.9774
-2.7 15.0603
-2.6 15.666
-2.5 14.9786
-2.4 15.3736
-2.3 15.9858
-2.2 16.0439
-2.1 15.8353
-2 15.8799
-1.9 16.0012
-1.8 16.6368
-1.7 16.4014
-1.6 16.2252
-1.5 16.3712
-1.4 16.5959
-1.3 16.6744
-1.2 15.9926
-1.1 15.9569
-1 17.2848
-0.9 17.1718
-0.8 17.4205
-0.7 16.9332
-0.6 16.73
-0.5 17.8812
-0.4 17.8903
-0.3 17.8468
-0.2 17.9171
-0.1 17.3202
0 18.0723
0.1 19.0964
0.2 18.9428
0.3 18.2863
0.4 18.804
0.5 19.4977
0.6 20.3568
0.7 20.7737
0.8 19.9866
0.9 19.9799
1 20.57
1.1 21.7827
1.2 22.2965
1.3 21.0219
1.4 21.2804
1.5 22.367
1.6 23.6111
1.7 23.6863
1.8 22.653
1.9 21.9476
2 22.4378
2.1 24.7942
2.2 26.413
2.3 25.5883
2.4 24.6274
2.5 25.0453
2.6 26.0094
2.7 28.8351
2.8 28.7992
2.9 27.3182
3 26.3606
3.1 28.9725
3.2 31.2537
3.3 32.6065
3.4 32.6586
3.5 31.9004
3.6 30.6677
3.7 33.8274
3.8 36.7173
3.9 37.8783
4 37.1386
4.1 36.1261
4.2 37.5444
4.3 40.965
4.4 44.7191
4.5 46.1026
4.6 47.6816
4.7 51.9622
4.8 61.9002
4.9 77.2364
5 102.461
5.1 117.938
5.2 134.291
5.3 146.743
5.4 155.029
5.5 148.267
5.6 169.125
5.7 209.767
5.8 0
5.9 0
6 0
6.1 0
6.2 0
6.3 0
6.4 0
6.5 0
6.6 0
6.7 0
6.8 0
6.9 0
7 0
7.1 0
7.2 0
7.3 0
7.4 0
7.5 0
7.6 0
7.7 0
7.8 0
7.9 0
8 0
8.1 0
8.2 0
8.3 0
8.4 0
8.5 0
8.6 0
8.7 0
8.8 0
8.9 0
9 0
9.1 0
9.2 0
9.3 0
9.4 0
9.5 0
9.6 0
9.7 0
9.8 0
9.9 0
10 0
10.1 0
10.2 0
