1.09967 5.1621e-09
3.099 1.61061e-09
5.09833 4.54418e-09
7.09767 4.26737e-09
9.097 5.38236e-09
11.0963 3.79799e-09
13.0957 3.58971e-09
15.095 3.39981e-09
17.0943 1.07343e-09
19.0937 4.0774e-09
21.093 5.8082e-09
23.0923 2.76919e-09
25.0917 3.53171e-09
27.091 2.52378e-09
29.0903 5.66679e-09
31.0897 3.88554e-09
33.089 1.49476e-09
35.0883 5.02296e-09
37.0877 5.53408e-09
39.087 1.99078e-09
41.0863 4.48236e-09
43.0857 5.5994e-09
45.085 3.01637e-09
47.0843 4.08977e-09
49.0837 5.10566e-09
51.083 4.42898e-09
53.0823 5.40518e-09
55.0817 4.22182e-09
57.081 5.68128e-09
59.0803 4.53983e-09
61.0797 5.94467e-09
63.079 5.34079e-09
65.0783 5.24689e-09
67.0777 5.12509e-09
69.077 7.80519e-09
71.0763 5.43151e-09
73.0757 6.19602e-09
75.075 6.51153e-09
77.0743 7.69313e-09
79.0737 6.29269e-09
81.073 8.23471e-09
83.0723 8.10146e-09
85.0717 7.95821e-09
87.071 8.58354e-09
89.0703 9.58418e-09
91.0697 8.27025e-09
93.069 9.57823e-09
95.0683 9.76806e-09
97.0677 1.06651e-08
99.067 9.42835e-09
101.066 1.06241e-08
103.066 1.00936e-08
105.065 1.19058e-08
107.064 1.17125e-08
109.064 1.18387e-08
111.063 1.22656e-08
113.062 1.26725e-08
115.062 1.33809e-08
117.061 1.16844e-08
119.06 1.32602e-08
121.06 1.30575e-08
123.059 1.17186e-08
125.058 1.1813e-08
127.058 1.13483e-08
129.057 1.08976e-08
131.056 1.18288e-08
133.056 1.1632e-08
135.055 1.1484e-08
137.054 1.10469e-08
139.054 1.03936e-08
141.053 1.04722e-08
143.052 1.06021e-08
145.052 9.94917e-09
147.051 1.07371e-08
149.05 9.867e-09
151.05 7.13508e-09
153.049 7.41986e-09
155.048 7.44613e-09
157.048 8.02993e-09
159.047 8.38536e-09
161.046 6.41392e-09
163.046 5.37208e-09
165.045 4.30392e-09
167.044 4.39421e-09
169.044 3.82068e-09
171.043 3.96451e-09
173.042 5.10185e-09
175.042 6.89311e-09
177.041 7.65693e-09
179.04 5.15697e-09
181.04 5.38435e-09
183.039 5.11572e-09
185.038 5.86183e-09
187.038 6.11001e-09
189.037 6.40489e-09
191.036 6.0566e-09
193.036 6.94749e-09
195.035 3.9416e-09
197.034 2.58874e-09
199.034 0
201.033 0
203.032 0
205.032 0
207.031 0
209.03 0
211.03 0
213.029 0
215.028 0
217.028 0
219.027 0
221.026 0
223.026 0
225.025 0
227.024 0
229.024 0
231.023 0
233.022 0
235.022 0
237.021 0
239.02 0
241.02 0
243.019 0
245.018 0
247.018 0
249.017 0
251.016 0
253.016 0
255.015 0
257.014 0
259.014 0
261.013 0
263.012 0
265.012 0
267.011 0
269.01 0
271.01 0
273.009 0
275.008 0
277.008 0
279.007 0
281.006 0
283.006 0
285.005 0
287.004 0
289.004 0
291.003 0
293.002 0
295.002 0
297.001 0
299 0
