1.09967 0
3.099 0
5.09833 0
7.09767 0
9.097 0
11.0963 0
13.0957 0
15.095 0
17.0943 0
19.0937 0
21.093 4.79896e-10
23.0923 2.51987e-10
25.0917 0
27.091 0
29.0903 6.31713e-10
31.0897 3.31452e-09
33.089 1.44836e-09
35.0883 1.7329e-09
37.0877 2.33643e-09
39.087 1.63827e-09
41.0863 3.71228e-09
43.0857 2.76811e-09
45.085 6.56723e-09
47.0843 6.90363e-09
49.0837 4.63266e-09
51.083 3.90681e-09
53.0823 1.05735e-08
55.0817 7.76464e-09
57.081 1.35053e-08
59.0803 1.46227e-08
61.0797 1.46388e-08
63.079 1.08638e-08
65.0783 1.0877e-08
67.0777 1.41509e-08
69.077 1.19463e-08
71.0763 1.2489e-08
73.0757 1.31365e-08
75.075 1.03236e-08
77.0743 1.09092e-08
79.0737 7.9386e-09
81.073 7.85903e-09
83.0723 9.89912e-09
85.0717 9.04289e-09
87.071 6.58864e-09
89.0703 6.49209e-09
91.0697 6.59097e-09
93.069 5.38958e-09
95.0683 6.28233e-09
97.0677 4.63804e-09
99.067 4.90132e-09
101.066 4.48382e-09
103.066 4.30331e-09
105.065 4.31072e-09
107.064 4.02533e-09
109.064 3.8451e-09
111.063 3.34423e-09
113.062 3.66263e-09
115.062 2.84661e-09
117.061 3.01429e-09
119.06 2.67487e-09
121.06 2.93888e-09
123.059 2.56066e-09
125.058 2.59681e-09
127.058 2.3188e-09
129.057 2.03551e-09
131.056 2.12305e-09
133.056 2.08146e-09
135.055 1.95197e-09
137.054 1.54248e-09
139.054 1.72642e-09
141.053 1.46392e-09
143.052 1.7222e-09
145.052 1.30301e-09
147.051 1.46352e-09
149.05 1.41151e-09
151.05 1.44521e-09
153.049 1.327e-09
155.048 1.29186e-09
157.048 1.27397e-09
159.047 9.84341e-10
161.046 1.23827e-09
163.046 1.13557e-09
165.045 1.19032e-09
167.044 1.06168e-09
169.044 1.04963e-09
171.043 1.12806e-09
173.042 9.5719e-10
175.042 1.02163e-09
177.041 8.8614e-10
179.04 8.01269e-10
181.04 5.77518e-10
183.039 4.33691e-10
185.038 3.10758e-10
187.038 1.62094e-10
189.037 1.3822e-10
191.036 1.42443e-10
193.036 1.78756e-10
195.035 1.55073e-10
197.034 1.94454e-10
199.034 1.69588e-10
201.033 1.75192e-10
203.032 1.81292e-10
205.032 2.28001e-10
207.031 0
209.03 0
211.03 0
213.029 0
215.028 0
217.028 0
219.027 0
221.026 0
223.026 0
225.025 0
227.024 0
229.024 0
231.023 0
233.022 0
235.022 0
237.021 0
239.02 0
241.02 0
243.019 0
245.018 0
247.018 0
249.017 0
251.016 0
253.016 0
255.015 0
257.014 0
259.014 0
261.013 0
263.012 0
265.012 0
267.011 0
269.01 0
271.01 0
273.009 0
275.008 0
277.008 0
279.007 0
281.006 0
283.006 0
285.005 0
287.004 0
289.004 0
291.003 0
293.002 0
295.002 0
297.001 0
299 0
