1.09967 9.95419e-08
3.099 1.2607e-07
5.09833 1.4316e-07
7.09767 1.14074e-07
9.097 9.44377e-08
11.0963 1.28834e-07
13.0957 1.23349e-07
15.095 1.01961e-07
17.0943 1.20748e-07
19.0937 1.17295e-07
21.093 9.44218e-08
23.0923 1.24039e-07
25.0917 1.11761e-07
27.091 1.06827e-07
29.0903 1.15254e-07
31.0897 1.00871e-07
33.089 1.19745e-07
35.0883 1.03807e-07
37.0877 1.13722e-07
39.087 1.12759e-07
41.0863 9.85827e-08
43.0857 1.18648e-07
45.085 1.10106e-07
47.0843 1.02605e-07
49.0837 1.11558e-07
51.083 1.11638e-07
53.0823 1.18575e-07
55.0817 1.08988e-07
57.081 1.12299e-07
59.0803 1.1096e-07
61.0797 1.09712e-07
63.079 1.10341e-07
65.0783 1.09903e-07
67.0777 1.07728e-07
69.077 1.04913e-07
71.0763 9.86247e-08
73.0757 1.04519e-07
75.075 9.50105e-08
77.0743 9.76587e-08
79.0737 9.73161e-08
81.073 9.6612e-08
83.0723 9.72181e-08
85.0717 9.48556e-08
87.071 8.94959e-08
89.0703 8.60129e-08
91.0697 7.94128e-08
93.069 7.78202e-08
95.0683 8.06533e-08
97.0677 7.62676e-08
99.067 7.08336e-08
101.066 6.33124e-08
103.066 5.97904e-08
105.065 6.03488e-08
107.064 5.13944e-08
109.064 4.78306e-08
111.063 4.52784e-08
113.062 4.20977e-08
115.062 4.02085e-08
117.061 3.64847e-08
119.06 3.71416e-08
121.06 3.50772e-08
123.059 3.34222e-08
125.058 3.45923e-08
127.058 2.94889e-08
129.057 2.64686e-08
131.056 2.36071e-08
133.056 1.5871e-08
135.055 1.16907e-08
137.054 1.21544e-08
139.054 8.03132e-09
141.053 3.67865e-09
143.052 1.90176e-09
145.052 0
147.051 0
149.05 0
151.05 0
153.049 0
155.048 0
157.048 0
159.047 0
161.046 0
163.046 0
165.045 0
167.044 0
169.044 0
171.043 0
173.042 0
175.042 0
177.041 0
179.04 0
181.04 0
183.039 0
185.038 0
187.038 0
189.037 0
191.036 0
193.036 0
195.035 0
197.034 0
199.034 0
201.033 0
203.032 0
205.032 0
207.031 0
209.03 0
211.03 0
213.029 0
215.028 0
217.028 0
219.027 0
221.026 0
223.026 0
225.025 0
227.024 0
229.024 0
231.023 0
233.022 0
235.022 0
237.021 0
239.02 0
241.02 0
243.019 0
245.018 0
247.018 0
249.017 0
251.016 0
253.016 0
255.015 0
257.014 0
259.014 0
261.013 0
263.012 0
265.012 0
267.011 0
269.01 0
271.01 0
273.009 0
275.008 0
277.008 0
279.007 0
281.006 0
283.006 0
285.005 0
287.004 0
289.004 0
291.003 0
293.002 0
295.002 0
297.001 0
299 0
