1.09967 1.5539e-06
3.099 1.47706e-06
5.09833 1.52986e-06
7.09767 1.5016e-06
9.097 1.64981e-06
11.0963 1.55684e-06
13.0957 1.59254e-06
15.095 1.66126e-06
17.0943 1.68623e-06
19.0937 1.70024e-06
21.093 1.77262e-06
23.0923 1.82511e-06
25.0917 1.80008e-06
27.091 1.93401e-06
29.0903 1.93128e-06
31.0897 2.0499e-06
33.089 2.05696e-06
35.0883 2.19447e-06
37.0877 2.21195e-06
39.087 2.34704e-06
41.0863 2.42127e-06
43.0857 2.48367e-06
45.085 2.60743e-06
47.0843 2.68472e-06
49.0837 2.78784e-06
51.083 2.88352e-06
53.0823 2.98119e-06
55.0817 3.11157e-06
57.081 3.20286e-06
59.0803 3.32256e-06
61.0797 3.43828e-06
63.079 3.56723e-06
65.0783 3.70166e-06
67.0777 3.80511e-06
69.077 3.93863e-06
71.0763 4.0909e-06
73.0757 4.22226e-06
75.075 4.35532e-06
77.0743 4.5622e-06
79.0737 4.68596e-06
81.073 4.8591e-06
83.0723 5.02666e-06
85.0717 5.22313e-06
87.071 5.39673e-06
89.0703 5.59865e-06
91.0697 5.84751e-06
93.069 6.01635e-06
95.0683 6.28704e-06
97.0677 6.52716e-06
99.067 6.73866e-06
101.066 6.99693e-06
103.066 7.28675e-06
105.065 7.62857e-06
107.064 7.99439e-06
109.064 8.39261e-06
111.063 8.79379e-06
113.062 8.83711e-06
115.062 9.1384e-06
117.061 9.51511e-06
119.06 9.87598e-06
121.06 1.02721e-05
123.059 1.06748e-05
125.058 1.10927e-05
127.058 1.15245e-05
129.057 1.20079e-05
131.056 1.25282e-05
133.056 1.30623e-05
135.055 1.36058e-05
137.054 1.41936e-05
139.054 1.47925e-05
141.053 1.5412e-05
143.052 1.60926e-05
145.052 1.67605e-05
147.051 1.73628e-05
149.05 1.81297e-05
151.05 1.8918e-05
153.049 1.9679e-05
155.048 2.05922e-05
157.048 2.13725e-05
159.047 2.23312e-05
161.046 2.31564e-05
163.046 2.41595e-05
165.045 2.52614e-05
167.044 2.66511e-05
169.044 2.78612e-05
171.043 2.93509e-05
173.042 3.06965e-05
175.042 3.23106e-05
177.041 3.40913e-05
179.04 3.61498e-05
181.04 3.82985e-05
183.039 4.07775e-05
185.038 4.31316e-05
187.038 4.58182e-05
189.037 4.86506e-05
191.036 5.26569e-05
193.036 5.64512e-05
195.035 6.12062e-05
197.034 6.59819e-05
199.034 7.148e-05
201.033 7.75383e-05
203.032 8.33603e-05
205.032 8.88849e-05
207.031 9.52311e-05
209.03 0.00010223
211.03 0.000112296
213.029 0.000126293
215.028 0.000147987
217.028 0.000176178
219.027 0.000204033
221.026 0.000222127
223.026 0.000221092
225.025 0.000195539
227.024 0.000155329
229.024 0.000128102
231.023 0.000109983
233.022 8.349e-05
235.022 4.59362e-05
237.021 1.51742e-05
239.02 2.56037e-06
241.02 1.92142e-07
243.019 7.44715e-09
245.018 0
247.018 0
249.017 0
251.016 0
253.016 0
255.015 0
257.014 0
259.014 0
261.013 0
263.012 0
265.012 0
267.011 0
269.01 0
271.01 0
273.009 0
275.008 0
277.008 0
279.007 0
281.006 0
283.006 0
285.005 0
287.004 0
289.004 0
291.003 0
293.002 0
295.002 0
297.001 0
299 0
