1 0
3 0
5 0
7 0
9 0
11 0
13 0
15 0
17 0
19 2.10011e-07
21 2.73224e-05
23 0.000125729
25 0.000159768
27 0.000195444
29 0.000197297
31 0.000149387
33 0.000101238
35 7.08595e-05
37 5.34687e-05
39 4.25585e-05
41 3.49921e-05
43 2.90664e-05
45 2.43376e-05
47 2.04604e-05
49 1.7223e-05
51 1.46291e-05
53 1.24939e-05
55 1.07325e-05
57 9.28165e-06
59 8.0968e-06
61 7.10541e-06
63 6.28444e-06
65 5.57367e-06
67 4.96904e-06
69 4.46589e-06
71 4.03184e-06
73 3.63501e-06
75 3.30442e-06
77 3.01726e-06
79 2.74487e-06
81 2.52624e-06
83 2.31148e-06
85 2.13652e-06
87 1.97226e-06
89 1.81956e-06
91 1.6961e-06
93 1.57212e-06
95 1.46083e-06
97 1.36587e-06
99 1.27732e-06
101 1.19161e-06
103 1.11587e-06
105 1.04888e-06
107 9.8611e-07
109 9.28147e-07
111 8.74117e-07
113 8.22949e-07
115 7.75861e-07
117 7.32817e-07
119 6.92712e-07
121 6.55816e-07
123 6.21536e-07
125 5.89151e-07
127 5.59163e-07
129 5.30857e-07
131 5.04804e-07
133 4.80482e-07
135 4.56988e-07
137 4.35025e-07
139 4.14606e-07
141 3.95709e-07
143 3.77869e-07
145 3.61376e-07
147 3.45884e-07
149 3.30954e-07
151 3.15997e-07
153 3.02098e-07
155 2.89457e-07
157 2.78102e-07
159 2.67495e-07
161 2.56173e-07
163 2.44986e-07
165 2.35545e-07
167 2.27305e-07
169 2.18901e-07
171 2.09155e-07
173 2.01679e-07
175 1.94968e-07
177 1.87956e-07
179 1.79799e-07
181 1.74109e-07
183 1.68564e-07
185 1.61696e-07
187 1.56044e-07
189 1.51518e-07
191 1.4584e-07
193 1.40396e-07
195 1.3668e-07
197 1.31851e-07
199 1.2672e-07
201 1.23715e-07
203 1.19136e-07
205 1.15124e-07
207 1.12474e-07
209 1.07859e-07
211 1.05094e-07
213 1.02095e-07
215 9.81196e-08
217 9.61965e-08
219 9.26809e-08
221 8.99454e-08
223 8.78605e-08
225 8.43809e-08
227 8.29554e-08
229 7.98175e-08
231 7.78108e-08
233 7.5889e-08
235 7.31831e-08
237 7.20183e-08
239 6.91147e-08
241 6.81078e-08
243 6.55485e-08
245 6.42913e-08
247 6.23186e-08
249 6.06949e-08
251 5.93129e-08
253 5.74596e-08
255 5.64059e-08
257 5.44165e-08
259 5.35778e-08
261 5.16468e-08
263 5.0939e-08
265 4.90695e-08
267 4.85121e-08
269 4.76516e-08
271 4.69506e-08
273 4.61598e-08
275 4.57234e-08
277 4.41222e-08
279 4.34893e-08
281 4.17596e-08
283 4.11933e-08
285 3.96592e-08
287 3.92362e-08
289 3.78058e-08
291 3.73384e-08
293 3.59609e-08
295 3.54762e-08
297 3.44317e-08
299 3.38137e-08
301 3.27511e-08
303 3.21603e-08
305 3.14259e-08
307 3.05156e-08
309 3.00616e-08
311 2.9151e-08
313 2.87263e-08
315 2.78038e-08
317 2.75056e-08
319 2.65314e-08
321 2.62368e-08
323 2.55206e-08
325 2.51475e-08
327 2.4801e-08
329 2.42535e-08
331 2.39721e-08
333 2.32938e-08
335 2.29068e-08
337 2.23723e-08
339 2.18998e-08
341 2.15848e-08
343 2.10424e-08
345 2.07833e-08
347 2.02201e-08
349 2.00302e-08
351 1.94951e-08
353 1.92123e-08
355 1.88641e-08
357 1.84533e-08
359 1.8204e-08
361 1.78031e-08
363 1.75415e-08
365 1.71902e-08
367 1.68734e-08
369 1.65923e-08
371 1.62809e-08
373 1.60042e-08
375 1.57902e-08
377 1.54019e-08
379 1.52316e-08
381 1.49161e-08
383 1.46594e-08
385 1.44698e-08
387 1.41481e-08
389 1.39666e-08
391 1.36704e-08
393 1.34932e-08
395 1.32869e-08
397 1.29864e-08
399 1.28564e-08
401 1.26123e-08
403 1.23721e-08
405 1.22401e-08
407 1.19785e-08
409 1.17858e-08
411 1.16901e-08
413 1.14148e-08
415 1.12582e-08
417 1.1113e-08
419 1.08828e-08
421 1.07454e-08
423 1.06006e-08
425 1.03626e-08
427 1.02612e-08
429 1.01181e-08
431 9.88131e-09
433 9.81442e-09
435 9.66973e-09
437 9.49545e-09
439 9.3083e-09
441 9.27013e-09
443 9.09574e-09
445 8.92502e-09
447 8.84912e-09
449 8.71757e-09
451 8.54035e-09
453 8.46845e-09
455 8.36053e-09
457 8.19097e-09
459 8.08708e-09
461 8.01408e-09
463 7.91905e-09
465 7.71643e-09
467 7.6788e-09
469 7.58249e-09
471 7.47446e-09
473 7.32396e-09
475 7.2598e-09
477 7.18392e-09
479 7.08772e-09
481 6.94649e-09
483 6.87089e-09
485 6.80261e-09
487 6.74419e-09
489 6.58323e-09
491 6.54571e-09
493 6.42865e-09
495 6.38272e-09
497 6.29666e-09
499 6.19058e-09
501 6.13128e-09
503 6.04899e-09
505 5.97497e-09
507 5.91601e-09
509 5.80287e-09
511 5.7643e-09
513 5.69513e-09
515 5.62154e-09
517 5.53699e-09
519 5.48975e-09
521 5.42363e-09
523 5.35586e-09
525 5.30111e-09
527 5.20235e-09
529 5.19254e-09
531 5.1133e-09
533 5.04894e-09
535 5.00232e-09
537 4.94181e-09
539 4.90196e-09
541 4.82747e-09
543 4.79946e-09
545 4.6928e-09
547 4.67038e-09
549 4.64394e-09
551 4.56965e-09
553 4.54385e-09
555 4.47058e-09
557 4.41277e-09
559 4.40116e-09
561 4.33312e-09
563 4.29197e-09
565 4.26778e-09
567 4.18834e-09
569 4.16842e-09
571 4.1077e-09
573 4.08953e-09
575 4.03999e-09
577 3.9943e-09
579 3.94842e-09
581 3.93113e-09
583 3.86842e-09
585 3.84958e-09
587 3.8071e-09
589 3.76541e-09
591 3.73797e-09
593 3.71929e-09
595 3.6756e-09
597 3.62656e-09
599 3.60818e-09
601 3.5647e-09
603 3.54099e-09
605 3.52894e-09
607 3.47684e-09
609 3.45928e-09
611 3.42166e-09
613 3.39146e-09
615 3.36274e-09
617 3.34043e-09
619 3.33355e-09
621 3.27692e-09
623 3.25678e-09
625 3.22294e-09
627 3.20508e-09
629 3.16213e-09
631 3.17685e-09
633 3.13182e-09
635 3.09798e-09
637 3.07647e-09
639 3.05791e-09
641 3.04207e-09
643 2.9958e-09
645 3.00572e-09
647 2.97761e-09
649 2.92941e-09
651 2.92866e-09
653 2.93659e-09
655 2.87989e-09
657 2.89752e-09
659 2.85126e-09
661 2.86634e-09
663 2.83401e-09
665 2.80392e-09
667 2.82072e-09
669 2.76382e-09
671 2.79003e-09
673 2.76977e-09
675 2.74586e-09
677 2.75455e-09
679 2.70927e-09
681 2.71554e-09
683 2.69427e-09
685 2.68959e-09
687 2.69379e-09
689 2.67618e-09
691 2.70423e-09
693 2.65487e-09
695 2.68363e-09
697 2.67397e-09
699 2.71645e-09
701 2.68983e-09
703 2.73281e-09
705 2.76864e-09
707 2.76323e-09
709 2.79741e-09
711 2.82838e-09
713 2.86238e-09
715 2.92322e-09
717 2.94536e-09
719 3.04623e-09
721 3.07321e-09
723 3.1361e-09
725 3.27271e-09
727 3.32063e-09
729 3.52144e-09
731 3.63599e-09
733 3.84467e-09
735 4.13932e-09
737 4.51957e-09
739 5.04587e-09
741 6.09049e-09
743 7.98899e-09
745 1.47144e-08
747 0
749 0
751 0
753 0
755 0
757 0
759 0
761 0
763 0
765 0
767 0
769 0
771 0
773 0
775 0
777 0
779 0
781 0
783 0
785 0
787 0
789 0
791 0
793 0
795 0
797 0
799 0
801 0
803 0
805 0
807 0
809 0
811 0
813 0
815 0
817 0
819 0
821 0
823 0
825 0
827 0
829 0
831 0
833 0
835 0
837 0
839 0
841 0
843 0
845 0
847 0
849 0
851 0
853 0
855 0
857 0
859 0
861 0
863 0
865 0
867 0
869 0
871 0
873 0
875 0
877 0
879 0
881 0
883 0
885 0
887 0
889 0
891 0
893 0
895 0
897 0
899 0
901 0
903 0
905 0
907 0
909 0
911 0
913 0
915 0
917 0
919 0
921 0
923 0
925 0
927 0
929 0
931 0
933 0
935 0
937 0
939 0
941 0
943 0
945 0
947 0
949 0
951 0
953 0
955 0
957 0
959 0
961 0
963 0
965 0
967 0
969 0
971 0
973 0
975 0
977 0
979 0
981 0
983 0
985 0
987 0
989 0
991 0
993 0
995 0
997 0
999 0
1001 0
1003 0
1005 0
1007 0
1009 0
1011 0
1013 0
1015 0
1017 0
1019 0
1021 0
1023 0
1025 0
1027 0
1029 0
1031 0
1033 0
1035 0
1037 0
1039 0
1041 0
1043 0
1045 0
1047 0
1049 0
1051 0
1053 0
1055 0
1057 0
1059 0
1061 0
1063 0
1065 0
1067 0
1069 0
1071 0
1073 0
1075 0
1077 0
1079 0
1081 0
1083 0
1085 0
1087 0
1089 0
1091 0
1093 0
1095 0
1097 0
1099 0
1101 0
1103 0
1105 0
1107 0
1109 0
1111 0
1113 0
1115 0
1117 0
1119 0
1121 0
1123 0
1125 0
1127 0
1129 0
1131 0
1133 0
1135 0
1137 0
1139 0
1141 0
1143 0
1145 0
1147 0
1149 0
1151 0
1153 0
1155 0
1157 0
1159 0
1161 0
1163 0
1165 0
1167 0
1169 0
1171 0
1173 0
1175 0
1177 0
1179 0
1181 0
1183 0
1185 0
1187 0
1189 0
1191 0
1193 0
1195 0
1197 0
1199 0
1201 0
1203 0
1205 0
1207 0
1209 0
1211 0
1213 0
1215 0
1217 0
1219 0
1221 0
1223 0
1225 0
1227 0
1229 0
1231 0
1233 0
1235 0
1237 0
1239 0
1241 0
1243 0
1245 0
1247 0
1249 0
1251 0
1253 0
1255 0
1257 0
1259 0
1261 0
1263 0
1265 0
1267 0
1269 0
1271 0
1273 0
1275 0
1277 0
1279 0
1281 0
1283 0
1285 0
1287 0
1289 0
1291 0
1293 0
1295 0
1297 0
1299 0
1301 0
1303 0
1305 0
1307 0
1309 0
1311 0
1313 0
1315 0
1317 0
1319 0
1321 0
1323 0
1325 0
1327 0
1329 0
1331 0
1333 0
1335 0
1337 0
1339 0
1341 0
1343 0
1345 0
1347 0
1349 0
1351 0
1353 0
1355 0
1357 0
1359 0
1361 0
1363 0
1365 0
1367 0
1369 0
1371 0
1373 0
1375 0
1377 0
1379 0
1381 0
1383 0
1385 0
1387 0
1389 0
1391 0
1393 0
1395 0
1397 0
1399 0
1401 0
1403 0
1405 0
1407 0
1409 0
1411 0
1413 0
1415 0
1417 0
1419 0
1421 0
1423 0
1425 0
1427 0
1429 0
1431 0
1433 0
1435 0
1437 0
1439 0
1441 0
1443 0
1445 0
1447 0
1449 0
1451 0
1453 0
1455 0
1457 0
1459 0
1461 0
1463 0
1465 0
1467 0
1469 0
1471 0
1473 0
1475 0
1477 0
1479 0
1481 0
1483 0
1485 0
1487 0
1489 0
1491 0
1493 0
1495 0
1497 0
1499 0
1501 0
1503 0
1505 0
1507 0
1509 0
1511 0
1513 0
1515 0
1517 0
1519 0
1521 0
1523 0
1525 0
1527 0
1529 0
1531 0
1533 0
1535 0
1537 0
1539 0
1541 0
1543 0
1545 0
1547 0
1549 0
1551 0
1553 0
1555 0
1557 0
1559 0
1561 0
1563 0
1565 0
1567 0
1569 0
1571 0
1573 0
1575 0
1577 0
1579 0
1581 0
1583 0
1585 0
1587 0
1589 0
1591 0
1593 0
1595 0
1597 0
1599 0
1601 0
1603 0
1605 0
1607 0
1609 0
1611 0
1613 0
1615 0
1617 0
1619 0
1621 0
1623 0
1625 0
1627 0
1629 0
1631 0
1633 0
1635 0
1637 0
1639 0
1641 0
1643 0
1645 0
1647 0
1649 0
1651 0
1653 0
1655 0
1657 0
1659 0
1661 0
1663 0
1665 0
1667 0
1669 0
1671 0
1673 0
1675 0
1677 0
1679 0
1681 0
1683 0
1685 0
1687 0
1689 0
1691 0
1693 0
1695 0
1697 0
1699 0
1701 0
1703 0
1705 0
1707 0
1709 0
1711 0
1713 0
1715 0
1717 0
1719 0
1721 0
1723 0
1725 0
1727 0
1729 0
1731 0
1733 0
1735 0
1737 0
1739 0
1741 0
1743 0
1745 0
1747 0
1749 0
1751 0
1753 0
1755 0
1757 0
1759 0
1761 0
1763 0
1765 0
1767 0
1769 0
1771 0
1773 0
1775 0
1777 0
1779 0
1781 0
1783 0
1785 0
1787 0
1789 0
1791 0
1793 0
1795 0
1797 0
1799 0
1801 0
1803 0
1805 0
1807 0
1809 0
1811 0
1813 0
1815 0
1817 0
1819 0
1821 0
1823 0
1825 0
1827 0
1829 0
1831 0
1833 0
1835 0
1837 0
1839 0
1841 0
1843 0
1845 0
1847 0
1849 0
1851 0
1853 0
1855 0
1857 0
1859 0
1861 0
1863 0
1865 0
1867 0
1869 0
1871 0
1873 0
1875 0
1877 0
1879 0
1881 0
1883 0
1885 0
1887 0
1889 0
1891 0
1893 0
1895 0
1897 0
1899 0
1901 0
1903 0
1905 0
1907 0
1909 0
1911 0
1913 0
1915 0
1917 0
1919 0
1921 0
1923 0
1925 0
1927 0
1929 0
1931 0
1933 0
1935 0
1937 0
1939 0
1941 0
1943 0
1945 0
1947 0
1949 0
1951 0
1953 0
1955 0
1957 0
1959 0
1961 0
1963 0
1965 0
1967 0
1969 0
1971 0
1973 0
1975 0
1977 0
1979 0
1981 0
1983 0
1985 0
1987 0
1989 0
1991 0
1993 0
1995 0
1997 0
1999 0
