1 0
3 0
5 0
7 0
9 1.99559e-10
11 4.27436e-05
13 0.000269941
15 0.000359449
17 0.000251552
19 0.000129968
21 8.03232e-05
23 5.50463e-05
25 3.99595e-05
27 2.97927e-05
29 2.22837e-05
31 1.70351e-05
33 1.34075e-05
35 1.07103e-05
37 8.71418e-06
39 7.19335e-06
41 6.01928e-06
43 5.09689e-06
45 4.34924e-06
47 3.76057e-06
49 3.26892e-06
51 2.87775e-06
53 2.52382e-06
55 2.24261e-06
57 1.99514e-06
59 1.78121e-06
61 1.5937e-06
63 1.43206e-06
65 1.29309e-06
67 1.16904e-06
69 1.07132e-06
71 9.77127e-07
73 8.92397e-07
75 8.12798e-07
77 7.4853e-07
79 6.9063e-07
81 6.38353e-07
83 5.88124e-07
85 5.44925e-07
87 5.0222e-07
89 4.68555e-07
91 4.33614e-07
93 4.05802e-07
95 3.83223e-07
97 3.5703e-07
99 3.32834e-07
101 3.11815e-07
103 2.9312e-07
105 2.74664e-07
107 2.57507e-07
109 2.41912e-07
111 2.27891e-07
113 2.1488e-07
115 2.04084e-07
117 1.956e-07
119 1.85855e-07
121 1.75732e-07
123 1.66273e-07
125 1.57448e-07
127 1.49261e-07
129 1.41544e-07
131 1.34392e-07
133 1.2691e-07
135 1.2052e-07
137 1.14692e-07
139 1.09404e-07
141 1.04328e-07
143 9.96047e-08
145 9.52155e-08
147 9.08632e-08
149 8.65485e-08
151 8.29431e-08
153 7.93337e-08
155 7.64857e-08
157 7.63359e-08
159 7.46217e-08
161 7.11039e-08
163 6.84422e-08
165 6.54661e-08
167 6.27601e-08
169 6.00319e-08
171 5.73911e-08
173 5.51711e-08
175 5.30349e-08
177 5.07825e-08
179 4.86611e-08
181 4.69854e-08
183 4.52046e-08
185 4.31458e-08
187 4.16844e-08
189 4.03081e-08
191 3.86154e-08
193 3.79373e-08
195 3.7112e-08
197 3.58777e-08
199 3.47097e-08
201 3.36819e-08
203 3.23906e-08
205 3.13423e-08
207 3.04787e-08
209 2.93279e-08
211 2.843e-08
213 2.76167e-08
215 2.65986e-08
217 2.59202e-08
219 2.50386e-08
221 2.42679e-08
223 2.36534e-08
225 2.27833e-08
227 2.22174e-08
229 2.15058e-08
231 2.09092e-08
233 2.03276e-08
235 1.96546e-08
237 1.92063e-08
239 1.8532e-08
241 1.81519e-08
243 1.75063e-08
245 1.71493e-08
247 1.66108e-08
249 1.61978e-08
251 1.57312e-08
253 1.53156e-08
255 1.49089e-08
257 1.477e-08
259 1.44131e-08
261 1.41362e-08
263 1.37383e-08
265 1.34394e-08
267 1.30467e-08
269 1.27411e-08
271 1.24434e-08
273 1.20551e-08
275 1.18729e-08
277 1.15617e-08
279 1.14091e-08
281 1.10582e-08
283 1.08578e-08
285 1.05835e-08
287 1.02982e-08
289 1.00657e-08
291 9.87782e-09
293 9.54715e-09
295 9.3911e-09
297 9.20865e-09
299 8.96381e-09
301 8.83659e-09
303 8.72509e-09
305 8.44415e-09
307 8.29326e-09
309 8.12317e-09
311 7.92044e-09
313 7.73981e-09
315 7.58336e-09
317 7.42796e-09
319 7.24555e-09
321 7.10014e-09
323 6.93331e-09
325 6.79642e-09
327 6.70349e-09
329 6.61475e-09
331 6.48823e-09
333 6.34893e-09
335 6.24672e-09
337 6.07491e-09
339 5.96937e-09
341 5.84412e-09
343 5.72306e-09
345 5.63556e-09
347 5.49924e-09
349 5.36211e-09
351 5.27375e-09
353 5.18684e-09
355 5.09384e-09
357 4.95523e-09
359 4.86053e-09
361 4.87729e-09
363 4.80737e-09
365 4.75115e-09
367 4.65104e-09
369 4.60547e-09
371 4.51219e-09
373 4.40674e-09
375 4.35511e-09
377 4.21139e-09
379 4.20927e-09
381 4.07943e-09
383 4.01843e-09
385 3.95549e-09
387 3.84588e-09
389 3.82194e-09
391 3.74007e-09
393 3.63812e-09
395 3.61864e-09
397 3.50272e-09
399 3.46315e-09
401 3.43547e-09
403 3.34181e-09
405 3.31368e-09
407 3.32258e-09
409 3.34549e-09
411 3.29357e-09
413 3.2353e-09
415 3.16474e-09
417 3.12758e-09
419 3.03561e-09
421 3.0206e-09
423 2.93255e-09
425 2.90256e-09
427 2.87529e-09
429 2.76696e-09
431 2.74685e-09
433 2.71521e-09
435 2.64011e-09
437 2.61372e-09
439 2.57064e-09
441 2.51421e-09
443 2.48932e-09
445 2.41407e-09
447 2.40304e-09
449 2.36037e-09
451 2.30452e-09
453 2.27918e-09
455 2.2482e-09
457 2.2034e-09
459 2.16739e-09
461 2.14943e-09
463 2.19034e-09
465 2.1468e-09
467 2.14978e-09
469 2.16833e-09
471 2.13806e-09
473 2.09938e-09
475 2.05944e-09
477 2.0255e-09
479 1.97989e-09
481 1.9467e-09
483 1.9378e-09
485 1.86986e-09
487 1.86681e-09
489 1.84022e-09
491 1.80525e-09
493 1.77388e-09
495 1.7354e-09
497 1.71129e-09
499 1.67564e-09
501 1.66029e-09
503 1.63666e-09
505 1.60165e-09
507 1.58299e-09
509 1.56171e-09
511 1.54114e-09
513 1.50844e-09
515 1.46844e-09
517 1.46167e-09
519 1.42933e-09
521 1.40396e-09
523 1.40793e-09
525 1.37114e-09
527 1.34836e-09
529 1.33602e-09
531 1.31753e-09
533 1.28247e-09
535 1.27766e-09
537 1.24522e-09
539 1.23302e-09
541 1.21788e-09
543 1.20994e-09
545 1.28855e-09
547 1.27903e-09
549 1.24078e-09
551 1.23175e-09
553 1.21396e-09
555 1.19444e-09
557 1.16759e-09
559 1.15329e-09
561 1.14137e-09
563 1.11626e-09
565 1.0996e-09
567 1.07992e-09
569 1.07128e-09
571 1.05598e-09
573 1.03742e-09
575 9.79798e-10
577 9.84828e-10
579 9.9202e-10
581 9.71054e-10
583 9.59738e-10
585 9.54495e-10
587 9.40741e-10
589 9.17963e-10
591 9.11122e-10
593 9.34191e-10
595 9.20875e-10
597 9.16884e-10
599 9.42337e-10
601 9.14286e-10
603 8.8189e-10
605 8.62954e-10
607 8.78846e-10
609 8.78821e-10
611 8.686e-10
613 8.58875e-10
615 8.44377e-10
617 8.26024e-10
619 8.19264e-10
621 8.14392e-10
623 8.0052e-10
625 7.74036e-10
627 7.77395e-10
629 7.54421e-10
631 7.40523e-10
633 7.08683e-10
635 7.05386e-10
637 7.01104e-10
639 6.99917e-10
641 6.96895e-10
643 6.9592e-10
645 6.86241e-10
647 6.63904e-10
649 6.63612e-10
651 6.58617e-10
653 6.45348e-10
655 6.4368e-10
657 6.3281e-10
659 7.07988e-10
661 7.1e-10
663 6.97171e-10
665 6.76352e-10
667 6.68277e-10
669 6.56109e-10
671 6.43038e-10
673 6.41007e-10
675 6.39132e-10
677 6.33525e-10
679 6.30704e-10
681 6.12144e-10
683 6.14188e-10
685 6.16406e-10
687 6.06873e-10
689 5.97807e-10
691 5.79124e-10
693 5.8166e-10
695 5.71247e-10
697 5.64246e-10
699 5.48816e-10
701 5.46002e-10
703 5.27852e-10
705 6.38732e-10
707 6.7396e-10
709 6.89754e-10
711 6.97006e-10
713 7.1297e-10
715 7.08063e-10
717 6.69671e-10
719 6.30473e-10
721 6.0633e-10
723 5.94144e-10
725 5.83821e-10
727 5.82745e-10
729 6.00957e-10
731 5.94916e-10
733 6.48146e-10
735 6.55322e-10
737 6.96732e-10
739 7.94065e-10
741 7.91667e-10
743 7.69194e-10
745 7.59046e-10
747 7.48385e-10
749 7.48662e-10
751 7.40339e-10
753 7.38235e-10
755 7.27225e-10
757 7.2128e-10
759 7.1109e-10
761 7.13174e-10
763 7.06574e-10
765 6.96902e-10
767 6.86456e-10
769 6.76753e-10
771 6.80648e-10
773 6.83778e-10
775 6.91578e-10
777 7.1006e-10
779 7.05195e-10
781 7.02904e-10
783 6.92255e-10
785 6.82331e-10
787 6.85691e-10
789 6.81571e-10
791 6.7833e-10
793 6.76645e-10
795 6.709e-10
797 6.67445e-10
799 6.68648e-10
801 6.69472e-10
803 7.70653e-10
805 8.11767e-10
807 8.12979e-10
809 8.07427e-10
811 8.42236e-10
813 8.87327e-10
815 1.19675e-09
817 1.49257e-09
819 1.88695e-09
821 2.24903e-09
823 4.78972e-09
825 5.48596e-11
827 0
829 0
831 0
833 0
835 0
837 0
839 0
841 0
843 0
845 0
847 0
849 0
851 0
853 0
855 0
857 0
859 0
861 0
863 0
865 0
867 0
869 0
871 0
873 0
875 0
877 0
879 0
881 0
883 0
885 0
887 0
889 0
891 0
893 0
895 0
897 0
899 0
901 0
903 0
905 0
907 0
909 0
911 0
913 0
915 0
917 0
919 0
921 0
923 0
925 0
927 0
929 0
931 0
933 0
935 0
937 0
939 0
941 0
943 0
945 0
947 0
949 0
951 0
953 0
955 0
957 0
959 0
961 0
963 0
965 0
967 0
969 0
971 0
973 0
975 0
977 0
979 0
981 0
983 0
985 0
987 0
989 0
991 0
993 0
995 0
997 0
999 0
1001 0
1003 0
1005 0
1007 0
1009 0
1011 0
1013 0
1015 0
1017 0
1019 0
1021 0
1023 0
1025 0
1027 0
1029 0
1031 0
1033 0
1035 0
1037 0
1039 0
1041 0
1043 0
1045 0
1047 0
1049 0
1051 0
1053 0
1055 0
1057 0
1059 0
1061 0
1063 0
1065 0
1067 0
1069 0
1071 0
1073 0
1075 0
1077 0
1079 0
1081 0
1083 0
1085 0
1087 0
1089 0
1091 0
1093 0
1095 0
1097 0
1099 0
1101 0
1103 0
1105 0
1107 0
1109 0
1111 0
1113 0
1115 0
1117 0
1119 0
1121 0
1123 0
1125 0
1127 0
1129 0
1131 0
1133 0
1135 0
1137 0
1139 0
1141 0
1143 0
1145 0
1147 0
1149 0
1151 0
1153 0
1155 0
1157 0
1159 0
1161 0
1163 0
1165 0
1167 0
1169 0
1171 0
1173 0
1175 0
1177 0
1179 0
1181 0
1183 0
1185 0
1187 0
1189 0
1191 0
1193 0
1195 0
1197 0
1199 0
1201 0
1203 0
1205 0
1207 0
1209 0
1211 0
1213 0
1215 0
1217 0
1219 0
1221 0
1223 0
1225 0
1227 0
1229 0
1231 0
1233 0
1235 0
1237 0
1239 0
1241 0
1243 0
1245 0
1247 0
1249 0
1251 0
1253 0
1255 0
1257 0
1259 0
1261 0
1263 0
1265 0
1267 0
1269 0
1271 0
1273 0
1275 0
1277 0
1279 0
1281 0
1283 0
1285 0
1287 0
1289 0
1291 0
1293 0
1295 0
1297 0
1299 0
1301 0
1303 0
1305 0
1307 0
1309 0
1311 0
1313 0
1315 0
1317 0
1319 0
1321 0
1323 0
1325 0
1327 0
1329 0
1331 0
1333 0
1335 0
1337 0
1339 0
1341 0
1343 0
1345 0
1347 0
1349 0
1351 0
1353 0
1355 0
1357 0
1359 0
1361 0
1363 0
1365 0
1367 0
1369 0
1371 0
1373 0
1375 0
1377 0
1379 0
1381 0
1383 0
1385 0
1387 0
1389 0
1391 0
1393 0
1395 0
1397 0
1399 0
1401 0
1403 0
1405 0
1407 0
1409 0
1411 0
1413 0
1415 0
1417 0
1419 0
1421 0
1423 0
1425 0
1427 0
1429 0
1431 0
1433 0
1435 0
1437 0
1439 0
1441 0
1443 0
1445 0
1447 0
1449 0
1451 0
1453 0
1455 0
1457 0
1459 0
1461 0
1463 0
1465 0
1467 0
1469 0
1471 0
1473 0
1475 0
1477 0
1479 0
1481 0
1483 0
1485 0
1487 0
1489 0
1491 0
1493 0
1495 0
1497 0
1499 0
1501 0
1503 0
1505 0
1507 0
1509 0
1511 0
1513 0
1515 0
1517 0
1519 0
1521 0
1523 0
1525 0
1527 0
1529 0
1531 0
1533 0
1535 0
1537 0
1539 0
1541 0
1543 0
1545 0
1547 0
1549 0
1551 0
1553 0
1555 0
1557 0
1559 0
1561 0
1563 0
1565 0
1567 0
1569 0
1571 0
1573 0
1575 0
1577 0
1579 0
1581 0
1583 0
1585 0
1587 0
1589 0
1591 0
1593 0
1595 0
1597 0
1599 0
1601 0
1603 0
1605 0
1607 0
1609 0
1611 0
1613 0
1615 0
1617 0
1619 0
1621 0
1623 0
1625 0
1627 0
1629 0
1631 0
1633 0
1635 0
1637 0
1639 0
1641 0
1643 0
1645 0
1647 0
1649 0
1651 0
1653 0
1655 0
1657 0
1659 0
1661 0
1663 0
1665 0
1667 0
1669 0
1671 0
1673 0
1675 0
1677 0
1679 0
1681 0
1683 0
1685 0
1687 0
1689 0
1691 0
1693 0
1695 0
1697 0
1699 0
1701 0
1703 0
1705 0
1707 0
1709 0
1711 0
1713 0
1715 0
1717 0
1719 0
1721 0
1723 0
1725 0
1727 0
1729 0
1731 0
1733 0
1735 0
1737 0
1739 0
1741 0
1743 0
1745 0
1747 0
1749 0
1751 0
1753 0
1755 0
1757 0
1759 0
1761 0
1763 0
1765 0
1767 0
1769 0
1771 0
1773 0
1775 0
1777 0
1779 0
1781 0
1783 0
1785 0
1787 0
1789 0
1791 0
1793 0
1795 0
1797 0
1799 0
1801 0
1803 0
1805 0
1807 0
1809 0
1811 0
1813 0
1815 0
1817 0
1819 0
1821 0
1823 0
1825 0
1827 0
1829 0
1831 0
1833 0
1835 0
1837 0
1839 0
1841 0
1843 0
1845 0
1847 0
1849 0
1851 0
1853 0
1855 0
1857 0
1859 0
1861 0
1863 0
1865 0
1867 0
1869 0
1871 0
1873 0
1875 0
1877 0
1879 0
1881 0
1883 0
1885 0
1887 0
1889 0
1891 0
1893 0
1895 0
1897 0
1899 0
1901 0
1903 0
1905 0
1907 0
1909 0
1911 0
1913 0
1915 0
1917 0
1919 0
1921 0
1923 0
1925 0
1927 0
1929 0
1931 0
1933 0
1935 0
1937 0
1939 0
1941 0
1943 0
1945 0
1947 0
1949 0
1951 0
1953 0
1955 0
1957 0
1959 0
1961 0
1963 0
1965 0
1967 0
1969 0
1971 0
1973 0
1975 0
1977 0
1979 0
1981 0
1983 0
1985 0
1987 0
1989 0
1991 0
1993 0
1995 0
1997 0
1999 0
