1.09967 4.15454e-09
3.099 3.89557e-09
5.09833 1.83754e-09
7.09767 8.63835e-10
9.097 3.25685e-09
11.0963 3.06566e-09
13.0957 1.44814e-09
15.095 3.41262e-09
17.0943 2.58953e-09
19.0937 1.22867e-09
21.093 2.92835e-09
23.0923 3.34378e-09
25.0917 1.06323e-09
27.091 3.04172e-09
29.0903 1.94297e-09
31.0897 3.26397e-09
33.089 1.78875e-09
35.0883 3.00762e-09
37.0877 2.07262e-09
39.087 3.60118e-09
41.0863 2.71947e-09
43.0857 1.87538e-09
45.085 3.64541e-09
47.0843 2.48426e-09
49.0837 3.44899e-09
51.083 2.68752e-09
53.0823 2.60374e-09
55.0817 3.49845e-09
57.081 3.42676e-09
59.0803 3.34762e-09
61.0797 2.97488e-09
63.079 3.50013e-09
65.0783 3.43839e-09
67.0777 3.09427e-09
69.077 2.74839e-09
71.0763 3.77887e-09
73.0757 2.6509e-09
75.075 3.37479e-09
77.0743 3.57505e-09
79.0737 3.50887e-09
81.073 3.69523e-09
83.0723 2.89971e-09
85.0717 3.55519e-09
87.071 3.27313e-09
89.0703 3.45569e-09
91.0697 3.17512e-09
93.069 3.56937e-09
95.0683 3.51388e-09
97.0677 3.89245e-09
99.067 3.82749e-09
101.066 3.1383e-09
103.066 2.67249e-09
105.065 3.04074e-09
107.064 2.7976e-09
109.064 3.15303e-09
111.063 2.9067e-09
113.062 2.49129e-09
115.062 2.4501e-09
117.061 2.22732e-09
119.06 1.64657e-09
121.06 2.20555e-09
123.059 1.32966e-09
125.058 9.93119e-10
127.058 1.24067e-09
129.057 1.07701e-09
131.056 1.34672e-09
133.056 1.17438e-09
135.055 1.21165e-09
137.054 1.51975e-09
139.054 1.31724e-09
141.053 1.6532e-09
143.052 1.44355e-09
145.052 2.88346e-10
147.051 0
149.05 0
151.05 0
153.049 0
155.048 0
157.048 0
159.047 0
161.046 0
163.046 0
165.045 0
167.044 0
169.044 0
171.043 0
173.042 0
175.042 0
177.041 0
179.04 0
181.04 0
183.039 0
185.038 0
187.038 0
189.037 0
191.036 0
193.036 0
195.035 0
197.034 0
199.034 0
201.033 0
203.032 0
205.032 0
207.031 0
209.03 0
211.03 0
213.029 0
215.028 0
217.028 0
219.027 0
221.026 0
223.026 0
225.025 0
227.024 0
229.024 0
231.023 0
233.022 0
235.022 0
237.021 0
239.02 0
241.02 0
243.019 0
245.018 0
247.018 0
249.017 0
251.016 0
253.016 0
255.015 0
257.014 0
259.014 0
261.013 0
263.012 0
265.012 0
267.011 0
269.01 0
271.01 0
273.009 0
275.008 0
277.008 0
279.007 0
281.006 0
283.006 0
285.005 0
287.004 0
289.004 0
291.003 0
293.002 0
295.002 0
297.001 0
299 0
