-8.2 0.0884789
-8.1 0.0889746
-8 0.0923032
-7.9 0.0908567
-7.8 0.0915305
-7.7 0.0938655
-7.6 0.0928725
-7.5 0.0944932
-7.4 0.095404
-7.3 0.0948802
-7.2 0.0961609
-7.1 0.0966931
-7 0.0976339
-6.9 0.0981915
-6.8 0.0978135
-6.7 0.0996667
-6.6 0.0998574
-6.5 0.100941
-6.4 0.102098
-6.3 0.102015
-6.2 0.102832
-6.1 0.101978
-6 0.102855
-5.9 0.103064
-5.8 0.102573
-5.7 0.102499
-5.6 0.102759
-5.5 0.102548
-5.4 0.102783
-5.3 0.102809
-5.2 0.102929
-5.1 0.102942
-5 0.103215
-4.9 0.103086
-4.8 0.102007
-4.7 0.102427
-4.6 0.101951
-4.5 0.102178
-4.4 0.102269
-4.3 0.102597
-4.2 0.103024
-4.1 0.102124
-4 0.101788
-3.9 0.102101
-3.8 0.102497
-3.7 0.10256
-3.6 0.102755
-3.5 0.102062
-3.4 0.102016
-3.3 0.102954
-3.2 0.10308
-3.1 0.103058
-3 0.102677
-2.9 0.102609
-2.8 0.103182
-2.7 0.102597
-2.6 0.102699
-2.5 0.102604
-2.4 0.102423
-2.3 0.103154
-2.2 0.1032
-2.1 0.102206
-2 0.10246
-1.9 0.103142
-1.8 0.103511
-1.7 0.103566
-1.6 0.103432
-1.5 0.103436
-1.4 0.103033
-1.3 0.103312
-1.2 0.103277
-1.1 0.103696
-1 0.102486
-0.9 0.102584
-0.8 0.103057
-0.7 0.103163
-0.6 0.103107
-0.5 0.102456
-0.4 0.102654
-0.3 0.102412
-0.2 0.102876
-0.1 0.103385
0 0.103584
0.1 0.102965
0.2 0.102384
0.3 0.102435
0.4 0.1031
0.5 0.103432
0.6 0.102816
0.7 0.102743
0.8 0.102172
0.9 0.102791
1 0.102793
1.1 0.103172
1.2 0.102558
1.3 0.102376
1.4 0.102442
1.5 0.103308
1.6 0.103191
1.7 0.102755
1.8 0.102662
1.9 0.102923
2 0.103421
2.1 0.103852
2.2 0.104024
2.3 0.103423
2.4 0.102987
2.5 0.103271
2.6 0.103801
2.7 0.103719
2.8 0.103905
2.9 0.10354
3 0.102888
3.1 0.1024
3.2 0.103099
3.3 0.103469
3.4 0.104451
3.5 0.104374
3.6 0.103214
3.7 0.102664
3.8 0.10282
3.9 0.103242
4 0.103129
4.1 0.104164
4.2 0.103843
4.3 0.103127
4.4 0.102955
4.5 0.102786
4.6 0.102393
4.7 0.1022
4.8 0.102406
4.9 0.102359
5 0.102068
5.1 0.101936
5.2 0.102074
5.3 0.10265
5.4 0.10298
5.5 0.103526
5.6 0.102843
5.7 0.101009
5.8 0.0992097
5.9 0.0984493
6 0.0995181
6.1 0.0997539
6.2 0.100217
6.3 0.102388
6.4 0.101956
6.5 0.10043
6.6 0.0984367
6.7 0.0971337
6.8 0.0937228
6.9 0.0873232
7 0.0789187
7.1 0.070885
7.2 0.0611614
7.3 0.0510484
7.4 0.0423522
7.5 0.0359076
7.6 0.0303407
7.7 0.0254926
7.8 0.0204255
7.9 0.0151057
8 0.0110747
8.1 0.00805066
8.2 0.00504911
8.3 0.00301251
8.4 0.0015852
8.5 0.000768044
8.6 0.000408507
8.7 0.000229407
8.8 0.000109162
8.9 3.23227e-05
9 0
9.1 0
9.2 0
9.3 0
9.4 0
9.5 0
9.6 0
9.7 0
9.8 0
9.9 0
10 0
10.1 0
10.2 0
10.3 0
10.4 0
10.5 0
10.6 0
10.7 0
10.8 0
10.9 0
11 0
11.1 0
11.2 0
11.3 0
11.4 0
11.5 0
11.6 0
11.7 0
11.8 0
11.9 0
12 0
12.1 0
12.2 0
