-8.2 6.33443
-8.1 6.34832
-8 6.38165
-7.9 6.41687
-7.8 6.44076
-7.7 6.48041
-7.6 6.51207
-7.5 6.5442
-7.4 6.58588
-7.3 6.61979
-7.2 6.66171
-7.1 6.70698
-7 6.74995
-6.9 6.80431
-6.8 6.85718
-6.7 6.92016
-6.6 6.99779
-6.5 7.09292
-6.4 7.19669
-6.3 7.23382
-6.2 7.24132
-6.1 7.25883
-6 7.27804
-5.9 7.30369
-5.8 7.32782
-5.7 7.35901
-5.6 7.37245
-5.5 7.41044
-5.4 7.42815
-5.3 7.45026
-5.2 7.46015
-5.1 7.50632
-5 7.56028
-4.9 7.60092
-4.8 7.59032
-4.7 7.63949
-4.6 7.66136
-4.5 7.69442
-4.4 7.75144
-4.3 7.75731
-4.2 7.7845
-4.1 7.82379
-4 7.84073
-3.9 7.85972
-3.8 7.89258
-3.7 7.93787
-3.6 7.97102
-3.5 8.00928
-3.4 8.04171
-3.3 8.07708
-3.2 8.12034
-3.1 8.15214
-3 8.16857
-2.9 8.22804
-2.8 8.27283
-2.7 8.33267
-2.6 8.35304
-2.5 8.35478
-2.4 8.41503
-2.3 8.48398
-2.2 8.53587
-2.1 8.57209
-2 8.59759
-1.9 8.6612
-1.8 8.71105
-1.7 8.76518
-1.6 8.80203
-1.5 8.85464
-1.4 8.9088
-1.3 8.95066
-1.2 9.03294
-1.1 9.11529
-1 9.12291
-0.9 9.15594
-0.8 9.20964
-0.7 9.31994
-0.6 9.36327
-0.5 9.40685
-0.4 9.446
-0.3 9.53323
-0.2 9.60349
-0.1 9.66623
0 9.70522
0.1 9.75752
0.2 9.81345
0.3 9.90064
0.4 9.96175
0.5 10.0422
0.6 10.1084
0.7 10.1281
0.8 10.2243
0.9 10.3294
1 10.4254
1.1 10.4963
1.2 10.5767
1.3 10.6024
1.4 10.6575
1.5 10.7766
1.6 10.8921
1.7 10.97
1.8 11.0267
1.9 11.1025
2 11.2427
2.1 11.3965
2.2 11.5201
2.3 11.5638
2.4 11.7105
2.5 11.7749
2.6 11.9378
2.7 12.0622
2.8 12.2199
2.9 12.3304
3 12.4296
3.1 12.6061
3.2 12.7034
3.3 12.8657
3.4 13.0636
3.5 13.2193
3.6 13.3724
3.7 13.5077
3.8 13.6036
3.9 13.827
4 14.1193
4.1 14.3658
4.2 14.5529
4.3 14.7343
4.4 14.8967
4.5 15.079
4.6 15.3944
4.7 15.7087
4.8 16.0701
4.9 16.3549
5 16.6006
5.1 16.869
5.2 17.2213
5.3 17.7589
5.4 18.2012
5.5 18.6232
5.6 18.9997
5.7 19.367
5.8 21.9964
5.9 23.0382
6 24.1933
6.1 25.3423
6.2 26.6038
6.3 24.8559
6.4 25.564
6.5 26.8184
6.6 28.4749
6.7 30.6497
6.8 32.846
6.9 35.2082
7 37.3027
7.1 38.3628
7.2 39.0255
7.3 39.6628
7.4 39.9634
7.5 41.3457
7.6 42.8973
7.7 45.7952
7.8 49.8642
7.9 53.1344
8 56.3576
8.1 59.0491
8.2 65.574
8.3 69.3661
8.4 70.5901
8.5 86.5981
8.6 85.3523
8.7 87.0241
8.8 105.38
8.9 0
9 0
9.1 0
9.2 0
9.3 0
9.4 0
9.5 0
9.6 0
9.7 0
9.8 0
9.9 0
10 0
10.1 0
10.2 0
10.3 0
10.4 0
10.5 0
10.6 0
10.7 0
10.8 0
10.9 0
11 0
11.1 0
11.2 0
11.3 0
11.4 0
11.5 0
11.6 0
11.7 0
11.8 0
11.9 0
12 0
12.1 0
12.2 0
