-8.2 0.086781
-8.1 0.0868969
-8 0.0877452
-7.9 0.0881454
-7.8 0.088194
-7.7 0.0889955
-7.6 0.0890715
-7.5 0.0893965
-7.4 0.0902836
-7.3 0.0904295
-7.2 0.0908618
-7.1 0.091272
-7 0.0917295
-6.9 0.092306
-6.8 0.0927694
-6.7 0.093704
-6.6 0.094653
-6.5 0.0958172
-6.4 0.0969039
-6.3 0.0973976
-6.2 0.0968688
-6.1 0.0965634
-6 0.0967946
-5.9 0.0967431
-5.8 0.0968168
-5.7 0.096879
-5.6 0.0967481
-5.5 0.0968924
-5.4 0.0970161
-5.3 0.0967205
-5.2 0.0966997
-5.1 0.097221
-5 0.0975307
-4.9 0.0974352
-4.8 0.0971469
-4.7 0.0974977
-4.6 0.097051
-4.5 0.0971472
-4.4 0.0974345
-4.3 0.0971798
-4.2 0.0972323
-4.1 0.0970912
-4 0.0972774
-3.9 0.0968738
-3.8 0.0969764
-3.7 0.0971131
-3.6 0.0972456
-3.5 0.0971763
-3.4 0.0970498
-3.3 0.0970372
-3.2 0.0971415
-3.1 0.097327
-3 0.0966851
-2.9 0.0971652
-2.8 0.0974216
-2.7 0.097442
-2.6 0.0974964
-2.5 0.0969421
-2.4 0.0972323
-2.3 0.0979731
-2.2 0.097956
-2.1 0.0980616
-2 0.0978113
-1.9 0.0981178
-1.8 0.0982318
-1.7 0.0985214
-1.6 0.0987025
-1.5 0.0985231
-1.4 0.0987569
-1.3 0.0987444
-1.2 0.0987665
-1.1 0.0993716
-1 0.0988249
-0.9 0.0989417
-0.8 0.0989484
-0.7 0.0995953
-0.6 0.0992223
-0.5 0.0990822
-0.4 0.0989783
-0.3 0.0994473
-0.2 0.0993191
-0.1 0.0993417
0 0.0991112
0.1 0.0990225
0.2 0.0991846
0.3 0.0992155
0.4 0.0993566
0.5 0.0994402
0.6 0.0991422
0.7 0.0985649
0.8 0.0991739
0.9 0.0995773
1 0.0996457
1.1 0.0995211
1.2 0.0995283
1.3 0.0993431
1.4 0.0991559
1.5 0.0991473
1.6 0.099518
1.7 0.0995511
1.8 0.0991323
1.9 0.0992652
2 0.0996903
2.1 0.1002
2.2 0.100379
2.3 0.10011
2.4 0.100506
2.5 0.0998145
2.6 0.100322
2.7 0.100809
2.8 0.101118
2.9 0.101033
3 0.100888
3.1 0.101325
3.2 0.101129
3.3 0.101357
3.4 0.101997
3.5 0.101876
3.6 0.101494
3.7 0.10151
3.8 0.100725
3.9 0.100926
4 0.102027
4.1 0.102325
4.2 0.10235
4.3 0.102055
4.4 0.101879
4.5 0.101792
4.6 0.102145
4.7 0.10267
4.8 0.103493
4.9 0.103065
5 0.102574
5.1 0.10218
5.2 0.102501
5.3 0.103478
5.4 0.103703
5.5 0.103514
5.6 0.102813
5.7 0.101882
5.8 0.0990006
5.9 0.0994155
6 0.100945
6.1 0.101596
6.2 0.101856
6.3 0.102825
6.4 0.10202
6.5 0.101624
6.6 0.101533
6.7 0.102093
6.8 0.0997502
6.9 0.0953955
7 0.0874114
7.1 0.0760191
7.2 0.0644886
7.3 0.0538412
7.4 0.0447571
7.5 0.0382003
7.6 0.0325294
7.7 0.0276342
7.8 0.0230975
7.9 0.0175093
8 0.0126602
8.1 0.0085737
8.2 0.00571642
8.3 0.00315591
8.4 0.00160343
8.5 0.000883075
8.6 0.000220829
8.7 8.84319e-05
8.8 2.86414e-05
8.9 0
9 0
9.1 0
9.2 0
9.3 0
9.4 0
9.5 0
9.6 0
9.7 0
9.8 0
9.9 0
10 0
10.1 0
10.2 0
10.3 0
10.4 0
10.5 0
10.6 0
10.7 0
10.8 0
10.9 0
11 0
11.1 0
11.2 0
11.3 0
11.4 0
11.5 0
11.6 0
11.7 0
11.8 0
11.9 0
12 0
12.1 0
12.2 0
