-8.2 0
-8.1 0.000121172
-8 0.000303599
-7.9 1.72459e-05
-7.8 7.00511e-05
-7.7 0.00012939
-7.6 8.28434e-05
-7.5 0.000113885
-7.4 6.04724e-05
-7.3 0.000134722
-7.2 0.000214666
-7.1 0.000165188
-7 7.59587e-05
-6.9 0.000118154
-6.8 2.02413e-05
-6.7 0.000123398
-6.6 0.000149364
-6.5 7.33897e-05
-6.4 0.000143167
-6.3 9.32519e-05
-6.2 0.000114682
-6.1 7.99042e-05
-6 6.78187e-05
-5.9 8.25926e-05
-5.8 5.24988e-05
-5.7 6.90544e-05
-5.6 8.61224e-05
-5.5 0.00017737
-5.4 9.9425e-05
-5.3 0.000133351
-5.2 0.000219459
-5.1 4.26949e-05
-5 9.33165e-05
-4.9 3.68688e-05
-4.8 5.90233e-05
-4.7 0.00010029
-4.6 2.92175e-05
-4.5 0.000108442
-4.4 0.000207603
-4.3 0.000125386
-4.2 0.000139501
-4.1 0.000104885
-4 6.85633e-05
-3.9 4.22359e-05
-3.8 7.37769e-05
-3.7 8.45741e-05
-3.6 8.19715e-05
-3.5 8.79885e-05
-3.4 0.000198199
-3.3 6.57393e-05
-3.2 1.84415e-05
-3.1 0.000120173
-3 0.000107623
-2.9 2.91278e-05
-2.8 7.87223e-05
-2.7 5.48724e-05
-2.6 0.000125475
-2.5 5.39225e-05
-2.4 5.06297e-05
-2.3 7.02366e-05
-2.2 2.52809e-05
-2.1 2.82307e-05
-2 9.53811e-05
-1.9 7.99695e-05
-1.8 3.82359e-05
-1.7 9.66916e-05
-1.6 0.000303596
-1.5 0.000128422
-1.4 2.41358e-05
-1.3 6.13925e-05
-1.2 0.000137475
-1.1 4.71956e-05
-1 7.24696e-05
-0.9 6.75549e-05
-0.8 8.29517e-05
-0.7 4.56125e-05
-0.6 1.78704e-05
-0.5 4.46263e-05
-0.4 6.51859e-05
-0.3 9.78739e-05
-0.2 7.44695e-06
-0.1 5.04389e-05
0 4.14659e-05
0.1 8.82139e-06
0.2 5.88797e-05
0.3 2.50088e-05
0.4 6.74294e-05
0.5 3.90974e-05
0.6 0.000138973
0.7 0.000149534
0.8 1.30756e-05
0.9 3.69926e-05
1 7.63631e-05
1.1 4.40054e-06
1.2 2.32077e-05
1.3 6.85035e-05
1.4 9.31199e-05
1.5 3.77316e-05
1.6 7.45697e-05
1.7 3.5002e-05
1.8 7.14265e-05
1.9 0
2 5.31459e-05
2.1 7.04941e-05
2.2 3.40461e-05
2.3 1.60702e-06
2.4 6.59541e-05
2.5 2.72973e-05
2.6 2.44567e-05
2.7 4.52663e-05
2.8 6.15851e-05
2.9 1.36732e-05
3 2.02208e-05
3.1 1.01369e-05
3.2 9.11496e-05
3.3 4.66161e-05
3.4 4.01463e-05
3.5 6.7288e-05
3.6 1.81707e-05
3.7 4.13892e-05
3.8 4.94058e-05
3.9 4.17911e-05
4 4.5261e-05
4.1 3.29262e-05
4.2 3.59005e-05
4.3 1.00283e-05
4.4 3.61885e-05
4.5 0
4.6 2.72424e-05
4.7 3.0257e-05
4.8 4.22665e-06
4.9 0
5 7.19233e-06
5.1 2.08517e-05
5.2 0
5.3 7.16881e-05
5.4 1.27746e-05
5.5 4.34899e-05
5.6 1.06566e-06
5.7 2.75336e-05
5.8 3.52535e-05
5.9 2.29596e-05
6 2.62197e-05
6.1 6.8715e-06
6.2 9.03273e-06
6.3 3.04312e-06
6.4 0
6.5 0
6.6 4.40874e-06
6.7 5.02833e-05
6.8 0
6.9 0
7 0
7.1 0
7.2 0
7.3 0
7.4 0
7.5 0
7.6 0
7.7 0
7.8 3.07746e-06
7.9 0
8 0
8.1 0
8.2 0
8.3 0
8.4 0
8.5 0
8.6 0
8.7 0
8.8 0
8.9 0
9 0
9.1 0
9.2 0
9.3 0
9.4 0
9.5 0
9.6 0
9.7 0
9.8 0
9.9 0
10 0
10.1 0
10.2 0
10.3 0
10.4 0
10.5 0
10.6 0
10.7 0
10.8 0
10.9 0
11 0
11.1 0
11.2 0
11.3 0
11.4 0
11.5 0
11.6 0
11.7 0
11.8 0
11.9 0
12 0
12.1 0
12.2 0
