-8.2 6.43939
-8.1 6.47
-8 6.51644
-7.9 6.56589
-7.8 6.61075
-7.7 6.66888
-7.6 6.72492
-7.5 6.78486
-7.4 6.86105
-7.3 6.95219
-7.2 7.03884
-7.1 7.09284
-7 7.24847
-6.9 7.34093
-6.8 7.46443
-6.7 7.7172
-6.6 8.232
-6.5 8.68399
-6.4 10.2904
-6.3 10.9594
-6.2 10.9306
-6.1 10.4733
-6 10.8334
-5.9 11.0954
-5.8 11.0848
-5.7 11.202
-5.6 11.0033
-5.5 10.9099
-5.4 10.8432
-5.3 11.0136
-5.2 10.9155
-5.1 10.9484
-5 11.5218
-4.9 11.5449
-4.8 11.4698
-4.7 11.2758
-4.6 11.4366
-4.5 11.6653
-4.4 11.2344
-4.3 11.5261
-4.2 12.0121
-4.1 12.016
-4 11.5471
-3.9 11.3764
-3.8 11.0823
-3.7 11.9626
-3.6 11.9941
-3.5 11.6654
-3.4 11.6393
-3.3 12.2613
-3.2 12.3771
-3.1 12.0262
-3 12.3309
-2.9 12.4215
-2.8 12.2827
-2.7 12.7012
-2.6 12.4052
-2.5 12.638
-2.4 12.3952
-2.3 13.0201
-2.2 13.3835
-2.1 12.7947
-2 12.6524
-1.9 12.6365
-1.8 13.4386
-1.7 13.4849
-1.6 13.4959
-1.5 13.7333
-1.4 12.9815
-1.3 13.7918
-1.2 13.9112
-1.1 14.0601
-1 13.9746
-0.9 13.6375
-0.8 13.7044
-0.7 14.0842
-0.6 14.7997
-0.5 14.1739
-0.4 14.3195
-0.3 14.245
-0.2 14.981
-0.1 15.1707
0 15.911
0.1 15.3702
0.2 14.8613
0.3 15.0355
0.4 15.3876
0.5 15.9311
0.6 15.7524
0.7 15.7928
0.8 15.5946
0.9 16.0745
1 16.2796
1.1 16.9553
1.2 16.9238
1.3 16.4564
1.4 16.414
1.5 16.4717
1.6 17.4165
1.7 17.3841
1.8 17.3108
1.9 17.4665
2 17.7802
2.1 18.8154
2.2 19.0143
2.3 18.9801
2.4 18.8467
2.5 18.4725
2.6 18.3804
2.7 18.9466
2.8 20.0981
2.9 19.7122
3 20.1864
3.1 19.1129
3.2 19.7133
3.3 20.1376
3.4 21.5165
3.5 21.8935
3.6 22.1332
3.7 21.3101
3.8 21.8306
3.9 22.6417
4 22.4693
4.1 23.7808
4.2 24.6379
4.3 24.507
4.4 24.3691
4.5 24.7402
4.6 25.0124
4.7 25.4747
4.8 26.035
4.9 26.4991
5 26.9621
5.1 26.7564
5.2 27.829
5.3 28.5407
5.4 29.7675
5.5 31.3911
5.6 32.2185
5.7 31.7838
5.8 32.3817
5.9 32.8892
6 34.9232
6.1 37.0435
6.2 38.8887
6.3 42.0425
6.4 44.3829
6.5 46.9481
6.6 49.1022
6.7 53.009
6.8 59.1935
6.9 63.6871
7 65.4591
7.1 70.0449
7.2 73.491
7.3 74.4623
7.4 73.7308
7.5 75.4761
7.6 76.6576
7.7 81.7018
7.8 90.5829
7.9 90.3841
8 93.3852
8.1 102.202
8.2 110.582
8.3 112.36
8.4 120.489
8.5 118.588
8.6 122.143
8.7 107.694
8.8 155.571
8.9 162.125
9 0
9.1 0
9.2 0
9.3 0
9.4 0
9.5 0
9.6 0
9.7 0
9.8 0
9.9 0
10 0
10.1 0
10.2 0
10.3 0
10.4 0
10.5 0
10.6 0
10.7 0
10.8 0
10.9 0
11 0
11.1 0
11.2 0
11.3 0
11.4 0
11.5 0
11.6 0
11.7 0
11.8 0
11.9 0
12 0
12.1 0
12.2 0
