-8.2 6.62417
-8.1 6.65596
-8 6.70388
-7.9 6.75501
-7.8 6.8015
-7.7 6.8614
-7.6 6.91951
-7.5 6.98158
-7.4 7.06046
-7.3 7.15647
-7.2 7.24647
-7.1 7.30102
-7 7.46592
-6.9 7.56067
-6.8 7.68805
-6.7 7.95428
-6.6 8.50438
-6.5 8.98247
-6.4 10.7269
-6.3 11.4595
-6.2 11.4307
-6.1 10.9236
-6 11.3171
-5.9 11.6017
-5.8 11.5872
-5.7 11.7169
-5.6 11.5006
-5.5 11.3958
-5.4 11.3189
-5.3 11.5091
-5.2 11.3938
-5.1 11.4278
-5 12.0484
-4.9 12.0783
-4.8 11.993
-4.7 11.7825
-4.6 11.9543
-4.5 12.2004
-4.4 11.7311
-4.3 12.0454
-4.2 12.5719
-4.1 12.5837
-4 12.0696
-3.9 11.8827
-3.8 11.5514
-3.7 12.5136
-3.6 12.5476
-3.5 12.1879
-3.4 12.1517
-3.3 12.8282
-3.2 12.9556
-3.1 12.5723
-3 12.9007
-2.9 12.9971
-2.8 12.8412
-2.7 13.2988
-2.6 12.9743
-2.5 13.2274
-2.4 12.9576
-2.3 13.631
-2.2 14.0327
-2.1 13.3909
-2 13.2355
-1.9 13.2041
-1.8 14.0829
-1.7 14.1298
-1.6 14.1398
-1.5 14.4006
-1.4 13.573
-1.3 14.4532
-1.2 14.5833
-1.1 14.7427
-1 14.6544
-0.9 14.2795
-0.8 14.3472
-0.7 14.7554
-0.6 15.5424
-0.5 14.8537
-0.4 15.0099
-0.3 14.9211
-0.2 15.7212
-0.1 15.9189
0 16.731
0.1 16.1435
0.2 15.5822
0.3 15.7666
0.4 16.1451
0.5 16.7379
0.6 16.5411
0.7 16.5804
0.8 16.3581
0.9 16.8791
1 17.0923
1.1 17.8279
1.2 17.7993
1.3 17.2817
1.4 17.2342
1.5 17.2797
1.6 18.3151
1.7 18.2731
1.8 18.1896
1.9 18.3522
2 18.685
2.1 19.8116
2.2 20.0234
2.3 19.9869
2.4 19.8403
2.5 19.4302
2.6 19.3134
2.7 19.9232
2.8 21.1819
2.9 20.7549
3 21.2752
3.1 20.0852
3.2 20.7363
3.3 21.1819
3.4 22.6864
3.5 23.0886
3.6 23.3509
3.7 22.4428
3.8 22.9996
3.9 23.8791
4 23.673
4.1 25.0963
4.2 26.0282
4.3 25.881
4.4 25.7224
4.5 26.1168
4.6 26.4049
4.7 26.8988
4.8 27.4987
4.9 27.9946
5 28.4915
5.1 28.2527
5.2 29.4061
5.3 30.1667
5.4 31.4851
5.5 33.2515
5.6 34.1451
5.7 33.6615
5.8 37.8616
5.9 38.7814
6 41.2018
6.1 43.7361
6.2 45.9204
6.3 45.245
6.4 47.2375
6.5 50.0191
6.6 52.3336
6.7 56.5673
6.8 63.3285
6.9 68.2438
7 70.1583
7.1 75.1802
7.2 78.9616
7.3 80.0313
7.4 79.2151
7.5 81.1095
7.6 82.3574
7.7 87.8723
7.8 97.6583
7.9 97.4011
8 100.67
8.1 110.356
8.2 119.639
8.3 121.536
8.4 130.551
8.5 128.451
8.6 132.42
8.7 116.209
8.8 169.395
8.9 176.389
9 0
9.1 0
9.2 0
9.3 0
9.4 0
9.5 0
9.6 0
9.7 0
9.8 0
9.9 0
10 0
10.1 0
10.2 0
10.3 0
10.4 0
10.5 0
10.6 0
10.7 0
10.8 0
10.9 0
11 0
11.1 0
11.2 0
11.3 0
11.4 0
11.5 0
11.6 0
11.7 0
11.8 0
11.9 0
12 0
12.1 0
12.2 0
