-8.2 0.0871645
-8.1 0.0872157
-8 0.0873693
-7.9 0.0876793
-7.8 0.0878767
-7.7 0.0882567
-7.6 0.0884977
-7.5 0.088656
-7.4 0.0890271
-7.3 0.0893014
-7.2 0.0896425
-7.1 0.0899931
-7 0.0903888
-6.9 0.0908212
-6.8 0.0913398
-6.7 0.0918953
-6.6 0.0927081
-6.5 0.0935196
-6.4 0.0945575
-6.3 0.0951512
-6.2 0.0950422
-6.1 0.0947337
-6 0.0949719
-5.9 0.0950644
-5.8 0.0948673
-5.7 0.0949966
-5.6 0.0947383
-5.5 0.0945048
-5.4 0.0944801
-5.3 0.0944496
-5.2 0.0942913
-5.1 0.0946468
-5 0.0946388
-4.9 0.0949523
-4.8 0.0945581
-4.7 0.0945535
-4.6 0.0944649
-4.5 0.0943469
-4.4 0.0944243
-4.3 0.0942855
-4.2 0.0944049
-4.1 0.0944645
-4 0.0940782
-3.9 0.093945
-3.8 0.0938623
-3.7 0.0943119
-3.6 0.0944354
-3.5 0.0942346
-3.4 0.0941489
-3.3 0.0946209
-3.2 0.0948511
-3.1 0.0947285
-3 0.0946334
-2.9 0.0947816
-2.8 0.0948727
-2.7 0.0949094
-2.6 0.0949854
-2.5 0.0948769
-2.4 0.0948053
-2.3 0.0950358
-2.2 0.095592
-2.1 0.095319
-2 0.0949364
-1.9 0.0947406
-1.8 0.0952863
-1.7 0.0955658
-1.6 0.095639
-1.5 0.0954553
-1.4 0.0953784
-1.3 0.0950396
-1.2 0.0955406
-1.1 0.0955043
-1 0.0955223
-0.9 0.095135
-0.8 0.0953557
-0.7 0.095387
-0.6 0.0955923
-0.5 0.0957552
-0.4 0.0954219
-0.3 0.0955673
-0.2 0.095548
-0.1 0.0961127
0 0.0964088
0.1 0.0966091
0.2 0.0959946
0.3 0.0958356
0.4 0.0960787
0.5 0.0962965
0.6 0.0967687
0.7 0.0963503
0.8 0.0965426
0.9 0.0964718
1 0.0968286
1.1 0.0967916
1.2 0.0969933
1.3 0.0969118
1.4 0.096423
1.5 0.0968437
1.6 0.0967518
1.7 0.097684
1.8 0.0973408
1.9 0.0972872
2 0.097314
2.1 0.0978827
2.2 0.098024
2.3 0.0980777
2.4 0.0981563
2.5 0.0979581
2.6 0.0978302
2.7 0.0979519
2.8 0.0985137
2.9 0.0988971
3 0.0988814
3.1 0.0987417
3.2 0.0983018
3.3 0.0987524
3.4 0.098713
3.5 0.0997827
3.6 0.099811
3.7 0.0998293
3.8 0.0997116
3.9 0.0995794
4 0.0999308
4.1 0.10037
4.2 0.100502
4.3 0.100733
4.4 0.100824
4.5 0.100203
4.6 0.100005
4.7 0.100427
4.8 0.100427
4.9 0.10065
5 0.100561
5.1 0.100757
5.2 0.100512
5.3 0.100375
5.4 0.10099
5.5 0.101432
5.6 0.102334
5.7 0.102418
5.8 0.102276
5.9 0.101281
6 0.101364
6.1 0.101964
6.2 0.103074
6.3 0.103122
6.4 0.103853
6.5 0.103244
6.6 0.10282
6.7 0.102203
6.8 0.100839
6.9 0.0997257
7 0.0971372
7.1 0.0916192
7.2 0.0832912
7.3 0.0752089
7.4 0.064981
7.5 0.0548114
7.6 0.0460153
7.7 0.0387487
7.8 0.0325238
7.9 0.0278316
8 0.0227413
8.1 0.0170341
8.2 0.0127553
8.3 0.0091021
8.4 0.00597391
8.5 0.00359854
8.6 0.00189747
8.7 0.000941076
8.8 0.00049467
8.9 0.000277788
9 0.00013049
9.1 3.48657e-05
9.2 0
9.3 0
9.4 0
9.5 0
9.6 0
9.7 0
9.8 0
9.9 0
10 0
10.1 0
10.2 0
10.3 0
10.4 0
10.5 0
10.6 0
10.7 0
10.8 0
10.9 0
11 0
11.1 0
11.2 0
11.3 0
11.4 0
11.5 0
11.6 0
11.7 0
11.8 0
11.9 0
12 0
12.1 0
12.2 0
