-8.2 1.90118e-07
-8.1 3.48825e-07
-8 9.86331e-07
-7.9 2.51679e-07
-7.8 9.58736e-07
-7.7 2.10645e-06
-7.6 8.62723e-07
-7.5 3.23706e-06
-7.4 1.2842e-06
-7.3 7.09967e-07
-7.2 1.5409e-06
-7.1 1.20057e-06
-7 1.29615e-06
-6.9 6.49941e-07
-6.8 8.05552e-07
-6.7 1.70975e-06
-6.6 8.03626e-07
-6.5 2.97183e-07
-6.4 2.14585e-07
-6.3 3.73406e-07
-6.2 5.11169e-07
-6.1 3.74142e-07
-6 5.83817e-08
-5.9 3.55841e-07
-5.8 3.02111e-07
-5.7 8.98353e-07
-5.6 1.25662e-06
-5.5 1.03174e-06
-5.4 1.18502e-06
-5.3 8.30568e-07
-5.2 7.88432e-07
-5.1 4.58196e-07
-5 7.37363e-07
-4.9 9.57488e-07
-4.8 1.01554e-06
-4.7 2.69078e-07
-4.6 6.823e-07
-4.5 5.9212e-07
-4.4 8.67806e-07
-4.3 7.60875e-07
-4.2 4.93081e-07
-4.1 6.73001e-07
-4 6.62928e-07
-3.9 6.20972e-07
-3.8 3.14104e-07
-3.7 7.39091e-07
-3.6 3.18595e-07
-3.5 5.18707e-08
-3.4 9.82909e-07
-3.3 5.27745e-07
-3.2 1.61895e-06
-3.1 5.9378e-07
-3 1.96812e-06
-2.9 9.48161e-07
-2.8 6.51572e-07
-2.7 3.70247e-08
-2.6 1.75478e-07
-2.5 0
-2.4 2.24532e-07
-2.3 6.96066e-08
-2.2 3.0028e-07
-2.1 3.81446e-08
-2 4.1812e-07
-1.9 3.87646e-07
-1.8 1.42071e-06
-1.7 2.04613e-07
-1.6 6.64119e-07
-1.5 6.82877e-07
-1.4 6.25299e-07
-1.3 4.09837e-07
-1.2 1.4613e-06
-1.1 5.50317e-07
-1 3.52641e-07
-0.9 2.93385e-08
-0.8 5.64708e-07
-0.7 2.9205e-07
-0.6 1.75327e-07
-0.5 4.85344e-07
-0.4 5.59617e-07
-0.3 1.149e-06
-0.2 1.36918e-06
-0.1 1.15454e-06
0 1.15389e-06
0.1 1.08534e-06
0.2 4.50303e-07
0.3 1.28621e-08
0.4 1.1563e-06
0.5 1.22664e-06
0.6 5.57252e-07
0.7 0
0.8 3.79996e-08
0.9 4.80848e-07
1 3.54917e-07
1.1 9.12845e-07
1.2 1.58488e-06
1.3 5.5435e-07
1.4 2.23163e-07
1.5 1.17446e-07
1.6 1.11033e-06
1.7 7.1125e-07
1.8 5.89666e-07
1.9 7.2051e-07
2 1.14334e-06
2.1 6.89549e-07
2.2 9.00458e-07
2.3 7.55381e-07
2.4 7.51032e-07
2.5 3.13167e-07
2.6 1.82313e-07
2.7 1.76976e-07
2.8 1.0581e-07
2.9 1.9704e-07
3 1.78716e-07
3.1 6.98937e-07
3.2 7.18969e-09
3.3 2.43308e-07
3.4 7.03829e-08
3.5 9.85519e-08
3.6 1.04384e-07
3.7 3.28364e-07
3.8 3.62594e-07
3.9 8.02303e-07
4 1.86467e-07
4.1 2.56817e-07
4.2 3.88188e-07
4.3 9.11148e-08
4.4 1.2865e-06
4.5 2.75696e-07
4.6 2.5863e-07
4.7 3.74742e-07
4.8 7.01928e-07
4.9 5.74141e-07
5 4.97574e-07
5.1 1.934e-07
5.2 1.92964e-08
5.3 9.00568e-08
5.4 9.34296e-08
5.5 3.07137e-07
5.6 6.02725e-07
5.7 3.89261e-07
5.8 9.882e-08
5.9 2.00048e-09
6 2.39564e-07
6.1 1.18423e-07
6.2 1.56098e-07
6.3 7.47758e-09
6.4 2.54558e-08
6.5 0
6.6 6.24265e-09
6.7 1.41538e-07
6.8 1.07835e-09
6.9 0
7 9.35246e-08
7.1 0
7.2 9.8008e-08
7.3 5.3482e-09
7.4 0
7.5 0
7.6 0
7.7 0
7.8 0
7.9 0
8 0
8.1 0
8.2 0
8.3 0
8.4 0
8.5 0
8.6 0
8.7 0
8.8 0
8.9 0
9 0
9.1 0
9.2 0
9.3 0
9.4 0
9.5 0
9.6 0
9.7 0
9.8 0
9.9 0
10 0
10.1 0
10.2 0
10.3 0
10.4 0
10.5 0
10.6 0
10.7 0
10.8 0
10.9 0
11 0
11.1 0
11.2 0
11.3 0
11.4 0
11.5 0
11.6 0
11.7 0
11.8 0
11.9 0
12 0
12.1 0
12.2 0
