-8.2 0
-8.1 1.10168e-07
-8 2.22637e-07
-7.9 5.50529e-09
-7.8 0
-7.7 2.88643e-07
-7.6 1.11166e-07
-7.5 4.11097e-07
-7.4 3.49453e-07
-7.3 1.12505e-07
-7.2 1.66304e-07
-7.1 2.45835e-08
-7 4.29672e-08
-6.9 2.75553e-07
-6.8 5.76492e-07
-6.7 4.05965e-07
-6.6 3.10641e-07
-6.5 9.69615e-08
-6.4 4.08622e-07
-6.3 6.32181e-08
-6.2 1.71889e-08
-6.1 0
-6 3.43746e-07
-5.9 6.6991e-07
-5.8 3.15731e-07
-5.7 2.28545e-07
-5.6 5.21369e-09
-5.5 1.36034e-07
-5.4 2.71206e-07
-5.3 8.66073e-09
-5.2 8.30754e-09
-5.1 5.17508e-09
-5 4.39344e-07
-4.9 5.6395e-08
-4.8 2.54909e-07
-4.7 4.13411e-08
-4.6 6.91711e-08
-4.5 2.46585e-07
-4.4 1.8327e-07
-4.3 2.69537e-07
-4.2 3.7318e-07
-4.1 1.37907e-07
-4 0
-3.9 3.01697e-08
-3.8 8.09079e-07
-3.7 4.06087e-07
-3.6 6.01303e-07
-3.5 7.02802e-07
-3.4 1.08793e-06
-3.3 4.13157e-07
-3.2 9.76309e-07
-3.1 1.07772e-06
-3 8.67449e-08
-2.9 1.79704e-08
-2.8 1.2071e-08
-2.7 2.26568e-08
-2.6 1.53061e-08
-2.5 8.38634e-09
-2.4 8.43724e-08
-2.3 2.19801e-08
-2.2 8.58855e-08
-2.1 4.80236e-09
-2 0
-1.9 7.04751e-07
-1.8 1.69346e-07
-1.7 1.22241e-07
-1.6 2.52271e-08
-1.5 6.67402e-08
-1.4 2.79317e-08
-1.3 1.28448e-07
-1.2 2.20348e-07
-1.1 3.84042e-07
-1 7.33706e-09
-0.9 4.47644e-08
-0.8 0
-0.7 3.36963e-07
-0.6 3.12246e-07
-0.5 1.33314e-07
-0.4 1.11014e-08
-0.3 6.97648e-09
-0.2 6.81822e-09
-0.1 9.00366e-08
0 2.93457e-08
0.1 2.04548e-08
0.2 2.78811e-07
0.3 3.23272e-07
0.4 7.08317e-08
0.5 3.37438e-08
0.6 2.15446e-07
0.7 1.09433e-07
0.8 1.13951e-08
0.9 7.35051e-09
1 4.75922e-09
1.1 2.05702e-07
1.2 5.34323e-08
1.3 0
1.4 0
1.5 5.16538e-09
1.6 1.12999e-07
1.7 5.62023e-09
1.8 1.10665e-07
1.9 1.26045e-07
2 2.70507e-07
2.1 8.8432e-09
2.2 1.09948e-07
2.3 2.22564e-08
2.4 0
2.5 0
2.6 0
2.7 1.70039e-07
2.8 1.0409e-07
2.9 1.02712e-07
3 0
3.1 0
3.2 3.09411e-07
3.3 2.64991e-07
3.4 8.9616e-09
3.5 4.13051e-08
3.6 1.8266e-07
3.7 1.40069e-07
3.8 2.32023e-09
3.9 5.32268e-08
4 0
4.1 6.51582e-08
4.2 1.4517e-07
4.3 0
4.4 2.09284e-07
4.5 6.2697e-08
4.6 9.25182e-08
4.7 0
4.8 8.95861e-08
4.9 2.71732e-08
5 1.98944e-07
5.1 2.65325e-07
5.2 1.57859e-08
5.3 0
5.4 5.87157e-08
5.5 9.71968e-08
5.6 4.76086e-09
5.7 4.91698e-08
5.8 5.74496e-08
5.9 0
6 0
6.1 0
6.2 2.20801e-08
6.3 4.2664e-09
6.4 0
6.5 0
6.6 0
6.7 0
6.8 0
6.9 0
7 0
7.1 0
7.2 0
7.3 0
7.4 0
7.5 0
7.6 0
7.7 0
7.8 0
7.9 0
8 0
8.1 0
8.2 0
8.3 0
8.4 0
8.5 0
8.6 0
8.7 0
8.8 0
8.9 0
9 0
9.1 0
9.2 0
9.3 0
9.4 0
9.5 0
9.6 0
9.7 0
9.8 0
9.9 0
10 0
10.1 0
10.2 0
10.3 0
10.4 0
10.5 0
10.6 0
10.7 0
10.8 0
10.9 0
11 0
11.1 0
11.2 0
11.3 0
11.4 0
11.5 0
11.6 0
11.7 0
11.8 0
11.9 0
12 0
12.1 0
12.2 0
