-8.2 5.67441e-05
-8.1 0.000118491
-8 0.000599636
-7.9 0.000121293
-7.8 0.000251
-7.7 0.000479575
-7.6 0.000175148
-7.5 0.000392219
-7.4 0.000468535
-7.3 0.000238893
-7.2 0.000366654
-7.1 0.000326342
-7 0.000388279
-6.9 0.000402307
-6.8 0.00024272
-6.7 0.000462792
-6.6 0.000317249
-6.5 0.000304214
-6.4 0.000343301
-6.3 0.000143104
-6.2 0.000215712
-6.1 0.000281553
-6 0.00023392
-5.9 0.00041844
-5.8 0.000264965
-5.7 0.000230486
-5.6 0.000288449
-5.5 0.000392291
-5.4 0.000274995
-5.3 0.000269874
-5.2 0.000204481
-5.1 0.000312035
-5 0.000411548
-4.9 0.0003659
-4.8 0.000264255
-4.7 0.000243647
-4.6 0.000505027
-4.5 0.000261928
-4.4 0.000293805
-4.3 0.00038577
-4.2 0.000509372
-4.1 0.000281118
-4 0.000238449
-3.9 0.000284776
-3.8 0.000152157
-3.7 0.000294236
-3.6 0.000315693
-3.5 0.000339847
-3.4 0.00027103
-3.3 0.000241717
-3.2 0.000163763
-3.1 0.000334963
-3 0.000238808
-2.9 0.00031433
-2.8 0.000328079
-2.7 0.000279635
-2.6 0.000316261
-2.5 0.000312985
-2.4 0.000184158
-2.3 0.000205669
-2.2 0.000247372
-2.1 0.000302025
-2 0.000208249
-1.9 0.000277478
-1.8 0.000206837
-1.7 0.000275913
-1.6 0.000389897
-1.5 0.000258457
-1.4 0.000374031
-1.3 0.000271727
-1.2 0.000259145
-1.1 0.000299066
-1 0.000311742
-0.9 0.000399226
-0.8 0.000148799
-0.7 0.000213573
-0.6 0.000217791
-0.5 0.000143909
-0.4 0.000246546
-0.3 0.000180788
-0.2 0.000168232
-0.1 0.000246927
0 0.00020069
0.1 0.000116701
0.2 0.00024649
0.3 0.000194399
0.4 0.000208443
0.5 0.000275206
0.6 0.000278745
0.7 0.00020201
0.8 0.000229653
0.9 0.000196252
1 0.000180547
1.1 0.000262811
1.2 0.000120935
1.3 0.000287767
1.4 0.000187636
1.5 0.000159509
1.6 0.000221151
1.7 0.000228775
1.8 0.000146803
1.9 0.000189549
2 0.000227783
2.1 0.00031012
2.2 0.000242708
2.3 0.000306275
2.4 0.000287579
2.5 0.000180478
2.6 0.000230911
2.7 0.000246671
2.8 0.000246665
2.9 0.000150564
3 0.000256088
3.1 0.000134647
3.2 0.000216351
3.3 0.000217703
3.4 0.000170479
3.5 0.00020367
3.6 0.000161379
3.7 0.000219512
3.8 0.000225444
3.9 0.000147862
4 0.000140653
4.1 0.000141135
4.2 0.000181987
4.3 0.00020057
4.4 0.000146041
4.5 0.00014021
4.6 0.000160214
4.7 0.000105543
4.8 0.00015105
4.9 0.000231477
5 0.000203553
5.1 0.0001809
5.2 0.000263792
5.3 0.000170403
5.4 0.000171722
5.5 0.000249833
5.6 9.33337e-05
5.7 0.000130088
5.8 8.73818e-05
5.9 0.000119878
6 0.000161276
6.1 0.000123775
6.2 0.000160052
6.3 9.25956e-05
6.4 0.000118618
6.5 7.13239e-05
6.6 9.04526e-05
6.7 3.93187e-05
6.8 3.63187e-05
6.9 6.25176e-05
7 2.1946e-05
7.1 2.89956e-05
7.2 3.91511e-05
7.3 3.50051e-05
7.4 2.66528e-05
7.5 1.06017e-05
7.6 1.72641e-05
7.7 2.7326e-05
7.8 2.1257e-05
7.9 1.23817e-05
8 8.06663e-06
8.1 4.25083e-06
8.2 0
8.3 0
8.4 1.3891e-06
8.5 6.38425e-07
8.6 0
8.7 0
8.8 0
8.9 0
9 0
9.1 0
9.2 0
9.3 0
9.4 0
9.5 0
9.6 0
9.7 0
9.8 0
9.9 0
10 0
10.1 0
10.2 0
10.3 0
10.4 0
10.5 0
10.6 0
10.7 0
10.8 0
10.9 0
11 0
11.1 0
11.2 0
11.3 0
11.4 0
11.5 0
11.6 0
11.7 0
11.8 0
11.9 0
12 0
12.1 0
12.2 0
