-8.2 0.0145892
-8.1 0.0145849
-8 0.0146306
-7.9 0.0146509
-7.8 0.0146478
-7.7 0.0146797
-7.6 0.0146925
-7.5 0.014693
-7.4 0.0147324
-7.3 0.0146943
-7.2 0.0147077
-7.1 0.0147213
-7 0.01469
-6.9 0.0146873
-6.8 0.0146606
-6.7 0.0147055
-6.6 0.0146889
-6.5 0.0146742
-6.4 0.014628
-6.3 0.0146084
-6.2 0.0145756
-6.1 0.0145005
-6 0.014461
-5.9 0.0144449
-5.8 0.0144073
-5.7 0.0143874
-5.6 0.0143265
-5.5 0.0143148
-5.4 0.0142625
-5.3 0.0142112
-5.2 0.014207
-5.1 0.0141727
-5 0.0140937
-4.9 0.014073
-4.8 0.0140679
-4.7 0.0140244
-4.6 0.013975
-4.5 0.0139118
-4.4 0.013867
-4.3 0.0138485
-4.2 0.0138188
-4.1 0.0137392
-4 0.0136756
-3.9 0.0136548
-3.8 0.0136214
-3.7 0.0135969
-3.6 0.0135265
-3.5 0.01347
-3.4 0.0134494
-3.3 0.013396
-3.2 0.0133602
-3.1 0.0132909
-3 0.0132207
-2.9 0.013172
-2.8 0.0131023
-2.7 0.0130356
-2.6 0.013007
-2.5 0.012939
-2.4 0.0128915
-2.3 0.0128439
-2.2 0.0128134
-2.1 0.0127276
-2 0.0126439
-1.9 0.0126
-1.8 0.0125384
-1.7 0.0125046
-1.6 0.0124557
-1.5 0.012382
-1.4 0.0123277
-1.3 0.0122712
-1.2 0.0121885
-1.1 0.0121436
-1 0.0120514
-0.9 0.0119752
-0.8 0.0119252
-0.7 0.0118518
-0.6 0.011802
-0.5 0.011717
-0.4 0.0116782
-0.3 0.0115864
-0.2 0.0115252
-0.1 0.0114887
0 0.011422
0.1 0.0113593
0.2 0.0113041
0.3 0.0112309
0.4 0.0111569
0.5 0.0111026
0.6 0.0110334
0.7 0.0109654
0.8 0.0109226
0.9 0.0108422
1 0.0107839
1.1 0.0107117
1.2 0.0106356
1.3 0.0105635
1.4 0.0104701
1.5 0.0104017
1.6 0.0103354
1.7 0.0102458
1.8 0.0101367
1.9 0.0100855
2 0.00998916
2.1 0.00991236
2.2 0.00983986
2.3 0.00975382
2.4 0.00966242
2.5 0.00959156
2.6 0.00954423
2.7 0.00945746
2.8 0.00934511
2.9 0.00923995
3 0.00916182
3.1 0.0090906
3.2 0.00898238
3.3 0.00889236
3.4 0.00878477
3.5 0.00869351
3.6 0.00856726
3.7 0.00848081
3.8 0.00840781
3.9 0.00829844
4 0.00818017
4.1 0.00811131
4.2 0.00800826
4.3 0.00789163
4.4 0.00777396
4.5 0.00765916
4.6 0.00752722
4.7 0.00740981
4.8 0.00728524
4.9 0.00717123
5 0.00705308
5.1 0.00690068
5.2 0.00678255
5.3 0.00664919
5.4 0.00653044
5.5 0.00638975
5.6 0.00623617
5.7 0.00607506
5.8 0.0059349
5.9 0.0057405
6 0.00555501
6.1 0.00535083
6.2 0.00515274
6.3 0.00490673
6.4 0.0046811
6.5 0.00442164
6.6 0.00416487
6.7 0.00392619
6.8 0.00360506
6.9 0.00325134
7 0.00290415
7.1 0.00254647
7.2 0.00218522
7.3 0.00186193
7.4 0.0016149
7.5 0.00137797
7.6 0.00119384
7.7 0.00101502
7.8 0.000850772
7.9 0.000707976
8 0.000605299
8.1 0.000529317
8.2 0.000462937
8.3 0.000419602
8.4 0.000372874
8.5 0.000351521
8.6 0.000348203
8.7 0.000324931
8.8 0.000314837
8.9 0.000328448
9 0.000320546
9.1 0.000303214
9.2 0.000301727
9.3 0.000299467
9.4 0.000292994
9.5 0.000272548
9.6 0.000281689
9.7 0.00026599
9.8 0.000253727
9.9 0.00024743
10 0.000240729
10.1 0.00023726
10.2 0.000237326
10.3 0.000222776
10.4 0.000220445
10.5 0.00021985
10.6 0.000205785
10.7 0.000202629
10.8 0.000191092
10.9 0.000193982
11 0.000182875
11.1 0.000167521
11.2 0.000169324
11.3 0.000164096
11.4 0.000157739
11.5 0.00015481
11.6 0.000159861
11.7 0.00015291
11.8 0.000137775
11.9 0.000134731
12 0.000131349
12.1 0.000127736
12.2 0.000128578
