-8.2 0.0482564
-8.1 0.0489944
-8 0.0503128
-7.9 0.0497631
-7.8 0.0499742
-7.7 0.0510367
-7.6 0.0503976
-7.5 0.0508077
-7.4 0.0515525
-7.3 0.0512195
-7.2 0.0524242
-7.1 0.0525367
-7 0.0527798
-6.9 0.0530875
-6.8 0.0531085
-6.7 0.053693
-6.6 0.0540969
-6.5 0.0546329
-6.4 0.0548763
-6.3 0.055305
-6.2 0.0552421
-6.1 0.0552191
-6 0.0553037
-5.9 0.0554559
-5.8 0.0552208
-5.7 0.0555913
-5.6 0.0552671
-5.5 0.0557338
-5.4 0.0556983
-5.3 0.0554505
-5.2 0.0553567
-5.1 0.055667
-5 0.0560746
-4.9 0.0557798
-4.8 0.0556595
-4.7 0.0553849
-4.6 0.0559509
-4.5 0.0559247
-4.4 0.0561011
-4.3 0.0555578
-4.2 0.0555151
-4.1 0.0556178
-4 0.0552057
-3.9 0.0550426
-3.8 0.0557673
-3.7 0.0556449
-3.6 0.0560176
-3.5 0.0558733
-3.4 0.0558169
-3.3 0.0559499
-3.2 0.0559888
-3.1 0.0560282
-3 0.0562712
-2.9 0.0565221
-2.8 0.0561615
-2.7 0.0561633
-2.6 0.0562555
-2.5 0.0564203
-2.4 0.0557883
-2.3 0.0558708
-2.2 0.056224
-2.1 0.0560774
-2 0.0560691
-1.9 0.0564015
-1.8 0.0560694
-1.7 0.0557878
-1.6 0.0558732
-1.5 0.0559964
-1.4 0.0561818
-1.3 0.0563162
-1.2 0.0570036
-1.1 0.0567126
-1 0.0566967
-0.9 0.0562115
-0.8 0.0562711
-0.7 0.0564411
-0.6 0.0566867
-0.5 0.0564253
-0.4 0.0563541
-0.3 0.0566302
-0.2 0.0565604
-0.1 0.0568864
0 0.0568695
0.1 0.0568683
0.2 0.0567575
0.3 0.0566407
0.4 0.0562974
0.5 0.0565739
0.6 0.0568262
0.7 0.0563423
0.8 0.0566487
0.9 0.0563401
1 0.0562644
1.1 0.0565185
1.2 0.0563291
1.3 0.0562807
1.4 0.0560576
1.5 0.0560526
1.6 0.0562408
1.7 0.05637
1.8 0.0563367
1.9 0.056343
2 0.0560437
2.1 0.0560291
2.2 0.0564567
2.3 0.0564491
2.4 0.0564964
2.5 0.0562847
2.6 0.0562185
2.7 0.0560469
2.8 0.0564025
2.9 0.0571808
3 0.056757
3.1 0.0564683
3.2 0.0561023
3.3 0.0560512
3.4 0.0562036
3.5 0.0565406
3.6 0.0568011
3.7 0.0568068
3.8 0.0567785
3.9 0.056338
4 0.0566449
4.1 0.0571406
4.2 0.0576315
4.3 0.0577036
4.4 0.0577725
4.5 0.0566754
4.6 0.0567476
4.7 0.0566385
4.8 0.0563596
4.9 0.0571606
5 0.0569542
5.1 0.0565919
5.2 0.0563325
5.3 0.0562782
5.4 0.0566461
5.5 0.0569564
5.6 0.0569024
5.7 0.0572216
5.8 0.0569113
5.9 0.0564302
6 0.0563696
6.1 0.0567319
6.2 0.0567014
6.3 0.0567306
6.4 0.057067
6.5 0.0567721
6.6 0.056397
6.7 0.0558963
6.8 0.0546153
6.9 0.0544468
7 0.0528326
7.1 0.0492696
7.2 0.0450506
7.3 0.040035
7.4 0.0345258
7.5 0.0292391
7.6 0.0242517
7.7 0.0206126
7.8 0.0174292
7.9 0.0145214
8 0.0118232
8.1 0.00895838
8.2 0.00646961
8.3 0.00465148
8.4 0.00305205
8.5 0.00209717
8.6 0.00110204
8.7 0.000548411
8.8 0.000261295
8.9 0.000154789
9 9.73279e-05
9.1 5.16338e-05
9.2 1.26909e-06
9.3 0
9.4 0
9.5 0
9.6 0
9.7 0
9.8 0
9.9 0
10 0
10.1 0
10.2 0
10.3 0
10.4 0
10.5 0
10.6 0
10.7 0
10.8 0
10.9 0
11 0
11.1 0
11.2 0
11.3 0
11.4 0
11.5 0
11.6 0
11.7 0
11.8 0
11.9 0
12 0
12.1 0
12.2 0
