-8.2 11.71
-8.1 18.4609
-8 59.0313
-7.9 16.7345
-7.8 28.6794
-7.7 49.6775
-7.6 27.5823
-7.5 41.8415
-7.4 44.0632
-7.3 29.1491
-7.2 36.8897
-7.1 35.6638
-7 37.0597
-6.9 40.2333
-6.8 28.3176
-6.7 48.619
-6.6 31.3138
-6.5 31.3107
-6.4 37.5004
-6.3 24.8402
-6.2 31.4979
-6.1 36.481
-6 32.3951
-5.9 41.047
-5.8 35.0502
-5.7 36.2639
-5.6 36.1005
-5.5 48.7267
-5.4 42.4392
-5.3 32.9273
-5.2 34.6756
-5.1 35.0167
-5 43.9946
-4.9 38.7812
-4.8 32.9705
-4.7 33.3245
-4.6 41.7759
-4.5 34.7343
-4.4 42.932
-4.3 40.6837
-4.2 44.8767
-4.1 30.4501
-4 33.4206
-3.9 32.689
-3.8 33.8069
-3.7 35.8204
-3.6 39.2053
-3.5 39.8383
-3.4 36.229
-3.3 32.0149
-3.2 29.4525
-3.1 42.6838
-3 34.4405
-2.9 38.9906
-2.8 33.8725
-2.7 35.7604
-2.6 37.2918
-2.5 36.5692
-2.4 29.0908
-2.3 31.5903
-2.2 34.6523
-2.1 37.501
-2 31.5215
-1.9 38.4792
-1.8 30.1747
-1.7 35.7349
-1.6 42.5863
-1.5 36.3097
-1.4 44.5333
-1.3 36.9694
-1.2 37.3005
-1.1 40.1063
-1 40.842
-0.9 41.5762
-0.8 29.0383
-0.7 35.0846
-0.6 34.3985
-0.5 29.8566
-0.4 33.2746
-0.3 31.1129
-0.2 29.567
-0.1 39.0105
0 34.3283
0.1 31.7267
0.2 37.0174
0.3 31.6842
0.4 32.3584
0.5 34.5943
0.6 37.4501
0.7 34.5901
0.8 31.5407
0.9 31.7376
1 37.8048
1.1 39.0157
1.2 30.8488
1.3 39.8218
1.4 35.1391
1.5 33.4162
1.6 35.5393
1.7 35.6867
1.8 32.6234
1.9 33.2489
2 36.8626
2.1 40.9208
2.2 40.0456
2.3 39.4508
2.4 42.7028
2.5 34.0572
2.6 36.1191
2.7 38.3611
2.8 39.9748
2.9 34.5105
3 37.5627
3.1 35.7979
3.2 37.7645
3.3 38.4943
3.4 37.113
3.5 37.2259
3.6 35.7849
3.7 38.8048
3.8 40.8161
3.9 37.054
4 35.8204
4.1 36.9351
4.2 39.1775
4.3 42.677
4.4 40.7944
4.5 40.3681
4.6 40.7265
4.7 36.5513
4.8 38.7456
4.9 43.0198
5 44.9279
5.1 45.8809
5.2 48.2852
5.3 44.0936
5.4 42.3782
5.5 49.5087
5.6 39.7919
5.7 47.6264
5.8 49.482
5.9 52.44
6 54.7657
6.1 51.2358
6.2 57.9913
6.3 47.532
6.4 52.8186
6.5 50.8239
6.6 53.5128
6.7 54.7393
6.8 56.1245
6.9 62.8406
7 62.7787
7.1 69.7917
7.2 73.9948
7.3 76.8012
7.4 81.4517
7.5 80.1663
7.6 82.3177
7.7 88.2022
7.8 86.119
7.9 88.9863
8 98.1888
8.1 95.3593
8.2 100.958
8.3 104.756
8.4 115.413
8.5 119.171
8.6 126.533
8.7 131.287
8.8 103.25
8.9 141.95
9 150.112
9.1 196.294
9.2 0
9.3 0
9.4 0
9.5 0
9.6 0
9.7 0
9.8 0
9.9 0
10 0
10.1 0
10.2 0
10.3 0
10.4 0
10.5 0
10.6 0
10.7 0
10.8 0
10.9 0
11 0
11.1 0
11.2 0
11.3 0
11.4 0
11.5 0
11.6 0
11.7 0
11.8 0
11.9 0
12 0
12.1 0
12.2 0
