-8.2 0.0140268
-8.1 0.0140084
-8 0.0139778
-7.9 0.0139423
-7.8 0.0139193
-7.7 0.0138841
-7.6 0.0138597
-7.5 0.0138387
-7.4 0.0138015
-7.3 0.0137778
-7.2 0.0137493
-7.1 0.0137199
-7 0.0136945
-6.9 0.0136563
-6.8 0.0136329
-6.7 0.0135999
-6.6 0.0135722
-6.5 0.0135392
-6.4 0.0134952
-6.3 0.0134456
-6.2 0.0133918
-6.1 0.0133433
-6 0.0132927
-5.9 0.0132418
-5.8 0.0131898
-5.7 0.0131414
-5.6 0.0130944
-5.5 0.01304
-5.4 0.0129859
-5.3 0.0129339
-5.2 0.0128825
-5.1 0.0128363
-5 0.0127851
-4.9 0.0127279
-4.8 0.012671
-4.7 0.0126263
-4.6 0.0125777
-4.5 0.0125311
-4.4 0.0124837
-4.3 0.0124245
-4.2 0.0123724
-4.1 0.0123249
-4 0.0122703
-3.9 0.0122174
-3.8 0.0121661
-3.7 0.0121132
-3.6 0.0120575
-3.5 0.012009
-3.4 0.0119575
-3.3 0.0119042
-3.2 0.0118502
-3.1 0.0117909
-3 0.0117368
-2.9 0.0116926
-2.8 0.0116436
-2.7 0.0115915
-2.6 0.0115363
-2.5 0.0114752
-2.4 0.0114273
-2.3 0.0113835
-2.2 0.0113292
-2.1 0.0112738
-2 0.0112186
-1.9 0.0111715
-1.8 0.0111169
-1.7 0.0110587
-1.6 0.0109997
-1.5 0.0109464
-1.4 0.0108946
-1.3 0.010839
-1.2 0.0107825
-1.1 0.0107232
-1 0.0106567
-0.9 0.0105979
-0.8 0.0105429
-0.7 0.0104928
-0.6 0.0104307
-0.5 0.0103667
-0.4 0.0103057
-0.3 0.0102493
-0.2 0.0101851
-0.1 0.0101243
0 0.0100635
0.1 0.0100002
0.2 0.00993594
0.3 0.00986974
0.4 0.0098051
0.5 0.00974823
0.6 0.00967923
0.7 0.00960412
0.8 0.0095415
0.9 0.00948523
1 0.00941724
1.1 0.00935074
1.2 0.00928643
1.3 0.00921347
1.4 0.009148
1.5 0.00908196
1.6 0.00901683
1.7 0.00894724
1.8 0.0088774
1.9 0.00881789
2 0.0087585
2.1 0.00869742
2.2 0.00862278
2.3 0.0085442
2.4 0.00847473
2.5 0.00839971
2.6 0.00832771
2.7 0.00825615
2.8 0.00818303
2.9 0.00810754
3 0.00802931
3.1 0.00795041
3.2 0.00787189
3.3 0.00779405
3.4 0.00771981
3.5 0.00763367
3.6 0.00753905
3.7 0.00744314
3.8 0.00735349
3.9 0.00727778
4 0.00719432
4.1 0.00710227
4.2 0.00700387
4.3 0.00690242
4.4 0.00680657
4.5 0.0067081
4.6 0.00661421
4.7 0.00651285
4.8 0.00641392
4.9 0.006304
5 0.00618973
5.1 0.00607596
5.2 0.00596232
5.3 0.00585064
5.4 0.00572811
5.5 0.00559307
5.6 0.0054583
5.7 0.00532049
5.8 0.00517658
5.9 0.00503039
6 0.00487862
6.1 0.00470953
6.2 0.00451527
6.3 0.00429169
6.4 0.00408936
6.5 0.00388738
6.6 0.00367762
6.7 0.00343782
6.8 0.00314724
6.9 0.0028173
7 0.00245069
7.1 0.00207681
7.2 0.00172652
7.3 0.00142412
7.4 0.00117072
7.5 0.000963175
7.6 0.000781727
7.7 0.000623711
7.8 0.000484991
7.9 0.000352476
8 0.000241803
8.1 0.000155008
8.2 9.22386e-05
8.3 4.79012e-05
8.4 2.36177e-05
8.5 1.18514e-05
8.6 3.36714e-06
8.7 1.2615e-06
8.8 3.19325e-07
8.9 1.88456e-08
9 0
9.1 0
9.2 0
9.3 0
9.4 0
9.5 0
9.6 0
9.7 0
9.8 0
9.9 0
10 0
10.1 0
10.2 0
10.3 0
10.4 0
10.5 0
10.6 0
10.7 0
10.8 0
10.9 0
11 0
11.1 0
11.2 0
11.3 0
11.4 0
11.5 0
11.6 0
11.7 0
11.8 0
11.9 0
12 0
12.1 0
12.2 0
