-8.2 0.0885001
-8.1 0.088715
-8 0.0900145
-7.9 0.0905084
-7.8 0.0909352
-7.7 0.0923141
-7.6 0.0925239
-7.5 0.0931375
-7.4 0.0940112
-7.3 0.0940602
-7.2 0.0950126
-7.1 0.0957748
-7 0.096315
-6.9 0.0971116
-6.8 0.0971453
-6.7 0.098078
-6.6 0.0990421
-6.5 0.100029
-6.4 0.100999
-6.3 0.101155
-6.2 0.10158
-6.1 0.101151
-6 0.101774
-5.9 0.101638
-5.8 0.101703
-5.7 0.101849
-5.6 0.101422
-5.5 0.101274
-5.4 0.101178
-5.3 0.101485
-5.2 0.101877
-5.1 0.101709
-5 0.102024
-4.9 0.101918
-4.8 0.101428
-4.7 0.101395
-4.6 0.10125
-4.5 0.101253
-4.4 0.101149
-4.3 0.10143
-4.2 0.102106
-4.1 0.101239
-4 0.100862
-3.9 0.101182
-3.8 0.101518
-3.7 0.101547
-3.6 0.101606
-3.5 0.10118
-3.4 0.101336
-3.3 0.101786
-3.2 0.10195
-3.1 0.101807
-3 0.101739
-2.9 0.101558
-2.8 0.102034
-2.7 0.101858
-2.6 0.10129
-2.5 0.101965
-2.4 0.10156
-2.3 0.102135
-2.2 0.102127
-2.1 0.101314
-2 0.101358
-1.9 0.102039
-1.8 0.102188
-1.7 0.102028
-1.6 0.102145
-1.5 0.102001
-1.4 0.101888
-1.3 0.102221
-1.2 0.102103
-1.1 0.102574
-1 0.101523
-0.9 0.101884
-0.8 0.101973
-0.7 0.101984
-0.6 0.102168
-0.5 0.101574
-0.4 0.101591
-0.3 0.101492
-0.2 0.101686
-0.1 0.102302
0 0.102641
0.1 0.101726
0.2 0.101406
0.3 0.101533
0.4 0.101985
0.5 0.10224
0.6 0.101795
0.7 0.101833
0.8 0.101355
0.9 0.101797
1 0.101773
1.1 0.102122
1.2 0.101479
1.3 0.101297
1.4 0.101511
1.5 0.102203
1.6 0.102213
1.7 0.101865
1.8 0.101595
1.9 0.101652
2 0.102113
2.1 0.102794
2.2 0.102614
2.3 0.102322
2.4 0.101928
2.5 0.101957
2.6 0.102368
2.7 0.102754
2.8 0.10279
2.9 0.102436
3 0.101984
3.1 0.101461
3.2 0.101973
3.3 0.102467
3.4 0.10315
3.5 0.103175
3.6 0.102144
3.7 0.101683
3.8 0.101687
3.9 0.102195
4 0.102139
4.1 0.102826
4.2 0.102766
4.3 0.101971
4.4 0.101849
4.5 0.101698
4.6 0.101262
4.7 0.101136
4.8 0.101204
4.9 0.101048
5 0.100691
5.1 0.100486
5.2 0.100953
5.3 0.101305
5.4 0.101994
5.5 0.102061
5.6 0.10149
5.7 0.0997469
5.8 0.100111
5.9 0.0999989
6 0.101026
6.1 0.101391
6.2 0.101551
6.3 0.101123
6.4 0.100359
6.5 0.0987323
6.6 0.0968582
6.7 0.0953401
6.8 0.0920776
6.9 0.0856589
7 0.0772793
7.1 0.0694107
7.2 0.0598195
7.3 0.0499328
7.4 0.0414368
7.5 0.0350695
7.6 0.0296583
7.7 0.0249071
7.8 0.0199012
7.9 0.0147377
8 0.0108008
8.1 0.00783468
8.2 0.0049028
8.3 0.00292483
8.4 0.00153693
8.5 0.000744942
8.6 0.000395988
8.7 0.000222774
8.8 0.000105063
8.9 3.10226e-05
9 0
9.1 0
9.2 0
9.3 0
9.4 0
9.5 0
9.6 0
9.7 0
9.8 0
9.9 0
10 0
10.1 0
10.2 0
10.3 0
10.4 0
10.5 0
10.6 0
10.7 0
10.8 0
10.9 0
11 0
11.1 0
11.2 0
11.3 0
11.4 0
11.5 0
11.6 0
11.7 0
11.8 0
11.9 0
12 0
12.1 0
12.2 0
