-8.2 0
-8.1 1.65388e-07
-8 3.59385e-07
-7.9 6.87449e-08
-7.8 2.59943e-08
-7.7 7.78809e-08
-7.6 2.21467e-09
-7.5 9.61143e-08
-7.4 5.25734e-08
-7.3 1.73179e-07
-7.2 4.68581e-07
-7.1 8.88065e-08
-7 1.83088e-07
-6.9 1.575e-07
-6.8 7.72757e-08
-6.7 4.22552e-08
-6.6 3.09663e-07
-6.5 5.91804e-08
-6.4 1.39154e-07
-6.3 8.49994e-08
-6.2 2.52624e-07
-6.1 1.08495e-07
-6 2.65674e-07
-5.9 7.49673e-08
-5.8 3.54557e-08
-5.7 2.2912e-08
-5.6 1.19788e-07
-5.5 1.44872e-07
-5.4 1.57887e-07
-5.3 3.80041e-07
-5.2 2.80606e-07
-5.1 1.37412e-07
-5 1.15116e-07
-4.9 2.00944e-08
-4.8 7.73506e-08
-4.7 1.73535e-07
-4.6 0
-4.5 6.38775e-08
-4.4 1.27435e-08
-4.3 1.78431e-07
-4.2 9.23165e-08
-4.1 1.38084e-07
-4 3.85064e-08
-3.9 7.16557e-08
-3.8 2.56468e-07
-3.7 1.42922e-07
-3.6 1.75541e-07
-3.5 9.9487e-08
-3.4 7.49438e-08
-3.3 2.36333e-08
-3.2 7.82495e-08
-3.1 1.29408e-07
-3 6.40373e-08
-2.9 6.42117e-08
-2.8 9.79928e-08
-2.7 3.41488e-08
-2.6 3.6267e-08
-2.5 2.51367e-08
-2.4 1.53628e-07
-2.3 2.21501e-08
-2.2 1.10731e-07
-2.1 9.05596e-08
-2 4.49145e-08
-1.9 8.81843e-08
-1.8 1.13183e-07
-1.7 5.55993e-07
-1.6 1.79001e-07
-1.5 1.68337e-07
-1.4 2.22333e-08
-1.3 1.22317e-07
-1.2 8.14036e-08
-1.1 9.27616e-08
-1 2.28743e-08
-0.9 8.85e-08
-0.8 3.35613e-08
-0.7 5.25099e-08
-0.6 1.45182e-08
-0.5 7.9157e-08
-0.4 1.28333e-07
-0.3 1.86387e-07
-0.2 6.30295e-08
-0.1 2.02595e-08
0 3.23631e-08
0.1 3.62404e-08
0.2 1.63057e-08
0.3 8.57168e-08
0.4 2.14618e-08
0.5 1.84075e-07
0.6 2.2969e-08
0.7 3.87345e-09
0.8 7.501e-08
0.9 5.87645e-08
1 1.24069e-08
1.1 4.63912e-08
1.2 1.23588e-08
1.3 9.09169e-08
1.4 9.27323e-08
1.5 3.79261e-08
1.6 8.77433e-09
1.7 1.82113e-07
1.8 6.45754e-08
1.9 2.22849e-07
2 2.0512e-08
2.1 9.57799e-09
2.2 9.45576e-08
2.3 2.06353e-08
2.4 1.76267e-08
2.5 1.82541e-08
2.6 1.49e-08
2.7 1.34978e-07
2.8 0
2.9 2.40283e-08
3 4.77322e-08
3.1 6.18406e-08
3.2 1.82324e-08
3.3 1.01156e-07
3.4 6.74243e-08
3.5 3.47137e-08
3.6 7.55504e-08
3.7 6.14907e-08
3.8 1.15689e-07
3.9 5.47689e-08
4 0
4.1 0
4.2 3.79894e-08
4.3 3.14847e-08
4.4 4.43901e-08
4.5 6.71844e-08
4.6 1.55557e-09
4.7 3.98633e-10
4.8 4.51635e-09
4.9 6.81406e-09
5 7.27297e-09
5.1 8.27182e-08
5.2 0
5.3 0
5.4 1.35799e-09
5.5 1.4471e-08
5.6 5.94926e-09
5.7 6.44725e-09
5.8 4.39889e-09
5.9 2.258e-08
6 7.19735e-09
6.1 2.17386e-08
6.2 5.69009e-08
6.3 0
6.4 7.97274e-08
6.5 0
6.6 0
6.7 0
6.8 8.67878e-09
6.9 0
7 0
7.1 0
7.2 0
7.3 0
7.4 0
7.5 0
7.6 1.34498e-09
7.7 0
7.8 0
7.9 0
8 0
8.1 0
8.2 0
8.3 0
8.4 0
8.5 0
8.6 0
8.7 0
8.8 0
8.9 0
9 0
9.1 0
9.2 0
9.3 0
9.4 0
9.5 0
9.6 0
9.7 0
9.8 0
9.9 0
10 0
10.1 0
10.2 0
10.3 0
10.4 0
10.5 0
10.6 0
10.7 0
10.8 0
10.9 0
11 0
11.1 0
11.2 0
11.3 0
11.4 0
11.5 0
11.6 0
11.7 0
11.8 0
11.9 0
12 0
12.1 0
12.2 0
