-8.2 0.0141017
-8.1 0.0140917
-8 0.0140811
-7.9 0.0140561
-7.8 0.0140354
-7.7 0.0140153
-7.6 0.0139876
-7.5 0.0139656
-7.4 0.0139468
-7.3 0.0139161
-7.2 0.013892
-7.1 0.0138705
-7 0.0138466
-6.9 0.0138223
-6.8 0.013797
-6.7 0.0137734
-6.6 0.0137481
-6.5 0.013716
-6.4 0.0136751
-6.3 0.0136334
-6.2 0.0135772
-6.1 0.013523
-6 0.0134751
-5.9 0.0134254
-5.8 0.0133802
-5.7 0.0133312
-5.6 0.0132823
-5.5 0.0132356
-5.4 0.0131894
-5.3 0.0131402
-5.2 0.0130965
-5.1 0.0130578
-5 0.0130091
-4.9 0.0129514
-4.8 0.0128999
-4.7 0.0128469
-4.6 0.0127926
-4.5 0.0127464
-4.4 0.0126947
-4.3 0.0126419
-4.2 0.0125963
-4.1 0.012545
-4 0.0124947
-3.9 0.0124418
-3.8 0.0123964
-3.7 0.0123446
-3.6 0.0122912
-3.5 0.0122387
-3.4 0.0121868
-3.3 0.0121344
-3.2 0.0120757
-3.1 0.0120214
-3 0.0119623
-2.9 0.0119154
-2.8 0.0118679
-2.7 0.011812
-2.6 0.0117575
-2.5 0.0117023
-2.4 0.0116542
-2.3 0.0116072
-2.2 0.011554
-2.1 0.0115051
-2 0.011453
-1.9 0.0114016
-1.8 0.0113555
-1.7 0.0113044
-1.6 0.0112502
-1.5 0.0111956
-1.4 0.0111404
-1.3 0.0110796
-1.2 0.0110208
-1.1 0.0109574
-1 0.0108959
-0.9 0.0108349
-0.8 0.0107797
-0.7 0.0107222
-0.6 0.0106582
-0.5 0.0105959
-0.4 0.0105369
-0.3 0.0104782
-0.2 0.0104107
-0.1 0.0103495
0 0.0102838
0.1 0.0102268
0.2 0.0101633
0.3 0.0101011
0.4 0.0100324
0.5 0.00996133
0.6 0.00989349
0.7 0.0098255
0.8 0.00976833
0.9 0.0097083
1 0.00964144
1.1 0.00956511
1.2 0.00949092
1.3 0.00941978
1.4 0.00935595
1.5 0.00928582
1.6 0.00921284
1.7 0.00914097
1.8 0.00907006
1.9 0.00901053
2 0.00894529
2.1 0.00887801
2.2 0.00879908
2.3 0.00871744
2.4 0.00864873
2.5 0.00857115
2.6 0.0085045
2.7 0.00843405
2.8 0.00835403
2.9 0.00826887
3 0.00819145
3.1 0.00811329
3.2 0.00803179
3.3 0.00794843
3.4 0.00786976
3.5 0.0077775
3.6 0.00768232
3.7 0.00758397
3.8 0.0074872
3.9 0.00740151
4 0.00732258
4.1 0.00722885
4.2 0.00712687
4.3 0.00702743
4.4 0.00693047
4.5 0.00683011
4.6 0.0067315
4.7 0.00662896
4.8 0.00652403
4.9 0.00640019
5 0.00628069
5.1 0.0061583
5.2 0.00603935
5.3 0.00592319
5.4 0.00579134
5.5 0.00565356
5.6 0.00551024
5.7 0.00536392
5.8 0.00521759
5.9 0.00506923
6 0.0049077
6.1 0.00472239
6.2 0.00451604
6.3 0.00429618
6.4 0.00408963
6.5 0.00388335
6.6 0.00366618
6.7 0.00341971
6.8 0.00312054
6.9 0.00278655
7 0.00241372
7.1 0.00203991
7.2 0.00169911
7.3 0.00139692
7.4 0.00115273
7.5 0.000951281
7.6 0.000779071
7.7 0.000621563
7.8 0.000477147
7.9 0.000339293
8 0.000231906
8.1 0.000149847
8.2 8.98019e-05
8.3 4.69688e-05
8.4 2.34365e-05
8.5 1.05297e-05
8.6 2.65496e-06
8.7 1.05229e-06
8.8 2.81591e-07
8.9 0
9 0
9.1 0
9.2 0
9.3 0
9.4 0
9.5 0
9.6 0
9.7 0
9.8 0
9.9 0
10 0
10.1 0
10.2 0
10.3 0
10.4 0
10.5 0
10.6 0
10.7 0
10.8 0
10.9 0
11 0
11.1 0
11.2 0
11.3 0
11.4 0
11.5 0
11.6 0
11.7 0
11.8 0
11.9 0
12 0
12.1 0
12.2 0
