-8.2 7.04915
-8.1 7.39312
-8 8.81989
-7.9 8.18574
-7.8 8.45743
-7.7 9.30695
-7.6 9.0435
-7.5 9.59074
-7.4 9.86806
-7.3 9.29756
-7.2 10.1409
-7.1 10.0654
-7 10.4824
-6.9 11.1478
-6.8 10.269
-6.7 10.8985
-6.6 10.988
-6.5 11.983
-6.4 13.412
-6.3 13.7372
-6.2 14.2731
-6.1 13.2419
-6 14.6033
-5.9 14.4552
-5.8 14.483
-5.7 14.6146
-5.6 14.4999
-5.5 14.2933
-5.4 14.1615
-5.3 14.3775
-5.2 14.8271
-5.1 14.5716
-5 14.8745
-4.9 15.2495
-4.8 14.7277
-4.7 14.5983
-4.6 14.5893
-4.5 14.6041
-4.4 14.3961
-4.3 14.7595
-4.2 15.4784
-4.1 15.4344
-4 14.5365
-3.9 15.0506
-3.8 14.8492
-3.7 15.285
-3.6 15.7004
-3.5 15.227
-3.4 14.9831
-3.3 15.6762
-3.2 16.015
-3.1 15.7103
-3 16.0388
-2.9 15.5911
-2.8 16.1715
-2.7 16.267
-2.6 15.4883
-2.5 16.2534
-2.4 15.7705
-2.3 16.487
-2.2 17.0171
-2.1 16.0149
-2 16.3474
-1.9 16.3788
-1.8 17.3458
-1.7 16.7586
-1.6 16.9484
-1.5 17.4681
-1.4 16.5783
-1.3 17.4678
-1.2 17.3357
-1.1 18.1517
-1 17.5077
-0.9 17.563
-0.8 17.361
-0.7 17.6931
-0.6 18.4867
-0.5 17.678
-0.4 18.0339
-0.3 17.7342
-0.2 18.4093
-0.1 18.6068
0 19.9007
0.1 19.0222
0.2 18.3258
0.3 18.3535
0.4 18.7717
0.5 19.4337
0.6 18.8843
0.7 19.4124
0.8 18.729
0.9 19.912
1 19.7449
1.1 20.467
1.2 20.1472
1.3 19.5597
1.4 19.6597
1.5 20.0397
1.6 20.8843
1.7 21.0492
1.8 20.8806
1.9 21.006
2 21.0054
2.1 22.3701
2.2 22.3355
2.3 22.4833
2.4 21.9286
2.5 21.9968
2.6 22.0373
2.7 22.7311
2.8 23.5445
2.9 23.3814
3 23.7659
3.1 22.414
3.2 23.3316
3.3 23.4795
3.4 25.2391
3.5 25.7788
3.6 25.27
3.7 24.7176
3.8 24.9639
3.9 25.8463
4 25.6151
4.1 27.2339
4.2 28.0763
4.3 28.0364
4.4 28.0126
4.5 28.5054
4.6 28.3774
4.7 28.7215
4.8 29.222
4.9 29.8513
5 30.1174
5.1 30.1072
5.2 31.0077
5.3 31.6386
5.4 33.1381
5.5 34.9468
5.6 36.0127
5.7 34.7881
5.8 39.5224
5.9 40.5294
6 42.6577
6.1 45.3587
6.2 47.0717
6.3 46.2617
6.4 48.0935
6.5 50.8168
6.6 53.1214
6.7 57.5238
6.8 63.8822
6.9 68.6647
7 70.7624
7.1 75.6535
7.2 79.2612
7.3 80.4782
7.4 79.9485
7.5 81.5783
7.6 82.7768
7.7 88.1237
7.8 97.9905
7.9 97.5575
8 100.77
8.1 110.661
8.2 119.874
8.3 121.536
8.4 130.551
8.5 128.451
8.6 132.42
8.7 116.209
8.8 169.395
8.9 176.389
9 0
9.1 0
9.2 0
9.3 0
9.4 0
9.5 0
9.6 0
9.7 0
9.8 0
9.9 0
10 0
10.1 0
10.2 0
10.3 0
10.4 0
10.5 0
10.6 0
10.7 0
10.8 0
10.9 0
11 0
11.1 0
11.2 0
11.3 0
11.4 0
11.5 0
11.6 0
11.7 0
11.8 0
11.9 0
12 0
12.1 0
12.2 0
