-8.2 4.53193
-8.1 4.54393
-8 4.57074
-7.9 4.60053
-7.8 4.62158
-7.7 4.65634
-7.6 4.6837
-7.5 4.71079
-7.4 4.74665
-7.3 4.77503
-7.2 4.81267
-7.1 4.84924
-7 4.88766
-6.9 4.93629
-6.8 4.98173
-6.7 5.04025
-6.6 5.11867
-6.5 5.20124
-6.4 5.3362
-6.3 5.38468
-6.2 5.39863
-6.1 5.39954
-6 5.43943
-5.9 5.48531
-5.8 5.49446
-5.7 5.52347
-5.6 5.52559
-5.5 5.53061
-5.4 5.55456
-5.3 5.57302
-5.2 5.60336
-5.1 5.6326
-5 5.69417
-4.9 5.71338
-4.8 5.72853
-4.7 5.74118
-4.6 5.775
-4.5 5.80551
-4.4 5.79578
-4.3 5.84859
-4.2 5.89337
-4.1 5.9005
-4 5.90188
-3.9 5.9141
-3.8 5.94821
-3.7 6.03706
-3.6 6.05498
-3.5 6.05797
-3.4 6.10666
-3.3 6.17853
-3.2 6.20483
-3.1 6.22295
-3 6.26816
-2.9 6.30831
-2.8 6.33479
-2.7 6.39215
-2.6 6.39766
-2.5 6.43408
-2.4 6.46776
-2.3 6.5688
-2.2 6.60789
-2.1 6.59443
-2 6.61048
-1.9 6.68081
-1.8 6.75683
-1.7 6.81279
-1.6 6.83394
-1.5 6.87738
-1.4 6.85928
-1.3 6.97554
-1.2 7.01337
-1.1 7.06846
-1 7.07746
-0.9 7.12228
-0.8 7.16979
-0.7 7.24992
-0.6 7.31986
-0.5 7.32502
-0.4 7.38559
-0.3 7.43056
-0.2 7.54339
-0.1 7.62538
0 7.71805
0.1 7.69875
0.2 7.71973
0.3 7.78108
0.4 7.87357
0.5 7.98777
0.6 8.00458
0.7 8.06491
0.8 8.10581
0.9 8.22283
1 8.30755
1.1 8.41241
1.2 8.44219
1.3 8.47641
1.4 8.55589
1.5 8.64971
1.6 8.79307
1.7 8.86452
1.8 8.91855
1.9 9.02693
2 9.16752
2.1 9.32311
2.2 9.3918
2.3 9.46731
2.4 9.51991
2.5 9.59521
2.6 9.73365
2.7 9.88481
2.8 10.0998
2.9 10.1598
3 10.2936
3.1 10.347
3.2 10.4844
3.3 10.6974
3.4 10.9749
3.5 11.1104
3.6 11.2477
3.7 11.3146
3.8 11.5356
3.9 11.7867
4 11.9354
4.1 12.2554
4.2 12.5035
4.3 12.6547
4.4 12.7511
4.5 13.0198
4.6 13.2719
4.7 13.5963
4.8 13.8597
4.9 14.1615
5 14.4506
5.1 14.7083
5.2 15.1302
5.3 15.5821
5.4 16.1742
5.5 16.7378
5.6 17.2709
5.7 17.5252
5.8 18.0999
5.9 18.7648
6 19.9163
6.1 21.0121
6.2 22.2767
6.3 23.6276
6.4 24.9929
6.5 26.571
6.6 28.1743
6.7 30.6677
6.8 33.8401
6.9 36.2433
7 38.2322
7.1 40.838
7.2 42.5773
7.3 43.567
7.4 43.8955
7.5 46.0601
7.6 47.9928
7.7 51.8575
7.8 57.3945
7.9 60.5766
8 64.2753
8.1 72.0259
8.2 78.7827
8.3 84.9202
8.4 87.6962
8.5 87.1893
8.6 89.8221
8.7 88.2806
8.8 130.811
8.9 162.885
9 0
9.1 0
9.2 0
9.3 0
9.4 0
9.5 0
9.6 0
9.7 0
9.8 0
9.9 0
10 0
10.1 0
10.2 0
10.3 0
10.4 0
10.5 0
10.6 0
10.7 0
10.8 0
10.9 0
11 0
11.1 0
11.2 0
11.3 0
11.4 0
11.5 0
11.6 0
11.7 0
11.8 0
11.9 0
12 0
12.1 0
12.2 0
