0.5 3.2874e-07 0
1.5 1.74035e-06 0
2.5 3.66568e-06 0
3.5 4.68955e-06 0
4.5 6.06811e-06 0
5.5 6.82934e-06 0
6.5 8.02593e-06 0
7.5 8.45313e-06 0
8.5 9.38565e-06 0
9.5 1.02452e-05 0
10.5 1.12162e-05 0
11.5 1.16184e-05 0
12.5 1.26234e-05 0
13.5 1.30461e-05 0
14.5 1.53e-05 0
15.5 1.62928e-05 0
16.5 1.75499e-05 0
17.5 1.87883e-05 0
18.5 2.00178e-05 0
19.5 2.11464e-05 0
20.5 2.20556e-05 0
21.5 2.2725e-05 0
22.5 2.27264e-05 0
23.5 2.31082e-05 0
24.5 2.34373e-05 0
25.5 2.41972e-05 0
26.5 2.48037e-05 0
27.5 2.60397e-05 0
28.5 2.77462e-05 0
29.5 3.00762e-05 0
30.5 3.15257e-05 0
31.5 3.29877e-05 0
32.5 3.41595e-05 0
33.5 3.35664e-05 0
34.5 3.36111e-05 0
35.5 3.23927e-05 0
36.5 3.41893e-05 0
37.5 3.55709e-05 0
38.5 3.89771e-05 0
39.5 4.288e-05 0
40.5 4.39431e-05 0
41.5 4.50767e-05 0
42.5 4.41567e-05 0
43.5 4.35364e-05 0
44.5 4.46318e-05 0
45.5 4.76799e-05 0
46.5 5.24248e-05 0
47.5 5.72667e-05 0
48.5 5.90639e-05 0
49.5 5.75972e-05 0
50.5 5.64583e-05 0
51.5 5.76654e-05 0
52.5 6.35478e-05 0
53.5 7.07985e-05 0
54.5 7.44167e-05 0
55.5 7.35155e-05 0
56.5 6.91239e-05 0
57.5 6.8631e-05 0
58.5 7.48774e-05 0
59.5 8.55513e-05 0
60.5 9.54733e-05 0
61.5 9.62348e-05 0
62.5 9.06647e-05 0
63.5 8.74241e-05 0
64.5 9.51248e-05 0
65.5 0.000112411 0
66.5 0.000126714 0
67.5 0.000125451 0
68.5 0.000117926 0
69.5 0.00011767 0
70.5 0.000136133 0
71.5 0.000161871 0
72.5 0.000170172 0
73.5 0.000161792 0
74.5 0.000152127 0
75.5 0.000165247 0
76.5 0.00019831 0
77.5 0.00022858 0
78.5 0.000248182 0
79.5 0.000298883 0
80.5 0.000418722 0
81.5 0.000584097 0
82.5 0.000684413 0
83.5 0.000623801 0
84.5 0.000422699 0
85.5 0.000206885 0
86.5 7.35221e-05 0
87.5 1.88488e-05 0
88.5 3.48032e-06 0
89.5 3.71537e-07 0
90.5 4.09851e-08 0
91.5 0 0
92.5 0 0
93.5 0 0
94.5 0 0
95.5 0 0
96.5 0 0
97.5 0 0
98.5 0 0
99.5 0 0
100.5 0 0
101.5 0 0
102.5 0 0
103.5 0 0
104.5 3.6892e-09 0
105.5 0 0
106.5 0 0
107.5 0 0
108.5 0 0
109.5 0 0
110.5 0 0
111.5 0 0
112.5 0 0
113.5 0 0
114.5 0 0
115.5 0 0
116.5 0 0
117.5 0 0
118.5 0 0
119.5 0 0
120.5 0 0
121.5 0 0
122.5 0 0
123.5 0 0
124.5 0 0
125.5 0 0
126.5 0 0
127.5 0 0
128.5 0 0
129.5 0 0
130.5 0 0
131.5 0 0
132.5 0 0
133.5 0 0
134.5 0 0
135.5 0 0
136.5 0 0
137.5 0 0
138.5 0 0
139.5 0 0
140.5 0 0
141.5 0 0
142.5 0 0
143.5 0 0
144.5 0 0
145.5 0 0
146.5 0 0
147.5 0 0
148.5 0 0
149.5 0 0
150.5 0 0
151.5 0 0
152.5 0 0
153.5 0 0
154.5 0 0
155.5 0 0
156.5 0 0
157.5 0 0
158.5 0 0
159.5 0 0
160.5 0 0
161.5 0 0
162.5 0 0
163.5 0 0
164.5 0 0
165.5 0 0
166.5 0 0
167.5 0 0
168.5 0 0
169.5 0 0
170.5 0 0
171.5 0 0
172.5 0 0
173.5 0 0
174.5 0 0
175.5 0 0
176.5 0 0
177.5 0 0
178.5 0 0
179.5 0 0
180.5 0 0
181.5 0 0
182.5 0 0
183.5 0 0
184.5 0 0
185.5 0 0
186.5 0 0
187.5 0 0
188.5 0 0
189.5 0 0
190.5 0 0
191.5 0 0
192.5 0 0
193.5 0 0
194.5 0 0
195.5 0 0
196.5 0 0
197.5 0 0
198.5 0 0
199.5 0 0
200.5 0 0
201.5 0 0
202.5 0 0
203.5 0 0
204.5 0 0
205.5 0 0
206.5 0 0
207.5 0 0
208.5 0 0
209.5 0 0
210.5 0 0
211.5 0 0
212.5 0 0
213.5 0 0
214.5 0 0
215.5 0 0
216.5 0 0
217.5 0 0
218.5 0 0
219.5 0 0
220.5 0 0
221.5 0 0
222.5 0 0
223.5 0 0
224.5 0 0
225.5 0 0
226.5 0 0
227.5 0 0
228.5 0 0
229.5 0 0
230.5 0 0
231.5 0 0
232.5 0 0
233.5 0 0
234.5 0 0
235.5 0 0
236.5 0 0
237.5 0 0
238.5 0 0
239.5 0 0
240.5 0 0
241.5 0 0
242.5 0 0
243.5 0 0
244.5 0 0
245.5 0 0
246.5 0 0
247.5 0 0
248.5 0 0
249.5 0 0
