-10.2 0.0697496 0
-10.1 0.0705343 0
-10 0.0707676 0
-9.9 0.0712588 0
-9.8 0.0716809 0
-9.7 0.0720401 0
-9.6 0.0726277 0
-9.5 0.0727547 0
-9.4 0.0731674 0
-9.3 0.0733222 0
-9.2 0.0737136 0
-9.1 0.0741459 0
-9 0.0741242 0
-8.9 0.0742689 0
-8.8 0.0745697 0
-8.7 0.0747843 0
-8.6 0.0749978 0
-8.5 0.0755656 0
-8.4 0.0757872 0
-8.3 0.0758507 0
-8.2 0.0760667 0
-8.1 0.0764678 0
-8 0.0765911 0
-7.9 0.0769102 0
-7.8 0.0770742 0
-7.7 0.0774489 0
-7.6 0.0774893 0
-7.5 0.0778824 0
-7.4 0.0783696 0
-7.3 0.0786054 0
-7.2 0.0788184 0
-7.1 0.0792388 0
-7 0.0794541 0
-6.9 0.0798236 0
-6.8 0.0800035 0
-6.7 0.0803242 0
-6.6 0.0808606 0
-6.5 0.0809959 0
-6.4 0.0813073 0
-6.3 0.0817049 0
-6.2 0.0820873 0
-6.1 0.0823919 0
-6 0.083049 0
-5.9 0.0833496 0
-5.8 0.0839545 0
-5.7 0.0842884 0
-5.6 0.084861 0
-5.5 0.0854726 0
-5.4 0.0861496 0
-5.3 0.086558 0
-5.2 0.0873776 0
-5.1 0.0884194 0
-5 0.0897342 0
-4.9 0.0908261 0
-4.8 0.0915768 0
-4.7 0.0915942 0
-4.6 0.0912964 0
-4.5 0.0914201 0
-4.4 0.0915335 0
-4.3 0.0915402 0
-4.2 0.0911406 0
-4.1 0.0914654 0
-4 0.0913028 0
-3.9 0.0914717 0
-3.8 0.0911366 0
-3.7 0.0909977 0
-3.6 0.0911173 0
-3.5 0.0908483 0
-3.4 0.0905785 0
-3.3 0.0905473 0
-3.2 0.0913967 0
-3.1 0.0910685 0
-3 0.0906203 0
-2.9 0.0906832 0
-2.8 0.0907827 0
-2.7 0.0908327 0
-2.6 0.0904722 0
-2.5 0.090369 0
-2.4 0.0905457 0
-2.3 0.0905344 0
-2.2 0.0904306 0
-2.1 0.090055 0
-2 0.0905855 0
-1.9 0.0906092 0
-1.8 0.0904809 0
-1.7 0.0902572 0
-1.6 0.0901711 0
-1.5 0.0901944 0
-1.4 0.0904475 0
-1.3 0.0905489 0
-1.2 0.0904556 0
-1.1 0.0900812 0
-1 0.0904297 0
-0.9 0.0906935 0
-0.8 0.090525 0
-0.7 0.0902629 0
-0.6 0.0903009 0
-0.5 0.0907511 0
-0.4 0.0909493 0
-0.3 0.0906742 0
-0.2 0.0906274 0
-0.1 0.0905505 0
8.88178e-16 0.0906921 0
0.1 0.0908734 0
0.2 0.0906815 0
0.3 0.090797 0
0.4 0.0910753 0
0.5 0.0914758 0
0.6 0.0912445 0
0.7 0.0910431 0
0.8 0.0910966 0
0.9 0.0912522 0
1 0.0918731 0
1.1 0.0918431 0
1.2 0.0917011 0
1.3 0.0913697 0
1.4 0.0914727 0
1.5 0.0921446 0
1.6 0.0924651 0
1.7 0.0923121 0
1.8 0.0917581 0
1.9 0.0918115 0
2 0.0924647 0
2.1 0.0927268 0
2.2 0.0925233 0
2.3 0.092038 0
2.4 0.0918146 0
2.5 0.0925363 0
2.6 0.0931368 0
2.7 0.0932982 0
2.8 0.0928671 0
2.9 0.0920412 0
3 0.0922023 0
3.1 0.0930258 0
3.2 0.0934076 0
3.3 0.0932407 0
3.4 0.0924593 0
3.5 0.0916466 0
3.6 0.0922618 0
3.7 0.0931775 0
3.8 0.093081 0
3.9 0.0918503 0
4 0.0905788 0
4.1 0.0902837 0
4.2 0.0912858 0
4.3 0.0924738 0
4.4 0.0928988 0
4.5 0.0927718 0
4.6 0.0931623 0
4.7 0.0942002 0
4.8 0.0941636 0
4.9 0.0885467 0
5 0.0751047 0
5.1 0.0553367 0
5.2 0.0346189 0
5.3 0.0182472 0
5.4 0.00785975 0
5.5 0.00271811 0
5.6 0.000878641 0
5.7 0.000244123 0
5.8 0.000102882 0
5.9 9.93466e-05 0
6 8.69707e-05 0
6.1 9.1473e-05 0
6.2 6.80683e-05 0
6.3 9.55197e-05 0
6.4 7.92839e-05 0
6.5 6.24312e-05 0
6.6 7.62219e-05 0
6.7 0.000101654 0
6.8 5.223e-05 0
6.9 9.36727e-05 0
7 7.43194e-05 0
7.1 7.53126e-05 0
7.2 6.34429e-05 0
7.3 5.59085e-05 0
7.4 7.02959e-05 0
7.5 7.15138e-05 0
7.6 7.71167e-05 0
7.7 6.63855e-05 0
7.8 6.71027e-05 0
7.9 5.64499e-05 0
8 5.95662e-05 0
8.1 5.89268e-05 0
8.2 5.8735e-05 0
8.3 6.62474e-05 0
8.4 5.1926e-05 0
8.5 6.75971e-05 0
8.6 4.87208e-05 0
8.7 6.23469e-05 0
8.8 7.23028e-05 0
8.9 4.90963e-05 0
9 4.88256e-05 0
9.1 4.33721e-05 0
9.2 7.95529e-05 0
9.3 6.05304e-05 0
9.4 4.73518e-05 0
9.5 6.18336e-05 0
9.6 4.66038e-05 0
9.7 3.72667e-05 0
9.8 4.26374e-05 0
9.9 6.66382e-05 0
10 5.06357e-05 0
10.1 3.25707e-05 0
10.2 5.27877e-05 0
