-10.2 0.0115162 0
-10.1 0.0114975 0
-10 0.0114758 0
-9.9 0.0114554 0
-9.8 0.0114315 0
-9.7 0.0114077 0
-9.6 0.0113859 0
-9.5 0.011364 0
-9.4 0.0113436 0
-9.3 0.0113255 0
-9.2 0.0113075 0
-9.1 0.0112855 0
-9 0.0112633 0
-8.9 0.0112464 0
-8.8 0.0112265 0
-8.7 0.0112009 0
-8.6 0.0111787 0
-8.5 0.0111599 0
-8.4 0.011138 0
-8.3 0.0111179 0
-8.2 0.0110908 0
-8.1 0.0110659 0
-8 0.0110456 0
-7.9 0.0110272 0
-7.8 0.0110104 0
-7.7 0.0109899 0
-7.6 0.0109674 0
-7.5 0.0109471 0
-7.4 0.0109279 0
-7.3 0.0109031 0
-7.2 0.0108825 0
-7.1 0.0108629 0
-7 0.0108452 0
-6.9 0.0108217 0
-6.8 0.0108013 0
-6.7 0.0107814 0
-6.6 0.0107592 0
-6.5 0.0107355 0
-6.4 0.0107134 0
-6.3 0.0106981 0
-6.2 0.0106824 0
-6.1 0.0106704 0
-6 0.0106472 0
-5.9 0.0106309 0
-5.8 0.010608 0
-5.7 0.0105845 0
-5.6 0.0105659 0
-5.5 0.0105393 0
-5.4 0.0105101 0
-5.3 0.0104857 0
-5.2 0.0104619 0
-5.1 0.0104388 0
-5 0.0104146 0
-4.9 0.0103864 0
-4.8 0.01036 0
-4.7 0.0103238 0
-4.6 0.0102768 0
-4.5 0.0102336 0
-4.4 0.0101864 0
-4.3 0.0101307 0
-4.2 0.0100863 0
-4.1 0.0100375 0
-4 0.00999258 0
-3.9 0.00994171 0
-3.8 0.00989285 0
-3.7 0.00984465 0
-3.6 0.00979481 0
-3.5 0.00974552 0
-3.4 0.0096932 0
-3.3 0.00964468 0
-3.2 0.00959688 0
-3.1 0.00954224 0
-3 0.0094871 0
-2.9 0.0094378 0
-2.8 0.00938546 0
-2.7 0.00933933 0
-2.6 0.00929076 0
-2.5 0.00923708 0
-2.4 0.00918138 0
-2.3 0.00913263 0
-2.2 0.00908864 0
-2.1 0.00903108 0
-2 0.00897599 0
-1.9 0.00892185 0
-1.8 0.00886913 0
-1.7 0.00881569 0
-1.6 0.00876867 0
-1.5 0.0087128 0
-1.4 0.00865777 0
-1.3 0.00861079 0
-1.2 0.00856724 0
-1.1 0.0085213 0
-1 0.00846039 0
-0.9 0.00839889 0
-0.8 0.0083451 0
-0.7 0.00829477 0
-0.6 0.00823678 0
-0.5 0.00817813 0
-0.4 0.00812448 0
-0.3 0.00806946 0
-0.2 0.00801285 0
-0.1 0.00794651 0
8.88178e-16 0.00787824 0
0.1 0.00781014 0
0.2 0.00774747 0
0.3 0.00768608 0
0.4 0.00761571 0
0.5 0.00754938 0
0.6 0.00748934 0
0.7 0.00742787 0
0.8 0.00735117 0
0.9 0.00728255 0
1 0.00722109 0
1.1 0.00715789 0
1.2 0.0070951 0
1.3 0.00701704 0
1.4 0.00693806 0
1.5 0.00686755 0
1.6 0.00679478 0
1.7 0.00672201 0
1.8 0.00664984 0
1.9 0.00656799 0
2 0.0064896 0
2.1 0.00640463 0
2.2 0.00631812 0
2.3 0.00622893 0
2.4 0.00613999 0
2.5 0.00603882 0
2.6 0.00594342 0
2.7 0.00585584 0
2.8 0.00576099 0
2.9 0.00565658 0
3 0.005548 0
3.1 0.00543771 0
3.2 0.00533693 0
3.3 0.00524567 0
3.4 0.00513982 0
3.5 0.00502284 0
3.6 0.00490785 0
3.7 0.00477376 0
3.8 0.00465016 0
3.9 0.00453465 0
4 0.00439356 0
4.1 0.00424279 0
4.2 0.00408796 0
4.3 0.00394547 0
4.4 0.0038048 0
4.5 0.00366478 0
4.6 0.0035061 0
4.7 0.00330652 0
4.8 0.00309953 0
4.9 0.00287052 0
5 0.00261122 0
5.1 0.00225667 0
5.2 0.00181438 0
5.3 0.00130246 0
5.4 0.000822679 0
5.5 0.000445373 0
5.6 0.000203169 0
5.7 7.88263e-05 0
5.8 2.54151e-05 0
5.9 5.28785e-06 0
6 8.3248e-07 0
6.1 4.56001e-08 0
6.2 0 0
6.3 0 0
6.4 0 0
6.5 0 0
6.6 0 0
6.7 0 0
6.8 0 0
6.9 0 0
7 0 0
7.1 0 0
7.2 0 0
7.3 0 0
7.4 0 0
7.5 0 0
7.6 0 0
7.7 0 0
7.8 0 0
7.9 0 0
8 0 0
8.1 0 0
8.2 0 0
8.3 0 0
8.4 0 0
8.5 0 0
8.6 0 0
8.7 0 0
8.8 0 0
8.9 0 0
9 0 0
9.1 0 0
9.2 0 0
9.3 0 0
9.4 0 0
9.5 0 0
9.6 0 0
9.7 0 0
9.8 0 0
9.9 0 0
10 0 0
10.1 0 0
10.2 0 0
