-10.2 8.21289e-08 0
-10.1 2.20196e-07 0
-10 8.5628e-08 0
-9.9 2.17288e-21 0
-9.8 6.11612e-08 0
-9.7 3.9641e-21 0
-9.6 1.11579e-07 0
-9.5 2.95794e-07 0
-9.4 2.54807e-07 0
-9.3 0 0
-9.2 2.0636e-07 0
-9.1 2.10418e-07 0
-9 5.80922e-07 0
-8.9 3.51624e-08 0
-8.8 3.89326e-08 0
-8.7 0 0
-8.6 2.69813e-07 0
-8.5 1.07936e-08 0
-8.4 0 0
-8.3 0 0
-8.2 2.86324e-09 0
-8.1 3.26762e-09 0
-8 1.71624e-08 0
-7.9 1.68593e-08 0
-7.8 9.38665e-07 0
-7.7 1.17186e-07 0
-7.6 3.0929e-21 0
-7.5 1.74115e-07 0
-7.4 4.10582e-08 0
-7.3 7.85823e-08 0
-7.2 7.01449e-22 0
-7.1 3.38907e-21 0
-7 1.90788e-07 0
-6.9 8.02802e-07 0
-6.8 0 0
-6.7 0 0
-6.6 1.85116e-07 0
-6.5 0 0
-6.4 5.32712e-22 0
-6.3 1.99927e-08 0
-6.2 0 0
-6.1 3.10698e-07 0
-6 3.81215e-08 0
-5.9 0 0
-5.8 1.46907e-21 0
-5.7 1.65403e-07 0
-5.6 1.34574e-21 0
-5.5 7.57586e-08 0
-5.4 5.90164e-08 0
-5.3 7.29855e-22 0
-5.2 8.21744e-08 0
-5.1 9.10115e-08 0
-5 1.19228e-09 0
-4.9 0 0
-4.8 0 0
-4.7 0 0
-4.6 0 0
-4.5 0 0
-4.4 0 0
-4.3 7.19742e-22 0
-4.2 8.10358e-08 0
-4.1 1.5711e-21 0
-4 8.84453e-08 0
-3.9 1.20604e-07 0
-3.8 6.56155e-08 0
-3.7 2.82315e-08 0
-3.6 0 0
-3.5 0 0
-3.4 2.57984e-21 0
-3.3 2.90464e-07 0
-3.2 3.36986e-08 0
-3.1 0 0
-3 1.01066e-22 0
-2.9 2.27581e-08 0
-2.8 0 0
-2.7 0 0
-2.6 0 0
-2.5 0 0
-2.4 0 0
-2.3 0 0
-2.2 6.34011e-22 0
-2.1 7.13833e-08 0
-2 0 0
-1.9 8.17468e-24 0
-1.8 9.20388e-10 0
-1.7 0 0
-1.6 0 0
-1.5 0 0
-1.4 5.82343e-22 0
-1.3 6.5566e-08 0
-1.2 1.65702e-07 0
-1.1 1.87773e-08 0
-1 4.71423e-08 0
-0.9 0 0
-0.8 1.74355e-22 0
-0.7 1.96307e-08 0
-0.6 0 0
-0.5 0 0
-0.4 0 0
-0.3 0 0
-0.2 1.87605e-22 0
-0.1 1.05612e-08 0
8.88178e-16 8.85357e-22 0
0.1 9.96823e-08 0
0.2 2.37402e-08 0
0.3 2.88899e-08 0
0.4 5.42262e-21 0
0.5 2.03511e-07 0
0.6 5.68355e-22 0
0.7 6.39911e-08 0
0.8 7.12909e-09 0
0.9 1.05978e-21 0
1 1.1932e-07 0
1.1 5.07751e-22 0
1.2 5.71677e-08 0
1.3 1.18971e-07 0
1.4 2.11068e-08 0
1.5 4.09245e-08 0
1.6 1.10627e-07 0
1.7 6.417e-08 0
1.8 0 0
1.9 0 0
2 0 0
2.1 0 0
2.2 0 0
2.3 5.67208e-23 0
2.4 6.3862e-09 0
2.5 4.02213e-08 0
2.6 1.65126e-08 0
2.7 1.56013e-08 0
2.8 1.18112e-07 0
2.9 1.7594e-21 0
3 9.90457e-08 0
3.1 0 0
3.2 2.18978e-22 0
3.3 2.46547e-08 0
3.4 0 0
3.5 0 0
3.6 0 0
3.7 0 0
3.8 0 0
3.9 0 0
4 0 0
4.1 0 0
4.2 9.08101e-23 0
4.3 1.02243e-08 0
4.4 0 0
4.5 0 0
4.6 0 0
4.7 0 0
4.8 0 0
4.9 0 0
5 0 0
5.1 0 0
5.2 0 0
5.3 0 0
5.4 0 0
5.5 0 0
5.6 0 0
5.7 0 0
5.8 0 0
5.9 0 0
6 0 0
6.1 0 0
6.2 0 0
6.3 0 0
6.4 0 0
6.5 0 0
6.6 0 0
6.7 0 0
6.8 0 0
6.9 0 0
7 0 0
7.1 0 0
7.2 0 0
7.3 0 0
7.4 0 0
7.5 0 0
7.6 0 0
7.7 0 0
7.8 0 0
7.9 0 0
8 0 0
8.1 0 0
8.2 0 0
8.3 0 0
8.4 0 0
8.5 0 0
8.6 0 0
8.7 0 0
8.8 0 0
8.9 0 0
9 2.97082e-21 0
9.1 1.67243e-07 0
9.2 0 0
9.3 0 0
9.4 0 0
9.5 0 0
9.6 0 0
9.7 0 0
9.8 0 0
9.9 0 0
10 0 0
10.1 0 0
10.2 0 0
