-10.2 0.0114864 0
-10.1 0.0114847 0
-10 0.0114783 0
-9.9 0.0114707 0
-9.8 0.0114655 0
-9.7 0.0114556 0
-9.6 0.0114494 0
-9.5 0.0114379 0
-9.4 0.0114263 0
-9.3 0.0114117 0
-9.2 0.0114018 0
-9.1 0.0113894 0
-9 0.0113716 0
-8.9 0.0113544 0
-8.8 0.0113429 0
-8.7 0.011327 0
-8.6 0.0113129 0
-8.5 0.011302 0
-8.4 0.0112846 0
-8.3 0.0112647 0
-8.2 0.0112517 0
-8.1 0.0112352 0
-8 0.0112149 0
-7.9 0.0112015 0
-7.8 0.011179 0
-7.7 0.0111608 0
-7.6 0.0111406 0
-7.5 0.0111246 0
-7.4 0.0111091 0
-7.3 0.0110927 0
-7.2 0.0110731 0
-7.1 0.0110567 0
-7 0.0110363 0
-6.9 0.0110169 0
-6.8 0.0109964 0
-6.7 0.0109768 0
-6.6 0.0109606 0
-6.5 0.0109393 0
-6.4 0.0109154 0
-6.3 0.0108964 0
-6.2 0.0108794 0
-6.1 0.0108574 0
-6 0.0108387 0
-5.9 0.010822 0
-5.8 0.0108009 0
-5.7 0.0107797 0
-5.6 0.0107607 0
-5.5 0.0107401 0
-5.4 0.0107189 0
-5.3 0.0106963 0
-5.2 0.0106726 0
-5.1 0.010649 0
-5 0.0106266 0
-4.9 0.0105963 0
-4.8 0.010551 0
-4.7 0.0104993 0
-4.6 0.010447 0
-4.5 0.010398 0
-4.4 0.0103482 0
-4.3 0.0102962 0
-4.2 0.0102421 0
-4.1 0.0101947 0
-4 0.0101422 0
-3.9 0.0100884 0
-3.8 0.010031 0
-3.7 0.00997788 0
-3.6 0.00992581 0
-3.5 0.00987181 0
-3.4 0.00981706 0
-3.3 0.00976841 0
-3.2 0.00972025 0
-3.1 0.00965989 0
-3 0.00959892 0
-2.9 0.00954543 0
-2.8 0.00949183 0
-2.7 0.00943504 0
-2.6 0.00937313 0
-2.5 0.00931929 0
-2.4 0.00926575 0
-2.3 0.00921094 0
-2.2 0.00915177 0
-2.1 0.0090963 0
-2 0.00904824 0
-1.9 0.00899561 0
-1.8 0.008937 0
-1.7 0.00887581 0
-1.6 0.00881441 0
-1.5 0.00876117 0
-1.4 0.0087048 0
-1.3 0.00864503 0
-1.2 0.00858439 0
-1.1 0.00852607 0
-1 0.00847233 0
-0.9 0.00841498 0
-0.8 0.00834862 0
-0.7 0.00828585 0
-0.6 0.00822898 0
-0.5 0.00817105 0
-0.4 0.00810674 0
-0.3 0.00803976 0
-0.2 0.00796994 0
-0.1 0.00789931 0
8.88178e-16 0.0078288 0
0.1 0.00775317 0
0.2 0.00767368 0
0.3 0.00760316 0
0.4 0.00753887 0
0.5 0.00747194 0
0.6 0.00739542 0
0.7 0.00732164 0
0.8 0.0072512 0
0.9 0.00718378 0
1 0.00711463 0
1.1 0.00703609 0
1.2 0.00695674 0
1.3 0.00687836 0
1.4 0.00680431 0
1.5 0.00673367 0
1.6 0.0066486 0
1.7 0.00656091 0
1.8 0.00647266 0
1.9 0.00639293 0
2 0.00630918 0
2.1 0.00621613 0
2.2 0.006117 0
2.3 0.00601913 0
2.4 0.00592838 0
2.5 0.0058398 0
2.6 0.00574259 0
2.7 0.00563438 0
2.8 0.00552414 0
2.9 0.00541033 0
3 0.00530723 0
3.1 0.00520271 0
3.2 0.00508465 0
3.3 0.0049546 0
3.4 0.00482089 0
3.5 0.00469269 0
3.6 0.00457233 0
3.7 0.0044405 0
3.8 0.00429017 0
3.9 0.00412956 0
4 0.00397129 0
4.1 0.00382417 0
4.2 0.00367564 0
4.3 0.00351244 0
4.4 0.00332485 0
4.5 0.00311641 0
4.6 0.00289518 0
4.7 0.0026422 0
4.8 0.00232481 0
4.9 0.00191048 0
5 0.0014213 0
5.1 0.000930046 0
5.2 0.000524201 0
5.3 0.000250717 0
5.4 9.91993e-05 0
5.5 3.24856e-05 0
5.6 9.76051e-06 0
5.7 2.49405e-06 0
5.8 1.23183e-06 0
5.9 1.09557e-06 0
6 9.86027e-07 0
6.1 9.14122e-07 0
6.2 9.41579e-07 0
6.3 1.0063e-06 0
6.4 8.08441e-07 0
6.5 7.87892e-07 0
6.6 1.08031e-06 0
6.7 8.97476e-07 0
6.8 6.57338e-07 0
6.9 8.76984e-07 0
7 8.73189e-07 0
7.1 8.83376e-07 0
7.2 8.60409e-07 0
7.3 6.59515e-07 0
7.4 7.79265e-07 0
7.5 8.46283e-07 0
7.6 8.42358e-07 0
7.7 8.49366e-07 0
7.8 8.8516e-07 0
7.9 8.73072e-07 0
8 9.18995e-07 0
8.1 9.06356e-07 0
8.2 8.80349e-07 0
8.3 8.39955e-07 0
8.4 7.56115e-07 0
8.5 8.52634e-07 0
8.6 1.00356e-06 0
8.7 9.66455e-07 0
8.8 1.09003e-06 0
8.9 9.11551e-07 0
9 8.39301e-07 0
9.1 7.34104e-07 0
9.2 8.0135e-07 0
9.3 7.5841e-07 0
9.4 7.14647e-07 0
9.5 7.21711e-07 0
9.6 6.72803e-07 0
9.7 6.42893e-07 0
9.8 5.30465e-07 0
9.9 6.36984e-07 0
10 6.83914e-07 0
10.1 6.35402e-07 0
10.2 7.71354e-07 0
