-10.2 0.062319 0
-10.1 0.0631512 0
-10 0.0634568 0
-9.9 0.0637648 0
-9.8 0.0646599 0
-9.7 0.0648727 0
-9.6 0.0650072 0
-9.5 0.065069 0
-9.4 0.0655203 0
-9.3 0.0657335 0
-9.2 0.0662309 0
-9.1 0.0662833 0
-9 0.0662505 0
-8.9 0.0666532 0
-8.8 0.0670544 0
-8.7 0.0670215 0
-8.6 0.0675915 0
-8.5 0.0679985 0
-8.4 0.0682039 0
-8.3 0.0685876 0
-8.2 0.069349 0
-8.1 0.0693072 0
-8 0.0697643 0
-7.9 0.0697707 0
-7.8 0.0698006 0
-7.7 0.0700915 0
-7.6 0.0699713 0
-7.5 0.0705361 0
-7.4 0.0705807 0
-7.3 0.070766 0
-7.2 0.0711948 0
-7.1 0.0716937 0
-7 0.0723211 0
-6.9 0.0723317 0
-6.8 0.0730666 0
-6.7 0.0733004 0
-6.6 0.0733343 0
-6.5 0.0735655 0
-6.4 0.0738923 0
-6.3 0.0743496 0
-6.2 0.0744147 0
-6.1 0.0746431 0
-6 0.0748712 0
-5.9 0.075563 0
-5.8 0.0765505 0
-5.7 0.0768662 0
-5.6 0.0775913 0
-5.5 0.0779636 0
-5.4 0.0784354 0
-5.3 0.0791866 0
-5.2 0.0794818 0
-5.1 0.0800856 0
-5 0.0811352 0
-4.9 0.0824566 0
-4.8 0.0833622 0
-4.7 0.0838677 0
-4.6 0.0846324 0
-4.5 0.0846224 0
-4.4 0.0849618 0
-4.3 0.0849294 0
-4.2 0.0850812 0
-4.1 0.0850038 0
-4 0.0848596 0
-3.9 0.08478 0
-3.8 0.0851376 0
-3.7 0.0853799 0
-3.6 0.0857491 0
-3.5 0.0855426 0
-3.4 0.0849811 0
-3.3 0.0847797 0
-3.2 0.0850802 0
-3.1 0.085137 0
-3 0.0850167 0
-2.9 0.0847389 0
-2.8 0.0847726 0
-2.7 0.085016 0
-2.6 0.0852546 0
-2.5 0.0851851 0
-2.4 0.085135 0
-2.3 0.0846969 0
-2.2 0.0854511 0
-2.1 0.084861 0
-2 0.0848012 0
-1.9 0.085146 0
-1.8 0.0848603 0
-1.7 0.0849505 0
-1.6 0.0857402 0
-1.5 0.0854849 0
-1.4 0.0850232 0
-1.3 0.0852412 0
-1.2 0.0850409 0
-1.1 0.0855125 0
-1 0.0859402 0
-0.9 0.0855297 0
-0.8 0.0852796 0
-0.7 0.0860754 0
-0.6 0.0858702 0
-0.5 0.0857752 0
-0.4 0.0854813 0
-0.3 0.0856161 0
-0.2 0.0857092 0
-0.1 0.0859962 0
8.88178e-16 0.0860696 0
0.1 0.0861827 0
0.2 0.0862953 0
0.3 0.0869691 0
0.4 0.0867569 0
0.5 0.0864761 0
0.6 0.0868057 0
0.7 0.0874321 0
0.8 0.0873017 0
0.9 0.0868431 0
1 0.086874 0
1.1 0.0867763 0
1.2 0.0873766 0
1.3 0.0878838 0
1.4 0.0873157 0
1.5 0.0874938 0
1.6 0.0879749 0
1.7 0.0880802 0
1.8 0.0886096 0
1.9 0.088634 0
2 0.0888556 0
2.1 0.0887334 0
2.2 0.0884018 0
2.3 0.0888307 0
2.4 0.0891243 0
2.5 0.0889795 0
2.6 0.0889191 0
2.7 0.0893772 0
2.8 0.0898794 0
2.9 0.0899239 0
3 0.0898145 0
3.1 0.0889551 0
3.2 0.088349 0
3.3 0.0893262 0
3.4 0.0900264 0
3.5 0.0907064 0
3.6 0.0904175 0
3.7 0.0896461 0
3.8 0.0893517 0
3.9 0.0903774 0
4 0.0907496 0
4.1 0.0906575 0
4.2 0.0892859 0
4.3 0.0886282 0
4.4 0.0893901 0
4.5 0.090766 0
4.6 0.0927037 0
4.7 0.0935304 0
4.8 0.0936565 0
4.9 0.0939802 0
5 0.0964568 0
5.1 0.095155 0
5.2 0.0878218 0
5.3 0.0715358 0
5.4 0.0510122 0
5.5 0.0301838 0
5.6 0.015475 0
5.7 0.00629957 0
5.8 0.00234811 0
5.9 0.000603185 0
6 0.000132632 0
6.1 7.40908e-05 0
6.2 7.75681e-05 0
6.3 4.42276e-05 0
6.4 1.53081e-05 0
6.5 4.49302e-05 0
6.6 4.1757e-05 0
6.7 6.88028e-05 0
6.8 2.65204e-05 0
6.9 5.13774e-05 0
7 4.23185e-05 0
7.1 1.07022e-05 0
7.2 2.84148e-05 0
7.3 2.1912e-05 0
7.4 2.65344e-05 0
7.5 6.74113e-05 0
7.6 6.05205e-05 0
7.7 2.6531e-05 0
7.8 9.72319e-06 0
7.9 2.30021e-05 0
8 2.62785e-05 0
8.1 2.40423e-05 0
8.2 3.58291e-05 0
8.3 2.65679e-05 0
8.4 2.68655e-05 0
8.5 1.68282e-05 0
8.6 4.24664e-05 0
8.7 4.88851e-05 0
8.8 3.83923e-05 0
8.9 7.03633e-05 0
9 3.51208e-05 0
9.1 2.57405e-05 0
9.2 3.43666e-05 0
9.3 2.33411e-05 0
9.4 4.19896e-05 0
9.5 3.54381e-05 0
9.6 3.01221e-05 0
9.7 1.09633e-05 0
9.8 3.04124e-05 0
9.9 1.27402e-05 0
10 1.23875e-05 0
10.1 1.00393e-05 0
10.2 0 0
