-10.2 5.8439e-07 0
-10.1 7.5621e-07 0
-10 1.19496e-06 0
-9.9 7.12333e-07 0
-9.8 1.46521e-07 0
-9.7 6.11837e-07 0
-9.6 5.42198e-07 0
-9.5 7.23013e-07 0
-9.4 9.44791e-07 0
-9.3 4.12257e-07 0
-9.2 4.56591e-07 0
-9.1 4.76814e-07 0
-9 3.81916e-07 0
-8.9 6.92322e-07 0
-8.8 4.06899e-07 0
-8.7 6.18638e-07 0
-8.6 3.41114e-07 0
-8.5 5.09925e-07 0
-8.4 5.64093e-07 0
-8.3 4.24612e-07 0
-8.2 1.42758e-06 0
-8.1 3.67862e-07 0
-8 5.21445e-07 0
-7.9 7.10311e-07 0
-7.8 4.47518e-07 0
-7.7 1.26344e-07 0
-7.6 3.11277e-07 0
-7.5 3.99436e-07 0
-7.4 4.77068e-07 0
-7.3 6.35268e-07 0
-7.2 3.00197e-07 0
-7.1 5.37021e-07 0
-7 5.79327e-07 0
-6.9 6.96916e-07 0
-6.8 4.28908e-07 0
-6.7 5.93843e-07 0
-6.6 2.34983e-07 0
-6.5 3.99117e-07 0
-6.4 3.5816e-07 0
-6.3 4.78437e-07 0
-6.2 3.5367e-07 0
-6.1 3.31508e-07 0
-6 5.15837e-07 0
-5.9 5.74275e-07 0
-5.8 1.44543e-06 0
-5.7 6.97385e-07 0
-5.6 3.63558e-07 0
-5.5 5.32101e-07 0
-5.4 3.88168e-07 0
-5.3 4.23652e-07 0
-5.2 5.17784e-07 0
-5.1 5.31635e-07 0
-5 4.3957e-07 0
-4.9 5.39039e-07 0
-4.8 5.11997e-07 0
-4.7 5.24453e-07 0
-4.6 5.67025e-07 0
-4.5 2.96693e-07 0
-4.4 4.56929e-07 0
-4.3 2.47884e-07 0
-4.2 4.18354e-07 0
-4.1 4.07457e-07 0
-4 2.39516e-07 0
-3.9 6.60064e-07 0
-3.8 4.08708e-07 0
-3.7 6.73088e-07 0
-3.6 8.04213e-07 0
-3.5 3.22123e-07 0
-3.4 6.17615e-07 0
-3.3 3.73554e-07 0
-3.2 5.43924e-07 0
-3.1 1.63937e-07 0
-3 3.56364e-07 0
-2.9 4.48953e-07 0
-2.8 3.94521e-07 0
-2.7 1.86169e-07 0
-2.6 2.94839e-07 0
-2.5 3.0745e-07 0
-2.4 2.89593e-07 0
-2.3 3.35488e-07 0
-2.2 3.94825e-07 0
-2.1 5.82822e-07 0
-2 1.20766e-07 0
-1.9 5.50764e-07 0
-1.8 7.99085e-07 0
-1.7 4.18096e-07 0
-1.6 2.45622e-07 0
-1.5 7.02226e-07 0
-1.4 5.0727e-07 0
-1.3 3.92655e-07 0
-1.2 7.61812e-07 0
-1.1 2.18676e-07 0
-1 3.5523e-07 0
-0.9 3.46132e-07 0
-0.8 5.48433e-07 0
-0.7 5.98247e-07 0
-0.6 5.11711e-07 0
-0.5 1.33464e-07 0
-0.4 5.34852e-07 0
-0.3 2.397e-07 0
-0.2 6.06568e-07 0
-0.1 8.44802e-07 0
8.88178e-16 9.20037e-07 0
0.1 1.1501e-06 0
0.2 5.02977e-07 0
0.3 7.37927e-07 0
0.4 8.16364e-07 0
0.5 1.38438e-06 0
0.6 9.52548e-07 0
0.7 1.0799e-06 0
0.8 7.75554e-07 0
0.9 7.23232e-07 0
1 1.18314e-06 0
1.1 7.85096e-07 0
1.2 8.09012e-07 0
1.3 9.07103e-07 0
1.4 6.79801e-07 0
1.5 6.50255e-07 0
1.6 6.20884e-07 0
1.7 2.99384e-07 0
1.8 7.6865e-07 0
1.9 9.62832e-07 0
2 7.37784e-07 0
2.1 5.13649e-07 0
2.2 5.81342e-07 0
2.3 9.56436e-07 0
2.4 8.90639e-07 0
2.5 1.19214e-06 0
2.6 7.45819e-07 0
2.7 8.29402e-07 0
2.8 9.00453e-07 0
2.9 4.21426e-07 0
3 1.13747e-06 0
3.1 9.42552e-07 0
3.2 4.9397e-07 0
3.3 8.57955e-07 0
3.4 9.02392e-07 0
3.5 7.54712e-07 0
3.6 4.04215e-07 0
3.7 8.7638e-07 0
3.8 1.05916e-06 0
3.9 5.53291e-07 0
4 3.57696e-07 0
4.1 6.08493e-07 0
4.2 6.46596e-07 0
4.3 5.50624e-07 0
4.4 7.037e-07 0
4.5 6.81464e-07 0
4.6 2.54926e-07 0
4.7 5.07047e-07 0
4.8 1.63985e-07 0
4.9 1.2726e-07 0
5 2.51974e-07 0
5.1 2.05604e-07 0
5.2 5.78522e-08 0
5.3 5.09288e-08 0
5.4 2.80874e-08 0
5.5 8.70153e-09 0
5.6 0 0
5.7 0 0
5.8 1.25738e-09 0
5.9 4.61622e-22 0
6 5.1974e-08 0
6.1 0 0
6.2 0 0
6.3 0 0
6.4 0 0
6.5 0 0
6.6 0 0
6.7 2.6604e-22 0
6.8 1.49767e-08 0
6.9 1.78121e-08 0
7 5.53678e-09 0
7.1 3.31342e-08 0
7.2 1.21218e-21 0
7.3 6.82395e-08 0
7.4 3.41933e-08 0
7.5 0 0
7.6 1.53109e-09 0
7.7 8.96904e-24 0
7.8 5.04912e-10 0
7.9 0 0
8 0 0
8.1 0 0
8.2 0 0
8.3 0 0
8.4 0 0
8.5 0 0
8.6 1.78591e-08 0
8.7 0 0
8.8 0 0
8.9 0 0
9 2.26235e-22 0
9.1 1.27359e-08 0
9.2 1.6714e-08 0
9.3 6.66537e-08 0
9.4 0 0
9.5 0 0
9.6 0 0
9.7 0 0
9.8 0 0
9.9 4.23852e-08 0
10 0 0
10.1 0 0
10.2 0 0
