-10.2 1.13109e-05 0
-10.1 5.39355e-05 0
-10 2.8611e-05 0
-9.9 5.56183e-19 0
-9.8 1.56552e-05 0
-9.7 1.10682e-18 0
-9.6 3.11542e-05 0
-9.5 3.89481e-05 0
-9.4 3.60529e-05 0
-9.3 0 0
-9.2 1.5745e-05 0
-9.1 3.43877e-05 0
-9 5.56685e-05 0
-8.9 1.1202e-05 0
-8.8 6.23275e-06 0
-8.7 0 0
-8.6 3.70328e-05 0
-8.5 5.19541e-06 0
-8.4 0 0
-8.3 0 0
-8.2 1.84264e-06 0
-8.1 2.07807e-06 0
-8 7.03989e-06 0
-7.9 6.80629e-06 0
-7.8 5.77096e-05 0
-7.7 2.2845e-05 0
-7.6 6.78182e-19 0
-7.5 3.81783e-05 0
-7.4 1.2276e-05 0
-7.3 1.10081e-05 0
-7.2 9.82558e-20 0
-7.1 4.3492e-19 0
-7 2.44838e-05 0
-6.9 9.34287e-05 0
-6.8 0 0
-6.7 0 0
-6.6 3.88183e-05 0
-6.5 0 0
-6.4 2.07811e-19 0
-6.3 7.79916e-06 0
-6.2 0 0
-6.1 3.74237e-05 0
-6 4.96431e-06 0
-5.9 0 0
-5.8 3.15752e-19 0
-5.7 3.55505e-05 0
-5.6 3.94303e-19 0
-5.5 2.21973e-05 0
-5.4 1.51242e-05 0
-5.3 1.6515e-19 0
-5.2 1.85942e-05 0
-5.1 2.34339e-05 0
-5 1.64281e-07 0
-4.9 0 0
-4.8 0 0
-4.7 0 0
-4.6 0 0
-4.5 0 0
-4.4 0 0
-4.3 1.63635e-19 0
-4.2 1.84237e-05 0
-4.1 3.44565e-19 0
-4 1.93973e-05 0
-3.9 2.31285e-05 0
-3.8 1.68323e-05 0
-3.7 9.78968e-06 0
-3.6 0 0
-3.5 0 0
-3.4 4.10475e-19 0
-3.3 4.62154e-05 0
-3.2 1.39593e-05 0
-3.1 0 0
-3 5.14183e-20 0
-2.9 1.15784e-05 0
-2.8 0 0
-2.7 0 0
-2.6 0 0
-2.5 0 0
-2.4 0 0
-2.3 0 0
-2.2 1.51234e-19 0
-2.1 1.70275e-05 0
-2 0 0
-1.9 3.93905e-21 0
-1.8 4.43498e-07 0
-1.7 0 0
-1.6 0 0
-1.5 0 0
-1.4 1.44229e-19 0
-1.3 1.62388e-05 0
-1.2 2.80281e-05 0
-1.1 1.8827e-06 0
-1 5.15238e-06 0
-0.9 0 0
-0.8 6.85059e-20 0
-0.7 7.71308e-06 0
-0.6 0 0
-0.5 0 0
-0.4 0 0
-0.3 0 0
-0.2 8.91292e-20 0
-0.1 5.01753e-06 0
8.88178e-16 2.20454e-19 0
0.1 2.48209e-05 0
0.2 8.62261e-06 0
0.3 9.8821e-06 0
0.4 1.06425e-18 0
0.5 3.99413e-05 0
0.6 1.44283e-19 0
0.7 1.62448e-05 0
0.8 3.99758e-06 0
0.9 2.05352e-19 0
1 2.31205e-05 0
1.1 1.73828e-19 0
1.2 1.95713e-05 0
1.3 2.30979e-05 0
1.4 8.03934e-06 0
1.5 5.44597e-06 0
1.6 2.84505e-05 0
1.7 1.6193e-05 0
1.8 0 0
1.9 0 0
2 0 0
2.1 0 0
2.2 0 0
2.3 3.2845e-20 0
2.4 3.69801e-06 0
2.5 1.21384e-05 0
2.6 8.78039e-06 0
2.7 6.74273e-06 0
2.8 2.91313e-05 0
2.9 4.87274e-19 0
3 2.74311e-05 0
3.1 0 0
3.2 7.94204e-20 0
3.3 8.94195e-06 0
3.4 0 0
3.5 0 0
3.6 0 0
3.7 0 0
3.8 0 0
3.9 0 0
4 0 0
4.1 0 0
4.2 4.57352e-20 0
4.3 5.14932e-06 0
4.4 0 0
4.5 0 0
4.6 0 0
4.7 0 0
4.8 0 0
4.9 0 0
5 0 0
5.1 0 0
5.2 0 0
5.3 0 0
5.4 0 0
5.5 0 0
5.6 0 0
5.7 0 0
5.8 0 0
5.9 0 0
6 0 0
6.1 0 0
6.2 0 0
6.3 0 0
6.4 0 0
6.5 0 0
6.6 0 0
6.7 0 0
6.8 0 0
6.9 0 0
7 0 0
7.1 0 0
7.2 0 0
7.3 0 0
7.4 0 0
7.5 0 0
7.6 0 0
7.7 0 0
7.8 0 0
7.9 0 0
8 0 0
8.1 0 0
8.2 0 0
8.3 0 0
8.4 0 0
8.5 0 0
8.6 0 0
8.7 0 0
8.8 0 0
8.9 0 0
9 4.997e-19 0
9.1 2.81306e-05 0
9.2 0 0
9.3 0 0
9.4 0 0
9.5 0 0
9.6 0 0
9.7 0 0
9.8 0 0
9.9 0 0
10 0 0
10.1 0 0
10.2 0 0
