-10.2 6.8246 0
-10.1 7.73068 0
-10 7.7616 0
-9.9 7.72385 0
-9.8 7.76059 0
-9.7 7.76938 0
-9.6 7.836 0
-9.5 7.84711 0
-9.4 7.87437 0
-9.3 7.86861 0
-9.2 7.89594 0
-9.1 7.97668 0
-9 7.94077 0
-8.9 7.96479 0
-8.8 8.02394 0
-8.7 8.0485 0
-8.6 8.05908 0
-8.5 8.13104 0
-8.4 8.14005 0
-8.3 8.15158 0
-8.2 8.18761 0
-8.1 8.22388 0
-8 8.22553 0
-7.9 8.29566 0
-7.8 8.30332 0
-7.7 8.33146 0
-7.6 8.35245 0
-7.5 8.44856 0
-7.4 8.47596 0
-7.3 8.48561 0
-7.2 8.54867 0
-7.1 8.57424 0
-7 8.61913 0
-6.9 8.63541 0
-6.8 8.71726 0
-6.7 8.75143 0
-6.6 8.82385 0
-6.5 8.84574 0
-6.4 8.90657 0
-6.3 8.96929 0
-6.2 9.07736 0
-6.1 9.10623 0
-6 9.19383 0
-5.9 9.25571 0
-5.8 9.34353 0
-5.7 9.46349 0
-5.6 9.55287 0
-5.5 9.73865 0
-5.4 9.90504 0
-5.3 10.0584 0
-5.2 10.3219 0
-5.1 10.8436 0
-5 11.8189 0
-4.9 13.0944 0
-4.8 14.1298 0
-4.7 14.5152 0
-4.6 14.5335 0
-4.5 14.5421 0
-4.4 14.7137 0
-4.3 14.9124 0
-4.2 14.6635 0
-4.1 14.8767 0
-4 15.1849 0
-3.9 15.2676 0
-3.8 15.0452 0
-3.7 15.0487 0
-3.6 15.2371 0
-3.5 15.3767 0
-3.4 15.1826 0
-3.3 15.1476 0
-3.2 15.5482 0
-3.1 15.7091 0
-3 15.7422 0
-2.9 15.6873 0
-2.8 15.9707 0
-2.7 16.2135 0
-2.6 15.9918 0
-2.5 15.9909 0
-2.4 16.0832 0
-2.3 16.3279 0
-2.2 16.5165 0
-2.1 16.0364 0
-2 16.2095 0
-1.9 16.5685 0
-1.8 17.0033 0
-1.7 16.9276 0
-1.6 16.605 0
-1.5 16.6863 0
-1.4 17.1856 0
-1.3 17.5662 0
-1.2 17.4044 0
-1.1 17.0942 0
-1 17.1994 0
-0.9 17.9341 0
-0.8 18.1515 0
-0.7 17.7577 0
-0.6 17.7725 0
-0.5 18.1593 0
-0.4 18.6562 0
-0.3 18.7041 0
-0.2 18.6932 0
-0.1 18.5239 0
8.88178e-16 18.8187 0
0.1 19.6378 0
0.2 19.1397 0
0.3 19.2446 0
0.4 19.5438 0
0.5 20.4581 0
0.6 20.7032 0
0.7 20.7749 0
0.8 20.364 0
0.9 20.5566 0
1 21.5213 0
1.1 22.1873 0
1.2 22.2193 0
1.3 21.6803 0
1.4 21.8443 0
1.5 22.7637 0
1.6 23.7168 0
1.7 23.8941 0
1.8 23.5483 0
1.9 23.2578 0
2 24.1436 0
2.1 25.2138 0
2.2 25.8419 0
2.3 25.7291 0
2.4 25.0757 0
2.5 25.9164 0
2.6 27.4365 0
2.7 28.3702 0
2.8 28.6775 0
2.9 28.0407 0
3 28.1503 0
3.1 29.5678 0
3.2 31.2041 0
3.3 32.2045 0
3.4 32.1781 0
3.5 31.7716 0
3.6 32.7415 0
3.7 34.9186 0
3.8 36.8607 0
3.9 37.5355 0
4 37.0857 0
4.1 37.2536 0
4.2 39.1491 0
4.3 42.0437 0
4.4 45.0903 0
4.5 47.4637 0
4.6 50.9206 0
4.7 56.9539 0
4.8 66.4275 0
4.9 77.9217 0
5 90.2261 0
5.1 102.011 0
5.2 112.557 0
5.3 122.938 0
5.4 132.244 0
5.5 140.105 0
5.6 146.691 0
5.7 160.816 0
5.8 161.725 0
5.9 99.6875 0
6 251.176 0
6.1 0 0
6.2 0 0
6.3 0 0
6.4 0 0
6.5 0 0
6.6 0 0
6.7 0 0
6.8 0 0
6.9 0 0
7 0 0
7.1 0 0
7.2 0 0
7.3 0 0
7.4 0 0
7.5 0 0
7.6 0 0
7.7 0 0
7.8 0 0
7.9 0 0
8 0 0
8.1 0 0
8.2 0 0
8.3 0 0
8.4 0 0
8.5 0 0
8.6 0 0
8.7 0 0
8.8 0 0
8.9 0 0
9 0 0
9.1 0 0
9.2 0 0
9.3 0 0
9.4 0 0
9.5 0 0
9.6 0 0
9.7 0 0
9.8 0 0
9.9 0 0
10 0 0
10.1 0 0
10.2 0 0
