-10.2 5.7173 0
-10.1 5.95656 0
-10 5.99334 0
-9.9 6.03005 0
-9.8 6.06523 0
-9.7 6.09818 0
-9.6 6.14347 0
-9.5 6.16882 0
-9.4 6.20611 0
-9.3 6.22655 0
-9.2 6.26781 0
-9.1 6.30392 0
-9 6.32445 0
-8.9 6.34189 0
-8.8 6.38304 0
-8.7 6.41493 0
-8.6 6.44011 0
-8.5 6.48575 0
-8.4 6.51992 0
-8.3 6.54204 0
-8.2 6.5718 0
-8.1 6.60659 0
-8 6.63916 0
-7.9 6.67601 0
-7.8 6.70696 0
-7.7 6.74194 0
-7.6 6.7665 0
-7.5 6.80733 0
-7.4 6.84661 0
-7.3 6.88556 0
-7.2 6.92863 0
-7.1 6.97631 0
-7 7.00533 0
-6.9 7.04734 0
-6.8 7.07879 0
-6.7 7.1209 0
-6.6 7.17073 0
-6.5 7.21675 0
-6.4 7.25151 0
-6.3 7.2987 0
-6.2 7.34937 0
-6.1 7.39221 0
-6 7.44568 0
-5.9 7.50894 0
-5.8 7.56461 0
-5.7 7.60934 0
-5.6 7.69061 0
-5.5 7.75533 0
-5.4 7.82748 0
-5.3 7.89883 0
-5.2 7.99267 0
-5.1 8.09863 0
-5 8.23896 0
-4.9 8.36929 0
-4.8 8.46926 0
-4.7 8.51054 0
-4.6 8.54652 0
-4.5 8.58369 0
-4.4 8.64216 0
-4.3 8.68367 0
-4.2 8.70202 0
-4.1 8.76567 0
-4 8.81609 0
-3.9 8.84835 0
-3.8 8.87611 0
-3.7 8.92034 0
-3.6 8.97412 0
-3.5 9.01191 0
-3.4 9.037 0
-3.3 9.08421 0
-3.2 9.18166 0
-3.1 9.22291 0
-3 9.24219 0
-2.9 9.29356 0
-2.8 9.367 0
-2.7 9.42351 0
-2.6 9.45297 0
-2.5 9.49462 0
-2.4 9.55668 0
-2.3 9.62809 0
-2.2 9.67789 0
-2.1 9.68878 0
-2 9.78194 0
-1.9 9.87125 0
-1.8 9.9398 0
-1.7 9.97015 0
-1.6 10.0117 0
-1.5 10.0968 0
-1.4 10.1967 0
-1.3 10.2744 0
-1.2 10.3163 0
-1.1 10.3608 0
-1 10.4629 0
-0.9 10.5785 0
-0.8 10.6479 0
-0.7 10.6875 0
-0.6 10.7793 0
-0.5 10.906 0
-0.4 11.0169 0
-0.3 11.0916 0
-0.2 11.161 0
-0.1 11.2628 0
8.88178e-16 11.397 0
0.1 11.5261 0
0.2 11.6045 0
0.3 11.7313 0
0.4 11.8782 0
0.5 12.0473 0
0.6 12.1482 0
0.7 12.2483 0
0.8 12.355 0
0.9 12.5074 0
1 12.7108 0
1.1 12.8616 0
1.2 12.9814 0
1.3 13.0803 0
1.4 13.251 0
1.5 13.5002 0
1.6 13.7139 0
1.7 13.8703 0
1.8 13.976 0
1.9 14.1715 0
2 14.457 0
2.1 14.7348 0
2.2 14.9405 0
2.3 15.0913 0
2.4 15.29 0
2.5 15.6527 0
2.6 16.0417 0
2.7 16.3532 0
2.8 16.6068 0
2.9 16.8088 0
3 17.1758 0
3.1 17.6897 0
3.2 18.1839 0
3.3 18.6063 0
3.4 18.9425 0
3.5 19.313 0
3.6 19.9688 0
3.7 20.7781 0
3.8 21.4808 0
3.9 22.0384 0
4 22.5941 0
4.1 23.4168 0
4.2 24.6747 0
4.3 26.2193 0
4.4 27.8602 0
4.5 29.7064 0
4.6 32.2015 0
4.7 35.7308 0
4.8 40.6755 0
4.9 46.6515 0
5 53.2985 0
5.1 60.1397 0
5.2 66.8158 0
5.3 73.7224 0
5.4 80.1965 0
5.5 83.8252 0
5.6 87.978 0
5.7 83.6341 0
5.8 56.7721 0
5.9 50.68 0
6 53.2133 0
6.1 62.3646 0
6.2 47.2977 0
6.3 52.7152 0
6.4 54.7445 0
6.5 47.2384 0
6.6 48.945 0
6.7 60.1684 0
6.8 47.1539 0
6.9 50.7188 0
7 49.0119 0
7.1 46.6791 0
7.2 52.0309 0
7.3 55.3363 0
7.4 55.8603 0
7.5 49.4291 0
7.6 52.6139 0
7.7 48.5026 0
7.8 46.8777 0
7.9 48.32 0
8 41.6261 0
8.1 42.937 0
8.2 49.1687 0
8.3 47.1935 0
8.4 41.9044 0
8.5 43.8921 0
8.6 34.1241 0
8.7 36.692 0
8.8 38.2979 0
8.9 35.59 0
9 38.124 0
9.1 41.5282 0
9.2 48.6946 0
9.3 47.7146 0
9.4 41.231 0
9.5 44.0944 0
9.6 47.2757 0
9.7 40.146 0
9.8 36.398 0
9.9 44.9825 0
10 48.9972 0
10.1 38.294 0
10.2 42.2642 0
