1.09967 1.57844e-06 0
3.099 5.44452e-06 0
5.09833 8.45673e-06 0
7.09767 1.08328e-05 0
9.097 1.32823e-05 0
11.0963 1.51771e-05 0
13.0957 1.66369e-05 0
15.095 1.99173e-05 0
17.0943 2.10747e-05 0
19.0937 2.30115e-05 0
21.093 2.69265e-05 0
23.0923 3.05258e-05 0
25.0917 3.35102e-05 0
27.091 3.37082e-05 0
29.0903 3.31597e-05 0
31.0897 3.43532e-05 0
33.089 3.89608e-05 0
35.0883 4.29268e-05 0
37.0877 4.15346e-05 0
39.087 3.89863e-05 0
41.0863 4.32406e-05 0
43.0857 4.84029e-05 0
45.085 4.58898e-05 0
47.0843 4.33123e-05 0
49.0837 4.98062e-05 0
51.083 5.27124e-05 0
53.0823 4.62075e-05 0
55.0817 4.87478e-05 0
57.081 5.71237e-05 0
59.0803 4.86663e-05 0
61.0797 4.89432e-05 0
63.079 5.97767e-05 0
65.0783 5.08406e-05 0
67.0777 4.68634e-05 0
69.077 5.64436e-05 0
71.0763 4.7471e-05 0
73.0757 4.30547e-05 0
75.075 5.11546e-05 0
77.0743 4.24076e-05 0
79.0737 5.0301e-05 0
81.073 5.11293e-05 0
83.0723 1.8814e-05 0
85.0717 2.28897e-06 0
87.071 7.90322e-08 0
89.0703 4.51229e-09 0
91.0697 0 0
93.069 0 0
95.0683 0 0
97.0677 0 0
99.067 0 0
101.066 0 0
103.066 0 0
105.065 0 0
107.064 0 0
109.064 0 0
111.063 0 0
113.062 0 0
115.062 0 0
117.061 0 0
119.06 0 0
121.06 0 0
123.059 0 0
125.058 0 0
127.058 0 0
129.057 0 0
131.056 0 0
133.056 0 0
135.055 0 0
137.054 0 0
139.054 0 0
141.053 0 0
143.052 0 0
145.052 0 0
147.051 0 0
149.05 0 0
151.05 0 0
153.049 0 0
155.048 0 0
157.048 0 0
159.047 0 0
161.046 0 0
163.046 0 0
165.045 0 0
167.044 0 0
169.044 0 0
171.043 0 0
173.042 0 0
175.042 0 0
177.041 0 0
179.04 0 0
181.04 0 0
183.039 0 0
185.038 0 0
187.038 0 0
189.037 0 0
191.036 0 0
193.036 0 0
195.035 0 0
197.034 0 0
199.034 0 0
201.033 0 0
203.032 0 0
205.032 0 0
207.031 0 0
209.03 0 0
211.03 0 0
213.029 0 0
215.028 0 0
217.028 0 0
219.027 0 0
221.026 0 0
223.026 0 0
225.025 0 0
227.024 0 0
229.024 0 0
231.023 0 0
233.022 0 0
235.022 0 0
237.021 0 0
239.02 0 0
241.02 0 0
243.019 0 0
245.018 0 0
247.018 0 0
249.017 0 0
251.016 0 0
253.016 0 0
255.015 0 0
257.014 0 0
259.014 0 0
261.013 0 0
263.012 0 0
265.012 0 0
267.011 0 0
269.01 0 0
271.01 0 0
273.009 0 0
275.008 0 0
277.008 0 0
279.007 0 0
281.006 0 0
283.006 0 0
285.005 0 0
287.004 0 0
289.004 0 0
291.003 0 0
293.002 0 0
295.002 0 0
297.001 0 0
299 0 0
