-10.2 8.34185 0
-10.1 9.39967 0
-10 9.90832 0
-9.9 10.0516 0
-9.8 10.3489 0
-9.7 10.3173 0
-9.6 10.6586 0
-9.5 10.3902 0
-9.4 10.8714 0
-9.3 10.3683 0
-9.2 10.7588 0
-9.1 10.8339 0
-9 11.0215 0
-8.9 10.8805 0
-8.8 10.937 0
-8.7 11.1725 0
-8.6 10.9701 0
-8.5 11.3264 0
-8.4 11.6952 0
-8.3 11.1964 0
-8.2 11.1191 0
-8.1 11.6255 0
-8 11.6847 0
-7.9 11.938 0
-7.8 12.0861 0
-7.7 11.5288 0
-7.6 11.5646 0
-7.5 12.1559 0
-7.4 12.2439 0
-7.3 11.7263 0
-7.2 11.7891 0
-7.1 12.4547 0
-7 12.5886 0
-6.9 12.5082 0
-6.8 12.5205 0
-6.7 12.8458 0
-6.6 12.8963 0
-6.5 11.9652 0
-6.4 13.3097 0
-6.3 13.781 0
-6.2 13.5945 0
-6.1 13.4547 0
-6 13.6348 0
-5.9 13.8363 0
-5.8 13.6157 0
-5.7 13.7005 0
-5.6 14.2737 0
-5.5 14.97 0
-5.4 15.216 0
-5.3 15.5417 0
-5.2 15.9983 0
-5.1 17.3518 0
-5 19.6892 0
-4.9 24.0327 0
-4.8 27.0621 0
-4.7 28.4232 0
-4.6 27.6013 0
-4.5 26.1287 0
-4.4 26.1885 0
-4.3 26.2434 0
-4.2 27.2455 0
-4.1 27.6813 0
-4 27.8683 0
-3.9 27.1895 0
-3.8 27.3806 0
-3.7 27.4451 0
-3.6 27.4164 0
-3.5 27.6164 0
-3.4 27.9585 0
-3.3 27.7676 0
-3.2 27.944 0
-3.1 28.6367 0
-3 29.527 0
-2.9 28.7723 0
-2.8 28.8253 0
-2.7 28.9976 0
-2.6 30.1812 0
-2.5 28.2448 0
-2.4 29.2533 0
-2.3 29.0459 0
-2.2 28.8311 0
-2.1 28.9461 0
-2 29.9454 0
-1.9 29.3987 0
-1.8 31.2638 0
-1.7 30.8914 0
-1.6 31.0307 0
-1.5 29.8824 0
-1.4 30.1468 0
-1.3 31.9409 0
-1.2 30.4578 0
-1.1 30.1832 0
-1 31.454 0
-0.9 32.3662 0
-0.8 32.3313 0
-0.7 30.592 0
-0.6 30.564 0
-0.5 31.9919 0
-0.4 32.8789 0
-0.3 33.8589 0
-0.2 32.4881 0
-0.1 32.2511 0
8.88178e-16 32.3179 0
0.1 34.0768 0
0.2 32.9303 0
0.3 32.1011 0
0.4 34.8896 0
0.5 34.9762 0
0.6 34.9062 0
0.7 35.2427 0
0.8 36.4735 0
0.9 35.7949 0
1 38.7024 0
1.1 38.7941 0
1.2 37.8223 0
1.3 35.1205 0
1.4 35.7051 0
1.5 38.7884 0
1.6 38.7412 0
1.7 38.7462 0
1.8 36.6155 0
1.9 39.0238 0
2 41.0117 0
2.1 43.2426 0
2.2 41.5137 0
2.3 40.0665 0
2.4 41.1802 0
2.5 43.4336 0
2.6 45.7361 0
2.7 44.4984 0
2.8 43.5769 0
2.9 43.3087 0
3 45.5119 0
3.1 46.1112 0
3.2 47.9985 0
3.3 51.4963 0
3.4 46.5318 0
3.5 47.885 0
3.6 46.8832 0
3.7 50.7086 0
3.8 55.6462 0
3.9 57.0106 0
4 55.39 0
4.1 49.9983 0
4.2 54.7264 0
4.3 59.2707 0
4.4 60.2684 0
4.5 63.0362 0
4.6 62.4025 0
4.7 64.3762 0
4.8 68.9124 0
4.9 79.4152 0
5 94.4133 0
5.1 103.124 0
5.2 115.719 0
5.3 123.579 0
5.4 147.467 0
5.5 151.985 0
5.6 142.372 0
5.7 129.295 0
5.8 401.776 0
5.9 559.779 0
6 198.472 0
6.1 209.379 0
6.2 121.424 0
6.3 218.893 0
6.4 697.248 0
6.5 734.996 0
6.6 168.559 0
6.7 549.742 0
6.8 223.361 0
6.9 166.884 0
7 135.769 0
7.1 166.48 0
7.2 119.028 0
7.3 135.139 0
7.4 68.1462 0
7.5 161.315 0
7.6 686.543 0
7.7 469.397 0
7.8 241.425 0
7.9 114.264 0
8 172.719 0
8.1 120.908 0
8.2 156.487 0
8.3 116.587 0
8.4 72.1807 0
8.5 133.28 0
8.6 93.3694 0
8.7 218.549 0
8.8 224.179 0
8.9 32.0381 0
9 171.307 0
9.1 120.427 0
9.2 18.5562 0
9.3 160.967 0
9.4 58.2283 0
9.5 31.1892 0
9.6 145.617 0
9.7 81.3006 0
9.8 132.595 0
9.9 84.8627 0
10 55.7416 0
10.1 61.5078 0
10.2 152.114 0
