-10.2 0.0508463 0
-10.1 0.0513674 0
-10 0.051799 0
-9.9 0.0522457 0
-9.8 0.0525898 0
-9.7 0.0528782 0
-9.6 0.0533211 0
-9.5 0.053543 0
-9.4 0.054253 0
-9.3 0.0541132 0
-9.2 0.054607 0
-9.1 0.0547911 0
-9 0.055167 0
-8.9 0.0552427 0
-8.8 0.0556851 0
-8.7 0.0560797 0
-8.6 0.0564063 0
-8.5 0.0568682 0
-8.4 0.0572079 0
-8.3 0.0571063 0
-8.2 0.0574055 0
-8.1 0.0580464 0
-8 0.0585843 0
-7.9 0.0589178 0
-7.8 0.0593507 0
-7.7 0.0593997 0
-7.6 0.059729 0
-7.5 0.0602484 0
-7.4 0.0608152 0
-7.3 0.0609586 0
-7.2 0.0615407 0
-7.1 0.0620544 0
-7 0.0625977 0
-6.9 0.0630079 0
-6.8 0.0636944 0
-6.7 0.0641688 0
-6.6 0.0645154 0
-6.5 0.0645424 0
-6.4 0.0660721 0
-6.3 0.0667189 0
-6.2 0.0670945 0
-6.1 0.0678535 0
-6 0.0684924 0
-5.9 0.0694395 0
-5.8 0.0701519 0
-5.7 0.0710985 0
-5.6 0.0725851 0
-5.5 0.0739781 0
-5.4 0.0753167 0
-5.3 0.0766267 0
-5.2 0.0785085 0
-5.1 0.0809308 0
-5 0.0836967 0
-4.9 0.0870548 0
-4.8 0.088107 0
-4.7 0.0874588 0
-4.6 0.0853604 0
-4.5 0.0837547 0
-4.4 0.0830581 0
-4.3 0.0824949 0
-4.2 0.0822958 0
-4.1 0.0815998 0
-4 0.0802373 0
-3.9 0.0787583 0
-3.8 0.0782943 0
-3.7 0.0775694 0
-3.6 0.0765693 0
-3.5 0.0758861 0
-3.4 0.0753602 0
-3.3 0.0742635 0
-3.2 0.0737392 0
-3.1 0.0735648 0
-3 0.0726015 0
-2.9 0.071079 0
-2.8 0.0704389 0
-2.7 0.0697018 0
-2.6 0.0689229 0
-2.5 0.0672986 0
-2.4 0.0668392 0
-2.3 0.0663299 0
-2.2 0.0652211 0
-2.1 0.0645274 0
-2 0.0638956 0
-1.9 0.0633605 0
-1.8 0.0631224 0
-1.7 0.0615421 0
-1.6 0.0606045 0
-1.5 0.0588958 0
-1.4 0.0586263 0
-1.3 0.0581912 0
-1.2 0.0567172 0
-1.1 0.0563963 0
-1 0.0558141 0
-0.9 0.0553363 0
-0.8 0.0538528 0
-0.7 0.0525242 0
-0.6 0.051691 0
-0.5 0.0517688 0
-0.4 0.0512342 0
-0.3 0.0506063 0
-0.2 0.0494934 0
-0.1 0.0484655 0
8.88178e-16 0.0475791 0
0.1 0.0469925 0
0.2 0.0455474 0
0.3 0.0449294 0
0.4 0.0452004 0
0.5 0.04424 0
0.6 0.0430972 0
0.7 0.0424223 0
0.8 0.0417966 0
0.9 0.0413084 0
1 0.0410847 0
1.1 0.039396 0
1.2 0.0380612 0
1.3 0.0366757 0
1.4 0.0366758 0
1.5 0.0365775 0
1.6 0.0353356 0
1.7 0.0342003 0
1.8 0.0332149 0
1.9 0.0331891 0
2 0.0327868 0
2.1 0.031881 0
2.2 0.0300535 0
2.3 0.0289968 0
2.4 0.0286972 0
2.5 0.0281955 0
2.6 0.0273892 0
2.7 0.0256766 0
2.8 0.0248146 0
2.9 0.0240993 0
3 0.0236878 0
3.1 0.0229632 0
3.2 0.0223073 0
3.3 0.0211281 0
3.4 0.0194059 0
3.5 0.0186075 0
3.6 0.0180215 0
3.7 0.0178878 0
3.8 0.0172116 0
3.9 0.0159998 0
4 0.0144074 0
4.1 0.0134108 0
4.2 0.0131987 0
4.3 0.0126898 0
4.4 0.0116697 0
4.5 0.0106732 0
4.6 0.00972514 0
4.7 0.00910088 0
4.8 0.00840617 0
4.9 0.00783612 0
5 0.0067272 0
5.1 0.00462226 0
5.2 0.00296724 0
5.3 0.00158245 0
5.4 0.000586579 0
5.5 0.000183301 0
5.6 5.17975e-05 0
5.7 3.8041e-05 0
5.8 6.81937e-06 0
5.9 1.3488e-06 0
6 1.64522e-08 0
6.1 2.23931e-05 0
6.2 1.96913e-05 0
6.3 2.43326e-05 0
6.4 7.35808e-07 0
6.5 4.65206e-07 0
6.6 1.37463e-05 0
6.7 1.40877e-06 0
6.8 1.2337e-05 0
6.9 2.84333e-05 0
7 2.60846e-05 0
7.1 2.28503e-05 0
7.2 2.33225e-05 0
7.3 2.60142e-05 0
7.4 3.67914e-06 0
7.5 3.32754e-05 0
7.6 7.39002e-07 0
7.7 4.41201e-06 0
7.8 2.22237e-05 0
7.9 2.49729e-05 0
8 1.22867e-05 0
8.1 2.2609e-05 0
8.2 1.64427e-05 0
8.3 2.49452e-05 0
8.4 2.42049e-05 0
8.5 5.37411e-05 0
8.6 4.04216e-05 0
8.7 9.37378e-06 0
8.8 2.93479e-05 0
8.9 3.83247e-06 0
9 1.01925e-05 0
9.1 5.05007e-06 0
9.2 3.89982e-06 0
9.3 5.39762e-06 0
9.4 4.51144e-06 0
9.5 5.4147e-06 0
9.6 8.45772e-06 0
9.7 1.53044e-05 0
9.8 7.13172e-05 0
9.9 4.2158e-05 0
10 7.82842e-06 0
10.1 9.08284e-06 0
10.2 1.01415e-05 0
