-10.2 5.33832e-08 0
-10.1 2.46368e-08 0
-10 4.05391e-07 0
-9.9 1.23136e-07 0
-9.8 1.44456e-07 0
-9.7 1.71164e-07 0
-9.6 1.2833e-07 0
-9.5 1.7414e-08 0
-9.4 1.54886e-07 0
-9.3 4.25918e-08 0
-9.2 9.4229e-08 0
-9.1 1.87147e-07 0
-9 9.72662e-08 0
-8.9 1.90549e-07 0
-8.8 1.7274e-07 0
-8.7 9.74879e-09 0
-8.6 7.76011e-08 0
-8.5 2.46585e-07 0
-8.4 9.51518e-08 0
-8.3 0 0
-8.2 1.817e-07 0
-8.1 1.1674e-07 0
-8 1.46344e-08 0
-7.9 1.61156e-07 0
-7.8 9.73138e-08 0
-7.7 2.05103e-07 0
-7.6 1.45542e-07 0
-7.5 2.35124e-07 0
-7.4 1.07268e-07 0
-7.3 3.11962e-08 0
-7.2 8.71127e-09 0
-7.1 4.44138e-08 0
-7 1.93508e-07 0
-6.9 2.98583e-07 0
-6.8 5.11547e-08 0
-6.7 1.13869e-07 0
-6.6 2.5633e-07 0
-6.5 1.8733e-07 0
-6.4 2.64223e-07 0
-6.3 2.00997e-07 0
-6.2 1.86253e-07 0
-6.1 0 0
-6 1.10543e-07 0
-5.9 3.60753e-08 0
-5.8 2.27063e-07 0
-5.7 2.84686e-08 0
-5.6 2.76092e-08 0
-5.5 4.87181e-08 0
-5.4 9.94207e-08 0
-5.3 3.06917e-09 0
-5.2 9.6122e-08 0
-5.1 8.57472e-08 0
-5 5.49828e-08 0
-4.9 1.35103e-07 0
-4.8 5.95923e-08 0
-4.7 8.0165e-08 0
-4.6 1.32705e-07 0
-4.5 3.03634e-07 0
-4.4 4.0954e-08 0
-4.3 6.99522e-08 0
-4.2 9.94575e-08 0
-4.1 6.97631e-08 0
-4 1.92721e-22 0
-3.9 4.33968e-08 0
-3.8 2.53702e-08 0
-3.7 8.55095e-09 0
-3.6 2.79509e-08 0
-3.5 4.26267e-08 0
-3.4 9.88185e-08 0
-3.3 1.54076e-07 0
-3.2 1.80748e-07 0
-3.1 0 0
-3 2.46478e-22 0
-2.9 5.5502e-08 0
-2.8 3.48556e-08 0
-2.7 1.29271e-07 0
-2.6 3.2868e-08 0
-2.5 4.86421e-08 0
-2.4 1.54027e-08 0
-2.3 1.11549e-07 0
-2.2 9.79382e-22 0
-2.1 1.3152e-07 0
-2 1.3994e-07 0
-1.9 1.39166e-07 0
-1.8 6.94787e-08 0
-1.7 9.36231e-08 0
-1.6 5.9812e-09 0
-1.5 4.19352e-08 0
-1.4 2.64625e-08 0
-1.3 2.34919e-22 0
-1.2 0 0
-1.1 4.93982e-09 0
-1 1.0299e-08 0
-0.9 3.86446e-09 0
-0.8 2.02448e-08 0
-0.7 5.32344e-08 0
-0.6 4.15529e-22 0
-0.5 4.67844e-08 0
-0.4 1.58611e-07 0
-0.3 1.4029e-21 0
-0.2 0 0
-0.1 1.28776e-23 0
8.88178e-16 1.44988e-09 0
0.1 1.28213e-23 0
0.2 5.28125e-08 0
0.3 0 0
0.4 2.42542e-08 0
0.5 1.33837e-08 0
0.6 8.55699e-08 0
0.7 7.67624e-22 0
0.8 0 0
0.9 2.93301e-09 0
1 0 0
1.1 0 0
1.2 3.60942e-09 0
1.3 2.80747e-08 0
1.4 1.65923e-08 0
1.5 0 0
1.6 0 0
1.7 2.70356e-09 0
1.8 0 0
1.9 2.81927e-22 0
2 3.17422e-08 0
2.1 2.28794e-08 0
2.2 2.05141e-22 0
2.3 0 0
2.4 3.06933e-08 0
2.5 9.76884e-23 0
2.6 1.09987e-08 0
2.7 9.76073e-23 0
2.8 3.05805e-09 0
2.9 0 0
3 5.88798e-23 0
3.1 6.62928e-09 0
3.2 5.87298e-23 0
3.3 0 0
3.4 0 0
3.5 0 0
3.6 0 0
3.7 0 0
3.8 7.66545e-09 0
3.9 0 0
4 0 0
4.1 0 0
4.2 0 0
4.3 0 0
4.4 0 0
4.5 0 0
4.6 0 0
4.7 0 0
4.8 0 0
4.9 0 0
5 0 0
5.1 0 0
5.2 0 0
5.3 0 0
5.4 0 0
5.5 0 0
5.6 0 0
5.7 0 0
5.8 0 0
5.9 0 0
6 0 0
6.1 0 0
6.2 0 0
6.3 0 0
6.4 0 0
6.5 0 0
6.6 0 0
6.7 0 0
6.8 0 0
6.9 0 0
7 0 0
7.1 0 0
7.2 0 0
7.3 0 0
7.4 0 0
7.5 0 0
7.6 0 0
7.7 0 0
7.8 0 0
7.9 0 0
8 0 0
8.1 0 0
8.2 0 0
8.3 0 0
8.4 0 0
8.5 0 0
8.6 0 0
8.7 0 0
8.8 0 0
8.9 0 0
9 0 0
9.1 0 0
9.2 0 0
9.3 0 0
9.4 0 0
9.5 0 0
9.6 0 0
9.7 0 0
9.8 0 0
9.9 0 0
10 0 0
10.1 0 0
10.2 0 0
