-10.2 7.41708 0
-10.1 8.29661 0
-10 8.29416 0
-9.9 8.25339 0
-9.8 8.48286 0
-9.7 8.39968 0
-9.6 8.54448 0
-9.5 8.5396 0
-9.4 8.58214 0
-9.3 8.46183 0
-9.2 8.51188 0
-9.1 8.55859 0
-9 8.70766 0
-8.9 8.68503 0
-8.8 8.74924 0
-8.7 8.7457 0
-8.6 8.75989 0
-8.5 8.80741 0
-8.4 8.93104 0
-8.3 9.02789 0
-8.2 9.04357 0
-8.1 9.04899 0
-8 9.02252 0
-7.9 9.14248 0
-7.8 9.26944 0
-7.7 9.43192 0
-7.6 9.41222 0
-7.5 9.49511 0
-7.4 9.30336 0
-7.3 9.46653 0
-7.2 9.62648 0
-7.1 9.66637 0
-7 9.88951 0
-6.9 9.91991 0
-6.8 10.1079 0
-6.7 10.1245 0
-6.6 10.2234 0
-6.5 10.2113 0
-6.4 10.4544 0
-6.3 10.5187 0
-6.2 10.7446 0
-6.1 10.8973 0
-6 11.1117 0
-5.9 11.1355 0
-5.8 11.467 0
-5.7 11.6501 0
-5.6 11.8697 0
-5.5 12.2387 0
-5.4 12.7619 0
-5.3 13.3094 0
-5.2 14.1196 0
-5.1 15.4893 0
-5 18.105 0
-4.9 22.4335 0
-4.8 25.6477 0
-4.7 27.0731 0
-4.6 26.1826 0
-4.5 24.5847 0
-4.4 24.8322 0
-4.3 24.7914 0
-4.2 25.7108 0
-4.1 26.2759 0
-4 26.7987 0
-3.9 25.896 0
-3.8 25.9767 0
-3.7 25.9768 0
-3.6 26.0349 0
-3.5 26.0684 0
-3.4 26.5536 0
-3.3 26.2923 0
-3.2 26.2393 0
-3.1 27.0759 0
-3 27.6799 0
-2.9 27.1928 0
-2.8 27.0328 0
-2.7 27.7569 0
-2.6 28.5117 0
-2.5 27.3034 0
-2.4 27.8076 0
-2.3 27.7051 0
-2.2 27.6747 0
-2.1 27.842 0
-2 28.677 0
-1.9 27.6123 0
-1.8 29.7652 0
-1.7 29.3963 0
-1.6 29.5001 0
-1.5 28.5187 0
-1.4 28.739 0
-1.3 30.3842 0
-1.2 29.3854 0
-1.1 28.6689 0
-1 29.8729 0
-0.9 31.0673 0
-0.8 31.0392 0
-0.7 29.3337 0
-0.6 29.1439 0
-0.5 30.5311 0
-0.4 31.8788 0
-0.3 32.546 0
-0.2 30.9075 0
-0.1 30.9533 0
8.88178e-16 30.9267 0
0.1 32.769 0
0.2 31.7841 0
0.3 30.4559 0
0.4 33.7803 0
0.5 33.9866 0
0.6 33.5287 0
0.7 33.8221 0
0.8 34.9258 0
0.9 34.3123 0
1 37.224 0
1.1 37.4084 0
1.2 36.5351 0
1.3 33.5218 0
1.4 34.6218 0
1.5 37.5817 0
1.6 36.9036 0
1.7 37.7819 0
1.8 35.6393 0
1.9 38.1905 0
2 39.8765 0
2.1 42.1271 0
2.2 40.1953 0
2.3 39.248 0
2.4 40.6623 0
2.5 42.008 0
2.6 44.4181 0
2.7 43.3958 0
2.8 42.7301 0
2.9 42.1484 0
3 44.3296 0
3.1 44.8712 0
3.2 47.5806 0
3.3 50.2897 0
3.4 45.6375 0
3.5 46.551 0
3.6 45.8466 0
3.7 49.2464 0
3.8 54.3955 0
3.9 54.9133 0
4 54.6714 0
4.1 48.98 0
4.2 52.788 0
4.3 57.8181 0
4.4 59.5251 0
4.5 62.1171 0
4.6 62.4525 0
4.7 63.5948 0
4.8 68.2325 0
4.9 79.0169 0
5 94.1417 0
5.1 102.038 0
5.2 115.22 0
5.3 124.259 0
5.4 145.709 0
5.5 144.941 0
5.6 133.74 0
5.7 87.9695 0
5.8 363.907 0
5.9 6.42331e-12 0
6 0 0
6.1 0 0
6.2 0 0
6.3 0 0
6.4 0 0
6.5 0 0
6.6 0 0
6.7 0 0
6.8 0 0
6.9 0 0
7 0 0
7.1 0 0
7.2 0 0
7.3 0 0
7.4 0 0
7.5 0 0
7.6 0 0
7.7 0 0
7.8 0 0
7.9 0 0
8 0 0
8.1 0 0
8.2 0 0
8.3 0 0
8.4 0 0
8.5 0 0
8.6 0 0
8.7 0 0
8.8 0 0
8.9 0 0
9 0 0
9.1 0 0
9.2 0 0
9.3 0 0
9.4 0 0
9.5 0 0
9.6 0 0
9.7 0 0
9.8 0 0
9.9 0 0
10 0 0
10.1 0 0
10.2 0 0
