-10.2 0.00837034 0
-10.1 0.00836881 0
-10 0.00836755 0
-9.9 0.00836239 0
-9.8 0.00835504 0
-9.7 0.00834619 0
-9.6 0.00834085 0
-9.5 0.00833636 0
-9.4 0.00833295 0
-9.3 0.00831763 0
-9.2 0.00831542 0
-9.1 0.00829723 0
-9 0.00828253 0
-8.9 0.00826703 0
-8.8 0.00825917 0
-8.7 0.00824948 0
-8.6 0.00823819 0
-8.5 0.00823005 0
-8.4 0.00820916 0
-8.3 0.0081928 0
-8.2 0.00818053 0
-8.1 0.00816945 0
-8 0.00816016 0
-7.9 0.00814259 0
-7.8 0.00813442 0
-7.7 0.00811694 0
-7.6 0.00810572 0
-7.5 0.00808893 0
-7.4 0.00808368 0
-7.3 0.00806219 0
-7.2 0.00805301 0
-7.1 0.00803324 0
-7 0.00801991 0
-6.9 0.00800297 0
-6.8 0.00799212 0
-6.7 0.00796458 0
-6.6 0.00793912 0
-6.5 0.00791347 0
-6.4 0.00791306 0
-6.3 0.00789336 0
-6.2 0.00787287 0
-6.1 0.00786225 0
-6 0.00784272 0
-5.9 0.00782553 0
-5.8 0.00780734 0
-5.7 0.00779664 0
-5.6 0.00778415 0
-5.5 0.00777246 0
-5.4 0.00775224 0
-5.3 0.00772922 0
-5.2 0.0077055 0
-5.1 0.0076779 0
-5 0.00763817 0
-4.9 0.00758473 0
-4.8 0.00749133 0
-4.7 0.0073754 0
-4.6 0.00725449 0
-4.5 0.00714711 0
-4.4 0.00704885 0
-4.3 0.00694588 0
-4.2 0.00684763 0
-4.1 0.00674564 0
-4 0.00662858 0
-3.9 0.00652553 0
-3.8 0.00643728 0
-3.7 0.00634149 0
-3.6 0.00624589 0
-3.5 0.00614194 0
-3.4 0.00605469 0
-3.3 0.00594772 0
-3.2 0.00586161 0
-3.1 0.00577732 0
-3 0.0056694 0
-2.9 0.00556832 0
-2.8 0.00547473 0
-2.7 0.00538041 0
-2.6 0.00528368 0
-2.5 0.00519198 0
-2.4 0.00511168 0
-2.3 0.00503045 0
-2.2 0.00493861 0
-2.1 0.00485185 0
-2 0.00476201 0
-1.9 0.00468091 0
-1.8 0.00459225 0
-1.7 0.00449026 0
-1.6 0.00440063 0
-1.5 0.00430279 0
-1.4 0.0042235 0
-1.3 0.00413892 0
-1.2 0.00404895 0
-1.1 0.00398018 0
-1 0.0038937 0
-0.9 0.00381519 0
-0.8 0.00372771 0
-0.7 0.00364397 0
-0.6 0.00356849 0
-0.5 0.00350026 0
-0.4 0.00342236 0
-0.3 0.00334443 0
-0.2 0.00326342 0
-0.1 0.00317199 0
8.88178e-16 0.0030832 0
0.1 0.00299648 0
0.2 0.00291115 0
0.3 0.00284211 0
0.4 0.00277619 0
0.5 0.00269559 0
0.6 0.00261585 0
0.7 0.00254836 0
0.8 0.00247722 0
0.9 0.00241126 0
1 0.00233967 0
1.1 0.00225767 0
1.2 0.00217961 0
1.3 0.00211883 0
1.4 0.0020595 0
1.5 0.0019951 0
1.6 0.00192089 0
1.7 0.00184982 0
1.8 0.00178712 0
1.9 0.00172909 0
2 0.00166245 0
2.1 0.00158988 0
2.2 0.00151676 0
2.3 0.00145405 0
2.4 0.00139972 0
2.5 0.00134149 0
2.6 0.00127366 0
2.7 0.00120589 0
2.8 0.00114886 0
2.9 0.00109338 0
3 0.00104255 0
3.1 0.000986964 0
3.2 0.000930381 0
3.3 0.000865844 0
3.4 0.000810271 0
3.5 0.000761162 0
3.6 0.000720052 0
3.7 0.000676161 0
3.8 0.000623277 0
3.9 0.000570239 0
4 0.000517317 0
4.1 0.000477297 0
4.2 0.000441775 0
4.3 0.00040066 0
4.4 0.000356229 0
4.5 0.000313135 0
4.6 0.000274369 0
4.7 0.000240142 0
4.8 0.00020372 0
4.9 0.000165708 0
5 0.000122058 0
5.1 7.68519e-05 0
5.2 4.43496e-05 0
5.3 2.10915e-05 0
5.4 6.92203e-06 0
5.5 2.13105e-06 0
5.6 6.42533e-07 0
5.7 4.28275e-07 0
5.8 1.78345e-08 0
5.9 2.44423e-09 0
6 8.28942e-11 0
6.1 1.47319e-07 0
6.2 2.69494e-07 0
6.3 1.62817e-07 0
6.4 1.0553e-09 0
6.5 6.32938e-10 0
6.6 1.07291e-07 0
6.7 2.5626e-09 0
6.8 1.05884e-07 0
6.9 4.1507e-07 0
7 4.8268e-07 0
7.1 4.2463e-07 0
7.2 4.05918e-07 0
7.3 3.17491e-07 0
7.4 6.67752e-08 0
7.5 3.0793e-07 0
7.6 1.15971e-09 0
7.7 1.01762e-08 0
7.8 2.29538e-07 0
7.9 4.24717e-07 0
8 2.76459e-07 0
8.1 3.20531e-07 0
8.2 1.75112e-07 0
8.3 4.00252e-07 0
8.4 7.71653e-07 0
8.5 1.16721e-06 0
8.6 9.08796e-07 0
8.7 3.021e-07 0
8.8 4.06941e-07 0
8.9 2.82024e-07 0
9 3.08897e-07 0
9.1 2.83157e-07 0
9.2 2.82147e-07 0
9.3 2.84584e-07 0
9.4 2.81342e-07 0
9.5 2.80392e-07 0
9.6 2.88305e-07 0
9.7 4.39563e-07 0
9.8 1.26864e-06 0
9.9 8.7131e-07 0
10 2.80098e-07 0
10.1 2.80124e-07 0
10.2 2.22317e-07 0
