-10.2 6.51123e-08 0
-10.1 3.0413e-08 0
-10 8.78496e-08 0
-9.9 1.13393e-07 0
-9.8 2.55303e-07 0
-9.7 2.88135e-07 0
-9.6 1.22636e-07 0
-9.5 1.99888e-07 0
-9.4 1.42007e-08 0
-9.3 3.28491e-08 0
-9.2 1.86133e-07 0
-9.1 3.99839e-07 0
-9 3.4703e-07 0
-8.9 2.23687e-07 0
-8.8 1.86212e-07 0
-8.7 0 0
-8.6 3.84208e-08 0
-8.5 1.03198e-07 0
-8.4 0 0
-8.3 0 0
-8.2 1.83127e-07 0
-8.1 7.78792e-08 0
-8 0 0
-7.9 4.63094e-07 0
-7.8 1.45527e-07 0
-7.7 1.29702e-21 0
-7.6 5.62683e-08 0
-7.5 2.43198e-07 0
-7.4 6.59776e-08 0
-7.3 0 0
-7.2 1.07978e-07 0
-7.1 6.11984e-08 0
-7 3.18261e-08 0
-6.9 2.08317e-23 0
-6.8 2.34545e-09 0
-6.7 4.02982e-08 0
-6.6 1.40011e-07 0
-6.5 2.97796e-08 0
-6.4 7.88812e-09 0
-6.3 7.12254e-10 0
-6.2 9.45137e-08 0
-6.1 2.72413e-08 0
-6 9.17761e-10 0
-5.9 2.81395e-09 0
-5.8 7.46194e-09 0
-5.7 1.92411e-21 0
-5.6 2.16635e-07 0
-5.5 0 0
-5.4 1.5004e-08 0
-5.3 0 0
-5.2 3.15752e-08 0
-5.1 1.02224e-07 0
-5 3.88116e-08 0
-4.9 5.30286e-09 0
-4.8 1.22033e-07 0
-4.7 0 0
-4.6 1.81996e-07 0
-4.5 0 0
-4.4 0 0
-4.3 1.20893e-07 0
-4.2 4.53712e-08 0
-4.1 0 0
-4 4.34666e-23 0
-3.9 9.78781e-09 0
-3.8 0 0
-3.7 0 0
-3.6 2.6866e-07 0
-3.5 4.53794e-08 0
-3.4 2.56094e-08 0
-3.3 0 0
-3.2 8.87267e-08 0
-3.1 1.04319e-07 0
-3 0 0
-2.9 0 0
-2.8 7.47942e-09 0
-2.7 3.30872e-23 0
-2.6 6.58979e-08 0
-2.5 2.93491e-07 0
-2.4 2.5399e-07 0
-2.3 1.67663e-07 0
-2.2 1.48231e-21 0
-2.1 0 0
-2 0 0
-1.9 0 0
-1.8 0 0
-1.7 0 0
-1.6 4.06122e-08 0
-1.5 3.78647e-08 0
-1.4 5.30797e-08 0
-1.3 4.76456e-22 0
-1.2 0 0
-1.1 0 0
-1 0 0
-0.9 0 0
-0.8 0 0
-0.7 1.18863e-07 0
-0.6 0 0
-0.5 0 0
-0.4 0 0
-0.3 0 0
-0.2 0 0
-0.1 0 0
8.88178e-16 0 0
0.1 0 0
0.2 0 0
0.3 9.29369e-08 0
0.4 1.59814e-21 0
0.5 1.79934e-07 0
0.6 1.58819e-21 0
0.7 0 0
0.8 1.59161e-07 0
0.9 3.50812e-22 0
1 3.94979e-08 0
1.1 3.50725e-22 0
1.2 0 0
1.3 0 0
1.4 0 0
1.5 0 0
1.6 0 0
1.7 0 0
1.8 0 0
1.9 0 0
2 3.3475e-22 0
2.1 3.76895e-08 0
2.2 3.30872e-22 0
2.3 0 0
2.4 0 0
2.5 0 0
2.6 0 0
2.7 0 0
2.8 0 0
2.9 0 0
3 0 0
3.1 0 0
3.2 0 0
3.3 0 0
3.4 0 0
3.5 0 0
3.6 0 0
3.7 4.46042e-08 0
3.8 0 0
3.9 0 0
4 0 0
4.1 0 0
4.2 0 0
4.3 0 0
4.4 0 0
4.5 5.04898e-22 0
4.6 5.68465e-08 0
4.7 5.02926e-22 0
4.8 0 0
4.9 0 0
5 0 0
5.1 0 0
5.2 0 0
5.3 0 0
5.4 0 0
5.5 4.44819e-23 0
5.6 5.00822e-09 0
5.7 4.46678e-23 0
5.8 0 0
5.9 0 0
6 0 0
6.1 0 0
6.2 0 0
6.3 0 0
6.4 0 0
6.5 0 0
6.6 0 0
6.7 0 0
6.8 0 0
6.9 0 0
7 0 0
7.1 0 0
7.2 0 0
7.3 0 0
7.4 0 0
7.5 0 0
7.6 0 0
7.7 0 0
7.8 0 0
7.9 0 0
8 0 0
8.1 0 0
8.2 0 0
8.3 0 0
8.4 0 0
8.5 0 0
8.6 0 0
8.7 0 0
8.8 0 0
8.9 0 0
9 0 0
9.1 0 0
9.2 0 0
9.3 0 0
9.4 0 0
9.5 0 0
9.6 0 0
9.7 0 0
9.8 0 0
9.9 0 0
10 0 0
10.1 0 0
10.2 0 0
