-10.2 0.0508578 0
-10.1 0.0509932 0
-10 0.0511392 0
-9.9 0.0513699 0
-9.8 0.0515306 0
-9.7 0.0516844 0
-9.6 0.0519417 0
-9.5 0.0521376 0
-9.4 0.0523849 0
-9.3 0.0525518 0
-9.2 0.0527329 0
-9.1 0.0529116 0
-9 0.0532538 0
-8.9 0.053443 0
-8.8 0.0536713 0
-8.7 0.0538738 0
-8.6 0.0541545 0
-8.5 0.0543953 0
-8.4 0.0546701 0
-8.3 0.054933 0
-8.2 0.0551709 0
-8.1 0.0554959 0
-8 0.0557937 0
-7.9 0.0561015 0
-7.8 0.0564913 0
-7.7 0.0568251 0
-7.6 0.0570719 0
-7.5 0.0574419 0
-7.4 0.0577566 0
-7.3 0.0581556 0
-7.2 0.0586535 0
-7.1 0.0590015 0
-7 0.0595267 0
-6.9 0.0600087 0
-6.8 0.0605138 0
-6.7 0.0608921 0
-6.6 0.0613995 0
-6.5 0.0619832 0
-6.4 0.0626857 0
-6.3 0.0632317 0
-6.2 0.063974 0
-6.1 0.0647631 0
-6 0.0655117 0
-5.9 0.0662928 0
-5.8 0.0672699 0
-5.7 0.0682212 0
-5.6 0.0694596 0
-5.5 0.0707087 0
-5.4 0.0721622 0
-5.3 0.0737191 0
-5.2 0.0757466 0
-5.1 0.0781786 0
-5 0.0811693 0
-4.9 0.0843442 0
-4.8 0.0852948 0
-4.7 0.0846149 0
-4.6 0.08246 0
-4.5 0.0809166 0
-4.4 0.0803996 0
-4.3 0.079673 0
-4.2 0.0793594 0
-4.1 0.078845 0
-4 0.0778983 0
-3.9 0.0762957 0
-3.8 0.0755466 0
-3.7 0.0748877 0
-3.6 0.0740566 0
-3.5 0.0733359 0
-3.4 0.0727163 0
-3.3 0.0718104 0
-3.2 0.0711648 0
-3.1 0.070701 0
-3 0.0698074 0
-2.9 0.068725 0
-2.8 0.0681214 0
-2.7 0.0675819 0
-2.6 0.0668152 0
-2.5 0.0654862 0
-2.4 0.0647066 0
-2.3 0.0642684 0
-2.2 0.0634269 0
-2.1 0.0627001 0
-2 0.0620849 0
-1.9 0.0612456 0
-1.8 0.0609361 0
-1.7 0.0596088 0
-1.6 0.0588046 0
-1.5 0.0572958 0
-1.4 0.0569851 0
-1.3 0.0564981 0
-1.2 0.0550863 0
-1.1 0.0546214 0
-1 0.0541155 0
-0.9 0.0538136 0
-0.8 0.052302 0
-0.7 0.0509972 0
-0.6 0.0503734 0
-0.5 0.050404 0
-0.4 0.0499677 0
-0.3 0.0492578 0
-0.2 0.0482365 0
-0.1 0.0473237 0
8.88178e-16 0.046539 0
0.1 0.0459273 0
0.2 0.0445525 0
0.3 0.0438077 0
0.4 0.0441298 0
0.5 0.0432119 0
0.6 0.0420958 0
0.7 0.0414437 0
0.8 0.040795 0
0.9 0.0403339 0
1 0.0400905 0
1.1 0.0385622 0
1.2 0.0372968 0
1.3 0.0356946 0
1.4 0.0359115 0
1.5 0.0357698 0
1.6 0.0347007 0
1.7 0.0335871 0
1.8 0.0326864 0
1.9 0.0326675 0
2 0.0321663 0
2.1 0.0313016 0
2.2 0.0295467 0
2.3 0.0285691 0
2.4 0.0282691 0
2.5 0.0276686 0
2.6 0.0268832 0
2.7 0.0252262 0
2.8 0.0243876 0
2.9 0.0236414 0
3 0.0231897 0
3.1 0.0225698 0
3.2 0.0219696 0
3.3 0.020757 0
3.4 0.0191573 0
3.5 0.0183027 0
3.6 0.0177789 0
3.7 0.0175807 0
3.8 0.0169857 0
3.9 0.0157734 0
4 0.014233 0
4.1 0.0132441 0
4.2 0.013039 0
4.3 0.0125574 0
4.4 0.0115685 0
4.5 0.0105416 0
4.6 0.00963832 0
4.7 0.00897933 0
4.8 0.0082917 0
4.9 0.00771509 0
5 0.00659568 0
5.1 0.00450835 0
5.2 0.00290159 0
5.3 0.00154326 0
5.4 0.000558126 0
5.5 0.000151606 0
5.6 2.98748e-05 0
5.7 1.89118e-05 0
5.8 5.79214e-06 0
5.9 1.02491e-19 0
6 0 0
6.1 0 0
6.2 0 0
6.3 0 0
6.4 0 0
6.5 0 0
6.6 0 0
6.7 0 0
6.8 0 0
6.9 0 0
7 0 0
7.1 0 0
7.2 0 0
7.3 0 0
7.4 0 0
7.5 0 0
7.6 0 0
7.7 0 0
7.8 0 0
7.9 0 0
8 0 0
8.1 0 0
8.2 0 0
8.3 0 0
8.4 0 0
8.5 0 0
8.6 0 0
8.7 0 0
8.8 0 0
8.9 0 0
9 0 0
9.1 0 0
9.2 0 0
9.3 0 0
9.4 0 0
9.5 0 0
9.6 0 0
9.7 0 0
9.8 0 0
9.9 0 0
10 0 0
10.1 0 0
10.2 0 0
