-10.2 0.00835711 0
-10.1 0.00833897 0
-10 0.00832359 0
-9.9 0.00830747 0
-9.8 0.00828911 0
-9.7 0.00827415 0
-9.6 0.00826126 0
-9.5 0.00824688 0
-9.4 0.00823222 0
-9.3 0.00821992 0
-9.2 0.00820739 0
-9.1 0.00818837 0
-9 0.00817424 0
-8.9 0.00815832 0
-8.8 0.00813858 0
-8.7 0.00812229 0
-8.6 0.00810559 0
-8.5 0.00808835 0
-8.4 0.00806874 0
-8.3 0.00805353 0
-8.2 0.00803703 0
-8.1 0.0080187 0
-8 0.00800389 0
-7.9 0.00798738 0
-7.8 0.00797136 0
-7.7 0.00795676 0
-7.6 0.00794129 0
-7.5 0.007924 0
-7.4 0.00790985 0
-7.3 0.00789053 0
-7.2 0.00787641 0
-7.1 0.00785926 0
-7 0.0078442 0
-6.9 0.00782917 0
-6.8 0.00780989 0
-6.7 0.00778691 0
-6.6 0.00776769 0
-6.5 0.00775292 0
-6.4 0.0077405 0
-6.3 0.00772236 0
-6.2 0.00770846 0
-6.1 0.0076966 0
-6 0.00767974 0
-5.9 0.00766277 0
-5.8 0.00764791 0
-5.7 0.00763411 0
-5.6 0.00762121 0
-5.5 0.00760797 0
-5.4 0.00758979 0
-5.3 0.00757218 0
-5.2 0.00755031 0
-5.1 0.00752782 0
-5 0.00749576 0
-4.9 0.00744345 0
-4.8 0.007349 0
-4.7 0.0072337 0
-4.6 0.0071117 0
-4.5 0.00700727 0
-4.4 0.00691411 0
-4.3 0.00680836 0
-4.2 0.00671018 0
-4.1 0.00661004 0
-4 0.00650512 0
-3.9 0.00640119 0
-3.8 0.00630409 0
-3.7 0.00621151 0
-3.6 0.00611616 0
-3.5 0.00601986 0
-3.4 0.00592611 0
-3.3 0.00583069 0
-3.2 0.0057441 0
-3.1 0.00565235 0
-3 0.0055541 0
-2.9 0.00546431 0
-2.8 0.00537626 0
-2.7 0.00528314 0
-2.6 0.00519007 0
-2.5 0.005101 0
-2.4 0.00501503 0
-2.3 0.00493544 0
-2.2 0.00484978 0
-2.1 0.004766 0
-2 0.00467775 0
-1.9 0.00459169 0
-1.8 0.0045013 0
-1.7 0.00440833 0
-1.6 0.00432263 0
-1.5 0.00423028 0
-1.4 0.00415067 0
-1.3 0.0040671 0
-1.2 0.00397856 0
-1.1 0.00390871 0
-1 0.00382489 0
-0.9 0.00375054 0
-0.8 0.0036625 0
-0.7 0.00358047 0
-0.6 0.00351176 0
-0.5 0.00344404 0
-0.4 0.00336892 0
-0.3 0.00329224 0
-0.2 0.00321208 0
-0.1 0.00312374 0
8.88178e-16 0.00303878 0
0.1 0.00295351 0
0.2 0.00287089 0
0.3 0.00280038 0
0.4 0.00273576 0
0.5 0.00265877 0
0.6 0.0025817 0
0.7 0.00251443 0
0.8 0.00244404 0
0.9 0.00238062 0
1 0.00231152 0
1.1 0.00223148 0
1.2 0.00215459 0
1.3 0.00208825 0
1.4 0.00203469 0
1.5 0.00197199 0
1.6 0.00190254 0
1.7 0.00183065 0
1.8 0.00176979 0
1.9 0.00171272 0
2 0.00164616 0
2.1 0.00157364 0
2.2 0.00150276 0
2.3 0.00144093 0
2.4 0.00138667 0
2.5 0.00132771 0
2.6 0.00126141 0
2.7 0.00119526 0
2.8 0.00113752 0
2.9 0.00108249 0
3 0.0010315 0
3.1 0.000978097 0
3.2 0.000922768 0
3.3 0.000859046 0
3.4 0.000805066 0
3.5 0.00075542 0
3.6 0.000714985 0
3.7 0.000671557 0
3.8 0.000619825 0
3.9 0.000566671 0
4 0.00051456 0
4.1 0.000475032 0
4.2 0.000440054 0
4.3 0.000399333 0
4.4 0.000355166 0
4.5 0.000311899 0
4.6 0.000273693 0
4.7 0.000238863 0
4.8 0.000202711 0
4.9 0.000164657 0
5 0.000120956 0
5.1 7.62551e-05 0
5.2 4.37555e-05 0
5.3 2.04115e-05 0
5.4 6.55233e-06 0
5.5 1.74902e-06 0
5.6 4.17789e-07 0
5.7 2.50977e-07 0
5.8 1.64696e-08 0
5.9 2.91168e-22 0
6 0 0
6.1 0 0
6.2 0 0
6.3 0 0
6.4 0 0
6.5 0 0
6.6 0 0
6.7 0 0
6.8 0 0
6.9 0 0
7 0 0
7.1 0 0
7.2 0 0
7.3 0 0
7.4 0 0
7.5 0 0
7.6 0 0
7.7 0 0
7.8 0 0
7.9 0 0
8 0 0
8.1 0 0
8.2 0 0
8.3 0 0
8.4 0 0
8.5 0 0
8.6 0 0
8.7 0 0
8.8 0 0
8.9 0 0
9 0 0
9.1 0 0
9.2 0 0
9.3 0 0
9.4 0 0
9.5 0 0
9.6 0 0
9.7 0 0
9.8 0 0
9.9 0 0
10 0 0
10.1 0 0
10.2 0 0
