-10.2 6.33916 0
-10.1 6.59868 0
-10 6.63534 0
-9.9 6.67525 0
-9.8 6.70053 0
-9.7 6.73456 0
-9.6 6.77754 0
-9.5 6.80576 0
-9.4 6.85802 0
-9.3 6.8745 0
-9.2 6.90653 0
-9.1 6.95627 0
-9 7.00895 0
-8.9 7.0437 0
-8.8 7.08193 0
-8.7 7.12342 0
-8.6 7.16798 0
-8.5 7.2139 0
-8.4 7.2667 0
-8.3 7.31215 0
-8.2 7.35561 0
-8.1 7.41058 0
-8 7.46229 0
-7.9 7.51468 0
-7.8 7.5728 0
-7.7 7.63409 0
-7.6 7.68117 0
-7.5 7.73298 0
-7.4 7.79204 0
-7.3 7.85579 0
-7.2 7.93314 0
-7.1 8.00183 0
-7 8.0818 0
-6.9 8.15892 0
-6.8 8.22686 0
-6.7 8.30796 0
-6.6 8.38635 0
-6.5 8.47398 0
-6.4 8.57963 0
-6.3 8.65619 0
-6.2 8.77146 0
-6.1 8.88613 0
-6 9.00464 0
-5.9 9.11331 0
-5.8 9.25538 0
-5.7 9.38583 0
-5.6 9.56256 0
-5.5 9.73834 0
-5.4 9.94596 0
-5.3 10.1727 0
-5.2 10.4598 0
-5.1 10.8028 0
-5 11.2505 0
-4.9 11.7572 0
-4.8 12.0428 0
-4.7 12.131 0
-4.6 12.0221 0
-4.5 11.9785 0
-4.4 12.0558 0
-4.3 12.1281 0
-4.2 12.2624 0
-4.1 12.3492 0
-4 12.3975 0
-3.9 12.3526 0
-3.8 12.4092 0
-3.7 12.481 0
-3.6 12.5276 0
-3.5 12.6027 0
-3.4 12.7011 0
-3.3 12.7302 0
-3.2 12.8145 0
-3.1 12.9305 0
-3 12.9943 0
-2.9 13.0191 0
-2.8 13.0898 0
-2.7 13.2218 0
-2.6 13.2889 0
-2.5 13.2669 0
-2.4 13.3325 0
-2.3 13.4507 0
-2.2 13.5061 0
-2.1 13.5742 0
-2 13.7016 0
-1.9 13.7491 0
-1.8 13.9496 0
-1.7 13.946 0
-1.6 14.0307 0
-1.5 13.9686 0
-1.4 14.1404 0
-1.3 14.3137 0
-1.2 14.2584 0
-1.1 14.3945 0
-1 14.5598 0
-0.9 14.7745 0
-0.8 14.693 0
-0.7 14.6554 0
-0.6 14.7659 0
-0.5 15.0456 0
-0.4 15.2585 0
-0.3 15.3811 0
-0.2 15.3778 0
-0.1 15.4841 0
8.88178e-16 15.6561 0
0.1 15.8914 0
0.2 15.8488 0
0.3 16.0277 0
0.4 16.5349 0
0.5 16.6263 0
0.6 16.689 0
0.7 16.8519 0
0.8 17.1163 0
0.9 17.3042 0
1 17.7344 0
1.1 17.6782 0
1.2 17.6695 0
1.3 17.4981 0
1.4 18.0259 0
1.5 18.5029 0
1.6 18.6022 0
1.7 18.6786 0
1.8 18.8241 0
1.9 19.4308 0
2 19.8658 0
2.1 20.2676 0
2.2 20.0088 0
2.3 20.194 0
2.4 20.7023 0
2.5 21.2152 0
2.6 21.6602 0
2.7 21.5013 0
2.8 21.7828 0
2.9 22.1633 0
3 22.8083 0
3.1 23.3498 0
3.2 24.1796 0
3.3 24.4862 0
3.4 24.0726 0
3.5 24.4954 0
3.6 25.2109 0
3.7 26.4398 0
3.8 27.6965 0
3.9 28.1561 0
4 27.9119 0
4.1 28.0752 0
4.2 29.82 0
4.3 31.6781 0
4.4 32.7148 0
4.5 34.0548 0
4.6 35.4381 0
4.7 37.7981 0
4.8 41.1678 0
4.9 47.2221 0
5 55.0997 0
5.1 59.7757 0
5.2 67.6821 0
5.3 76.7302 0
5.4 86.6442 0
5.5 88.1728 0
5.6 72.5833 0
5.7 76.3261 0
5.8 361.037 0
5.9 6.42331e-12 0
6 0 0
6.1 0 0
6.2 0 0
6.3 0 0
6.4 0 0
6.5 0 0
6.6 0 0
6.7 0 0
6.8 0 0
6.9 0 0
7 0 0
7.1 0 0
7.2 0 0
7.3 0 0
7.4 0 0
7.5 0 0
7.6 0 0
7.7 0 0
7.8 0 0
7.9 0 0
8 0 0
8.1 0 0
8.2 0 0
8.3 0 0
8.4 0 0
8.5 0 0
8.6 0 0
8.7 0 0
8.8 0 0
8.9 0 0
9 0 0
9.1 0 0
9.2 0 0
9.3 0 0
9.4 0 0
9.5 0 0
9.6 0 0
9.7 0 0
9.8 0 0
9.9 0 0
10 0 0
10.1 0 0
10.2 0 0
