-10.2 4.80937e-07 0
-10.1 9.28493e-07 0
-10 1.00485e-06 0
-9.9 1.58936e-06 0
-9.8 1.10806e-06 0
-9.7 6.28041e-07 0
-9.6 3.6266e-07 0
-9.5 3.41039e-07 0
-9.4 1.68514e-06 0
-9.3 4.66924e-07 0
-9.2 4.12202e-07 0
-9.1 5.83827e-07 0
-9 2.06754e-07 0
-8.9 5.68585e-07 0
-8.8 1.2466e-06 0
-8.7 9.5759e-07 0
-8.6 1.39064e-06 0
-8.5 1.36611e-06 0
-8.4 7.22137e-07 0
-8.3 3.32765e-07 0
-8.2 4.1988e-07 0
-8.1 1.10576e-06 0
-8 9.97463e-07 0
-7.9 1.37147e-06 0
-7.8 1.20139e-06 0
-7.7 5.1672e-07 0
-7.6 1.26448e-06 0
-7.5 1.08156e-06 0
-7.4 7.72656e-07 0
-7.3 2.56903e-07 0
-7.2 8.9286e-07 0
-7.1 3.7844e-07 0
-7 1.2484e-07 0
-6.9 5.92147e-07 0
-6.8 8.51229e-07 0
-6.7 9.98211e-07 0
-6.6 1.53781e-06 0
-6.5 1.6655e-06 0
-6.4 2.2242e-06 0
-6.3 2.84161e-06 0
-6.2 1.99552e-06 0
-6.1 1.63596e-06 0
-6 1.31807e-06 0
-5.9 2.00883e-06 0
-5.8 9.31459e-07 0
-5.7 1.07328e-06 0
-5.6 5.5874e-07 0
-5.5 1.6336e-06 0
-5.4 9.22037e-07 0
-5.3 9.25468e-07 0
-5.2 1.12016e-06 0
-5.1 7.04763e-07 0
-5 7.52588e-07 0
-4.9 7.16255e-07 0
-4.8 5.78539e-07 0
-4.7 7.66337e-07 0
-4.6 8.07253e-07 0
-4.5 1.65055e-06 0
-4.4 1.05499e-06 0
-4.3 1.13582e-06 0
-4.2 8.1526e-07 0
-4.1 1.06989e-06 0
-4 8.66598e-07 0
-3.9 7.1328e-07 0
-3.8 6.82618e-07 0
-3.7 1.09028e-06 0
-3.6 1.61882e-06 0
-3.5 4.3765e-07 0
-3.4 8.19396e-07 0
-3.3 1.02671e-06 0
-3.2 2.17365e-07 0
-3.1 4.8327e-08 0
-3 1.01928e-06 0
-2.9 6.61839e-07 0
-2.8 1.15134e-06 0
-2.7 9.03067e-07 0
-2.6 6.36787e-07 0
-2.5 2.08256e-07 0
-2.4 6.17171e-08 0
-2.3 2.22442e-07 0
-2.2 7.20603e-07 0
-2.1 9.97332e-07 0
-2 2.80168e-07 0
-1.9 1.76515e-07 0
-1.8 2.32395e-07 0
-1.7 7.17862e-07 0
-1.6 9.26466e-07 0
-1.5 4.63383e-07 0
-1.4 7.08395e-07 0
-1.3 8.42861e-07 0
-1.2 5.52482e-07 0
-1.1 4.87921e-07 0
-1 8.5844e-07 0
-0.9 1.27777e-07 0
-0.8 5.95627e-07 0
-0.7 1.2913e-06 0
-0.6 6.39497e-07 0
-0.5 9.00414e-07 0
-0.4 5.32545e-07 0
-0.3 5.94629e-07 0
-0.2 2.29057e-07 0
-0.1 4.8278e-07 0
8.88178e-16 8.72167e-07 0
0.1 1.29075e-06 0
0.2 1.6979e-06 0
0.3 3.02611e-07 0
0.4 7.26478e-07 0
0.5 7.05929e-07 0
0.6 1.07999e-06 0
0.7 5.75342e-07 0
0.8 8.27412e-07 0
0.9 1.21513e-06 0
1 5.2484e-07 0
1.1 3.57995e-07 0
1.2 3.94741e-07 0
1.3 5.74406e-07 0
1.4 1.04319e-06 0
1.5 2.16738e-07 0
1.6 3.89466e-07 0
1.7 4.05845e-07 0
1.8 3.66692e-07 0
1.9 5.68179e-07 0
2 7.23502e-07 0
2.1 5.14933e-07 0
2.2 7.12579e-07 0
2.3 3.42957e-07 0
2.4 3.79744e-07 0
2.5 4.51622e-11 0
2.6 1.36885e-07 0
2.7 3.98401e-08 0
2.8 3.81721e-11 0
2.9 0 0
3 4.33048e-25 0
3.1 4.87569e-11 0
3.2 8.88155e-08 0
3.3 4.26548e-11 0
3.4 1.29232e-08 0
3.5 2.38928e-07 0
3.6 2.11758e-21 0
3.7 7.6985e-08 0
3.8 1.45273e-07 0
3.9 2.80752e-07 0
4 6.37059e-11 0
4.1 9.18703e-11 0
4.2 8.14256e-25 0
4.3 3.55041e-11 0
4.4 8.94245e-25 0
4.5 1.00683e-10 0
4.6 8.91804e-25 0
4.7 4.83656e-11 0
4.8 0 0
4.9 0 0
5 0 0
5.1 0 0
5.2 0 0
5.3 8.13786e-11 0
5.4 3.70332e-25 0
5.5 4.16957e-11 0
5.6 5.10567e-08 0
5.7 4.49986e-22 0
5.8 0 0
5.9 0 0
6 0 0
6.1 0 0
6.2 0 0
6.3 0 0
6.4 0 0
6.5 0 0
6.6 0 0
6.7 0 0
6.8 0 0
6.9 1.82682e-07 0
7 2.74947e-07 0
7.1 2.73079e-07 0
7.2 6.74909e-08 0
7.3 2.75635e-11 0
7.4 9.99881e-11 0
7.5 3.5635e-11 0
7.6 0 0
7.7 7.25602e-25 0
7.8 4.08477e-11 0
7.9 7.23783e-25 0
8 0 0
8.1 0 0
8.2 6.19835e-25 0
8.3 3.48936e-11 0
8.4 6.20385e-25 0
8.5 0 0
8.6 0 0
8.7 0 0
8.8 0 0
8.9 0 0
9 0 0
9.1 0 0
9.2 0 0
9.3 0 0
9.4 0 0
9.5 0 0
9.6 0 0
9.7 0 0
9.8 3.97373e-11 0
9.9 0 0
10 0 0
10.1 0 0
10.2 0 0
