-10.2 0.056313 0
-10.1 0.0567286 0
-10 0.0578495 0
-9.9 0.0581891 0
-9.8 0.0584351 0
-9.7 0.0585473 0
-9.6 0.0589918 0
-9.5 0.0589282 0
-9.4 0.060032 0
-9.3 0.0596108 0
-9.2 0.0598325 0
-9.1 0.0605625 0
-9 0.0608355 0
-8.9 0.0610337 0
-8.8 0.0614734 0
-8.7 0.0614382 0
-8.6 0.0619071 0
-8.5 0.0625886 0
-8.4 0.0628866 0
-8.3 0.0622553 0
-8.2 0.0631228 0
-8.1 0.0636053 0
-8 0.0642735 0
-7.9 0.064849 0
-7.8 0.0652506 0
-7.7 0.0650284 0
-7.6 0.0653853 0
-7.5 0.0658957 0
-7.4 0.0665692 0
-7.3 0.0664296 0
-7.2 0.0666803 0
-7.1 0.0675464 0
-7 0.0683052 0
-6.9 0.0688782 0
-6.8 0.0693817 0
-6.7 0.0696998 0
-6.6 0.0702865 0
-6.5 0.07023 0
-6.4 0.0715145 0
-6.3 0.0728904 0
-6.2 0.0724692 0
-6.1 0.0730159 0
-6 0.0737212 0
-5.9 0.0748284 0
-5.8 0.0757496 0
-5.7 0.0762002 0
-5.6 0.0777435 0
-5.5 0.0795273 0
-5.4 0.0804336 0
-5.3 0.0815462 0
-5.2 0.0833915 0
-5.1 0.0859331 0
-5 0.0886155 0
-4.9 0.0918704 0
-4.8 0.0931796 0
-4.7 0.0922162 0
-4.6 0.0901776 0
-4.5 0.0886909 0
-4.4 0.0875787 0
-4.3 0.0870824 0
-4.2 0.0864825 0
-4.1 0.0860421 0
-4 0.0842621 0
-3.9 0.0829771 0
-3.8 0.0822674 0
-3.7 0.081279 0
-3.6 0.0806595 0
-3.5 0.0796285 0
-3.4 0.0792554 0
-3.3 0.0782966 0
-3.2 0.0778086 0
-3.1 0.0771796 0
-3 0.0763121 0
-2.9 0.0745866 0
-2.8 0.0739725 0
-2.7 0.0734217 0
-2.6 0.0722999 0
-2.5 0.0707757 0
-2.4 0.0701068 0
-2.3 0.0694791 0
-2.2 0.0682417 0
-2.1 0.0674163 0
-2 0.0669612 0
-1.9 0.0662725 0
-1.8 0.0660587 0
-1.7 0.0643316 0
-1.6 0.0635776 0
-1.5 0.0614985 0
-1.4 0.0612804 0
-1.3 0.0607813 0
-1.2 0.0591676 0
-1.1 0.0588512 0
-1 0.0583082 0
-0.9 0.0580446 0
-0.8 0.0561949 0
-0.7 0.0548578 0
-0.6 0.0536837 0
-0.5 0.0539422 0
-0.4 0.0533858 0
-0.3 0.0527583 0
-0.2 0.0515344 0
-0.1 0.0502674 0
8.88178e-16 0.0492728 0
0.1 0.0485957 0
0.2 0.047168 0
0.3 0.046827 0
0.4 0.0471047 0
0.5 0.0459846 0
0.6 0.0445985 0
0.7 0.0438817 0
0.8 0.0432561 0
0.9 0.042669 0
1 0.0423683 0
1.1 0.0407397 0
1.2 0.03919 0
1.3 0.0379996 0
1.4 0.0378648 0
1.5 0.0377205 0
1.6 0.0366375 0
1.7 0.0352535 0
1.8 0.0340044 0
1.9 0.034102 0
2 0.0338925 0
2.1 0.0326828 0
2.2 0.0309336 0
2.3 0.0297344 0
2.4 0.029426 0
2.5 0.0289463 0
2.6 0.0279928 0
2.7 0.0264643 0
2.8 0.0255972 0
2.9 0.0247562 0
3 0.0240946 0
3.1 0.0232948 0
3.2 0.0227747 0
3.3 0.0214915 0
3.4 0.0196691 0
3.5 0.0189637 0
3.6 0.0182921 0
3.7 0.0181404 0
3.8 0.0175469 0
3.9 0.0162654 0
4 0.0145345 0
4.1 0.0135641 0
4.2 0.0132995 0
4.3 0.0128362 0
4.4 0.011768 0
4.5 0.0106953 0
4.6 0.00985343 0
4.7 0.0091579 0
4.8 0.0084524 0
4.9 0.00785916 0
5 0.00678614 0
5.1 0.00467917 0
5.2 0.00298239 0
5.3 0.00159868 0
5.4 0.000650078 0
5.5 0.000197273 0
5.6 0.000103729 0
5.7 4.22599e-05 0
5.8 1.83628e-05 0
5.9 6.77013e-06 0
6 8.52066e-06 0
6.1 2.67001e-05 0
6.2 4.42712e-05 0
6.3 3.3718e-05 0
6.4 1.39068e-05 0
6.5 7.17118e-06 0
6.6 1.99524e-05 0
6.7 1.21209e-05 0
6.8 2.10873e-05 0
6.9 6.08722e-05 0
7 4.59722e-05 0
7.1 4.63819e-05 0
7.2 4.14775e-05 0
7.3 2.92007e-05 0
7.4 3.77621e-05 0
7.5 3.82689e-05 0
7.6 3.55292e-06 0
7.7 6.61378e-06 0
7.8 2.41422e-05 0
7.9 3.18602e-05 0
8 1.53175e-05 0
8.1 2.47293e-05 0
8.2 1.84398e-05 0
8.3 2.77022e-05 0
8.4 3.44387e-05 0
8.5 5.57084e-05 0
8.6 4.10811e-05 0
8.7 5.19762e-05 0
8.8 3.13747e-05 0
8.9 7.20427e-06 0
9 1.41045e-05 0
9.1 8.05598e-06 0
9.2 7.13985e-06 0
9.3 1.15898e-05 0
9.4 1.01307e-05 0
9.5 1.52085e-05 0
9.6 1.34488e-05 0
9.7 2.10194e-05 0
9.8 8.53199e-05 0
9.9 4.53285e-05 0
10 1.57631e-05 0
10.1 1.00116e-05 0
10.2 1.50902e-05 0
