1 3.65271e-13 1.27219e-14
3 1.06015e-12 3.14762e-14
5 1.71761e-12 5.21214e-14
7 2.0518e-10 1.99179e-10
9 3.44143e-12 9.85059e-14
11 3.99435e-12 1.09509e-13
13 7.6575e-07 8.79503e-09
15 0.000112019 1.3224e-07
17 0.000466499 2.47591e-07
19 0.000400657 2.32547e-07
21 0.000213279 1.34507e-07
23 0.000121125 8.30815e-08
25 8.84785e-05 7.78779e-08
27 6.11795e-05 5.46019e-08
29 4.75222e-05 4.32096e-08
31 3.78857e-05 3.54897e-08
33 2.74002e-05 2.68286e-08
35 2.07437e-05 1.9741e-08
37 1.73801e-05 1.79012e-08
39 1.48972e-05 1.51575e-08
41 1.29981e-05 1.38873e-08
43 1.15086e-05 1.20822e-08
45 9.7278e-06 9.94878e-09
47 7.59666e-06 7.6742e-09
49 6.72815e-06 7.0991e-09
51 5.79423e-06 5.93369e-09
53 5.1651e-06 5.22575e-09
55 4.49706e-06 4.6414e-09
57 4.01911e-06 4.05642e-09
59 3.64039e-06 3.60045e-09
61 3.17147e-06 3.11755e-09
63 2.85484e-06 2.74923e-09
65 2.60427e-06 2.62042e-09
67 2.39389e-06 2.35978e-09
69 2.09874e-06 2.0013e-09
71 1.92552e-06 1.90648e-09
73 1.77814e-06 1.82126e-09
75 1.65113e-06 1.6226e-09
77 1.53997e-06 1.62117e-09
79 1.35721e-06 1.38628e-09
81 1.23656e-06 1.27409e-09
83 1.15128e-06 1.21491e-09
85 1.07698e-06 1.08115e-09
87 1.01057e-06 1.0695e-09
89 9.5216e-07 1.00883e-09
91 8.9938e-07 9.7841e-10
93 8.25378e-07 8.77642e-10
95 7.13349e-07 7.74621e-10
97 6.77538e-07 7.57879e-10
99 6.38924e-07 6.88291e-10
101 6.04489e-07 6.68945e-10
103 5.73619e-07 6.52968e-10
105 5.45543e-07 5.98809e-10
107 5.19682e-07 5.59576e-10
109 4.96232e-07 5.48434e-10
111 4.74624e-07 5.08479e-10
113 4.54654e-07 5.2439e-10
115 4.35991e-07 4.65407e-10
117 3.79054e-07 4.19488e-10
119 3.5055e-07 3.87815e-10
121 3.39968e-07 3.81022e-10
123 3.25657e-07 3.66654e-10
125 3.12327e-07 3.46064e-10
127 2.9978e-07 3.3469e-10
129 2.88246e-07 3.24137e-10
131 2.77467e-07 3.13914e-10
133 2.55596e-07 2.8906e-10
135 2.30357e-07 2.54687e-10
137 2.1773e-07 2.42311e-10
139 2.11075e-07 2.443e-10
141 2.02279e-07 2.29418e-10
143 1.94248e-07 2.14098e-10
145 1.86842e-07 2.27609e-10
147 1.79788e-07 2.07699e-10
149 1.73488e-07 2.07515e-10
151 1.67349e-07 1.88333e-10
153 1.61891e-07 2.04116e-10
155 1.56547e-07 1.78384e-10
157 1.46522e-07 1.72231e-10
159 1.34882e-07 1.67116e-10
161 1.27418e-07 1.51039e-10
163 1.22296e-07 1.39295e-10
165 1.1995e-07 1.41484e-10
167 1.15949e-07 1.38573e-10
169 1.12096e-07 1.29366e-10
171 1.08746e-07 1.30993e-10
173 1.05397e-07 1.2055e-10
175 1.02233e-07 1.21932e-10
177 9.92614e-08 1.16462e-10
179 9.6557e-08 1.11898e-10
181 9.392e-08 1.07723e-10
183 9.13379e-08 1.0534e-10
185 8.89059e-08 1.02715e-10
187 8.66915e-08 9.67132e-11
189 8.45059e-08 9.59474e-11
191 8.23918e-08 1.03107e-10
193 7.79814e-08 9.06722e-11
195 6.89287e-08 9.02539e-11
197 6.5244e-08 7.85066e-11
199 6.19219e-08 7.72316e-11
201 5.9019e-08 8.02711e-11
203 5.65107e-08 7.83155e-11
205 5.74389e-08 7.37587e-11
207 5.58179e-08 7.36862e-11
209 5.44706e-08 7.01373e-11
211 5.29994e-08 7.35418e-11
213 5.17625e-08 6.31413e-11
215 5.05068e-08 7.43888e-11
217 4.93018e-08 6.38986e-11
219 4.82206e-08 6.46933e-11
221 4.70441e-08 7.06712e-11
223 4.60775e-08 6.51682e-11
225 4.50653e-08 6.04394e-11
227 4.40607e-08 6.1197e-11
229 4.32207e-08 5.88189e-11
231 4.2241e-08 5.96148e-11
233 4.13968e-08 6.31994e-11
235 4.06556e-08 5.72912e-11
237 3.98354e-08 5.81297e-11
239 3.90938e-08 6.13709e-11
241 3.82936e-08 5.45244e-11
243 3.76143e-08 6.11955e-11
245 3.69832e-08 5.28546e-11
247 3.62181e-08 5.69787e-11
249 3.56204e-08 5.23857e-11
251 3.49945e-08 5.23486e-11
253 3.44439e-08 5.14716e-11
255 3.37672e-08 5.04251e-11
257 3.23994e-08 4.86788e-11
259 2.89256e-08 5.17457e-11
261 2.76358e-08 4.55344e-11
263 2.6327e-08 4.62166e-11
265 2.52225e-08 4.26907e-11
267 2.52361e-08 4.53902e-11
269 2.52122e-08 4.29323e-11
271 2.4774e-08 4.19377e-11
273 2.43734e-08 4.26052e-11
275 2.39101e-08 3.72384e-11
277 2.31155e-08 3.81947e-11
279 2.22984e-08 4.34754e-11
281 2.17741e-08 3.55472e-11
283 2.12815e-08 4.34737e-11
285 2.06886e-08 3.77809e-11
287 2.02541e-08 3.29256e-11
289 2.004e-08 3.72351e-11
291 1.95328e-08 3.47333e-11
293 1.92108e-08 3.52957e-11
295 1.88573e-08 3.52971e-11
297 1.84393e-08 3.14262e-11
299 1.81506e-08 3.35868e-11
301 1.74174e-08 3.73351e-11
303 1.70388e-08 3.05444e-11
305 1.66831e-08 3.08185e-11
307 1.63175e-08 3.47279e-11
309 1.59665e-08 3.05347e-11
311 1.56819e-08 3.06386e-11
313 1.53893e-08 3.09253e-11
315 1.51357e-08 3.31723e-11
317 1.48651e-08 2.86211e-11
319 1.46306e-08 2.80931e-11
321 1.43606e-08 2.98473e-11
323 1.40904e-08 3.03486e-11
325 1.39038e-08 2.77605e-11
327 1.36337e-08 2.643e-11
329 1.30666e-08 2.97721e-11
331 1.27796e-08 2.74545e-11
333 1.25681e-08 2.50138e-11
335 1.23645e-08 2.74336e-11
337 1.20517e-08 2.67436e-11
339 1.18235e-08 2.61493e-11
341 1.16309e-08 2.42723e-11
343 1.1456e-08 2.41721e-11
345 1.13174e-08 2.5948e-11
347 1.10837e-08 2.51021e-11
349 1.09257e-08 2.46071e-11
351 1.08247e-08 2.37116e-11
353 1.06458e-08 2.66086e-11
355 1.04394e-08 2.79313e-11
357 1.02732e-08 2.25979e-11
359 1.01533e-08 2.438e-11
361 1.00684e-08 2.32638e-11
363 9.65928e-09 2.3713e-11
365 9.45242e-09 2.4941e-11
367 9.30155e-09 2.26861e-11
369 9.14344e-09 1.93982e-11
371 9.01764e-09 2.19676e-11
373 8.83125e-09 2.41364e-11
375 8.68515e-09 2.14927e-11
377 8.55044e-09 2.0063e-11
379 8.43799e-09 1.98782e-11
381 8.32361e-09 1.95929e-11
383 8.21614e-09 2.26842e-11
385 8.09416e-09 2.14204e-11
387 8.01776e-09 2.21111e-11
389 7.90575e-09 1.83013e-11
391 7.80948e-09 2.01361e-11
393 7.7663e-09 2.05355e-11
395 7.64604e-09 2.1093e-11
397 7.52365e-09 1.9222e-11
399 7.4706e-09 1.97383e-11
401 7.36224e-09 1.88152e-11
403 7.26223e-09 2.02964e-11
405 7.19697e-09 1.95521e-11
407 6.95221e-09 1.8495e-11
409 6.75918e-09 1.75517e-11
411 6.6957e-09 1.93272e-11
413 6.55246e-09 1.73647e-11
415 6.46788e-09 1.76525e-11
417 6.38582e-09 1.79144e-11
419 6.31113e-09 1.52246e-11
421 6.22358e-09 1.82525e-11
423 6.1017e-09 1.74684e-11
425 6.05505e-09 1.83147e-11
427 5.95929e-09 1.74876e-11
429 5.87803e-09 1.94174e-11
431 5.7795e-09 1.6651e-11
433 5.77297e-09 1.63235e-11
435 5.73857e-09 1.69597e-11
437 5.6544e-09 1.75732e-11
439 5.59186e-09 1.66156e-11
441 5.08987e-09 1.56722e-11
443 4.95488e-09 1.65216e-11
445 4.88418e-09 1.39024e-11
447 4.89482e-09 1.5639e-11
449 4.89274e-09 1.46883e-11
451 4.81432e-09 1.42108e-11
453 4.77795e-09 1.5497e-11
455 4.73454e-09 1.58126e-11
457 4.70137e-09 1.42459e-11
459 4.64732e-09 1.62467e-11
461 4.60281e-09 1.43257e-11
463 4.58898e-09 1.46374e-11
465 4.41115e-09 1.58641e-11
467 4.27463e-09 1.4752e-11
469 4.23266e-09 1.44292e-11
471 4.17519e-09 1.44464e-11
473 4.12675e-09 1.27036e-11
475 4.01683e-09 1.37516e-11
477 3.99292e-09 1.38761e-11
479 3.91418e-09 1.1067e-11
481 3.90867e-09 1.30482e-11
483 3.86866e-09 1.37104e-11
485 3.79191e-09 1.35597e-11
487 3.73262e-09 1.26926e-11
489 3.67324e-09 1.3476e-11
491 3.63944e-09 1.23503e-11
493 3.58522e-09 1.15478e-11
495 3.52292e-09 1.23136e-11
497 3.44855e-09 1.17217e-11
499 3.4483e-09 1.20112e-11
501 3.42483e-09 1.14646e-11
503 3.3876e-09 1.13205e-11
505 3.35479e-09 1.269e-11
507 3.30506e-09 1.19043e-11
509 3.25484e-09 1.07407e-11
511 3.22319e-09 1.10771e-11
513 3.19119e-09 1.06744e-11
515 3.15016e-09 1.21524e-11
517 3.09167e-09 1.15821e-11
519 3.08209e-09 1.08172e-11
521 3.07064e-09 9.93457e-12
523 3.01103e-09 1.15942e-11
525 2.99676e-09 1.12474e-11
527 2.93278e-09 1.14123e-11
529 2.93636e-09 1.1322e-11
531 2.87547e-09 9.71289e-12
533 2.84875e-09 1.06148e-11
535 2.81895e-09 9.17751e-12
537 2.79251e-09 1.09341e-11
539 2.77446e-09 9.67608e-12
541 2.73823e-09 9.5466e-12
543 2.69533e-09 1.03709e-11
545 2.56594e-09 1.01831e-11
547 2.53941e-09 1.02203e-11
549 2.50572e-09 9.24539e-12
551 2.47921e-09 9.4867e-12
553 2.4264e-09 7.82913e-12
555 2.40817e-09 9.74458e-12
557 2.37233e-09 8.53711e-12
559 2.34422e-09 8.28251e-12
561 2.31306e-09 8.09432e-12
563 2.30119e-09 9.47896e-12
565 2.27917e-09 9.30706e-12
567 2.24592e-09 9.45621e-12
569 2.22081e-09 8.5423e-12
571 2.20369e-09 8.0442e-12
573 2.17868e-09 8.50436e-12
575 2.15427e-09 8.78788e-12
577 2.1143e-09 8.18372e-12
579 2.11801e-09 8.18259e-12
581 2.10126e-09 9.19647e-12
583 2.06701e-09 7.38899e-12
585 2.04456e-09 7.89539e-12
587 2.02952e-09 7.55317e-12
589 2.0048e-09 8.50658e-12
591 1.99286e-09 7.59089e-12
593 1.99233e-09 8.24681e-12
595 1.95e-09 8.24697e-12
597 1.90808e-09 8.29612e-12
599 1.9032e-09 6.66245e-12
601 1.89346e-09 8.02337e-12
603 1.85349e-09 7.13573e-12
605 1.84591e-09 7.62344e-12
607 1.82518e-09 7.27093e-12
609 1.81233e-09 7.03165e-12
611 1.80713e-09 7.78596e-12
613 1.79269e-09 7.10879e-12
615 1.76523e-09 6.65502e-12
617 1.76212e-09 6.91788e-12
619 1.72427e-09 7.50447e-12
621 1.74522e-09 7.13715e-12
623 1.74485e-09 6.21123e-12
625 1.74038e-09 6.38215e-12
627 1.71033e-09 7.49082e-12
629 1.69529e-09 7.48226e-12
631 1.68322e-09 7.83667e-12
633 1.67674e-09 6.33618e-12
635 1.64262e-09 7.10031e-12
637 1.6314e-09 6.02553e-12
639 1.62928e-09 6.49579e-12
641 1.62377e-09 7.359e-12
643 1.60931e-09 6.39827e-12
645 1.59557e-09 6.21644e-12
647 1.58626e-09 6.16334e-12
649 1.56729e-09 7.20817e-12
651 1.55171e-09 7.10501e-12
653 1.54522e-09 7.1878e-12
655 1.53328e-09 6.78243e-12
657 1.53285e-09 6.34043e-12
659 1.49104e-09 6.46883e-12
661 1.48105e-09 5.98286e-12
663 1.48074e-09 7.27399e-12
665 1.45971e-09 6.44647e-12
667 1.455e-09 7.46629e-12
669 1.43545e-09 5.60521e-12
671 1.42356e-09 5.44192e-12
673 1.41702e-09 5.81648e-12
675 1.40816e-09 6.06917e-12
677 1.41336e-09 5.98552e-12
679 1.38922e-09 5.87425e-12
681 1.37933e-09 6.88947e-12
683 1.37443e-09 6.17283e-12
685 1.36289e-09 7.51514e-12
687 1.35485e-09 5.26658e-12
689 1.34328e-09 6.6831e-12
691 1.34664e-09 5.71356e-12
693 1.33166e-09 6.93337e-12
695 1.32281e-09 5.99344e-12
697 1.31454e-09 6.30426e-12
699 1.31357e-09 5.77115e-12
701 1.3037e-09 5.92241e-12
703 1.29725e-09 5.97058e-12
705 1.27889e-09 6.09315e-12
707 1.2803e-09 6.68304e-12
709 1.27779e-09 5.24611e-12
711 1.27499e-09 5.46801e-12
713 1.25572e-09 5.01876e-12
715 1.25066e-09 6.16567e-12
717 1.25385e-09 6.00475e-12
719 1.25248e-09 4.97079e-12
721 1.24582e-09 5.30721e-12
723 1.23914e-09 5.54958e-12
725 1.2379e-09 6.01589e-12
727 1.23654e-09 5.24784e-12
729 1.22834e-09 5.49126e-12
731 1.23942e-09 5.57098e-12
733 1.23914e-09 5.4712e-12
735 1.22433e-09 5.50352e-12
737 1.30501e-09 5.50712e-12
739 1.31811e-09 5.25339e-12
741 1.30489e-09 5.61982e-12
743 1.30153e-09 6.0477e-12
745 1.31205e-09 5.7508e-12
747 1.3155e-09 6.11264e-12
749 1.30345e-09 5.78979e-12
751 1.31015e-09 5.13303e-12
753 1.30712e-09 5.2949e-12
755 1.31126e-09 5.52548e-12
757 1.30929e-09 4.89372e-12
759 1.31363e-09 6.06182e-12
761 1.32355e-09 4.94954e-12
763 1.32046e-09 5.91959e-12
765 1.31807e-09 5.65098e-12
767 1.3293e-09 5.53222e-12
769 1.33478e-09 5.2558e-12
771 1.33377e-09 5.81689e-12
773 1.34778e-09 5.52199e-12
775 1.37174e-09 6.06957e-12
777 1.3719e-09 6.35099e-12
779 1.3747e-09 5.52095e-12
781 1.38351e-09 5.34218e-12
783 1.40838e-09 5.83518e-12
785 1.40115e-09 5.59463e-12
787 1.41178e-09 5.2173e-12
789 1.41254e-09 6.04991e-12
791 1.43378e-09 5.64957e-12
793 1.44768e-09 5.4391e-12
795 1.45531e-09 5.61302e-12
797 1.47885e-09 5.21774e-12
799 1.50601e-09 6.21105e-12
801 1.52554e-09 7.19985e-12
803 1.57743e-09 6.25038e-12
805 1.63032e-09 5.77312e-12
807 1.65709e-09 6.40747e-12
809 1.70154e-09 5.39428e-12
811 1.77734e-09 6.64765e-12
813 1.82159e-09 5.95517e-12
815 2.40658e-09 7.72571e-12
817 2.91142e-09 8.23063e-12
819 3.42103e-09 1.10536e-11
821 4.03944e-09 8.88287e-12
823 7.65946e-09 1.26999e-11
825 3.19575e-09 8.41975e-12
827 0 0
829 0 0
831 0 0
833 0 0
835 0 0
837 0 0
839 0 0
841 0 0
843 0 0
845 0 0
847 0 0
849 0 0
851 0 0
853 0 0
855 0 0
857 0 0
859 0 0
861 0 0
863 0 0
865 0 0
867 0 0
869 0 0
871 0 0
873 0 0
875 0 0
877 0 0
879 0 0
881 0 0
883 0 0
885 0 0
887 0 0
889 0 0
891 0 0
893 0 0
895 0 0
897 0 0
899 0 0
901 0 0
903 0 0
905 0 0
907 0 0
909 0 0
911 0 0
913 0 0
915 0 0
917 0 0
919 0 0
921 0 0
923 0 0
925 0 0
927 0 0
929 0 0
931 0 0
933 0 0
935 0 0
937 0 0
939 0 0
941 0 0
943 0 0
945 0 0
947 0 0
949 0 0
951 0 0
953 0 0
955 0 0
957 0 0
959 0 0
961 0 0
963 0 0
965 0 0
967 0 0
969 0 0
971 0 0
973 0 0
975 0 0
977 0 0
979 0 0
981 0 0
983 0 0
985 0 0
987 0 0
989 0 0
991 0 0
993 0 0
995 0 0
997 0 0
999 0 0
1001 0 0
1003 0 0
1005 0 0
1007 0 0
1009 0 0
1011 0 0
1013 0 0
1015 0 0
1017 0 0
1019 0 0
1021 0 0
1023 0 0
1025 0 0
1027 0 0
1029 0 0
1031 0 0
1033 0 0
1035 0 0
1037 0 0
1039 0 0
1041 0 0
1043 0 0
1045 0 0
1047 0 0
1049 0 0
1051 0 0
1053 0 0
1055 0 0
1057 0 0
1059 0 0
1061 0 0
1063 0 0
1065 0 0
1067 0 0
1069 0 0
1071 0 0
1073 0 0
1075 0 0
1077 0 0
1079 0 0
1081 0 0
1083 0 0
1085 0 0
1087 0 0
1089 0 0
1091 0 0
1093 0 0
1095 0 0
1097 0 0
1099 0 0
1101 0 0
1103 0 0
1105 0 0
1107 0 0
1109 0 0
1111 0 0
1113 0 0
1115 0 0
1117 0 0
1119 0 0
1121 0 0
1123 0 0
1125 0 0
1127 0 0
1129 0 0
1131 0 0
1133 0 0
1135 0 0
1137 0 0
1139 0 0
1141 0 0
1143 0 0
1145 0 0
1147 0 0
1149 0 0
1151 0 0
1153 0 0
1155 0 0
1157 0 0
1159 0 0
1161 0 0
1163 0 0
1165 0 0
1167 0 0
1169 0 0
1171 0 0
1173 0 0
1175 0 0
1177 0 0
1179 0 0
1181 0 0
1183 0 0
1185 0 0
1187 0 0
1189 0 0
1191 0 0
1193 0 0
1195 0 0
1197 0 0
1199 0 0
1201 0 0
1203 0 0
1205 0 0
1207 0 0
1209 0 0
1211 0 0
1213 0 0
1215 0 0
1217 0 0
1219 0 0
1221 0 0
1223 0 0
1225 0 0
1227 0 0
1229 0 0
1231 0 0
1233 0 0
1235 0 0
1237 0 0
1239 0 0
1241 0 0
1243 0 0
1245 0 0
1247 0 0
1249 0 0
1251 0 0
1253 0 0
1255 0 0
1257 0 0
1259 0 0
1261 0 0
1263 0 0
1265 0 0
1267 0 0
1269 0 0
1271 0 0
1273 0 0
1275 0 0
1277 0 0
1279 0 0
1281 0 0
1283 0 0
1285 0 0
1287 0 0
1289 0 0
1291 0 0
1293 0 0
1295 0 0
1297 0 0
1299 0 0
1301 0 0
1303 0 0
1305 0 0
1307 0 0
1309 0 0
1311 0 0
1313 0 0
1315 0 0
1317 0 0
1319 0 0
1321 0 0
1323 0 0
1325 0 0
1327 0 0
1329 0 0
1331 0 0
1333 0 0
1335 0 0
1337 0 0
1339 0 0
1341 0 0
1343 0 0
1345 0 0
1347 0 0
1349 0 0
1351 0 0
1353 0 0
1355 0 0
1357 0 0
1359 0 0
1361 0 0
1363 0 0
1365 0 0
1367 0 0
1369 0 0
1371 0 0
1373 0 0
1375 0 0
1377 0 0
1379 0 0
1381 0 0
1383 0 0
1385 0 0
1387 0 0
1389 0 0
1391 0 0
1393 0 0
1395 0 0
1397 0 0
1399 0 0
1401 0 0
1403 0 0
1405 0 0
1407 0 0
1409 0 0
1411 0 0
1413 0 0
1415 0 0
1417 0 0
1419 0 0
1421 0 0
1423 0 0
1425 0 0
1427 0 0
1429 0 0
1431 0 0
1433 0 0
1435 0 0
1437 0 0
1439 0 0
1441 0 0
1443 0 0
1445 0 0
1447 0 0
1449 0 0
1451 0 0
1453 0 0
1455 0 0
1457 0 0
1459 0 0
1461 0 0
1463 0 0
1465 0 0
1467 0 0
1469 0 0
1471 0 0
1473 0 0
1475 0 0
1477 0 0
1479 0 0
1481 0 0
1483 0 0
1485 0 0
1487 0 0
1489 0 0
1491 0 0
1493 0 0
1495 0 0
1497 0 0
1499 0 0
1501 0 0
1503 0 0
1505 0 0
1507 0 0
1509 0 0
1511 0 0
1513 0 0
1515 0 0
1517 0 0
1519 0 0
1521 0 0
1523 0 0
1525 0 0
1527 0 0
1529 0 0
1531 0 0
1533 0 0
1535 0 0
1537 0 0
1539 0 0
1541 0 0
1543 0 0
1545 0 0
1547 0 0
1549 0 0
1551 0 0
1553 0 0
1555 0 0
1557 0 0
1559 0 0
1561 0 0
1563 0 0
1565 0 0
1567 0 0
1569 0 0
1571 0 0
1573 0 0
1575 0 0
1577 0 0
1579 0 0
1581 0 0
1583 0 0
1585 0 0
1587 0 0
1589 0 0
1591 0 0
1593 0 0
1595 0 0
1597 0 0
1599 0 0
1601 0 0
1603 0 0
1605 0 0
1607 0 0
1609 0 0
1611 0 0
1613 0 0
1615 0 0
1617 0 0
1619 0 0
1621 0 0
1623 0 0
1625 0 0
1627 0 0
1629 0 0
1631 0 0
1633 0 0
1635 0 0
1637 0 0
1639 0 0
1641 0 0
1643 0 0
1645 0 0
1647 0 0
1649 0 0
1651 0 0
1653 0 0
1655 0 0
1657 0 0
1659 0 0
1661 0 0
1663 0 0
1665 0 0
1667 0 0
1669 0 0
1671 0 0
1673 0 0
1675 0 0
1677 0 0
1679 0 0
1681 0 0
1683 0 0
1685 0 0
1687 0 0
1689 0 0
1691 0 0
1693 0 0
1695 0 0
1697 0 0
1699 0 0
1701 0 0
1703 0 0
1705 0 0
1707 0 0
1709 0 0
1711 0 0
1713 0 0
1715 0 0
1717 0 0
1719 0 0
1721 0 0
1723 0 0
1725 0 0
1727 0 0
1729 0 0
1731 0 0
1733 0 0
1735 0 0
1737 0 0
1739 0 0
1741 0 0
1743 0 0
1745 0 0
1747 0 0
1749 0 0
1751 0 0
1753 0 0
1755 0 0
1757 0 0
1759 0 0
1761 0 0
1763 0 0
1765 0 0
1767 0 0
1769 0 0
1771 0 0
1773 0 0
1775 0 0
1777 0 0
1779 0 0
1781 0 0
1783 0 0
1785 0 0
1787 0 0
1789 0 0
1791 0 0
1793 0 0
1795 0 0
1797 0 0
1799 0 0
1801 0 0
1803 0 0
1805 0 0
1807 0 0
1809 0 0
1811 0 0
1813 0 0
1815 0 0
1817 0 0
1819 0 0
1821 0 0
1823 0 0
1825 0 0
1827 0 0
1829 0 0
1831 0 0
1833 0 0
1835 0 0
1837 0 0
1839 0 0
1841 0 0
1843 0 0
1845 0 0
1847 0 0
1849 0 0
1851 0 0
1853 0 0
1855 0 0
1857 0 0
1859 0 0
1861 0 0
1863 0 0
1865 0 0
1867 0 0
1869 0 0
1871 0 0
1873 0 0
1875 0 0
1877 0 0
1879 0 0
1881 0 0
1883 0 0
1885 0 0
1887 0 0
1889 0 0
1891 0 0
1893 0 0
1895 0 0
1897 0 0
1899 0 0
1901 0 0
1903 0 0
1905 0 0
1907 0 0
1909 0 0
1911 0 0
1913 0 0
1915 0 0
1917 0 0
1919 0 0
1921 0 0
1923 0 0
1925 0 0
1927 0 0
1929 0 0
1931 0 0
1933 0 0
1935 0 0
1937 0 0
1939 0 0
1941 0 0
1943 0 0
1945 0 0
1947 0 0
1949 0 0
1951 0 0
1953 0 0
1955 0 0
1957 0 0
1959 0 0
1961 0 0
1963 0 0
1965 0 0
1967 0 0
1969 0 0
1971 0 0
1973 0 0
1975 0 0
1977 0 0
1979 0 0
1981 0 0
1983 0 0
1985 0 0
1987 0 0
1989 0 0
1991 0 0
1993 0 0
1995 0 0
1997 0 0
1999 0 0
