1.09967 6.20095e-08 8.55638e-10
3.099 5.65424e-08 7.62791e-10
5.09833 5.14757e-08 7.09156e-10
7.09767 4.90446e-08 7.25168e-10
9.097 4.64769e-08 7.24983e-10
11.0963 4.36538e-08 5.59863e-10
13.0957 3.95625e-08 5.61278e-10
15.095 3.82973e-08 5.25618e-10
17.0943 3.6151e-08 4.79707e-10
19.0937 3.2768e-08 4.42705e-10
21.093 3.25861e-08 4.45273e-10
23.0923 2.99326e-08 3.99921e-10
25.0917 2.85303e-08 4.2002e-10
27.091 2.72206e-08 3.53039e-10
29.0903 2.52608e-08 3.38235e-10
31.0897 2.4345e-08 2.90886e-10
33.089 2.2824e-08 2.95454e-10
35.0883 2.1895e-08 2.69346e-10
37.0877 2.04449e-08 2.88112e-10
39.087 1.94984e-08 2.23673e-10
41.0863 1.85709e-08 2.69501e-10
43.0857 1.72487e-08 2.33289e-10
45.085 1.65076e-08 2.02052e-10
47.0843 1.55949e-08 2.25006e-10
49.0837 1.43471e-08 2.05582e-10
51.083 1.3445e-08 1.79754e-10
53.0823 1.25751e-08 1.74685e-10
55.0817 1.15523e-08 1.58427e-10
57.081 1.06571e-08 1.47768e-10
59.0803 9.87087e-09 1.52261e-10
61.0797 8.9825e-09 1.56706e-10
63.079 8.20248e-09 1.44755e-10
65.0783 7.5741e-09 1.54428e-10
67.0777 6.67263e-09 1.42522e-10
69.077 6.08988e-09 1.37913e-10
71.0763 5.46614e-09 1.35107e-10
73.0757 4.75323e-09 1.24116e-10
75.075 4.20626e-09 1.16814e-10
77.0743 3.71797e-09 1.14267e-10
79.0737 3.205e-09 1.06788e-10
81.073 2.77006e-09 9.97377e-11
83.0723 2.39495e-09 8.92547e-11
85.0717 2.04388e-09 8.1509e-11
87.071 1.82449e-09 8.12938e-11
89.0703 1.57983e-09 7.90905e-11
91.0697 1.37572e-09 7.43179e-11
93.069 1.23126e-09 6.94901e-11
95.0683 1.08393e-09 6.77298e-11
97.0677 9.35419e-10 6.77518e-11
99.067 8.24359e-10 6.34427e-11
101.066 6.85026e-10 6.13559e-11
103.066 5.48512e-10 5.67157e-11
105.065 4.6189e-10 5.31368e-11
107.064 3.80575e-10 5.23393e-11
109.064 3.02892e-10 4.52391e-11
111.063 2.51404e-10 4.10991e-11
113.062 2.27883e-10 3.8428e-11
115.062 1.74356e-10 3.5253e-11
117.061 1.28086e-10 3.18386e-11
119.06 1.04892e-10 2.82178e-11
121.06 7.63136e-11 2.2437e-11
123.059 5.72292e-11 2.09734e-11
125.058 5.14776e-11 2.10361e-11
127.058 3.45984e-11 1.5798e-11
129.057 1.32502e-11 1.14337e-11
131.056 9.91932e-12 9.83052e-12
133.056 3.99422e-12 3.95846e-12
135.055 0 0
137.054 0 0
139.054 0 0
141.053 0 0
143.052 0 0
145.052 0 0
147.051 0 0
149.05 0 0
151.05 0 0
153.049 0 0
155.048 0 0
157.048 0 0
159.047 0 0
161.046 0 0
163.046 0 0
165.045 0 0
167.044 0 0
169.044 0 0
171.043 0 0
173.042 0 0
175.042 0 0
177.041 0 0
179.04 0 0
181.04 0 0
183.039 0 0
185.038 0 0
187.038 0 0
189.037 0 0
191.036 0 0
193.036 0 0
195.035 0 0
197.034 0 0
199.034 0 0
201.033 0 0
203.032 0 0
205.032 0 0
207.031 0 0
209.03 0 0
211.03 0 0
213.029 0 0
215.028 0 0
217.028 0 0
219.027 0 0
221.026 0 0
223.026 0 0
225.025 0 0
227.024 0 0
229.024 0 0
231.023 0 0
233.022 0 0
235.022 0 0
237.021 0 0
239.02 0 0
241.02 0 0
243.019 0 0
245.018 0 0
247.018 0 0
249.017 0 0
251.016 0 0
253.016 0 0
255.015 0 0
257.014 0 0
259.014 0 0
261.013 0 0
263.012 0 0
265.012 0 0
267.011 0 0
269.01 0 0
271.01 0 0
273.009 0 0
275.008 0 0
277.008 0 0
279.007 0 0
281.006 0 0
283.006 0 0
285.005 0 0
287.004 0 0
289.004 0 0
291.003 0 0
293.002 0 0
295.002 0 0
297.001 0 0
299 0 0
