1.09967 9.09877e-09 2.3549e-11
3.099 9.6716e-09 2.2468e-11
5.09833 1.0349e-08 2.12605e-11
7.09767 1.10531e-08 2.23391e-11
9.097 1.18181e-08 2.76681e-11
11.0963 1.2642e-08 2.6514e-11
13.0957 1.35866e-08 2.71443e-11
15.095 1.45847e-08 2.51959e-11
17.0943 1.56613e-08 3.19405e-11
19.0937 1.69101e-08 3.17863e-11
21.093 1.83117e-08 3.04793e-11
23.0923 1.98118e-08 3.3612e-11
25.0917 2.14774e-08 3.60554e-11
27.091 2.32142e-08 3.86235e-11
29.0903 2.52468e-08 4.00201e-11
31.0897 2.74758e-08 4.03954e-11
33.089 2.99697e-08 4.51472e-11
35.0883 3.26379e-08 4.92805e-11
37.0877 3.5633e-08 5.1691e-11
39.087 3.88293e-08 5.37519e-11
41.0863 4.25031e-08 5.68592e-11
43.0857 4.63259e-08 5.99579e-11
45.085 5.06195e-08 6.58273e-11
47.0843 5.54328e-08 6.92529e-11
49.0837 6.06843e-08 7.2214e-11
51.083 6.62355e-08 7.77735e-11
53.0823 7.23272e-08 8.26306e-11
55.0817 7.90549e-08 9.08116e-11
57.081 8.64186e-08 9.7721e-11
59.0803 9.43214e-08 1.02432e-10
61.0797 1.02897e-07 1.12941e-10
63.079 1.12276e-07 1.30722e-10
65.0783 1.22621e-07 1.37626e-10
67.0777 1.33672e-07 1.52466e-10
69.077 1.45779e-07 1.6908e-10
71.0763 1.59447e-07 1.77325e-10
73.0757 1.73892e-07 1.99313e-10
75.075 1.9004e-07 2.11458e-10
77.0743 2.07517e-07 2.36869e-10
79.0737 2.26714e-07 2.49727e-10
81.073 2.47763e-07 2.82859e-10
83.0723 2.70738e-07 2.97297e-10
85.0717 2.96221e-07 3.37712e-10
87.071 3.23223e-07 3.62797e-10
89.0703 3.52287e-07 4.03306e-10
91.0697 3.84467e-07 4.30464e-10
93.069 4.20147e-07 4.59143e-10
95.0683 4.59902e-07 5.04791e-10
97.0677 5.04163e-07 5.51304e-10
99.067 5.53552e-07 6.23002e-10
101.066 6.06733e-07 6.7081e-10
103.066 6.63963e-07 7.35031e-10
105.065 7.26641e-07 8.09826e-10
107.064 7.95491e-07 8.88023e-10
109.064 8.72699e-07 9.77644e-10
111.063 9.57599e-07 1.06375e-09
113.062 1.04967e-06 1.16922e-09
115.062 1.14938e-06 1.27805e-09
117.061 1.26005e-06 1.37665e-09
119.06 1.38245e-06 1.506e-09
121.06 1.51624e-06 1.64507e-09
123.059 1.66109e-06 1.83931e-09
125.058 1.82172e-06 1.98415e-09
127.058 1.99982e-06 2.16637e-09
129.057 2.19086e-06 2.40394e-09
131.056 2.40134e-06 2.5706e-09
133.056 2.63531e-06 2.79779e-09
135.055 2.89469e-06 3.1359e-09
137.054 3.18416e-06 3.35411e-09
139.054 3.49745e-06 3.77928e-09
141.053 3.8401e-06 3.96572e-09
143.052 4.21852e-06 4.36128e-09
145.052 4.64164e-06 4.76062e-09
147.051 5.10674e-06 5.22261e-09
149.05 5.60968e-06 5.61876e-09
151.05 6.17283e-06 6.08566e-09
153.049 6.79471e-06 6.74053e-09
155.048 7.47716e-06 7.39781e-09
157.048 8.24068e-06 7.84037e-09
159.047 9.08311e-06 8.93391e-09
161.046 1.00089e-05 9.67937e-09
163.046 1.10472e-05 1.09169e-08
165.045 1.21936e-05 1.21583e-08
167.044 1.34791e-05 1.3454e-08
169.044 1.4908e-05 1.52286e-08
171.043 1.64882e-05 1.65144e-08
173.042 1.82387e-05 1.86724e-08
175.042 2.01503e-05 2.04039e-08
177.041 2.23405e-05 2.33981e-08
179.04 2.48867e-05 2.60171e-08
181.04 2.78774e-05 2.79315e-08
183.039 3.13805e-05 3.17795e-08
185.038 3.55399e-05 3.50131e-08
187.038 4.04288e-05 3.96285e-08
189.037 4.5953e-05 4.47844e-08
191.036 5.23599e-05 4.94679e-08
193.036 5.98258e-05 5.71989e-08
195.035 6.84425e-05 6.162e-08
197.034 7.82125e-05 7.24164e-08
199.034 8.91867e-05 8.50933e-08
201.033 0.000101394 8.81078e-08
203.032 0.000116325 9.24923e-08
205.032 0.000135784 9.01921e-08
207.031 0.000163734 1.14259e-07
209.03 0.000204588 1.38414e-07
211.03 0.000260944 1.66869e-07
213.029 0.000326523 2.08469e-07
215.028 0.000378744 2.35792e-07
217.028 0.000385615 2.19218e-07
219.027 0.000323776 2.16739e-07
221.026 0.000212352 1.96262e-07
223.026 9.9079e-05 1.31612e-07
225.025 3.01556e-05 7.68098e-08
227.024 5.43308e-06 3.09781e-08
229.024 5.37985e-07 1.04783e-08
231.023 7.57741e-08 4.32396e-09
233.022 4.40994e-08 2.95894e-09
235.022 4.10539e-08 3.38885e-09
237.021 3.69461e-08 2.86134e-09
239.02 3.77364e-08 3.25671e-09
241.02 2.46747e-08 2.78201e-09
243.019 2.35335e-08 3.34155e-09
245.018 2.03777e-08 2.32858e-09
247.018 1.36008e-08 1.92487e-09
249.017 1.27266e-08 2.04704e-09
251.016 8.98627e-09 1.94297e-09
253.016 3.28546e-09 1.06917e-09
255.015 2.98974e-09 1.1542e-09
257.014 2.20369e-09 7.98151e-10
259.014 7.49543e-10 4.64411e-10
261.013 0 0
263.012 0 0
265.012 0 0
267.011 0 0
269.01 0 0
271.01 0 0
273.009 0 0
275.008 0 0
277.008 0 0
279.007 0 0
281.006 0 0
283.006 0 0
285.005 0 0
287.004 0 0
289.004 0 0
291.003 0 0
293.002 0 0
295.002 0 0
297.001 0 0
299 0 0
