1 6.53269e-10 3.70105e-10
3 6.29218e-13 2.44889e-14
5 1.05317e-12 3.9471e-14
7 1.5052e-12 4.94435e-14
9 7.75926e-09 1.25594e-09
11 3.75054e-08 2.60433e-09
13 6.55551e-08 3.38882e-09
15 3.02929e-07 5.85141e-09
17 4.83378e-05 8.09452e-08
19 0.000308612 2.17687e-07
21 0.000433618 2.35175e-07
23 0.000264206 1.57773e-07
25 0.00015959 1.05062e-07
27 0.000103878 7.32614e-08
29 8.02015e-05 7.08712e-08
31 5.76636e-05 5.30958e-08
33 4.54685e-05 4.1092e-08
35 3.71789e-05 3.47791e-08
37 3.10231e-05 3.01303e-08
39 2.19473e-05 2.14605e-08
41 1.82226e-05 1.76555e-08
43 1.57166e-05 1.6195e-08
45 1.37866e-05 1.38261e-08
47 1.22595e-05 1.27619e-08
49 1.10278e-05 1.15177e-08
51 1.00124e-05 1.0192e-08
53 8.34948e-06 8.46564e-09
55 6.89689e-06 7.01043e-09
57 6.25631e-06 6.48803e-09
59 5.44859e-06 5.43291e-09
61 4.9285e-06 5.03382e-09
63 4.44482e-06 4.47096e-09
65 3.95268e-06 3.88011e-09
67 3.61098e-06 3.52182e-09
69 3.32226e-06 3.27737e-09
71 2.97175e-06 2.92886e-09
73 2.70683e-06 2.66974e-09
75 2.50281e-06 2.42793e-09
77 2.32595e-06 2.36255e-09
79 2.15517e-06 2.13365e-09
81 1.91274e-06 1.91948e-09
83 1.78431e-06 1.79367e-09
85 1.6681e-06 1.69339e-09
87 1.56573e-06 1.55008e-09
89 1.47464e-06 1.52551e-09
91 1.38731e-06 1.46499e-09
93 1.21651e-06 1.24018e-09
95 1.14442e-06 1.21026e-09
97 1.07763e-06 1.10331e-09
99 1.01912e-06 1.09135e-09
101 9.65252e-07 1.02148e-09
103 9.17773e-07 9.72459e-10
105 8.74151e-07 9.26404e-10
107 8.33767e-07 9.17154e-10
109 7.72284e-07 8.13526e-10
111 6.72472e-07 7.44361e-10
113 6.46176e-07 6.90059e-10
115 6.14517e-07 6.86217e-10
117 5.86395e-07 6.1866e-10
119 5.60022e-07 6.30335e-10
121 5.36387e-07 5.97599e-10
123 5.14433e-07 5.61372e-10
125 4.94054e-07 5.45013e-10
127 4.74998e-07 5.20774e-10
129 4.57727e-07 4.73921e-10
131 4.41222e-07 4.83409e-10
133 4.25803e-07 4.72378e-10
135 4.11653e-07 4.45373e-10
137 3.61215e-07 4.14601e-10
139 3.32378e-07 3.72541e-10
141 3.26897e-07 3.70391e-10
143 3.14935e-07 3.4571e-10
145 3.03682e-07 3.3942e-10
147 2.93533e-07 3.22668e-10
149 2.83789e-07 3.24571e-10
151 2.74517e-07 3.1412e-10
153 2.65765e-07 2.953e-10
155 2.57219e-07 2.9119e-10
157 2.32827e-07 2.5415e-10
159 2.18224e-07 2.50361e-10
161 2.10145e-07 2.3609e-10
163 2.0474e-07 2.38894e-10
165 1.97645e-07 2.19533e-10
167 1.91144e-07 2.25982e-10
169 1.85073e-07 2.15343e-10
171 1.79164e-07 2.05755e-10
173 1.73748e-07 2.07169e-10
175 1.68769e-07 1.91406e-10
177 1.63821e-07 1.91152e-10
179 1.59343e-07 1.88673e-10
181 1.54838e-07 1.79796e-10
183 1.50155e-07 1.7461e-10
185 1.35847e-07 1.5862e-10
187 1.28687e-07 1.51466e-10
189 1.22345e-07 1.3872e-10
191 1.18246e-07 1.40105e-10
193 1.16893e-07 1.29554e-10
195 1.13556e-07 1.28077e-10
197 1.10361e-07 1.28234e-10
199 1.07362e-07 1.22956e-10
201 1.04509e-07 1.15018e-10
203 1.01858e-07 1.17028e-10
205 9.92055e-08 1.15456e-10
207 9.67762e-08 1.10627e-10
209 9.45331e-08 1.11173e-10
211 9.22567e-08 1.10024e-10
213 9.01778e-08 1.09562e-10
215 8.81107e-08 9.53114e-11
217 8.60906e-08 1.05577e-10
219 8.42879e-08 9.73759e-11
221 8.24079e-08 1.03174e-10
223 8.07746e-08 9.6709e-11
225 7.91152e-08 9.61332e-11
227 7.1751e-08 9.05048e-11
229 6.63578e-08 8.8433e-11
231 6.36076e-08 7.98109e-11
233 6.07631e-08 7.8475e-11
235 5.84339e-08 8.70265e-11
237 5.63471e-08 6.63709e-11
239 5.5737e-08 8.04954e-11
241 5.5831e-08 7.58293e-11
243 5.44367e-08 7.22603e-11
245 5.33251e-08 7.45112e-11
247 5.2149e-08 7.40997e-11
249 5.10858e-08 7.2164e-11
251 5.00562e-08 6.48774e-11
253 4.9046e-08 7.17521e-11
255 4.81032e-08 7.13814e-11
257 4.71941e-08 6.64554e-11
259 4.62334e-08 6.82255e-11
261 4.5468e-08 6.98434e-11
263 4.44919e-08 6.29555e-11
265 4.37915e-08 6.85234e-11
267 4.29643e-08 6.70393e-11
269 4.22595e-08 6.76228e-11
271 4.15249e-08 6.54623e-11
273 4.08343e-08 6.6436e-11
275 4.01443e-08 5.89979e-11
277 3.95102e-08 6.80749e-11
279 3.88285e-08 5.99898e-11
281 3.82936e-08 6.4954e-11
283 3.75915e-08 5.55578e-11
285 3.70799e-08 6.16114e-11
287 3.64817e-08 5.26839e-11
289 3.59048e-08 6.49082e-11
291 3.53642e-08 6.01731e-11
293 3.48826e-08 5.4959e-11
295 3.43988e-08 5.84362e-11
297 3.38503e-08 5.45458e-11
299 3.34009e-08 6.06993e-11
301 3.13971e-08 5.35708e-11
303 2.85688e-08 5.62461e-11
305 2.74174e-08 4.77462e-11
307 2.63688e-08 4.99179e-11
309 2.5261e-08 4.82371e-11
311 2.44241e-08 4.55318e-11
313 2.52919e-08 4.62678e-11
315 2.486e-08 4.87901e-11
317 2.44787e-08 4.34441e-11
319 2.41444e-08 3.8892e-11
321 2.37793e-08 4.74608e-11
323 2.32961e-08 3.58695e-11
325 2.24409e-08 4.22754e-11
327 2.19013e-08 4.62788e-11
329 2.1478e-08 3.63103e-11
331 2.10641e-08 4.04205e-11
333 2.06268e-08 4.26247e-11
335 2.02104e-08 3.21702e-11
337 2.00326e-08 4.10667e-11
339 1.9659e-08 3.89077e-11
341 1.93233e-08 3.66532e-11
343 1.90605e-08 3.66362e-11
345 1.87523e-08 3.70212e-11
347 1.84371e-08 3.5115e-11
349 1.81709e-08 3.73009e-11
351 1.76048e-08 3.58051e-11
353 1.71178e-08 3.69305e-11
355 1.68301e-08 3.43341e-11
357 1.65059e-08 3.05265e-11
359 1.62049e-08 3.71018e-11
361 1.58993e-08 3.35685e-11
363 1.56372e-08 3.292e-11
365 1.53516e-08 3.1478e-11
367 1.52039e-08 3.26231e-11
369 1.49306e-08 3.26207e-11
371 1.47223e-08 2.96948e-11
373 1.45375e-08 3.3231e-11
375 1.42844e-08 3.66255e-11
377 1.40811e-08 3.53725e-11
379 1.38782e-08 3.00577e-11
381 1.37004e-08 3.02482e-11
383 1.3397e-08 3.05537e-11
385 1.29402e-08 3.06028e-11
387 1.27152e-08 2.82058e-11
389 1.25176e-08 2.81905e-11
391 1.2343e-08 3.0539e-11
393 1.21464e-08 2.81248e-11
395 1.18867e-08 3.0643e-11
397 1.17894e-08 2.63806e-11
399 1.16446e-08 2.85281e-11
401 1.14902e-08 2.52007e-11
403 1.13714e-08 2.76161e-11
405 1.1178e-08 3.00949e-11
407 1.10625e-08 2.75798e-11
409 1.09037e-08 2.74244e-11
411 1.082e-08 2.49531e-11
413 1.06858e-08 2.99696e-11
415 1.0502e-08 2.89224e-11
417 1.0375e-08 2.40202e-11
419 1.02482e-08 3.0376e-11
421 1.01595e-08 2.45288e-11
423 1.00116e-08 2.57166e-11
425 9.57671e-09 2.65534e-11
427 9.44954e-09 2.60261e-11
429 9.27684e-09 2.59014e-11
431 9.16662e-09 2.3894e-11
433 9.09065e-09 2.32349e-11
435 8.8809e-09 2.38332e-11
437 8.75848e-09 2.43203e-11
439 8.63226e-09 2.56501e-11
441 8.48678e-09 2.33211e-11
443 8.40798e-09 2.3963e-11
445 8.28774e-09 2.23229e-11
447 8.19372e-09 2.35582e-11
449 8.13404e-09 2.35542e-11
451 8.02977e-09 2.17662e-11
453 7.93937e-09 2.31636e-11
455 7.86654e-09 2.03211e-11
457 7.77268e-09 2.23072e-11
459 7.70784e-09 2.25722e-11
461 7.62553e-09 2.40908e-11
463 7.53334e-09 2.05443e-11
465 7.44183e-09 2.09633e-11
467 7.41238e-09 2.23578e-11
469 7.27047e-09 2.16943e-11
471 7.23194e-09 2.07714e-11
473 7.15758e-09 1.9992e-11
475 7.09911e-09 2.09972e-11
477 6.63021e-09 2.10039e-11
479 6.46837e-09 1.87246e-11
481 6.34827e-09 2.00498e-11
483 6.29402e-09 1.80267e-11
485 6.17194e-09 2.06959e-11
487 6.0821e-09 2.06856e-11
489 5.99527e-09 1.84683e-11
491 5.93661e-09 1.80209e-11
493 5.86525e-09 1.65131e-11
495 5.77895e-09 1.81409e-11
497 5.68678e-09 1.78951e-11
499 5.64265e-09 1.88372e-11
501 5.55119e-09 1.7342e-11
503 5.49201e-09 2.23848e-11
505 5.42595e-09 1.97018e-11
507 5.32961e-09 1.52134e-11
509 5.30457e-09 1.64146e-11
511 5.32785e-09 1.6897e-11
513 5.27005e-09 1.77129e-11
515 5.22264e-09 1.6781e-11
517 5.17193e-09 1.84557e-11
519 5.14219e-09 1.61963e-11
521 5.05935e-09 1.68143e-11
523 5.04265e-09 1.94214e-11
525 4.96567e-09 1.74275e-11
527 4.92745e-09 1.43932e-11
529 4.91867e-09 1.68465e-11
531 4.89325e-09 1.72494e-11
533 4.82125e-09 1.74596e-11
535 4.77789e-09 1.5433e-11
537 4.77086e-09 1.83862e-11
539 4.69519e-09 1.56499e-11
541 4.64165e-09 1.77286e-11
543 4.57575e-09 1.73162e-11
545 4.55729e-09 1.91294e-11
547 4.49404e-09 1.5349e-11
549 4.47388e-09 1.7703e-11
551 4.38595e-09 1.68874e-11
553 4.1104e-09 1.54788e-11
555 4.02874e-09 1.51421e-11
557 3.99872e-09 1.53259e-11
559 3.97529e-09 1.39797e-11
561 3.94232e-09 1.65183e-11
563 3.8798e-09 1.50672e-11
565 3.84861e-09 1.4515e-11
567 3.78354e-09 1.54869e-11
569 3.78155e-09 1.39864e-11
571 3.72608e-09 1.58237e-11
573 3.69001e-09 1.35714e-11
575 3.66444e-09 1.75894e-11
577 3.65012e-09 1.56635e-11
579 3.61641e-09 1.47525e-11
581 3.56095e-09 1.47927e-11
583 3.53337e-09 1.26362e-11
585 3.50837e-09 1.43231e-11
587 3.47712e-09 1.30921e-11
589 3.45292e-09 1.41885e-11
591 3.42405e-09 1.44719e-11
593 3.38252e-09 1.43208e-11
595 3.37221e-09 1.25572e-11
597 3.31184e-09 1.40112e-11
599 3.29759e-09 1.37919e-11
601 3.2771e-09 1.43459e-11
603 3.27705e-09 1.35399e-11
605 3.27321e-09 1.41906e-11
607 3.27726e-09 1.484e-11
609 3.25155e-09 1.49909e-11
611 3.24713e-09 1.42429e-11
613 3.19884e-09 1.40869e-11
615 3.20063e-09 1.26368e-11
617 3.1482e-09 1.35515e-11
619 3.15595e-09 1.3645e-11
621 3.12011e-09 1.30758e-11
623 3.07978e-09 1.3347e-11
625 3.09059e-09 1.45055e-11
627 3.03269e-09 1.47052e-11
629 2.62875e-09 1.30098e-11
631 2.57084e-09 1.18899e-11
633 2.5976e-09 1.17374e-11
635 2.59595e-09 1.15876e-11
637 2.55909e-09 1.12229e-11
639 2.56806e-09 1.14673e-11
641 2.58292e-09 1.15095e-11
643 2.55572e-09 1.15211e-11
645 2.55732e-09 1.28226e-11
647 2.55619e-09 1.02721e-11
649 2.53593e-09 1.11582e-11
651 2.5226e-09 1.18636e-11
653 2.51343e-09 1.18206e-11
655 2.52619e-09 1.20754e-11
657 2.49646e-09 1.17032e-11
659 2.48823e-09 1.04047e-11
661 2.49152e-09 1.19339e-11
663 2.47287e-09 1.01624e-11
665 2.45204e-09 1.11897e-11
667 2.4656e-09 1.23122e-11
669 2.43006e-09 1.0306e-11
671 2.31082e-09 9.45552e-12
673 2.27262e-09 1.06918e-11
675 2.28402e-09 1.11915e-11
677 2.24571e-09 1.17068e-11
679 2.23217e-09 1.0164e-11
681 2.20952e-09 9.06545e-12
683 2.20622e-09 1.21942e-11
685 2.1799e-09 1.02119e-11
687 2.1737e-09 9.70315e-12
689 2.16286e-09 1.13389e-11
691 2.12522e-09 1.07758e-11
693 2.11582e-09 1.03163e-11
695 2.11447e-09 1.08778e-11
697 2.07877e-09 1.04619e-11
699 2.06436e-09 1.15032e-11
701 2.0608e-09 1.06469e-11
703 2.04173e-09 1.08174e-11
705 2.04112e-09 9.8835e-12
707 2.00864e-09 1.14902e-11
709 1.99217e-09 9.34637e-12
711 1.98175e-09 8.96078e-12
713 1.96147e-09 1.03062e-11
715 1.9616e-09 9.76027e-12
717 1.91721e-09 9.73701e-12
719 1.93156e-09 1.11727e-11
721 1.90612e-09 9.73438e-12
723 1.87325e-09 9.21979e-12
725 1.8748e-09 1.00707e-11
727 1.88179e-09 1.00545e-11
729 1.8473e-09 9.92134e-12
731 1.83975e-09 1.08094e-11
733 1.80859e-09 1.06548e-11
735 1.7848e-09 9.40343e-12
737 1.77289e-09 1.01236e-11
739 1.76528e-09 8.5191e-12
741 1.75508e-09 9.19024e-12
743 1.73878e-09 9.51815e-12
745 1.71465e-09 8.30889e-12
747 1.71359e-09 8.40015e-12
749 1.71041e-09 9.55638e-12
751 1.70498e-09 8.99003e-12
753 1.67947e-09 8.3999e-12
755 1.66161e-09 9.03214e-12
757 1.64807e-09 9.60905e-12
759 1.65352e-09 8.37313e-12
761 1.63618e-09 8.91504e-12
763 1.64039e-09 8.84661e-12
765 1.61809e-09 1.00367e-11
767 1.61006e-09 9.48884e-12
769 1.5935e-09 9.98903e-12
771 1.59615e-09 9.17366e-12
773 1.58304e-09 8.35337e-12
775 1.58075e-09 8.83107e-12
777 1.55538e-09 9.73242e-12
779 1.56295e-09 9.15665e-12
781 1.55171e-09 9.47328e-12
783 1.55135e-09 9.68356e-12
785 1.53381e-09 9.63996e-12
787 1.52195e-09 8.43112e-12
789 1.51167e-09 7.97537e-12
791 1.50806e-09 8.17899e-12
793 1.47566e-09 8.37857e-12
795 1.46829e-09 9.467e-12
797 1.47856e-09 8.18554e-12
799 1.46673e-09 8.54946e-12
801 1.47039e-09 8.2298e-12
803 1.47207e-09 8.58478e-12
805 1.45095e-09 8.32114e-12
807 1.45411e-09 8.1318e-12
809 1.43229e-09 8.09389e-12
811 1.43323e-09 8.35815e-12
813 1.42884e-09 8.70634e-12
815 1.41009e-09 8.51757e-12
817 1.42362e-09 7.68476e-12
819 1.39956e-09 8.31931e-12
821 1.40169e-09 8.98451e-12
823 1.3934e-09 7.68265e-12
825 1.37405e-09 8.46002e-12
827 1.37605e-09 7.99796e-12
829 1.38201e-09 8.20977e-12
831 1.37862e-09 7.22821e-12
833 1.36987e-09 7.66882e-12
835 1.35703e-09 7.84331e-12
837 1.3623e-09 7.69491e-12
839 1.34956e-09 8.97758e-12
841 1.35088e-09 7.28403e-12
843 1.33902e-09 8.22573e-12
845 1.32922e-09 7.63178e-12
847 1.33581e-09 8.60409e-12
849 1.33516e-09 8.53504e-12
851 1.32078e-09 7.89969e-12
853 1.30223e-09 7.44648e-12
855 1.31468e-09 7.20263e-12
857 1.32657e-09 8.2183e-12
859 1.31628e-09 7.86333e-12
861 1.32668e-09 7.09358e-12
863 1.33271e-09 7.8939e-12
865 1.33668e-09 8.08161e-12
867 1.31838e-09 7.65524e-12
869 1.31956e-09 7.95982e-12
871 1.31723e-09 7.87299e-12
873 1.30965e-09 8.71125e-12
875 1.31576e-09 7.34777e-12
877 1.30484e-09 8.28854e-12
879 1.30487e-09 7.98799e-12
881 1.29241e-09 8.17294e-12
883 1.3018e-09 8.14056e-12
885 1.33421e-09 9.3328e-12
887 1.33875e-09 7.87562e-12
889 1.34583e-09 8.69086e-12
891 1.32582e-09 7.46832e-12
893 1.33017e-09 7.19487e-12
895 1.32684e-09 9.27607e-12
897 1.317e-09 7.40948e-12
899 1.32113e-09 7.4576e-12
901 1.29294e-09 8.57287e-12
903 1.28222e-09 8.02339e-12
905 1.27523e-09 7.29552e-12
907 1.27846e-09 7.53303e-12
909 1.27238e-09 8.08683e-12
911 1.27496e-09 8.09939e-12
913 1.26384e-09 7.93851e-12
915 1.25159e-09 7.88932e-12
917 1.26059e-09 7.94945e-12
919 1.25428e-09 7.19008e-12
921 1.24321e-09 6.90061e-12
923 1.24555e-09 5.81126e-12
925 1.23679e-09 7.00018e-12
927 1.23961e-09 6.57706e-12
929 1.224e-09 7.23869e-12
931 1.22465e-09 7.49542e-12
933 1.22261e-09 7.7456e-12
935 1.23054e-09 7.57851e-12
937 1.2258e-09 7.13967e-12
939 1.21995e-09 6.68953e-12
941 1.21152e-09 7.13188e-12
943 1.21547e-09 6.27173e-12
945 1.20531e-09 7.18509e-12
947 1.19751e-09 6.98635e-12
949 1.21308e-09 7.38169e-12
951 1.20376e-09 7.86176e-12
953 1.21014e-09 7.40255e-12
955 1.20699e-09 7.26227e-12
957 1.19734e-09 7.61849e-12
959 1.19697e-09 6.38458e-12
961 1.20549e-09 7.4001e-12
963 1.18951e-09 6.70762e-12
965 1.20118e-09 7.45842e-12
967 1.18842e-09 6.6677e-12
969 1.17688e-09 7.1703e-12
971 1.18951e-09 7.30999e-12
973 1.18938e-09 6.97159e-12
975 1.1796e-09 6.50817e-12
977 1.17647e-09 5.8967e-12
979 1.20087e-09 7.18642e-12
981 1.2576e-09 6.78712e-12
983 1.25372e-09 7.7186e-12
985 1.26205e-09 6.81223e-12
987 1.25248e-09 6.69856e-12
989 1.26077e-09 7.10478e-12
991 1.24881e-09 7.75724e-12
993 1.26532e-09 7.50369e-12
995 1.26511e-09 7.312e-12
997 1.25306e-09 6.91232e-12
999 1.26193e-09 7.28107e-12
1001 1.26164e-09 6.54328e-12
1003 1.27075e-09 6.64091e-12
1005 1.26065e-09 7.60983e-12
1007 1.2743e-09 7.24171e-12
1009 1.27866e-09 7.10694e-12
1011 1.26896e-09 7.15374e-12
1013 1.28654e-09 8.17275e-12
1015 1.28165e-09 6.36558e-12
1017 1.28901e-09 7.05294e-12
1019 1.27991e-09 6.83331e-12
1021 1.29371e-09 8.17635e-12
1023 1.28259e-09 7.12967e-12
1025 1.28435e-09 6.79128e-12
1027 1.29616e-09 7.04586e-12
1029 1.30804e-09 7.1262e-12
1031 1.2922e-09 5.99708e-12
1033 1.30091e-09 6.7547e-12
1035 1.31925e-09 7.23714e-12
1037 1.31022e-09 7.70833e-12
1039 1.31012e-09 6.27089e-12
1041 1.31681e-09 6.68771e-12
1043 1.31585e-09 5.69996e-12
1045 1.32419e-09 6.53986e-12
1047 1.32579e-09 7.24611e-12
1049 1.34005e-09 7.0839e-12
1051 1.3361e-09 6.87032e-12
1053 1.34713e-09 5.87078e-12
1055 1.34965e-09 6.36377e-12
1057 1.36164e-09 6.68788e-12
1059 1.3783e-09 6.81254e-12
1061 1.37133e-09 6.86813e-12
1063 1.39903e-09 7.33983e-12
1065 1.41554e-09 7.3423e-12
1067 1.42946e-09 7.15525e-12
1069 1.42826e-09 7.05326e-12
1071 1.45207e-09 7.18666e-12
1073 1.4617e-09 8.00401e-12
1075 1.47848e-09 7.34663e-12
1077 1.48773e-09 7.22282e-12
1079 1.50079e-09 8.53201e-12
1081 1.51122e-09 7.58615e-12
1083 1.51479e-09 6.91974e-12
1085 1.51665e-09 7.01334e-12
1087 1.5653e-09 6.92782e-12
1089 1.58054e-09 7.17103e-12
1091 1.78902e-09 7.22093e-12
1093 2.01649e-09 7.90863e-12
1095 2.15793e-09 7.92627e-12
1097 2.31264e-09 7.95338e-12
1099 2.3873e-09 8.53568e-12
1101 2.50258e-09 7.53084e-12
1103 2.6844e-09 1.15109e-11
1105 3.10306e-09 1.03082e-11
1107 3.77015e-09 8.37521e-12
1109 5.22088e-09 1.25664e-11
1111 8.94341e-09 1.68023e-11
1113 1.77158e-10 3.95513e-12
1115 1.76807e-10 3.77537e-12
1117 1.75636e-10 4.35327e-12
1119 1.8088e-10 3.92879e-12
1121 1.7913e-10 4.29626e-12
1123 1.85691e-10 4.43004e-12
1125 1.80438e-10 4.40039e-12
1127 1.84031e-10 4.14405e-12
1129 1.78082e-10 4.06383e-12
1131 1.80598e-10 4.02719e-12
1133 1.71259e-10 3.95103e-12
1135 1.79114e-10 3.94293e-12
1137 1.80648e-10 4.10361e-12
1139 1.78904e-10 3.79321e-12
1141 1.80741e-10 4.34995e-12
1143 1.77979e-10 4.01957e-12
1145 1.79506e-10 3.87855e-12
1147 1.76126e-10 4.38087e-12
1149 1.73716e-10 3.75293e-12
1151 1.72684e-10 4.3479e-12
1153 1.83645e-10 4.24081e-12
1155 1.78838e-10 4.09969e-12
1157 1.7896e-10 4.20042e-12
1159 1.79819e-10 3.88406e-12
1161 1.76779e-10 3.99851e-12
1163 1.75489e-10 3.87964e-12
1165 1.72088e-10 3.67449e-12
1167 1.78466e-10 3.20881e-12
1169 1.71255e-10 3.75401e-12
1171 1.76585e-10 3.85406e-12
1173 1.81441e-10 4.46595e-12
1175 1.76244e-10 4.15483e-12
1177 1.78971e-10 3.70995e-12
1179 1.72327e-10 3.7192e-12
1181 1.69389e-10 3.88695e-12
1183 1.72494e-10 4.04726e-12
1185 1.74947e-10 3.03962e-12
1187 1.7068e-10 3.98735e-12
1189 1.67171e-10 3.80549e-12
1191 1.81781e-10 3.89693e-12
1193 1.78069e-10 4.04106e-12
1195 1.61749e-10 3.77329e-12
1197 1.53983e-10 3.06371e-12
1199 1.51439e-10 3.52906e-12
1201 1.49683e-10 4.12505e-12
1203 1.55713e-10 3.13291e-12
1205 1.52715e-10 3.67905e-12
1207 1.44122e-10 3.13103e-12
1209 1.50534e-10 4.04837e-12
1211 1.57272e-10 3.62065e-12
1213 1.49788e-10 3.83123e-12
1215 1.45343e-10 3.65101e-12
1217 1.38719e-10 3.50823e-12
1219 1.41814e-10 3.00011e-12
1221 1.43307e-10 3.55302e-12
1223 1.36978e-10 3.13114e-12
1225 1.45453e-10 3.66735e-12
1227 1.42882e-10 3.56298e-12
1229 1.34694e-10 3.40169e-12
1231 1.37833e-10 3.37107e-12
1233 1.4232e-10 3.65516e-12
1235 1.36159e-10 3.45524e-12
1237 1.39004e-10 3.4416e-12
1239 1.38105e-10 3.3591e-12
1241 1.339e-10 3.36709e-12
1243 1.44035e-10 3.48849e-12
1245 1.3491e-10 2.92286e-12
1247 1.39746e-10 3.35918e-12
1249 1.42855e-10 3.21272e-12
1251 1.30255e-10 3.11253e-12
1253 1.43769e-10 3.37597e-12
1255 1.41644e-10 3.39345e-12
1257 1.39349e-10 3.51908e-12
1259 1.4095e-10 3.23921e-12
1261 1.38302e-10 3.63132e-12
1263 1.32308e-10 3.22567e-12
1265 1.34988e-10 3.37309e-12
1267 1.36979e-10 3.18107e-12
1269 1.37482e-10 3.34784e-12
1271 1.39453e-10 3.06671e-12
1273 1.32202e-10 3.27239e-12
1275 1.37067e-10 3.43188e-12
1277 1.37722e-10 3.64634e-12
1279 1.34686e-10 3.41936e-12
1281 1.3985e-10 3.12329e-12
1283 1.36501e-10 3.8502e-12
1285 1.2104e-10 3.08372e-12
1287 1.28829e-10 3.27478e-12
1289 1.32639e-10 3.69687e-12
1291 1.28245e-10 2.66593e-12
1293 1.2951e-10 3.10616e-12
1295 1.25437e-10 2.8916e-12
1297 1.2737e-10 3.31385e-12
1299 1.26528e-10 3.44394e-12
1301 1.30449e-10 3.29574e-12
1303 1.2491e-10 2.94353e-12
1305 1.27516e-10 2.95139e-12
1307 1.28279e-10 3.64146e-12
1309 1.22906e-10 2.93465e-12
1311 1.21998e-10 3.21187e-12
1313 1.2197e-10 3.25133e-12
1315 1.2571e-10 3.48678e-12
1317 1.20048e-10 2.93524e-12
1319 1.21544e-10 2.75522e-12
1321 1.18347e-10 2.91569e-12
1323 1.26903e-10 3.2296e-12
1325 1.20769e-10 3.23043e-12
1327 1.21563e-10 3.41608e-12
1329 1.22966e-10 2.86704e-12
1331 1.20735e-10 3.105e-12
1333 1.2199e-10 2.79633e-12
1335 1.13269e-10 3.21259e-12
1337 1.20988e-10 3.25736e-12
1339 1.21539e-10 2.95004e-12
1341 1.22837e-10 3.30844e-12
1343 1.16478e-10 3.08388e-12
1345 1.19091e-10 2.97897e-12
1347 1.20362e-10 3.23202e-12
1349 1.21798e-10 3.46452e-12
1351 1.16418e-10 2.97987e-12
1353 1.18794e-10 3.20647e-12
1355 1.16773e-10 2.875e-12
1357 1.21943e-10 2.95897e-12
1359 1.18379e-10 2.81637e-12
1361 1.13118e-10 2.87131e-12
1363 1.17166e-10 3.32595e-12
1365 1.18122e-10 3.03762e-12
1367 1.16393e-10 2.72918e-12
1369 1.13072e-10 3.06189e-12
1371 1.15519e-10 2.52203e-12
1373 1.16405e-10 3.3143e-12
1375 1.13356e-10 3.09138e-12
1377 1.16359e-10 3.27156e-12
1379 1.14552e-10 2.93186e-12
1381 1.15781e-10 3.09747e-12
1383 1.13302e-10 2.99934e-12
1385 1.16414e-10 3.03182e-12
1387 1.11592e-10 2.91435e-12
1389 1.05984e-10 2.94917e-12
1391 1.13318e-10 2.89868e-12
1393 1.099e-10 3.21848e-12
1395 1.11495e-10 2.76451e-12
1397 1.09318e-10 2.7726e-12
1399 1.07062e-10 2.79713e-12
1401 1.07805e-10 2.92828e-12
1403 1.04138e-10 2.76854e-12
1405 1.09939e-10 2.91119e-12
1407 1.08659e-10 2.79693e-12
1409 1.07395e-10 2.91043e-12
1411 1.06945e-10 2.73781e-12
1413 1.05569e-10 2.6985e-12
1415 1.07141e-10 2.75503e-12
1417 1.07567e-10 2.72944e-12
1419 1.05428e-10 3.04889e-12
1421 1.03186e-10 2.7893e-12
1423 1.0294e-10 2.87788e-12
1425 1.06065e-10 2.69667e-12
1427 1.03538e-10 2.4694e-12
1429 1.03033e-10 2.68378e-12
1431 1.02712e-10 2.505e-12
1433 1.00158e-10 2.27926e-12
1435 1.03557e-10 2.69653e-12
1437 1.04335e-10 3.02241e-12
1439 1.0018e-10 2.52527e-12
1441 1.03212e-10 2.62719e-12
1443 1.02735e-10 2.81035e-12
1445 1.01433e-10 2.61731e-12
1447 1.01338e-10 2.86721e-12
1449 1.04362e-10 2.7868e-12
1451 1.00296e-10 2.81363e-12
1453 9.98439e-11 2.50055e-12
1455 9.92419e-11 2.59587e-12
1457 1.03136e-10 2.89838e-12
1459 9.59396e-11 2.58104e-12
1461 1.02512e-10 2.6931e-12
1463 9.79819e-11 2.48506e-12
1465 1.00272e-10 2.77751e-12
1467 1.01118e-10 2.53559e-12
1469 1.01022e-10 2.90166e-12
1471 9.63314e-11 2.65186e-12
1473 1.00195e-10 2.64809e-12
1475 9.83421e-11 2.6998e-12
1477 9.92525e-11 2.5741e-12
1479 9.87125e-11 2.66658e-12
1481 9.63533e-11 2.69608e-12
1483 9.91126e-11 2.60698e-12
1485 9.83121e-11 2.78894e-12
1487 9.59595e-11 2.62129e-12
1489 9.90871e-11 2.73078e-12
1491 9.78968e-11 2.71832e-12
1493 9.27725e-11 2.40667e-12
1495 9.72176e-11 2.31087e-12
1497 9.26684e-11 2.2843e-12
1499 9.845e-11 2.513e-12
1501 9.42392e-11 2.58699e-12
1503 9.709e-11 2.65741e-12
1505 9.55873e-11 2.4843e-12
1507 9.4221e-11 2.53492e-12
1509 9.52876e-11 2.41313e-12
1511 9.42522e-11 2.73559e-12
1513 9.44248e-11 2.79142e-12
1515 9.4272e-11 2.98743e-12
1517 9.31924e-11 2.2522e-12
1519 9.39134e-11 2.77299e-12
1521 8.88261e-11 2.37768e-12
1523 9.04765e-11 2.27766e-12
1525 9.29285e-11 2.68968e-12
1527 9.01759e-11 2.63197e-12
1529 9.03274e-11 2.70255e-12
1531 9.39831e-11 2.48989e-12
1533 8.96572e-11 2.46933e-12
1535 9.17937e-11 2.49325e-12
1537 8.84158e-11 3.21998e-12
1539 8.93609e-11 2.576e-12
1541 9.05899e-11 2.17912e-12
1543 9.04661e-11 2.64451e-12
1545 9.2076e-11 2.17212e-12
1547 8.36455e-11 2.61755e-12
1549 9.12719e-11 2.65018e-12
1551 8.7225e-11 2.69169e-12
1553 9.01961e-11 2.45129e-12
1555 8.46279e-11 2.46216e-12
1557 9.00507e-11 2.59177e-12
1559 8.33871e-11 2.47064e-12
1561 8.48145e-11 2.37233e-12
1563 9.12865e-11 2.38932e-12
1565 8.71837e-11 2.70354e-12
1567 8.73242e-11 2.32878e-12
1569 8.8648e-11 2.5667e-12
1571 8.80525e-11 2.40768e-12
1573 8.61463e-11 2.51937e-12
1575 8.34833e-11 2.08759e-12
1577 8.58995e-11 2.40345e-12
1579 8.92401e-11 2.06982e-12
1581 8.36194e-11 2.23037e-12
1583 8.30245e-11 2.29963e-12
1585 8.59692e-11 2.4197e-12
1587 8.33376e-11 2.51012e-12
1589 8.27329e-11 2.33798e-12
1591 8.56517e-11 2.28622e-12
1593 8.62418e-11 2.33925e-12
1595 8.36418e-11 2.58594e-12
1597 8.01039e-11 2.07459e-12
1599 8.31472e-11 2.38953e-12
1601 8.37296e-11 2.43286e-12
1603 8.35124e-11 2.52001e-12
1605 8.29435e-11 2.56262e-12
1607 8.40355e-11 2.46287e-12
1609 8.46323e-11 2.29998e-12
1611 8.28036e-11 2.04948e-12
1613 8.0803e-11 2.39328e-12
1615 8.21055e-11 2.02316e-12
1617 8.34242e-11 2.40471e-12
1619 8.37723e-11 2.04186e-12
1621 7.71915e-11 2.33038e-12
1623 8.45402e-11 2.35194e-12
1625 7.99324e-11 2.4841e-12
1627 8.26624e-11 2.34859e-12
1629 8.09177e-11 2.74795e-12
1631 8.33431e-11 1.95049e-12
1633 8.0274e-11 2.46854e-12
1635 8.1837e-11 2.22608e-12
1637 8.04383e-11 2.18389e-12
1639 8.03268e-11 2.01242e-12
1641 8.25716e-11 2.40042e-12
1643 8.0035e-11 2.33116e-12
1645 7.45291e-11 2.13796e-12
1647 8.07075e-11 2.40186e-12
1649 8.03209e-11 2.34671e-12
1651 7.99213e-11 2.34524e-12
1653 7.88501e-11 2.4067e-12
1655 7.92804e-11 2.2174e-12
1657 8.13067e-11 2.16408e-12
1659 7.98557e-11 2.47633e-12
1661 7.87533e-11 2.35432e-12
1663 7.82001e-11 2.06763e-12
1665 7.59213e-11 2.19847e-12
1667 7.92879e-11 2.60571e-12
1669 7.99151e-11 2.12488e-12
1671 7.80846e-11 2.4018e-12
1673 7.82701e-11 2.28364e-12
1675 7.7633e-11 2.49004e-12
1677 7.52257e-11 2.2818e-12
1679 7.61414e-11 2.17438e-12
1681 7.359e-11 2.22279e-12
1683 7.50859e-11 2.20866e-12
1685 7.70052e-11 2.37456e-12
1687 7.04986e-11 2.19415e-12
1689 7.75212e-11 2.03806e-12
1691 7.38294e-11 1.90055e-12
1693 7.12923e-11 2.14684e-12
1695 7.71193e-11 2.25719e-12
1697 7.10554e-11 2.05491e-12
1699 7.43875e-11 2.32704e-12
1701 7.20971e-11 1.84545e-12
1703 7.13399e-11 2.37325e-12
1705 7.25726e-11 2.25457e-12
1707 7.16721e-11 1.84344e-12
1709 7.12693e-11 2.31383e-12
1711 7.4258e-11 2.14669e-12
1713 7.10997e-11 2.16335e-12
1715 7.61215e-11 2.32815e-12
1717 7.11118e-11 2.3257e-12
1719 6.97912e-11 2.34072e-12
1721 7.33415e-11 2.12592e-12
1723 7.58147e-11 2.28242e-12
1725 6.83502e-11 1.90791e-12
1727 6.91215e-11 2.18822e-12
1729 7.36966e-11 1.95886e-12
1731 6.74433e-11 2.01759e-12
1733 7.01736e-11 2.19462e-12
1735 7.16386e-11 2.12126e-12
1737 7.04841e-11 2.00926e-12
1739 6.72202e-11 1.89763e-12
1741 6.70703e-11 2.12183e-12
1743 7.28051e-11 2.08798e-12
1745 7.20513e-11 2.02471e-12
1747 6.64209e-11 1.97483e-12
1749 6.92708e-11 2.01749e-12
1751 6.79604e-11 2.26839e-12
1753 6.67108e-11 2.12625e-12
1755 7.13396e-11 2.14855e-12
1757 6.78914e-11 1.92832e-12
1759 6.6977e-11 2.22133e-12
1761 7.20533e-11 2.07214e-12
1763 6.80283e-11 2.12184e-12
1765 6.47314e-11 1.85254e-12
1767 6.60619e-11 2.1443e-12
1769 6.76266e-11 2.18466e-12
1771 6.82001e-11 2.12758e-12
1773 6.93005e-11 1.93817e-12
1775 6.74758e-11 2.24353e-12
1777 6.74893e-11 1.98104e-12
1779 6.8748e-11 2.27086e-12
1781 6.79112e-11 1.73721e-12
1783 6.67554e-11 2.15121e-12
1785 6.3221e-11 1.88599e-12
1787 6.32685e-11 1.72564e-12
1789 6.69072e-11 1.87845e-12
1791 6.7107e-11 1.97401e-12
1793 6.91938e-11 1.90279e-12
1795 6.65224e-11 2.06025e-12
1797 6.72091e-11 2.18053e-12
1799 6.76486e-11 1.99524e-12
1801 6.24817e-11 1.77629e-12
1803 6.77253e-11 1.99827e-12
1805 6.39999e-11 2.02412e-12
1807 6.39633e-11 2.10081e-12
1809 6.5666e-11 1.79193e-12
1811 6.34485e-11 2.09771e-12
1813 6.76056e-11 1.74636e-12
1815 6.52787e-11 1.94068e-12
1817 6.41101e-11 1.91611e-12
1819 6.40703e-11 2.03256e-12
1821 6.59764e-11 2.18387e-12
1823 6.33369e-11 2.00215e-12
1825 6.5383e-11 1.96991e-12
1827 6.24561e-11 2.01274e-12
1829 6.44464e-11 2.14185e-12
1831 6.4744e-11 2.0678e-12
1833 6.28081e-11 1.91312e-12
1835 6.66394e-11 1.97872e-12
1837 6.20457e-11 1.89786e-12
1839 6.1193e-11 1.97131e-12
1841 6.20822e-11 2.00805e-12
1843 6.33818e-11 1.77027e-12
1845 6.53399e-11 2.00755e-12
1847 6.16684e-11 2.1076e-12
1849 6.42179e-11 1.88778e-12
1851 6.47394e-11 1.78614e-12
1853 6.23498e-11 2.07111e-12
1855 6.21314e-11 2.10586e-12
1857 6.38709e-11 2.29779e-12
1859 6.17544e-11 1.89231e-12
1861 6.11576e-11 2.13548e-12
1863 5.91982e-11 1.98854e-12
1865 6.1858e-11 1.98379e-12
1867 6.41836e-11 1.98e-12
1869 6.2732e-11 1.95802e-12
1871 6.2059e-11 1.89662e-12
1873 6.25005e-11 2.21876e-12
1875 6.1336e-11 1.90112e-12
1877 6.18207e-11 1.83016e-12
1879 6.05916e-11 1.93865e-12
1881 5.8249e-11 2.05383e-12
1883 6.02266e-11 2.12873e-12
1885 6.29341e-11 1.89149e-12
1887 6.15049e-11 1.91797e-12
1889 6.10449e-11 1.93008e-12
1891 6.17782e-11 1.93312e-12
1893 6.20067e-11 2.02146e-12
1895 6.28174e-11 1.94019e-12
1897 6.00415e-11 1.98151e-12
1899 6.21923e-11 2.12418e-12
1901 6.19292e-11 2.30366e-12
1903 6.18696e-11 2.20508e-12
1905 6.23074e-11 2.13157e-12
1907 6.17808e-11 2.15114e-12
1909 5.90404e-11 1.86523e-12
1911 6.22906e-11 1.9359e-12
1913 6.30057e-11 2.15242e-12
1915 6.12546e-11 2.45283e-12
1917 6.34748e-11 1.92954e-12
1919 5.79668e-11 1.81197e-12
1921 5.90608e-11 1.7081e-12
1923 6.00024e-11 2.16189e-12
1925 6.04717e-11 2.10745e-12
1927 6.38193e-11 1.96918e-12
1929 6.18936e-11 2.02718e-12
1931 5.87912e-11 1.68093e-12
1933 6.22779e-11 2.03031e-12
1935 6.21499e-11 2.06226e-12
1937 5.98186e-11 1.62526e-12
1939 6.03669e-11 1.8675e-12
1941 5.7203e-11 1.78712e-12
1943 5.89394e-11 1.97732e-12
1945 5.7802e-11 1.90708e-12
1947 5.81269e-11 1.81514e-12
1949 6.03903e-11 1.88221e-12
1951 5.59845e-11 1.98106e-12
1953 5.42325e-11 1.76797e-12
1955 6.15205e-11 2.30267e-12
1957 5.94696e-11 1.98532e-12
1959 6.18445e-11 1.98427e-12
1961 5.92472e-11 1.92973e-12
1963 5.85502e-11 1.84466e-12
1965 5.88859e-11 2.12314e-12
1967 5.92323e-11 2.10493e-12
1969 6.02781e-11 1.86032e-12
1971 6.0215e-11 2.0789e-12
1973 5.65926e-11 1.87277e-12
1975 6.05409e-11 1.93111e-12
1977 6.1008e-11 2.22704e-12
1979 5.6358e-11 2.16998e-12
1981 5.98472e-11 1.84246e-12
1983 5.68264e-11 2.06837e-12
1985 6.18794e-11 2.11215e-12
1987 5.7738e-11 1.67568e-12
1989 5.7857e-11 1.95552e-12
1991 5.75917e-11 2.03441e-12
1993 6.01469e-11 2.0965e-12
1995 5.6376e-11 1.74462e-12
1997 5.68312e-11 1.80233e-12
1999 5.98149e-11 2.04595e-12
