1 6.11317e-12 1.14844e-13
3 1.85978e-11 2.7734e-13
5 3.29858e-11 4.66422e-13
7 4.80007e-11 7.74784e-13
9 6.3498e-11 9.4898e-13
11 4.79492e-10 3.98053e-10
13 1.718e-09 9.73139e-10
15 9.92417e-10 6.06701e-10
17 1.41259e-10 2.05222e-12
19 1.59142e-10 2.02931e-12
21 1.83393e-10 2.4046e-12
23 4.9018e-09 7.19908e-10
25 4.02758e-06 2.76791e-08
27 0.000136371 1.58446e-07
29 0.000685317 3.6677e-07
31 0.00111831 4.62308e-07
33 0.000967746 4.91065e-07
35 0.000632512 3.33269e-07
37 0.000407419 2.14645e-07
39 0.000296603 1.89961e-07
41 0.000238332 1.44337e-07
43 0.000197418 1.21604e-07
45 0.000163568 1.03155e-07
47 0.000134918 8.80986e-08
49 0.000111227 7.76952e-08
51 9.20123e-05 6.7189e-08
53 7.68855e-05 5.55752e-08
55 6.51826e-05 4.7882e-08
57 5.59968e-05 4.23145e-08
59 4.86863e-05 3.76307e-08
61 4.26825e-05 3.39094e-08
63 3.76559e-05 2.90501e-08
65 3.35041e-05 2.72929e-08
67 3.00201e-05 2.44409e-08
69 2.70853e-05 2.26217e-08
71 2.4571e-05 2.03346e-08
73 2.23942e-05 1.84397e-08
75 2.05015e-05 1.75749e-08
77 1.88135e-05 1.56797e-08
79 1.73508e-05 1.42695e-08
81 1.60448e-05 1.33572e-08
83 1.48343e-05 1.23728e-08
85 1.37246e-05 1.17744e-08
87 1.2724e-05 1.07539e-08
89 1.18184e-05 9.96837e-09
91 1.09925e-05 9.50086e-09
93 1.02395e-05 8.65826e-09
95 9.54817e-06 8.02101e-09
97 8.92116e-06 7.77454e-09
99 8.34237e-06 7.37287e-09
101 7.81293e-06 6.93523e-09
103 7.32201e-06 6.73861e-09
105 6.87559e-06 6.12542e-09
107 6.46228e-06 5.95897e-09
109 6.07991e-06 5.25919e-09
111 5.72575e-06 4.85741e-09
113 5.39768e-06 4.76928e-09
115 5.09544e-06 4.36989e-09
117 4.81384e-06 4.17132e-09
119 4.55239e-06 3.91751e-09
121 4.3117e-06 3.72146e-09
123 4.08603e-06 3.63537e-09
125 3.86922e-06 3.46512e-09
127 3.67148e-06 3.38055e-09
129 3.4868e-06 3.13601e-09
131 3.31435e-06 2.97559e-09
133 3.15132e-06 2.86087e-09
135 2.99955e-06 2.78796e-09
137 2.85816e-06 2.6473e-09
139 2.72528e-06 2.32445e-09
141 2.60007e-06 2.35202e-09
143 2.48035e-06 2.32633e-09
145 2.36893e-06 2.12946e-09
147 2.26195e-06 2.07994e-09
149 2.16204e-06 1.94094e-09
151 2.06935e-06 1.91996e-09
153 1.98018e-06 1.77688e-09
155 1.89786e-06 1.81298e-09
157 1.81814e-06 1.64335e-09
159 1.74431e-06 1.56249e-09
161 1.6746e-06 1.64145e-09
163 1.60743e-06 1.46282e-09
165 1.54491e-06 1.37428e-09
167 1.4848e-06 1.41053e-09
169 1.42519e-06 1.2781e-09
171 1.37035e-06 1.32716e-09
173 1.3185e-06 1.25662e-09
175 1.26871e-06 1.16113e-09
177 1.22146e-06 1.18495e-09
179 1.17642e-06 1.08283e-09
181 1.13421e-06 1.1102e-09
183 1.09315e-06 1.02067e-09
185 1.05494e-06 1.0105e-09
187 1.01715e-06 9.27237e-10
189 9.83184e-07 1.02543e-09
191 9.48791e-07 8.09695e-10
193 9.14166e-07 9.47611e-10
195 8.83312e-07 8.04262e-10
197 8.54968e-07 8.22375e-10
199 8.27762e-07 7.87325e-10
201 8.01195e-07 7.48297e-10
203 7.75969e-07 7.54713e-10
205 7.51097e-07 6.9891e-10
207 7.27863e-07 6.6789e-10
209 7.04608e-07 6.69151e-10
211 6.82077e-07 6.5341e-10
213 6.61354e-07 6.20328e-10
215 6.40091e-07 6.05215e-10
217 6.21374e-07 5.92984e-10
219 6.0291e-07 5.70525e-10
221 5.84203e-07 5.53393e-10
223 5.67422e-07 5.26247e-10
225 5.51251e-07 5.09714e-10
227 5.34764e-07 5.01833e-10
229 5.1989e-07 4.96902e-10
231 5.0573e-07 4.8078e-10
233 4.90347e-07 4.63756e-10
235 4.76932e-07 4.41852e-10
237 4.64443e-07 4.45939e-10
239 4.5044e-07 4.13679e-10
241 4.38119e-07 4.26841e-10
243 4.26594e-07 3.82457e-10
245 4.15489e-07 3.7231e-10
247 4.03506e-07 3.72873e-10
249 3.92871e-07 3.67351e-10
251 3.83186e-07 3.72711e-10
253 3.73257e-07 3.52033e-10
255 3.62865e-07 3.52777e-10
257 3.5363e-07 3.1732e-10
259 3.45295e-07 3.23853e-10
261 3.36651e-07 3.17858e-10
263 3.27518e-07 3.06412e-10
265 3.19562e-07 3.00977e-10
267 3.12082e-07 2.8762e-10
269 3.04979e-07 2.91642e-10
271 2.97134e-07 2.8707e-10
273 2.89486e-07 2.66444e-10
275 2.82784e-07 2.89467e-10
277 2.76146e-07 2.70454e-10
279 2.70133e-07 2.63768e-10
281 2.62795e-07 2.47989e-10
283 2.56511e-07 2.34132e-10
285 2.5064e-07 2.58243e-10
287 2.45071e-07 2.50058e-10
289 2.39512e-07 2.39223e-10
291 2.33868e-07 2.47108e-10
293 2.28312e-07 2.08842e-10
295 2.23081e-07 2.47194e-10
297 2.18176e-07 2.25739e-10
299 2.13967e-07 2.16118e-10
301 2.09311e-07 2.33669e-10
303 2.03831e-07 2.14624e-10
305 1.9969e-07 2.11402e-10
307 1.95257e-07 2.06808e-10
309 1.91488e-07 2.24795e-10
311 1.87532e-07 1.81901e-10
313 1.83966e-07 2.22538e-10
315 1.79573e-07 2.01929e-10
317 1.75706e-07 2.10438e-10
319 1.72135e-07 2.01615e-10
321 1.68715e-07 1.85144e-10
323 1.65641e-07 2.02149e-10
325 1.62438e-07 1.92606e-10
327 1.59259e-07 1.94984e-10
329 1.55644e-07 1.79429e-10
331 1.52096e-07 1.87796e-10
333 1.49368e-07 1.7975e-10
335 1.46343e-07 1.74206e-10
337 1.43761e-07 1.70011e-10
339 1.4094e-07 1.62596e-10
341 1.38567e-07 1.69205e-10
343 1.35757e-07 1.5199e-10
345 1.32211e-07 1.78965e-10
347 1.29739e-07 1.5829e-10
349 1.2718e-07 1.6766e-10
351 1.25e-07 1.59576e-10
353 1.22457e-07 1.66937e-10
355 1.20622e-07 1.47708e-10
357 1.18226e-07 1.68504e-10
359 1.1636e-07 1.48007e-10
361 1.13496e-07 1.59476e-10
363 1.11286e-07 1.44941e-10
365 1.09478e-07 1.46618e-10
367 1.07305e-07 1.34728e-10
369 1.05703e-07 1.40901e-10
371 1.03708e-07 1.46538e-10
373 1.02128e-07 1.37683e-10
375 1.0032e-07 1.34546e-10
377 9.88081e-08 1.34641e-10
379 9.69999e-08 1.33462e-10
381 9.47671e-08 1.52887e-10
383 9.35531e-08 1.19617e-10
385 9.18e-08 1.33794e-10
387 9.02708e-08 1.42839e-10
389 8.90214e-08 1.25525e-10
391 8.7116e-08 1.25583e-10
393 8.57987e-08 1.19512e-10
395 8.4476e-08 1.32693e-10
397 8.30814e-08 1.10167e-10
399 8.18696e-08 1.08994e-10
401 8.03107e-08 1.27621e-10
403 7.91577e-08 1.11026e-10
405 7.78874e-08 1.12609e-10
407 7.66137e-08 1.28043e-10
409 7.55568e-08 1.06867e-10
411 7.44072e-08 1.06044e-10
413 7.3059e-08 1.19477e-10
415 7.20622e-08 1.1177e-10
417 7.08816e-08 9.25678e-11
419 6.99205e-08 1.15975e-10
421 6.89621e-08 8.85551e-11
423 6.79243e-08 1.02224e-10
425 6.66423e-08 1.07625e-10
427 6.58227e-08 9.92463e-11
429 6.47406e-08 1.06881e-10
431 6.38147e-08 9.90939e-11
433 6.29319e-08 9.18089e-11
435 6.20434e-08 9.62682e-11
437 6.1039e-08 1.04256e-10
439 5.99737e-08 8.90387e-11
441 5.91706e-08 1.03942e-10
443 5.82737e-08 1.00152e-10
445 5.74002e-08 9.06275e-11
447 5.66919e-08 9.95847e-11
449 5.58316e-08 9.32322e-11
451 5.50946e-08 8.7663e-11
453 5.41382e-08 8.62809e-11
455 5.33141e-08 9.14349e-11
457 5.28005e-08 9.00139e-11
459 5.19927e-08 8.84318e-11
461 5.11627e-08 8.62098e-11
463 5.05565e-08 8.48265e-11
465 5.00275e-08 7.59051e-11
467 4.91508e-08 8.08963e-11
469 4.82925e-08 9.04058e-11
471 4.77371e-08 8.05595e-11
473 4.71296e-08 7.38818e-11
475 4.66956e-08 8.45333e-11
477 4.58317e-08 8.53353e-11
479 4.52993e-08 7.73773e-11
481 4.48169e-08 7.96527e-11
483 4.41259e-08 7.64667e-11
485 4.3462e-08 7.78627e-11
487 4.28811e-08 7.6396e-11
489 4.23396e-08 7.12898e-11
491 4.18839e-08 6.873e-11
493 4.12806e-08 7.16135e-11
495 4.08436e-08 7.42132e-11
497 4.02637e-08 6.48051e-11
499 3.98395e-08 6.87937e-11
501 3.93184e-08 6.93981e-11
503 3.86739e-08 6.95909e-11
505 3.82849e-08 6.60754e-11
507 3.7746e-08 6.8678e-11
509 3.73366e-08 6.7347e-11
511 3.69464e-08 6.8606e-11
513 3.64004e-08 7.4108e-11
515 3.60319e-08 6.11643e-11
517 3.56361e-08 6.11865e-11
519 3.51862e-08 7.04362e-11
521 3.47255e-08 7.47204e-11
523 3.42666e-08 6.33138e-11
525 3.38197e-08 6.04756e-11
527 3.35265e-08 6.33732e-11
529 3.31952e-08 6.0038e-11
531 3.27083e-08 7.63885e-11
533 3.24454e-08 6.16445e-11
535 3.19659e-08 5.66308e-11
537 3.17286e-08 6.08408e-11
539 3.13212e-08 6.37208e-11
541 3.09094e-08 6.15511e-11
543 3.05606e-08 5.77303e-11
545 3.02246e-08 5.27334e-11
547 2.99424e-08 6.09547e-11
549 2.96451e-08 5.81755e-11
551 2.92768e-08 5.50543e-11
553 2.89514e-08 6.37821e-11
555 2.86135e-08 6.28617e-11
557 2.84265e-08 4.97332e-11
559 2.80761e-08 6.41555e-11
561 2.7844e-08 5.07936e-11
563 2.73975e-08 5.8088e-11
565 2.71823e-08 5.6166e-11
567 2.68676e-08 5.16844e-11
569 2.66405e-08 5.51121e-11
571 2.63867e-08 5.48965e-11
573 2.61112e-08 5.08481e-11
575 2.58071e-08 5.86368e-11
577 2.55734e-08 5.56711e-11
579 2.5298e-08 4.99918e-11
581 2.51309e-08 5.43044e-11
583 2.48968e-08 5.01143e-11
585 2.46719e-08 5.00018e-11
587 2.43102e-08 4.84514e-11
589 2.40931e-08 4.61833e-11
591 2.38504e-08 4.86336e-11
593 2.36863e-08 5.06291e-11
595 2.36116e-08 5.17871e-11
597 2.32701e-08 4.58612e-11
599 2.30042e-08 4.8128e-11
601 2.28399e-08 5.07627e-11
603 2.25938e-08 4.95773e-11
605 2.23713e-08 4.32737e-11
607 2.22099e-08 4.54381e-11
609 2.1997e-08 4.64562e-11
611 2.17647e-08 4.73273e-11
613 2.16081e-08 4.78647e-11
615 2.13558e-08 4.68265e-11
617 2.12351e-08 4.1087e-11
619 2.10918e-08 4.63352e-11
621 2.10039e-08 4.58066e-11
623 2.07248e-08 4.43696e-11
625 2.05751e-08 4.54416e-11
627 2.04177e-08 4.08057e-11
629 2.02865e-08 4.01035e-11
631 2.00927e-08 3.92699e-11
633 2.00107e-08 4.62004e-11
635 1.99381e-08 3.82422e-11
637 1.96297e-08 4.32599e-11
639 1.95982e-08 5.13538e-11
641 1.94834e-08 3.80148e-11
643 1.93795e-08 4.04861e-11
645 1.92444e-08 4.43232e-11
647 1.91667e-08 4.37487e-11
649 1.90243e-08 4.34046e-11
651 1.8863e-08 3.34194e-11
653 1.87832e-08 4.29081e-11
655 1.8675e-08 4.08558e-11
657 1.86027e-08 3.95565e-11
659 1.84366e-08 4.61722e-11
661 1.83718e-08 3.73067e-11
663 1.80989e-08 3.35608e-11
665 1.79931e-08 3.98828e-11
667 1.78627e-08 3.77999e-11
669 1.80486e-08 4.21856e-11
671 1.80019e-08 3.53474e-11
673 1.79115e-08 4.04538e-11
675 1.78704e-08 4.02165e-11
677 1.77751e-08 3.80922e-11
679 1.77234e-08 4.03654e-11
681 1.76774e-08 3.71737e-11
683 1.76795e-08 3.82691e-11
685 1.75695e-08 3.97169e-11
687 1.75128e-08 3.40384e-11
689 1.75544e-08 4.11821e-11
691 1.74415e-08 3.81292e-11
693 1.73581e-08 4.11214e-11
695 1.73852e-08 3.51844e-11
697 1.74826e-08 3.29011e-11
699 1.79956e-08 3.66752e-11
701 1.80599e-08 4.49482e-11
703 1.81148e-08 3.77597e-11
705 1.82558e-08 3.58451e-11
707 1.82551e-08 3.42521e-11
709 1.83263e-08 3.85301e-11
711 1.84217e-08 3.7514e-11
713 1.85417e-08 3.87907e-11
715 1.86631e-08 4.31473e-11
717 1.87159e-08 3.30797e-11
719 1.89275e-08 3.93178e-11
721 1.90452e-08 4.06355e-11
723 1.92595e-08 3.39365e-11
725 2.06742e-08 3.59248e-11
727 2.21494e-08 4.49133e-11
729 2.28363e-08 4.24175e-11
731 2.37502e-08 4.22021e-11
733 2.46613e-08 3.93922e-11
735 2.58449e-08 4.6116e-11
737 3.23792e-08 4.88541e-11
739 3.94978e-08 5.01218e-11
741 4.66617e-08 5.9455e-11
743 9.37005e-08 1.07176e-10
745 2.55728e-08 4.11422e-11
747 0 0
749 0 0
751 0 0
753 0 0
755 0 0
757 0 0
759 0 0
761 0 0
763 0 0
765 0 0
767 0 0
769 0 0
771 0 0
773 0 0
775 0 0
777 0 0
779 0 0
781 0 0
783 0 0
785 0 0
787 0 0
789 0 0
791 0 0
793 0 0
795 0 0
797 0 0
799 0 0
801 0 0
803 0 0
805 0 0
807 0 0
809 0 0
811 0 0
813 0 0
815 0 0
817 0 0
819 0 0
821 0 0
823 0 0
825 0 0
827 0 0
829 0 0
831 0 0
833 0 0
835 0 0
837 0 0
839 0 0
841 0 0
843 0 0
845 0 0
847 0 0
849 0 0
851 0 0
853 0 0
855 0 0
857 0 0
859 0 0
861 0 0
863 0 0
865 0 0
867 0 0
869 0 0
871 0 0
873 0 0
875 0 0
877 0 0
879 0 0
881 0 0
883 0 0
885 0 0
887 0 0
889 0 0
891 0 0
893 0 0
895 0 0
897 0 0
899 0 0
901 0 0
903 0 0
905 0 0
907 0 0
909 0 0
911 0 0
913 0 0
915 0 0
917 0 0
919 0 0
921 0 0
923 0 0
925 0 0
927 0 0
929 0 0
931 0 0
933 0 0
935 0 0
937 0 0
939 0 0
941 0 0
943 0 0
945 0 0
947 0 0
949 0 0
951 0 0
953 0 0
955 0 0
957 0 0
959 0 0
961 0 0
963 0 0
965 0 0
967 0 0
969 0 0
971 0 0
973 0 0
975 0 0
977 0 0
979 0 0
981 0 0
983 0 0
985 0 0
987 0 0
989 0 0
991 0 0
993 0 0
995 0 0
997 0 0
999 0 0
1001 0 0
1003 0 0
1005 0 0
1007 0 0
1009 0 0
1011 0 0
1013 0 0
1015 0 0
1017 0 0
1019 0 0
1021 0 0
1023 0 0
1025 0 0
1027 0 0
1029 0 0
1031 0 0
1033 0 0
1035 0 0
1037 0 0
1039 0 0
1041 0 0
1043 0 0
1045 0 0
1047 0 0
1049 0 0
1051 0 0
1053 0 0
1055 0 0
1057 0 0
1059 0 0
1061 0 0
1063 0 0
1065 0 0
1067 0 0
1069 0 0
1071 0 0
1073 0 0
1075 0 0
1077 0 0
1079 0 0
1081 0 0
1083 0 0
1085 0 0
1087 0 0
1089 0 0
1091 0 0
1093 0 0
1095 0 0
1097 0 0
1099 0 0
1101 0 0
1103 0 0
1105 0 0
1107 0 0
1109 0 0
1111 0 0
1113 0 0
1115 0 0
1117 0 0
1119 0 0
1121 0 0
1123 0 0
1125 0 0
1127 0 0
1129 0 0
1131 0 0
1133 0 0
1135 0 0
1137 0 0
1139 0 0
1141 0 0
1143 0 0
1145 0 0
1147 0 0
1149 0 0
1151 0 0
1153 0 0
1155 0 0
1157 0 0
1159 0 0
1161 0 0
1163 0 0
1165 0 0
1167 0 0
1169 0 0
1171 0 0
1173 0 0
1175 0 0
1177 0 0
1179 0 0
1181 0 0
1183 0 0
1185 0 0
1187 0 0
1189 0 0
1191 0 0
1193 0 0
1195 0 0
1197 0 0
1199 0 0
1201 0 0
1203 0 0
1205 0 0
1207 0 0
1209 0 0
1211 0 0
1213 0 0
1215 0 0
1217 0 0
1219 0 0
1221 0 0
1223 0 0
1225 0 0
1227 0 0
1229 0 0
1231 0 0
1233 0 0
1235 0 0
1237 0 0
1239 0 0
1241 0 0
1243 0 0
1245 0 0
1247 0 0
1249 0 0
1251 0 0
1253 0 0
1255 0 0
1257 0 0
1259 0 0
1261 0 0
1263 0 0
1265 0 0
1267 0 0
1269 0 0
1271 0 0
1273 0 0
1275 0 0
1277 0 0
1279 0 0
1281 0 0
1283 0 0
1285 0 0
1287 0 0
1289 0 0
1291 0 0
1293 0 0
1295 0 0
1297 0 0
1299 0 0
1301 0 0
1303 0 0
1305 0 0
1307 0 0
1309 0 0
1311 0 0
1313 0 0
1315 0 0
1317 0 0
1319 0 0
1321 0 0
1323 0 0
1325 0 0
1327 0 0
1329 0 0
1331 0 0
1333 0 0
1335 0 0
1337 0 0
1339 0 0
1341 0 0
1343 0 0
1345 0 0
1347 0 0
1349 0 0
1351 0 0
1353 0 0
1355 0 0
1357 0 0
1359 0 0
1361 0 0
1363 0 0
1365 0 0
1367 0 0
1369 0 0
1371 0 0
1373 0 0
1375 0 0
1377 0 0
1379 0 0
1381 0 0
1383 0 0
1385 0 0
1387 0 0
1389 0 0
1391 0 0
1393 0 0
1395 0 0
1397 0 0
1399 0 0
1401 0 0
1403 0 0
1405 0 0
1407 0 0
1409 0 0
1411 0 0
1413 0 0
1415 0 0
1417 0 0
1419 0 0
1421 0 0
1423 0 0
1425 0 0
1427 0 0
1429 0 0
1431 0 0
1433 0 0
1435 0 0
1437 0 0
1439 0 0
1441 0 0
1443 0 0
1445 0 0
1447 0 0
1449 0 0
1451 0 0
1453 0 0
1455 0 0
1457 0 0
1459 0 0
1461 0 0
1463 0 0
1465 0 0
1467 0 0
1469 0 0
1471 0 0
1473 0 0
1475 0 0
1477 0 0
1479 0 0
1481 0 0
1483 0 0
1485 0 0
1487 0 0
1489 0 0
1491 0 0
1493 0 0
1495 0 0
1497 0 0
1499 0 0
1501 0 0
1503 0 0
1505 0 0
1507 0 0
1509 0 0
1511 0 0
1513 0 0
1515 0 0
1517 0 0
1519 0 0
1521 0 0
1523 0 0
1525 0 0
1527 0 0
1529 0 0
1531 0 0
1533 0 0
1535 0 0
1537 0 0
1539 0 0
1541 0 0
1543 0 0
1545 0 0
1547 0 0
1549 0 0
1551 0 0
1553 0 0
1555 0 0
1557 0 0
1559 0 0
1561 0 0
1563 0 0
1565 0 0
1567 0 0
1569 0 0
1571 0 0
1573 0 0
1575 0 0
1577 0 0
1579 0 0
1581 0 0
1583 0 0
1585 0 0
1587 0 0
1589 0 0
1591 0 0
1593 0 0
1595 0 0
1597 0 0
1599 0 0
1601 0 0
1603 0 0
1605 0 0
1607 0 0
1609 0 0
1611 0 0
1613 0 0
1615 0 0
1617 0 0
1619 0 0
1621 0 0
1623 0 0
1625 0 0
1627 0 0
1629 0 0
1631 0 0
1633 0 0
1635 0 0
1637 0 0
1639 0 0
1641 0 0
1643 0 0
1645 0 0
1647 0 0
1649 0 0
1651 0 0
1653 0 0
1655 0 0
1657 0 0
1659 0 0
1661 0 0
1663 0 0
1665 0 0
1667 0 0
1669 0 0
1671 0 0
1673 0 0
1675 0 0
1677 0 0
1679 0 0
1681 0 0
1683 0 0
1685 0 0
1687 0 0
1689 0 0
1691 0 0
1693 0 0
1695 0 0
1697 0 0
1699 0 0
1701 0 0
1703 0 0
1705 0 0
1707 0 0
1709 0 0
1711 0 0
1713 0 0
1715 0 0
1717 0 0
1719 0 0
1721 0 0
1723 0 0
1725 0 0
1727 0 0
1729 0 0
1731 0 0
1733 0 0
1735 0 0
1737 0 0
1739 0 0
1741 0 0
1743 0 0
1745 0 0
1747 0 0
1749 0 0
1751 0 0
1753 0 0
1755 0 0
1757 0 0
1759 0 0
1761 0 0
1763 0 0
1765 0 0
1767 0 0
1769 0 0
1771 0 0
1773 0 0
1775 0 0
1777 0 0
1779 0 0
1781 0 0
1783 0 0
1785 0 0
1787 0 0
1789 0 0
1791 0 0
1793 0 0
1795 0 0
1797 0 0
1799 0 0
1801 0 0
1803 0 0
1805 0 0
1807 0 0
1809 0 0
1811 0 0
1813 0 0
1815 0 0
1817 0 0
1819 0 0
1821 0 0
1823 0 0
1825 0 0
1827 0 0
1829 0 0
1831 0 0
1833 0 0
1835 0 0
1837 0 0
1839 0 0
1841 0 0
1843 0 0
1845 0 0
1847 0 0
1849 0 0
1851 0 0
1853 0 0
1855 0 0
1857 0 0
1859 0 0
1861 0 0
1863 0 0
1865 0 0
1867 0 0
1869 0 0
1871 0 0
1873 0 0
1875 0 0
1877 0 0
1879 0 0
1881 0 0
1883 0 0
1885 0 0
1887 0 0
1889 0 0
1891 0 0
1893 0 0
1895 0 0
1897 0 0
1899 0 0
1901 0 0
1903 0 0
1905 0 0
1907 0 0
1909 0 0
1911 0 0
1913 0 0
1915 0 0
1917 0 0
1919 0 0
1921 0 0
1923 0 0
1925 0 0
1927 0 0
1929 0 0
1931 0 0
1933 0 0
1935 0 0
1937 0 0
1939 0 0
1941 0 0
1943 0 0
1945 0 0
1947 0 0
1949 0 0
1951 0 0
1953 0 0
1955 0 0
1957 0 0
1959 0 0
1961 0 0
1963 0 0
1965 0 0
1967 0 0
1969 0 0
1971 0 0
1973 0 0
1975 0 0
1977 0 0
1979 0 0
1981 0 0
1983 0 0
1985 0 0
1987 0 0
1989 0 0
1991 0 0
1993 0 0
1995 0 0
1997 0 0
1999 0 0
