1 1.35792e-12 3.89194e-14
3 4.32164e-12 1.07027e-13
5 7.0411e-12 1.46505e-13
7 1.02505e-08 1.90586e-09
9 1.11491e-07 5.96537e-09
11 2.22738e-07 1.04924e-08
13 4.08549e-06 2.78797e-08
15 0.000617611 3.77173e-07
17 0.00195596 7.69552e-07
19 0.00117911 5.74786e-07
21 0.000585271 3.42784e-07
23 0.000372258 2.14253e-07
25 0.000278078 1.6886e-07
27 0.000186977 1.27523e-07
29 0.000141748 1.03443e-07
31 0.000112243 8.3217e-08
33 8.19766e-05 6.41177e-08
35 6.30926e-05 5.08456e-08
37 5.38872e-05 4.39777e-08
39 4.71559e-05 3.88043e-08
41 4.19551e-05 3.52061e-08
43 3.78017e-05 3.09112e-08
45 3.24461e-05 2.687e-08
47 2.56419e-05 2.1707e-08
49 2.29281e-05 1.96337e-08
51 1.99035e-05 1.71134e-08
53 1.78587e-05 1.55454e-08
55 1.56323e-05 1.37509e-08
57 1.40363e-05 1.24921e-08
59 1.27601e-05 1.12908e-08
61 1.11556e-05 9.48781e-09
63 1.00745e-05 8.35218e-09
65 9.22133e-06 7.72526e-09
67 8.49879e-06 7.07199e-09
69 7.46833e-06 6.26282e-09
71 6.86144e-06 5.91996e-09
73 6.35044e-06 5.51885e-09
75 5.90683e-06 5.15316e-09
77 5.52067e-06 4.7304e-09
79 4.87118e-06 4.16935e-09
81 4.44701e-06 3.87444e-09
83 4.14532e-06 3.54623e-09
85 3.88179e-06 3.31583e-09
87 3.6503e-06 3.19078e-09
89 3.44158e-06 2.99554e-09
91 3.25653e-06 2.77306e-09
93 2.99248e-06 2.60858e-09
95 2.58817e-06 2.20523e-09
97 2.4605e-06 2.1404e-09
99 2.32407e-06 1.95127e-09
101 2.20066e-06 1.95868e-09
103 2.08961e-06 1.81609e-09
105 1.98903e-06 1.75318e-09
107 1.8967e-06 1.60603e-09
109 1.81288e-06 1.61284e-09
111 1.73526e-06 1.48722e-09
113 1.6646e-06 1.48481e-09
115 1.59847e-06 1.3836e-09
117 1.38988e-06 1.21274e-09
119 1.28631e-06 1.11881e-09
121 1.24956e-06 1.10668e-09
123 1.19704e-06 1.03768e-09
125 1.14849e-06 9.9345e-10
127 1.10425e-06 9.47105e-10
129 1.06215e-06 9.46756e-10
131 1.0234e-06 8.76484e-10
133 9.43671e-07 8.41697e-10
135 8.50713e-07 7.27808e-10
137 8.04321e-07 7.20345e-10
139 7.80379e-07 6.75792e-10
141 7.48838e-07 6.80243e-10
143 7.18929e-07 6.48252e-10
145 6.91768e-07 6.26811e-10
147 6.66951e-07 6.18578e-10
149 6.42916e-07 5.70759e-10
151 6.21349e-07 5.69305e-10
153 6.00923e-07 5.49416e-10
155 5.8175e-07 5.0543e-10
157 5.44739e-07 5.08726e-10
159 5.01542e-07 4.61999e-10
161 4.74162e-07 4.10467e-10
163 4.55457e-07 4.10514e-10
165 4.46878e-07 4.08892e-10
167 4.32026e-07 3.77451e-10
169 4.18206e-07 3.82205e-10
171 4.05542e-07 3.33463e-10
173 3.93347e-07 3.53517e-10
175 3.81682e-07 3.54799e-10
177 3.70895e-07 3.24465e-10
179 3.60835e-07 3.36269e-10
181 3.50952e-07 3.15239e-10
183 3.4172e-07 3.11838e-10
185 3.32856e-07 2.95883e-10
187 3.2463e-07 2.92087e-10
189 3.1653e-07 2.89861e-10
191 3.0898e-07 2.77632e-10
193 2.92342e-07 2.67831e-10
195 2.58485e-07 2.34514e-10
197 2.44855e-07 2.46377e-10
199 2.32661e-07 2.25965e-10
201 2.21865e-07 2.29438e-10
203 2.12147e-07 2.0838e-10
205 2.15704e-07 2.43599e-10
207 2.10166e-07 1.99752e-10
209 2.04597e-07 2.21196e-10
211 1.99318e-07 2.26831e-10
213 1.94822e-07 1.9715e-10
215 1.90104e-07 2.04289e-10
217 1.85615e-07 1.98267e-10
219 1.81509e-07 1.93083e-10
221 1.77498e-07 1.95222e-10
223 1.7346e-07 2.04853e-10
225 1.70086e-07 1.75227e-10
227 1.66282e-07 1.96517e-10
229 1.62994e-07 1.78335e-10
231 1.59867e-07 1.64044e-10
233 1.56376e-07 1.91095e-10
235 1.53622e-07 1.70093e-10
237 1.50554e-07 1.82166e-10
239 1.47827e-07 1.97463e-10
241 1.44992e-07 1.61405e-10
243 1.42451e-07 1.68762e-10
245 1.39882e-07 1.55008e-10
247 1.37329e-07 1.65592e-10
249 1.35019e-07 1.42458e-10
251 1.32708e-07 1.60541e-10
253 1.30445e-07 1.49761e-10
255 1.28265e-07 1.53965e-10
257 1.22724e-07 1.48354e-10
259 1.10247e-07 1.29401e-10
261 1.04915e-07 1.3644e-10
263 1.00122e-07 1.3633e-10
265 9.59885e-08 1.31037e-10
267 9.59423e-08 1.34965e-10
269 9.63353e-08 1.28026e-10
271 9.44843e-08 1.17252e-10
273 9.25832e-08 1.12478e-10
275 9.13142e-08 1.26889e-10
277 8.80374e-08 1.17957e-10
279 8.51239e-08 1.15155e-10
281 8.33692e-08 1.0138e-10
283 8.11132e-08 1.09611e-10
285 7.91838e-08 1.10674e-10
287 7.76804e-08 9.88108e-11
289 7.6432e-08 1.06304e-10
291 7.49559e-08 1.134e-10
293 7.37523e-08 1.01197e-10
295 7.21108e-08 1.09456e-10
297 7.09348e-08 9.75353e-11
299 6.95698e-08 9.67462e-11
301 6.69711e-08 1.04095e-10
303 6.55384e-08 9.80807e-11
305 6.41728e-08 8.97537e-11
307 6.27925e-08 9.62054e-11
309 6.16316e-08 9.6334e-11
311 6.02568e-08 8.60948e-11
313 5.93682e-08 8.74409e-11
315 5.84068e-08 8.76013e-11
317 5.73944e-08 9.15059e-11
319 5.63949e-08 8.65945e-11
321 5.56515e-08 8.78138e-11
323 5.45407e-08 7.91208e-11
325 5.37055e-08 8.48551e-11
327 5.26943e-08 9.52814e-11
329 5.07889e-08 9.01384e-11
331 4.97394e-08 8.6943e-11
333 4.87369e-08 7.97219e-11
335 4.79157e-08 8.56297e-11
337 4.69416e-08 9.27314e-11
339 4.61769e-08 8.32438e-11
341 4.52531e-08 7.93345e-11
343 4.46109e-08 8.21754e-11
345 4.41471e-08 8.34182e-11
347 4.3412e-08 8.05604e-11
349 4.27926e-08 7.55671e-11
351 4.2159e-08 7.13181e-11
353 4.16165e-08 7.62391e-11
355 4.08856e-08 7.50638e-11
357 4.03732e-08 7.50282e-11
359 3.99378e-08 7.0695e-11
361 3.93919e-08 7.86023e-11
363 3.80038e-08 7.72909e-11
365 3.73e-08 6.80885e-11
367 3.6646e-08 7.61233e-11
369 3.60943e-08 6.76778e-11
371 3.56236e-08 7.91421e-11
373 3.48507e-08 7.06e-11
375 3.4268e-08 6.07124e-11
377 3.37616e-08 7.22168e-11
379 3.34515e-08 6.40266e-11
381 3.29375e-08 6.09638e-11
383 3.25033e-08 6.51387e-11
385 3.21387e-08 7.24703e-11
387 3.17023e-08 6.83368e-11
389 3.14778e-08 6.72373e-11
391 3.11578e-08 6.52145e-11
393 3.08268e-08 6.41775e-11
395 3.03624e-08 7.00002e-11
397 3.00191e-08 7.26647e-11
399 2.96921e-08 5.86505e-11
401 2.94387e-08 6.23753e-11
403 2.91789e-08 6.06729e-11
405 2.87768e-08 6.57152e-11
407 2.77962e-08 6.56872e-11
409 2.71369e-08 6.47518e-11
411 2.672e-08 5.72466e-11
413 2.6495e-08 5.45757e-11
415 2.617e-08 6.1467e-11
417 2.58362e-08 5.7983e-11
419 2.53698e-08 6.84383e-11
421 2.5058e-08 6.17604e-11
423 2.474e-08 5.80455e-11
425 2.4422e-08 5.56635e-11
427 2.42532e-08 5.59298e-11
429 2.39931e-08 5.06213e-11
431 2.36641e-08 6.13765e-11
433 2.33415e-08 6.00111e-11
435 2.33262e-08 6.17427e-11
437 2.3165e-08 5.84679e-11
439 2.27235e-08 5.29803e-11
441 2.09676e-08 5.02782e-11
443 2.04905e-08 4.94441e-11
445 2.03284e-08 4.90606e-11
447 2.01542e-08 4.89893e-11
449 2.00344e-08 5.83087e-11
451 1.99376e-08 5.34635e-11
453 1.97763e-08 5.22425e-11
455 1.96991e-08 5.34757e-11
457 1.95208e-08 4.82262e-11
459 1.93877e-08 4.94039e-11
461 1.91692e-08 4.57697e-11
463 1.89245e-08 5.00992e-11
465 1.80787e-08 5.70556e-11
467 1.78218e-08 5.2516e-11
469 1.74625e-08 4.90213e-11
471 1.73032e-08 4.65924e-11
473 1.70539e-08 4.44767e-11
475 1.68778e-08 4.5824e-11
477 1.66466e-08 4.43173e-11
479 1.64968e-08 4.68676e-11
481 1.62654e-08 4.45607e-11
483 1.61065e-08 4.58209e-11
485 1.58642e-08 5.12536e-11
487 1.56405e-08 4.37909e-11
489 1.55462e-08 4.30914e-11
491 1.52978e-08 3.99027e-11
493 1.50879e-08 4.01856e-11
495 1.4946e-08 4.26451e-11
497 1.47291e-08 4.02308e-11
499 1.45594e-08 4.31945e-11
501 1.44703e-08 4.21481e-11
503 1.43749e-08 4.1625e-11
505 1.4187e-08 4.40564e-11
507 1.40894e-08 4.09026e-11
509 1.39569e-08 4.34129e-11
511 1.37924e-08 3.76737e-11
513 1.36493e-08 4.39676e-11
515 1.3537e-08 3.43633e-11
517 1.34018e-08 4.03946e-11
519 1.32219e-08 3.51463e-11
521 1.31482e-08 3.78385e-11
523 1.29539e-08 3.78588e-11
525 1.29183e-08 4.3292e-11
527 1.27684e-08 4.08927e-11
529 1.26292e-08 3.47879e-11
531 1.24332e-08 3.45575e-11
533 1.23497e-08 3.46879e-11
535 1.22354e-08 3.7473e-11
537 1.20855e-08 3.65441e-11
539 1.19796e-08 3.34133e-11
541 1.18749e-08 3.47627e-11
543 1.1621e-08 3.69669e-11
545 1.11838e-08 3.57773e-11
547 1.1065e-08 3.67096e-11
549 1.10082e-08 4.20189e-11
551 1.08654e-08 3.10067e-11
553 1.07095e-08 3.42353e-11
555 1.05793e-08 3.10084e-11
557 1.05158e-08 3.32587e-11
559 1.0381e-08 3.41973e-11
561 1.02521e-08 3.42069e-11
563 1.01954e-08 3.16811e-11
565 1.00585e-08 3.64292e-11
567 1.00173e-08 3.15198e-11
569 9.86179e-09 3.21336e-11
571 9.79757e-09 3.19699e-11
573 9.68345e-09 3.68791e-11
575 9.66555e-09 3.07304e-11
577 9.56721e-09 3.06603e-11
579 9.4311e-09 3.12974e-11
581 9.40111e-09 3.12896e-11
583 9.30416e-09 2.91704e-11
585 9.26009e-09 3.31636e-11
587 9.15786e-09 3.29887e-11
589 9.04941e-09 3.08296e-11
591 9.01396e-09 3.07098e-11
593 8.94973e-09 3.19473e-11
595 8.87441e-09 2.54342e-11
597 8.72775e-09 2.76309e-11
599 8.5961e-09 2.87349e-11
601 8.59462e-09 3.16512e-11
603 8.52027e-09 2.97349e-11
605 8.42438e-09 2.77125e-11
607 8.3664e-09 2.81349e-11
609 8.34487e-09 3.01577e-11
611 8.24273e-09 2.95963e-11
613 8.22817e-09 2.73949e-11
615 8.1473e-09 2.81497e-11
617 8.10921e-09 2.90727e-11
619 8.0225e-09 2.8238e-11
621 8.03896e-09 3.17278e-11
623 8.05047e-09 2.80072e-11
625 7.90113e-09 2.96204e-11
627 7.85683e-09 2.70196e-11
629 7.76027e-09 2.74505e-11
631 7.70469e-09 2.83814e-11
633 7.64614e-09 2.63633e-11
635 7.56913e-09 2.45778e-11
637 7.49054e-09 2.51427e-11
639 7.43098e-09 2.66729e-11
641 7.39329e-09 2.43773e-11
643 7.33191e-09 2.17594e-11
645 7.32147e-09 2.3806e-11
647 7.24295e-09 2.16185e-11
649 7.19513e-09 2.72116e-11
651 7.17952e-09 2.52447e-11
653 7.14488e-09 2.78201e-11
655 7.04236e-09 2.34448e-11
657 7.03524e-09 2.55833e-11
659 6.95216e-09 2.42993e-11
661 6.88511e-09 2.43616e-11
663 6.78862e-09 2.72705e-11
665 6.80954e-09 2.44466e-11
667 6.74243e-09 2.41277e-11
669 6.67837e-09 2.65409e-11
671 6.64309e-09 2.3149e-11
673 6.64353e-09 2.36157e-11
675 6.56415e-09 2.17187e-11
677 6.5067e-09 2.66383e-11
679 6.55159e-09 2.32103e-11
681 6.45766e-09 2.47233e-11
683 6.44533e-09 2.68769e-11
685 6.37906e-09 2.39059e-11
687 6.36465e-09 2.36066e-11
689 6.34552e-09 2.46606e-11
691 6.2799e-09 2.24556e-11
693 6.26671e-09 2.15637e-11
695 6.2629e-09 2.54045e-11
697 6.24103e-09 2.30014e-11
699 6.20271e-09 2.44206e-11
701 6.15242e-09 2.39693e-11
703 6.13327e-09 2.52712e-11
705 6.0852e-09 2.46642e-11
707 6.0635e-09 2.34774e-11
709 6.06094e-09 2.35207e-11
711 5.99122e-09 2.24889e-11
713 6.00862e-09 2.16829e-11
715 5.98992e-09 2.63676e-11
717 5.97244e-09 2.40109e-11
719 5.94024e-09 2.03871e-11
721 5.89066e-09 2.09851e-11
723 5.90943e-09 2.51992e-11
725 5.8592e-09 2.16748e-11
727 5.85787e-09 2.07542e-11
729 5.87477e-09 2.38563e-11
731 5.89613e-09 2.51694e-11
733 5.86149e-09 2.12267e-11
735 5.85663e-09 2.12889e-11
737 6.1674e-09 2.22229e-11
739 6.18872e-09 2.5249e-11
741 6.16577e-09 2.38724e-11
743 6.13809e-09 2.35725e-11
745 6.16438e-09 2.44371e-11
747 6.15989e-09 2.30528e-11
749 6.17298e-09 2.29775e-11
751 6.1383e-09 2.0705e-11
753 6.142e-09 2.17063e-11
755 6.18803e-09 2.57534e-11
757 6.2115e-09 2.15728e-11
759 6.16556e-09 2.15095e-11
761 6.16773e-09 1.84114e-11
763 6.1833e-09 2.58643e-11
765 6.23916e-09 2.34786e-11
767 6.20456e-09 2.05663e-11
769 6.16429e-09 2.36329e-11
771 6.15643e-09 2.31941e-11
773 6.22436e-09 2.50751e-11
775 6.24878e-09 2.34825e-11
777 6.28931e-09 2.23523e-11
779 6.28332e-09 2.09321e-11
781 6.34951e-09 2.22361e-11
783 6.30976e-09 2.42209e-11
785 6.33652e-09 2.20867e-11
787 6.41037e-09 2.15446e-11
789 6.41458e-09 2.11786e-11
791 6.40759e-09 2.33857e-11
793 6.4863e-09 1.97173e-11
795 6.52063e-09 2.47501e-11
797 6.61547e-09 2.22083e-11
799 6.70053e-09 2.30974e-11
801 6.80113e-09 2.19321e-11
803 6.95806e-09 2.21813e-11
805 7.06167e-09 2.28578e-11
807 7.17987e-09 2.30001e-11
809 7.36273e-09 2.20468e-11
811 7.58505e-09 2.25198e-11
813 7.83062e-09 2.29081e-11
815 1.00919e-08 2.48975e-11
817 1.20517e-08 2.75613e-11
819 1.40226e-08 3.39235e-11
821 1.63664e-08 2.80691e-11
823 3.03284e-08 4.10889e-11
825 1.31381e-08 2.67314e-11
827 8.46778e-10 1.44648e-11
829 8.18424e-10 1.45838e-11
831 8.17859e-10 1.32886e-11
833 8.46078e-10 1.40219e-11
835 8.4381e-10 1.43524e-11
837 8.2065e-10 1.23768e-11
839 8.48754e-10 1.30131e-11
841 8.17853e-10 1.44028e-11
843 8.28439e-10 1.35577e-11
845 8.38997e-10 1.41084e-11
847 8.34462e-10 1.27199e-11
849 8.08261e-10 1.27334e-11
851 8.36034e-10 1.34282e-11
853 8.09041e-10 1.29591e-11
855 8.15555e-10 1.41114e-11
857 8.23214e-10 1.33605e-11
859 8.29027e-10 1.35609e-11
861 8.10165e-10 1.37927e-11
863 8.1854e-10 1.44452e-11
865 7.98685e-10 1.25367e-11
867 8.00186e-10 1.40126e-11
869 8.10825e-10 1.22381e-11
871 8.23258e-10 1.30406e-11
873 7.89963e-10 1.3491e-11
875 7.96698e-10 1.35819e-11
877 7.95885e-10 1.34152e-11
879 7.89954e-10 1.41066e-11
881 7.89509e-10 1.30099e-11
883 8.01982e-10 1.23417e-11
885 7.93608e-10 1.33534e-11
887 7.82121e-10 1.34181e-11
889 7.83846e-10 1.19119e-11
891 7.80553e-10 1.33689e-11
893 7.82307e-10 1.27404e-11
895 7.97515e-10 1.17335e-11
897 7.76942e-10 1.15641e-11
899 7.68829e-10 1.22555e-11
901 7.59135e-10 1.2208e-11
903 7.69383e-10 1.24494e-11
905 7.57983e-10 1.35391e-11
907 7.65885e-10 1.15948e-11
909 7.82688e-10 1.29808e-11
911 7.60847e-10 1.28522e-11
913 7.53463e-10 1.23242e-11
915 7.56186e-10 1.17065e-11
917 7.62487e-10 1.13799e-11
919 7.5256e-10 1.22341e-11
921 7.57234e-10 1.10614e-11
923 7.62874e-10 1.32714e-11
925 7.51975e-10 1.29417e-11
927 7.42458e-10 1.21956e-11
929 7.47188e-10 1.17066e-11
931 7.52306e-10 1.0321e-11
933 7.42324e-10 1.18896e-11
935 7.4225e-10 1.10926e-11
937 7.53979e-10 1.28082e-11
939 7.37425e-10 1.12371e-11
941 7.3375e-10 1.21775e-11
943 7.52762e-10 1.25228e-11
945 7.23646e-10 9.7264e-12
947 7.34367e-10 1.1864e-11
949 7.26481e-10 1.16305e-11
951 7.38988e-10 1.12244e-11
953 7.29039e-10 1.07635e-11
955 7.1868e-10 1.18804e-11
957 7.41194e-10 1.11105e-11
959 7.09123e-10 9.74738e-12
961 7.36172e-10 1.20989e-11
963 7.14248e-10 1.12792e-11
965 7.192e-10 1.26086e-11
967 7.13772e-10 1.23936e-11
969 7.22042e-10 1.22635e-11
971 7.24137e-10 1.04819e-11
973 7.12985e-10 1.02201e-11
975 7.17578e-10 1.01676e-11
977 7.17857e-10 1.12679e-11
979 7.14187e-10 1.22279e-11
981 6.95219e-10 1.13013e-11
983 7.2818e-10 1.23218e-11
985 6.99946e-10 1.07019e-11
987 7.20167e-10 1.14508e-11
989 6.97227e-10 8.95865e-12
991 7.07338e-10 1.16122e-11
993 7.19362e-10 1.23561e-11
995 6.77138e-10 1.19573e-11
997 7.08434e-10 1.00185e-11
999 6.96478e-10 1.16348e-11
1001 6.99069e-10 1.07301e-11
1003 7.08808e-10 1.12047e-11
1005 6.94844e-10 1.27227e-11
1007 7.07154e-10 1.07379e-11
1009 6.89372e-10 1.19113e-11
1011 6.8895e-10 1.06254e-11
1013 7.03459e-10 1.0645e-11
1015 6.91628e-10 1.08987e-11
1017 7.07899e-10 1.07635e-11
1019 6.96031e-10 1.08697e-11
1021 6.58102e-10 1.05538e-11
1023 6.37039e-10 1.08898e-11
1025 6.18706e-10 9.88352e-12
1027 6.06649e-10 1.06298e-11
1029 6.17897e-10 1.11031e-11
1031 6.08961e-10 1.13687e-11
1033 6.20365e-10 9.40634e-12
1035 5.9154e-10 9.41845e-12
1037 6.01426e-10 1.05581e-11
1039 5.7973e-10 1.05794e-11
1041 5.76236e-10 1.01243e-11
1043 5.73161e-10 1.09568e-11
1045 5.5697e-10 1.05721e-11
1047 5.69345e-10 1.02692e-11
1049 5.69388e-10 1.11321e-11
1051 5.60107e-10 8.75096e-12
1053 5.52129e-10 9.16867e-12
1055 5.50282e-10 8.77357e-12
1057 5.50456e-10 9.06131e-12
1059 5.75345e-10 9.52862e-12
1061 5.6458e-10 1.05293e-11
1063 5.76254e-10 1.01362e-11
1065 5.60714e-10 9.43366e-12
1067 5.56848e-10 9.43548e-12
1069 5.79969e-10 9.69959e-12
1071 5.7665e-10 1.06023e-11
1073 5.52907e-10 9.54057e-12
1075 5.62404e-10 9.43658e-12
1077 5.67156e-10 9.36579e-12
1079 5.56405e-10 1.00543e-11
1081 5.49033e-10 9.67002e-12
1083 5.61154e-10 1.03529e-11
1085 5.42549e-10 9.34766e-12
1087 5.50602e-10 1.06104e-11
1089 5.6155e-10 9.54087e-12
1091 5.49392e-10 9.19588e-12
1093 5.55677e-10 8.75892e-12
1095 5.55698e-10 1.00655e-11
1097 5.41733e-10 9.33991e-12
1099 5.34059e-10 1.00516e-11
1101 5.23379e-10 9.70823e-12
1103 5.31388e-10 9.52987e-12
1105 5.12407e-10 9.31871e-12
1107 5.13173e-10 1.05751e-11
1109 5.23365e-10 8.48791e-12
1111 5.21428e-10 9.19457e-12
1113 5.15601e-10 8.84443e-12
1115 5.26601e-10 8.26429e-12
1117 5.16142e-10 9.06474e-12
1119 5.19489e-10 9.03077e-12
1121 5.02318e-10 9.74961e-12
1123 5.14822e-10 8.9598e-12
1125 4.89301e-10 9.5948e-12
1127 4.84622e-10 8.96726e-12
1129 4.97416e-10 9.32144e-12
1131 4.90997e-10 9.70262e-12
1133 4.95627e-10 8.27905e-12
1135 5.00323e-10 8.78111e-12
1137 4.93563e-10 7.386e-12
1139 5.06523e-10 9.45914e-12
1141 4.90564e-10 8.4872e-12
1143 4.83717e-10 8.84843e-12
1145 4.97474e-10 9.05399e-12
1147 4.775e-10 8.97398e-12
1149 4.7108e-10 9.31023e-12
1151 4.8001e-10 8.05763e-12
1153 4.81382e-10 8.93853e-12
1155 4.78498e-10 8.76124e-12
1157 4.82653e-10 8.54378e-12
1159 4.8415e-10 7.91163e-12
1161 4.93074e-10 8.73002e-12
1163 4.82482e-10 9.02341e-12
1165 4.81101e-10 7.64366e-12
1167 4.72746e-10 9.29514e-12
1169 4.70832e-10 8.50363e-12
1171 4.75575e-10 7.92164e-12
1173 4.61824e-10 8.12943e-12
1175 4.63392e-10 8.51516e-12
1177 4.66146e-10 8.8904e-12
1179 4.5594e-10 7.43371e-12
1181 4.7179e-10 8.26176e-12
1183 4.70433e-10 7.91586e-12
1185 4.7423e-10 8.79144e-12
1187 4.62512e-10 8.46019e-12
1189 4.5152e-10 6.67422e-12
1191 4.42776e-10 7.5679e-12
1193 4.60912e-10 8.65595e-12
1195 4.53189e-10 8.28106e-12
1197 4.38151e-10 8.09778e-12
1199 4.40175e-10 7.35029e-12
1201 4.40446e-10 8.45284e-12
1203 4.35551e-10 8.91752e-12
1205 4.46443e-10 7.8424e-12
1207 4.44338e-10 7.13385e-12
1209 4.43203e-10 8.14569e-12
1211 4.45207e-10 7.92087e-12
1213 4.41376e-10 7.13413e-12
1215 4.34393e-10 7.62656e-12
1217 4.35284e-10 7.51451e-12
1219 4.3177e-10 8.88107e-12
1221 4.38899e-10 8.45778e-12
1223 4.20016e-10 7.82764e-12
1225 4.29787e-10 7.78056e-12
1227 4.10397e-10 8.0022e-12
1229 4.27624e-10 7.40414e-12
1231 4.25859e-10 7.86812e-12
1233 4.30427e-10 7.19447e-12
1235 4.30231e-10 7.53442e-12
1237 4.22992e-10 7.78917e-12
1239 4.10425e-10 7.63221e-12
1241 4.26751e-10 7.09293e-12
1243 4.16965e-10 7.9348e-12
1245 4.2358e-10 7.28187e-12
1247 4.04542e-10 7.4902e-12
1249 4.16547e-10 8.16836e-12
1251 4.11403e-10 7.26348e-12
1253 4.03641e-10 7.90174e-12
1255 4.11863e-10 8.20126e-12
1257 4.06619e-10 7.29289e-12
1259 4.22108e-10 8.09362e-12
1261 4.08584e-10 6.77029e-12
1263 4.19886e-10 7.8275e-12
1265 4.06288e-10 8.09387e-12
1267 4.08163e-10 8.09471e-12
1269 4.01486e-10 7.5219e-12
1271 4.13997e-10 7.70572e-12
1273 3.97933e-10 6.87816e-12
1275 4.04221e-10 8.25001e-12
1277 4.00369e-10 7.2947e-12
1279 3.99135e-10 7.52359e-12
1281 3.91652e-10 7.85456e-12
1283 3.97338e-10 7.6674e-12
1285 3.88838e-10 8.34759e-12
1287 3.96115e-10 8.20218e-12
1289 4.03953e-10 7.24705e-12
1291 4.0702e-10 7.47673e-12
1293 3.91336e-10 6.21651e-12
1295 3.9238e-10 7.24082e-12
1297 3.80221e-10 7.95053e-12
1299 3.83522e-10 6.95937e-12
1301 3.71436e-10 8.35274e-12
1303 3.82836e-10 6.39603e-12
1305 3.83277e-10 7.11333e-12
1307 3.79084e-10 7.52362e-12
1309 3.67251e-10 7.22351e-12
1311 3.53281e-10 7.54603e-12
1313 3.84495e-10 7.12047e-12
1315 3.76803e-10 7.37742e-12
1317 3.75053e-10 7.25132e-12
1319 3.78997e-10 7.51005e-12
1321 3.71368e-10 6.35889e-12
1323 3.74427e-10 6.41309e-12
1325 3.71094e-10 8.31778e-12
1327 3.64838e-10 6.7298e-12
1329 3.65539e-10 6.60653e-12
1331 3.58453e-10 6.09171e-12
1333 3.61335e-10 7.7174e-12
1335 3.72777e-10 7.48061e-12
1337 3.57073e-10 6.93166e-12
1339 3.56856e-10 6.60287e-12
1341 3.4166e-10 6.71382e-12
1343 3.50209e-10 6.92855e-12
1345 3.56511e-10 6.31587e-12
1347 3.65233e-10 7.0767e-12
1349 3.47094e-10 6.39775e-12
1351 3.51712e-10 7.17815e-12
1353 3.59254e-10 7.96091e-12
1355 3.5681e-10 6.38545e-12
1357 3.60562e-10 6.70099e-12
1359 3.49693e-10 6.64888e-12
1361 3.41747e-10 6.49317e-12
1363 3.51206e-10 6.88134e-12
1365 3.56545e-10 6.98921e-12
1367 3.4431e-10 6.90856e-12
1369 3.4618e-10 7.10002e-12
1371 3.41265e-10 6.70614e-12
1373 3.43534e-10 7.15039e-12
1375 3.338e-10 6.42193e-12
1377 3.30318e-10 7.24494e-12
1379 3.52094e-10 6.71441e-12
1381 3.47535e-10 6.98718e-12
1383 3.34437e-10 6.2806e-12
1385 3.41681e-10 6.36015e-12
1387 3.38423e-10 7.06087e-12
1389 3.55344e-10 6.44617e-12
1391 3.51333e-10 6.42083e-12
1393 3.284e-10 6.93951e-12
1395 3.2313e-10 7.00122e-12
1397 3.37689e-10 7.20168e-12
1399 3.34193e-10 6.98793e-12
1401 3.439e-10 7.5886e-12
1403 3.51761e-10 6.73437e-12
1405 3.39911e-10 6.9153e-12
1407 3.54956e-10 7.72275e-12
1409 3.44216e-10 6.89618e-12
1411 3.27063e-10 6.98793e-12
1413 3.34659e-10 7.5218e-12
1415 3.38885e-10 7.53072e-12
1417 3.41271e-10 6.80209e-12
1419 3.27985e-10 7.08816e-12
1421 3.37327e-10 6.98324e-12
1423 3.35971e-10 7.37358e-12
1425 3.4566e-10 6.15411e-12
1427 3.33409e-10 5.83755e-12
1429 3.33788e-10 7.20629e-12
1431 3.36737e-10 6.58637e-12
1433 3.22885e-10 6.50388e-12
1435 3.30291e-10 6.71572e-12
1437 3.26459e-10 6.30334e-12
1439 3.20636e-10 6.84884e-12
1441 3.24052e-10 7.12059e-12
1443 3.34049e-10 7.26574e-12
1445 3.07575e-10 6.30907e-12
1447 3.17172e-10 6.58491e-12
1449 3.16019e-10 6.48493e-12
1451 3.1716e-10 7.02395e-12
1453 3.2091e-10 6.60353e-12
1455 3.19795e-10 6.27284e-12
1457 3.14682e-10 6.37563e-12
1459 3.15545e-10 6.61391e-12
1461 3.19985e-10 6.2765e-12
1463 3.18745e-10 6.23806e-12
1465 3.19091e-10 7.26593e-12
1467 3.13038e-10 6.2688e-12
1469 3.11467e-10 6.19148e-12
1471 3.08528e-10 6.77253e-12
1473 3.06476e-10 5.75218e-12
1475 3.19533e-10 6.7695e-12
1477 3.08111e-10 6.80767e-12
1479 3.08596e-10 5.71258e-12
1481 3.13006e-10 6.38396e-12
1483 3.03326e-10 6.54336e-12
1485 3.00488e-10 6.55555e-12
1487 3.01333e-10 6.27737e-12
1489 3.08262e-10 6.14225e-12
1491 3.0068e-10 6.02566e-12
1493 3.17437e-10 6.17706e-12
1495 2.98972e-10 6.69861e-12
1497 3.13321e-10 6.38979e-12
1499 3.07123e-10 6.75881e-12
1501 3.07692e-10 6.89077e-12
1503 2.94352e-10 5.71295e-12
1505 3.03301e-10 5.88881e-12
1507 2.98666e-10 7.09876e-12
1509 2.96334e-10 6.01924e-12
1511 3.04622e-10 6.17923e-12
1513 2.91509e-10 6.80345e-12
1515 2.96908e-10 6.067e-12
1517 2.89568e-10 5.74349e-12
1519 2.91599e-10 6.35164e-12
1521 3.04355e-10 7.11769e-12
1523 2.81918e-10 6.45587e-12
1525 2.89266e-10 6.06367e-12
1527 2.83367e-10 6.16401e-12
1529 2.89615e-10 6.24242e-12
1531 2.89077e-10 6.15972e-12
1533 2.93025e-10 6.17734e-12
1535 2.89233e-10 6.48943e-12
1537 2.95926e-10 6.75692e-12
1539 2.95617e-10 6.19178e-12
1541 3.00152e-10 6.35807e-12
1543 2.84509e-10 6.16151e-12
1545 2.94709e-10 6.34404e-12
1547 2.87133e-10 6.07697e-12
1549 2.88933e-10 6.10946e-12
1551 2.92607e-10 5.71887e-12
1553 2.89617e-10 6.59047e-12
1555 2.88729e-10 6.69854e-12
1557 2.83608e-10 6.13493e-12
1559 2.87001e-10 5.68608e-12
1561 2.83184e-10 6.53762e-12
1563 2.81262e-10 5.99272e-12
1565 2.82736e-10 6.23442e-12
1567 2.8316e-10 6.44739e-12
1569 2.69873e-10 5.9458e-12
1571 2.74202e-10 5.80594e-12
1573 2.76955e-10 4.9391e-12
1575 2.80294e-10 6.07214e-12
1577 2.75636e-10 6.05144e-12
1579 2.85932e-10 6.52909e-12
1581 2.8079e-10 6.65279e-12
1583 2.78483e-10 6.01012e-12
1585 2.76145e-10 5.90412e-12
1587 2.86191e-10 6.0929e-12
1589 2.73105e-10 6.40969e-12
1591 2.88871e-10 6.17467e-12
1593 2.76826e-10 5.45862e-12
1595 2.81411e-10 6.36651e-12
1597 2.81279e-10 6.21123e-12
1599 2.75553e-10 6.19209e-12
1601 2.66674e-10 6.79673e-12
1603 2.71664e-10 5.17472e-12
1605 2.68418e-10 6.14056e-12
1607 2.71553e-10 5.97566e-12
1609 2.72075e-10 5.90664e-12
1611 2.71387e-10 5.54903e-12
1613 2.56885e-10 5.98039e-12
1615 2.62635e-10 5.98172e-12
1617 2.59745e-10 5.3212e-12
1619 2.66413e-10 5.54678e-12
1621 2.72815e-10 5.78266e-12
1623 2.7979e-10 6.32192e-12
1625 2.68315e-10 5.64887e-12
1627 2.65024e-10 5.39641e-12
1629 2.64398e-10 6.2536e-12
1631 2.57887e-10 5.83752e-12
1633 2.62331e-10 5.817e-12
1635 2.6501e-10 6.66039e-12
1637 2.59403e-10 5.85436e-12
1639 2.58832e-10 5.51459e-12
1641 2.6433e-10 5.72011e-12
1643 2.65311e-10 5.11263e-12
1645 2.47121e-10 5.52167e-12
1647 2.63045e-10 5.56421e-12
1649 2.596e-10 5.85637e-12
1651 2.54105e-10 6.14584e-12
1653 2.54362e-10 6.28833e-12
1655 2.64396e-10 5.858e-12
1657 2.53011e-10 5.7402e-12
1659 2.59948e-10 6.15056e-12
1661 2.53716e-10 5.50149e-12
1663 2.50895e-10 6.35737e-12
1665 2.51035e-10 5.56007e-12
1667 2.587e-10 6.14114e-12
1669 2.53004e-10 6.02561e-12
1671 2.47311e-10 6.08413e-12
1673 2.58755e-10 6.00519e-12
1675 2.53358e-10 6.48758e-12
1677 2.41983e-10 6.36946e-12
1679 2.54714e-10 6.51272e-12
1681 2.56767e-10 6.2169e-12
1683 2.48648e-10 5.20251e-12
1685 2.42939e-10 4.89623e-12
1687 2.5307e-10 5.95708e-12
1689 2.48584e-10 6.64119e-12
1691 2.54229e-10 6.15683e-12
1693 2.61182e-10 5.64128e-12
1695 2.44097e-10 4.95297e-12
1697 2.41669e-10 5.59563e-12
1699 2.62292e-10 5.88669e-12
1701 2.52039e-10 5.29731e-12
1703 2.44664e-10 5.1046e-12
1705 2.47151e-10 5.31534e-12
1707 2.46468e-10 6.48962e-12
1709 2.55696e-10 5.44498e-12
1711 2.60597e-10 6.26389e-12
1713 2.42667e-10 5.85979e-12
1715 2.41096e-10 5.06576e-12
1717 2.47844e-10 4.8954e-12
1719 2.37097e-10 6.12859e-12
1721 2.48601e-10 6.58274e-12
1723 2.46121e-10 5.60178e-12
1725 2.49832e-10 5.97764e-12
1727 2.53286e-10 5.78117e-12
1729 2.43443e-10 5.48501e-12
1731 2.46371e-10 5.9031e-12
1733 2.47507e-10 6.1202e-12
1735 2.43522e-10 5.30877e-12
1737 2.51571e-10 5.75672e-12
1739 2.40039e-10 4.96907e-12
1741 2.50517e-10 5.8664e-12
1743 2.30399e-10 5.5972e-12
1745 2.38777e-10 5.08203e-12
1747 2.39164e-10 4.80259e-12
1749 2.45509e-10 6.02484e-12
1751 2.45127e-10 5.79985e-12
1753 2.4802e-10 5.31586e-12
1755 2.45467e-10 6.63493e-12
1757 2.37876e-10 5.10262e-12
1759 2.44252e-10 5.49813e-12
1761 2.31927e-10 5.2064e-12
1763 2.38348e-10 4.98964e-12
1765 2.43266e-10 5.83222e-12
1767 2.44681e-10 5.17366e-12
1769 2.38668e-10 5.11259e-12
1771 2.30486e-10 5.49884e-12
1773 2.3786e-10 5.94663e-12
1775 2.25504e-10 5.99712e-12
1777 2.43286e-10 6.06065e-12
1779 2.41375e-10 6.41748e-12
1781 2.46267e-10 5.66413e-12
1783 2.44716e-10 6.72763e-12
1785 2.42931e-10 5.89082e-12
1787 2.29777e-10 5.88141e-12
1789 2.381e-10 5.32097e-12
1791 2.33079e-10 5.87696e-12
1793 2.36875e-10 6.35356e-12
1795 2.42991e-10 6.07349e-12
1797 2.38754e-10 6.21814e-12
1799 2.48459e-10 6.11484e-12
1801 2.34838e-10 5.19856e-12
1803 2.35294e-10 5.64158e-12
1805 2.30227e-10 5.64758e-12
1807 2.39378e-10 5.98165e-12
1809 2.40714e-10 6.09241e-12
1811 2.33104e-10 5.39355e-12
1813 2.49054e-10 5.77912e-12
1815 2.34354e-10 4.97554e-12
1817 2.25166e-10 5.2306e-12
1819 2.33559e-10 5.19863e-12
1821 2.37194e-10 5.15344e-12
1823 2.3152e-10 6.13122e-12
1825 2.40437e-10 5.85774e-12
1827 2.32052e-10 5.7595e-12
1829 2.33225e-10 5.12842e-12
1831 2.23736e-10 5.45264e-12
1833 2.34389e-10 6.27038e-12
1835 2.2987e-10 5.72681e-12
1837 2.34988e-10 5.1445e-12
1839 2.3156e-10 6.20749e-12
1841 2.40161e-10 5.0411e-12
1843 2.37202e-10 6.32437e-12
1845 2.34067e-10 6.05233e-12
1847 2.40197e-10 5.04549e-12
1849 2.39434e-10 5.28526e-12
1851 2.38923e-10 6.20819e-12
1853 2.22789e-10 5.54024e-12
1855 2.43963e-10 5.75601e-12
1857 2.41825e-10 5.64847e-12
1859 2.30458e-10 4.9775e-12
1861 2.30362e-10 5.82758e-12
1863 2.3599e-10 5.88012e-12
1865 2.28008e-10 5.82103e-12
1867 2.22653e-10 5.57206e-12
1869 2.30446e-10 5.28367e-12
1871 2.4113e-10 6.18368e-12
1873 2.42523e-10 6.00092e-12
1875 2.30423e-10 5.51317e-12
1877 2.28167e-10 6.23062e-12
1879 2.2729e-10 5.12067e-12
1881 2.33308e-10 4.74348e-12
1883 2.16089e-10 5.12384e-12
1885 2.50674e-10 5.93811e-12
1887 2.33785e-10 6.02335e-12
1889 2.3272e-10 5.41352e-12
1891 2.37589e-10 5.76224e-12
1893 2.27935e-10 6.14184e-12
1895 2.2771e-10 5.85737e-12
1897 2.33748e-10 5.57981e-12
1899 2.23738e-10 5.90362e-12
1901 2.31959e-10 6.32952e-12
1903 2.25093e-10 6.27803e-12
1905 2.41005e-10 5.7871e-12
1907 2.30679e-10 5.21204e-12
1909 2.24433e-10 5.59899e-12
1911 2.30961e-10 5.31985e-12
1913 2.29317e-10 6.24409e-12
1915 2.28346e-10 5.66505e-12
1917 2.27259e-10 6.23585e-12
1919 2.2526e-10 5.87002e-12
1921 2.25363e-10 5.68921e-12
1923 2.40773e-10 6.01474e-12
1925 2.2449e-10 4.90226e-12
1927 2.31525e-10 6.43937e-12
1929 2.25246e-10 5.78732e-12
1931 2.35323e-10 6.47786e-12
1933 2.27824e-10 5.44594e-12
1935 2.29996e-10 5.56067e-12
1937 2.34943e-10 6.00214e-12
1939 2.32327e-10 5.43753e-12
1941 2.26725e-10 6.69517e-12
1943 2.31272e-10 6.16461e-12
1945 2.28904e-10 5.5218e-12
1947 2.3254e-10 5.42402e-12
1949 2.27885e-10 5.3198e-12
1951 2.29547e-10 5.70219e-12
1953 2.30392e-10 5.52361e-12
1955 2.30226e-10 5.98822e-12
1957 2.29289e-10 5.47819e-12
1959 2.25794e-10 6.13409e-12
1961 2.29037e-10 6.36753e-12
1963 2.3043e-10 5.71025e-12
1965 2.15184e-10 5.57892e-12
1967 2.2652e-10 5.70166e-12
1969 2.31977e-10 6.33396e-12
1971 2.22014e-10 5.35234e-12
1973 2.39343e-10 6.65113e-12
1975 2.29312e-10 6.39577e-12
1977 2.22947e-10 5.87113e-12
1979 2.4071e-10 5.2599e-12
1981 2.25099e-10 5.29931e-12
1983 2.37395e-10 4.77188e-12
1985 2.33502e-10 5.41727e-12
1987 2.2336e-10 5.90816e-12
1989 2.2431e-10 5.05142e-12
1991 2.30157e-10 5.91233e-12
1993 2.30315e-10 5.53387e-12
1995 2.37892e-10 6.00229e-12
1997 2.29574e-10 5.50305e-12
1999 2.39738e-10 6.43093e-12
