1 2.02749e-10 1.99189e-10
3 5.1904e-13 2.12719e-14
5 8.56737e-13 3.30154e-14
7 1.23455e-12 4.52017e-14
9 1.59397e-12 6.0321e-14
11 1.9868e-12 7.14935e-14
13 2.45862e-12 8.3659e-14
15 2.22828e-07 4.6801e-09
17 4.82298e-05 8.10344e-08
19 0.000308252 2.16738e-07
21 0.000432671 2.34209e-07
23 0.000262945 1.57617e-07
25 0.000158163 1.04282e-07
27 0.000102493 7.209e-08
29 7.88161e-05 6.97641e-08
31 5.64535e-05 5.14612e-08
33 4.43419e-05 3.93325e-08
35 3.61114e-05 3.31747e-08
37 2.9999e-05 2.90254e-08
39 2.11354e-05 2.04536e-08
41 1.74888e-05 1.68446e-08
43 1.50349e-05 1.55392e-08
45 1.31432e-05 1.33131e-08
47 1.16491e-05 1.23456e-08
49 1.0445e-05 1.10727e-08
51 9.45332e-06 9.74317e-09
53 7.86123e-06 8.03717e-09
55 6.4787e-06 6.61633e-09
57 5.86392e-06 6.23567e-09
59 5.09786e-06 5.21037e-09
61 4.60463e-06 4.82779e-09
63 4.147e-06 4.23973e-09
65 3.68226e-06 3.67804e-09
67 3.35957e-06 3.35684e-09
69 3.0868e-06 3.07303e-09
71 2.75747e-06 2.76397e-09
73 2.50823e-06 2.4515e-09
75 2.31656e-06 2.23805e-09
77 2.15014e-06 2.19307e-09
79 1.98987e-06 1.94655e-09
81 1.76371e-06 1.7322e-09
83 1.64319e-06 1.62481e-09
85 1.53448e-06 1.55604e-09
87 1.43826e-06 1.41992e-09
89 1.35289e-06 1.40248e-09
91 1.2711e-06 1.33369e-09
93 1.11356e-06 1.13325e-09
95 1.04641e-06 1.09519e-09
97 9.8423e-07 1.02835e-09
99 9.2981e-07 9.90459e-10
101 8.79727e-07 9.25208e-10
103 8.35475e-07 8.92198e-10
105 7.94977e-07 8.37418e-10
107 7.57524e-07 8.39002e-10
109 7.00774e-07 7.32781e-10
111 6.09658e-07 6.7801e-10
113 5.85229e-07 6.27587e-10
115 5.56013e-07 6.31145e-10
117 5.30076e-07 5.57187e-10
119 5.05785e-07 5.72524e-10
121 4.84028e-07 5.48187e-10
123 4.63832e-07 5.07939e-10
125 4.45041e-07 4.97759e-10
127 4.27502e-07 4.69984e-10
129 4.11575e-07 4.25425e-10
131 3.9645e-07 4.30519e-10
133 3.82238e-07 4.2084e-10
135 3.69287e-07 4.02617e-10
137 3.23771e-07 3.72126e-10
139 2.97667e-07 3.33757e-10
141 2.92557e-07 3.26825e-10
143 2.81644e-07 3.10801e-10
145 2.71371e-07 3.02041e-10
147 2.62187e-07 2.89994e-10
149 2.53223e-07 2.88871e-10
151 2.44778e-07 2.8291e-10
153 2.36849e-07 2.67328e-10
155 2.29093e-07 2.64726e-10
157 2.07167e-07 2.25745e-10
159 1.94122e-07 2.24362e-10
161 1.86765e-07 2.1268e-10
163 1.81915e-07 2.16746e-10
165 1.75471e-07 1.98492e-10
167 1.69642e-07 2.02758e-10
169 1.6417e-07 1.92925e-10
171 1.58828e-07 1.88067e-10
173 1.5396e-07 1.80711e-10
175 1.49472e-07 1.7117e-10
177 1.44988e-07 1.68084e-10
179 1.40971e-07 1.70512e-10
181 1.36918e-07 1.65101e-10
183 1.3268e-07 1.54904e-10
185 1.19994e-07 1.42068e-10
187 1.13619e-07 1.32915e-10
189 1.07967e-07 1.26546e-10
191 1.04318e-07 1.25823e-10
193 1.0309e-07 1.16128e-10
195 1.00115e-07 1.13199e-10
197 9.72379e-08 1.16122e-10
199 9.45638e-08 1.10163e-10
201 9.19853e-08 1.03337e-10
203 8.96457e-08 1.08134e-10
205 8.72638e-08 1.02428e-10
207 8.5095e-08 9.9417e-11
209 8.30927e-08 1.01575e-10
211 8.10643e-08 9.72762e-11
213 7.92073e-08 9.77406e-11
215 7.73637e-08 8.58021e-11
217 7.55674e-08 9.48343e-11
219 7.398e-08 8.63077e-11
221 7.23046e-08 9.36906e-11
223 7.07913e-08 8.35471e-11
225 6.93125e-08 9.03233e-11
227 6.29017e-08 7.92356e-11
229 5.81158e-08 8.10051e-11
231 5.56856e-08 7.05423e-11
233 5.31833e-08 7.19065e-11
235 5.10889e-08 7.57827e-11
237 4.92937e-08 6.32163e-11
239 4.87278e-08 6.94027e-11
241 4.87993e-08 6.87899e-11
243 4.75754e-08 6.4683e-11
245 4.65618e-08 6.69335e-11
247 4.55415e-08 6.85556e-11
249 4.45964e-08 5.95203e-11
251 4.36446e-08 6.40811e-11
253 4.28069e-08 6.02745e-11
255 4.19214e-08 6.64851e-11
257 4.1144e-08 5.52435e-11
259 4.02773e-08 6.19898e-11
261 3.96263e-08 6.1018e-11
263 3.87363e-08 5.61181e-11
265 3.81306e-08 5.98255e-11
267 3.73965e-08 6.16578e-11
269 3.67479e-08 5.7474e-11
271 3.6121e-08 5.90248e-11
273 3.54791e-08 5.59592e-11
275 3.48867e-08 5.17427e-11
277 3.43121e-08 5.9359e-11
279 3.37099e-08 5.32842e-11
281 3.32406e-08 5.62161e-11
283 3.26035e-08 4.9049e-11
285 3.21758e-08 5.19921e-11
287 3.16209e-08 4.60592e-11
289 3.11263e-08 5.51508e-11
291 3.06407e-08 5.39234e-11
293 3.02262e-08 4.64001e-11
295 2.97758e-08 5.11485e-11
297 2.9315e-08 4.69588e-11
299 2.88954e-08 5.20336e-11
301 2.71723e-08 4.68896e-11
303 2.46924e-08 4.69656e-11
305 2.36921e-08 4.40093e-11
307 2.27779e-08 4.42113e-11
309 2.17807e-08 4.07725e-11
311 2.10761e-08 4.22373e-11
313 2.18248e-08 4.02205e-11
315 2.14011e-08 4.00105e-11
317 2.1115e-08 4.07708e-11
319 2.08186e-08 3.58894e-11
321 2.04568e-08 3.68946e-11
323 2.00615e-08 3.53438e-11
325 1.93265e-08 3.7648e-11
327 1.88204e-08 3.5966e-11
329 1.84693e-08 3.31101e-11
331 1.81047e-08 3.74824e-11
333 1.77122e-08 3.7855e-11
335 1.73342e-08 2.993e-11
337 1.71799e-08 3.67298e-11
339 1.68539e-08 3.59476e-11
341 1.65543e-08 2.99327e-11
343 1.63217e-08 3.1871e-11
345 1.60676e-08 3.30716e-11
347 1.5767e-08 2.90671e-11
349 1.55551e-08 3.05977e-11
351 1.50472e-08 3.17857e-11
353 1.46098e-08 3.37345e-11
355 1.43764e-08 2.9503e-11
357 1.40898e-08 2.55942e-11
359 1.38158e-08 3.20382e-11
361 1.35602e-08 2.92236e-11
363 1.33166e-08 3.00512e-11
365 1.30894e-08 2.72518e-11
367 1.29427e-08 2.81746e-11
369 1.27169e-08 2.95171e-11
371 1.2543e-08 2.56886e-11
373 1.2365e-08 2.72336e-11
375 1.21579e-08 3.07307e-11
377 1.19653e-08 3.16332e-11
379 1.17835e-08 2.58873e-11
381 1.16412e-08 2.3034e-11
383 1.13502e-08 2.58873e-11
385 1.09718e-08 2.73671e-11
387 1.07751e-08 2.53314e-11
389 1.05978e-08 2.42802e-11
391 1.04463e-08 2.48653e-11
393 1.02667e-08 2.27372e-11
395 1.00445e-08 2.70807e-11
397 9.94877e-09 2.46144e-11
399 9.82487e-09 2.33621e-11
401 9.68036e-09 2.16465e-11
403 9.58635e-09 2.41075e-11
405 9.40973e-09 2.68807e-11
407 9.30244e-09 2.31321e-11
409 9.16354e-09 2.37001e-11
411 9.09244e-09 2.16519e-11
413 8.96435e-09 2.42065e-11
415 8.82091e-09 2.60671e-11
417 8.67531e-09 2.04347e-11
419 8.58847e-09 2.41374e-11
421 8.49884e-09 1.93497e-11
423 8.36529e-09 2.09711e-11
425 7.99986e-09 2.21571e-11
427 7.87744e-09 2.15046e-11
429 7.72687e-09 2.18983e-11
431 7.63967e-09 1.94834e-11
433 7.5541e-09 1.87079e-11
435 7.40021e-09 1.89435e-11
437 7.2923e-09 2.27039e-11
439 7.18793e-09 2.09838e-11
441 7.06276e-09 1.87927e-11
443 6.99453e-09 2.03696e-11
445 6.88807e-09 1.78925e-11
447 6.80814e-09 1.88713e-11
449 6.75976e-09 2.00119e-11
451 6.65426e-09 1.84823e-11
453 6.58776e-09 1.86647e-11
455 6.51209e-09 1.64266e-11
457 6.44088e-09 1.61451e-11
459 6.36708e-09 1.90178e-11
461 6.32243e-09 1.90233e-11
463 6.2244e-09 1.84781e-11
465 6.13712e-09 1.72974e-11
467 6.10704e-09 1.84169e-11
469 5.98648e-09 1.75132e-11
471 5.9553e-09 1.52196e-11
473 5.89512e-09 1.71745e-11
475 5.83318e-09 1.68017e-11
477 5.44712e-09 1.66228e-11
479 5.28292e-09 1.55502e-11
481 5.17345e-09 1.65305e-11
483 5.13778e-09 1.39453e-11
485 5.02231e-09 1.69363e-11
487 4.95568e-09 1.60216e-11
489 4.87388e-09 1.49878e-11
491 4.84492e-09 1.37055e-11
493 4.76192e-09 1.28239e-11
495 4.69398e-09 1.49326e-11
497 4.59398e-09 1.46628e-11
499 4.55423e-09 1.45102e-11
501 4.4857e-09 1.45329e-11
503 4.43031e-09 1.7394e-11
505 4.37753e-09 1.54224e-11
507 4.28817e-09 1.34831e-11
509 4.2786e-09 1.34907e-11
511 4.29062e-09 1.17727e-11
513 4.24412e-09 1.34803e-11
515 4.17297e-09 1.39383e-11
517 4.16074e-09 1.53243e-11
519 4.10073e-09 1.41741e-11
521 4.05615e-09 1.40026e-11
523 4.02841e-09 1.49748e-11
525 3.96201e-09 1.35632e-11
527 3.92104e-09 1.3006e-11
529 3.92116e-09 1.38511e-11
531 3.89495e-09 1.30722e-11
533 3.82496e-09 1.39782e-11
535 3.78544e-09 1.39207e-11
537 3.77801e-09 1.44672e-11
539 3.71528e-09 1.394e-11
541 3.68572e-09 1.24411e-11
543 3.6357e-09 1.28742e-11
545 3.62131e-09 1.43087e-11
547 3.57624e-09 1.20477e-11
549 3.55459e-09 1.4371e-11
551 3.48402e-09 1.17641e-11
553 3.25556e-09 1.34766e-11
555 3.18849e-09 1.18667e-11
557 3.14745e-09 1.11553e-11
559 3.12007e-09 1.06967e-11
561 3.08919e-09 1.33135e-11
563 3.04659e-09 1.14047e-11
565 3.01308e-09 1.1601e-11
567 2.95572e-09 1.14291e-11
569 2.9515e-09 1.19915e-11
571 2.90795e-09 1.09884e-11
573 2.87243e-09 1.04321e-11
575 2.85232e-09 1.23705e-11
577 2.83619e-09 1.26393e-11
579 2.81543e-09 1.22369e-11
581 2.76364e-09 1.14452e-11
583 2.73595e-09 1.0583e-11
585 2.71604e-09 1.07978e-11
587 2.68457e-09 1.09224e-11
589 2.66962e-09 1.207e-11
591 2.63745e-09 1.12337e-11
593 2.60408e-09 1.07365e-11
595 2.59931e-09 1.04272e-11
597 2.54676e-09 1.1996e-11
599 2.52086e-09 1.06457e-11
601 2.52042e-09 1.19703e-11
603 2.50318e-09 9.62568e-12
605 2.52411e-09 1.08816e-11
607 2.50209e-09 1.10708e-11
609 2.50541e-09 1.22714e-11
611 2.4658e-09 1.00833e-11
613 2.44984e-09 1.28238e-11
615 2.43363e-09 9.93796e-12
617 2.39987e-09 1.05693e-11
619 2.39868e-09 9.51976e-12
621 2.39229e-09 9.53744e-12
623 2.35829e-09 1.03956e-11
625 2.36295e-09 1.0507e-11
627 2.3385e-09 1.11966e-11
629 1.96666e-09 9.64772e-12
631 1.9357e-09 8.65585e-12
633 1.95382e-09 8.2854e-12
635 1.94498e-09 7.58761e-12
637 1.93669e-09 8.9442e-12
639 1.92455e-09 8.62758e-12
641 1.93808e-09 8.57588e-12
643 1.92761e-09 8.12895e-12
645 1.90567e-09 9.69044e-12
647 1.92779e-09 8.51669e-12
649 1.89633e-09 8.05484e-12
651 1.89156e-09 8.96998e-12
653 1.88507e-09 8.51568e-12
655 1.89258e-09 8.80276e-12
657 1.86857e-09 8.76435e-12
659 1.86671e-09 8.7634e-12
661 1.86207e-09 8.02134e-12
663 1.85131e-09 7.97307e-12
665 1.82973e-09 8.31842e-12
667 1.83975e-09 8.2059e-12
669 1.81525e-09 7.91599e-12
671 1.70601e-09 6.71762e-12
673 1.68431e-09 8.57201e-12
675 1.69113e-09 8.64651e-12
677 1.65522e-09 8.41036e-12
679 1.64108e-09 8.24247e-12
681 1.62703e-09 7.31371e-12
683 1.61852e-09 8.71489e-12
685 1.59971e-09 7.16772e-12
687 1.59145e-09 7.80223e-12
689 1.57529e-09 7.66619e-12
691 1.55195e-09 7.17544e-12
693 1.54366e-09 7.17416e-12
695 1.53729e-09 7.29346e-12
697 1.50946e-09 7.27306e-12
699 1.49752e-09 7.40746e-12
701 1.50163e-09 7.48025e-12
703 1.47197e-09 7.22537e-12
705 1.47671e-09 7.27869e-12
707 1.44435e-09 7.56698e-12
709 1.42949e-09 7.06789e-12
711 1.42962e-09 6.37727e-12
713 1.40021e-09 6.8351e-12
715 1.40893e-09 7.23777e-12
717 1.36958e-09 6.54035e-12
719 1.38656e-09 7.67419e-12
721 1.35122e-09 6.97693e-12
723 1.33842e-09 6.39797e-12
725 1.33249e-09 6.35191e-12
727 1.33356e-09 6.11416e-12
729 1.31238e-09 6.34221e-12
731 1.3122e-09 6.76954e-12
733 1.29568e-09 6.92732e-12
735 1.2772e-09 6.47611e-12
737 1.26072e-09 6.31691e-12
739 1.26815e-09 5.85401e-12
741 1.25418e-09 5.63995e-12
743 1.24048e-09 6.35851e-12
745 1.22263e-09 6.31286e-12
747 1.22809e-09 6.38023e-12
749 1.21694e-09 6.3979e-12
751 1.21697e-09 5.96004e-12
753 1.1973e-09 6.21123e-12
755 1.19155e-09 6.788e-12
757 1.17057e-09 6.42154e-12
759 1.17644e-09 6.16886e-12
761 1.15924e-09 5.4792e-12
763 1.16018e-09 6.36957e-12
765 1.15368e-09 6.39581e-12
767 1.12813e-09 5.43875e-12
769 1.12431e-09 5.94578e-12
771 1.12876e-09 6.03845e-12
773 1.11101e-09 5.36518e-12
775 1.10544e-09 6.32415e-12
777 1.10212e-09 6.30686e-12
779 1.09349e-09 5.99664e-12
781 1.08886e-09 6.97343e-12
783 1.09006e-09 6.21905e-12
785 1.07752e-09 5.5257e-12
787 1.0643e-09 5.34103e-12
789 1.05968e-09 4.71411e-12
791 1.05277e-09 5.48809e-12
793 1.02613e-09 5.90777e-12
795 1.01583e-09 5.56704e-12
797 1.03053e-09 4.85311e-12
799 1.0165e-09 5.77653e-12
801 1.01968e-09 4.71337e-12
803 1.02292e-09 5.41042e-12
805 1.00314e-09 5.41518e-12
807 1.00335e-09 6.11354e-12
809 9.89985e-10 5.11839e-12
811 9.94236e-10 5.59221e-12
813 9.83522e-10 5.70259e-12
815 9.76927e-10 5.47694e-12
817 9.79147e-10 4.56319e-12
819 9.66751e-10 5.3496e-12
821 9.58342e-10 5.79643e-12
823 9.5778e-10 5.01229e-12
825 9.43238e-10 5.10697e-12
827 9.43948e-10 4.64066e-12
829 9.47064e-10 5.57289e-12
831 9.50478e-10 5.09469e-12
833 9.43735e-10 5.03822e-12
835 9.34506e-10 5.34609e-12
837 9.28287e-10 5.44229e-12
839 9.26752e-10 4.53216e-12
841 9.21608e-10 4.30193e-12
843 9.18465e-10 4.79012e-12
845 9.11608e-10 5.42025e-12
847 9.08011e-10 5.40336e-12
849 9.03754e-10 4.87064e-12
851 9.04025e-10 5.25613e-12
853 8.91707e-10 4.7701e-12
855 8.93095e-10 5.14401e-12
857 9.01087e-10 4.34744e-12
859 8.92836e-10 4.79275e-12
861 9.09098e-10 5.47781e-12
863 9.13e-10 4.85906e-12
865 9.05614e-10 5.83209e-12
867 8.97911e-10 5.43378e-12
869 8.98447e-10 4.80091e-12
871 8.96527e-10 5.26275e-12
873 8.98048e-10 5.94066e-12
875 8.92312e-10 5.37391e-12
877 8.8821e-10 5.10456e-12
879 8.84718e-10 5.34261e-12
881 8.77942e-10 4.60636e-12
883 8.85486e-10 5.23426e-12
885 9.09173e-10 5.25658e-12
887 9.18404e-10 4.95593e-12
889 9.23085e-10 5.67149e-12
891 9.16148e-10 5.24233e-12
893 9.03676e-10 5.3192e-12
895 9.04986e-10 5.24973e-12
897 9.05111e-10 4.89643e-12
899 8.98767e-10 5.44721e-12
901 9.0108e-10 6.05031e-12
903 8.9134e-10 4.82765e-12
905 8.8524e-10 5.10776e-12
907 8.86436e-10 5.49364e-12
909 8.88995e-10 5.4995e-12
911 8.9051e-10 4.91257e-12
913 8.82899e-10 5.23334e-12
915 8.82976e-10 5.58476e-12
917 8.7859e-10 5.41867e-12
919 8.71264e-10 4.47368e-12
921 8.76914e-10 5.03799e-12
923 8.70449e-10 4.54323e-12
925 8.65499e-10 5.49301e-12
927 8.66676e-10 4.02168e-12
929 8.63017e-10 4.98935e-12
931 8.56431e-10 5.07993e-12
933 8.61784e-10 5.3208e-12
935 8.65378e-10 4.41029e-12
937 8.62101e-10 5.01991e-12
939 8.59266e-10 4.6159e-12
941 8.56285e-10 4.74852e-12
943 8.58292e-10 4.12141e-12
945 8.51455e-10 4.23095e-12
947 8.40185e-10 4.4603e-12
949 8.55059e-10 4.86889e-12
951 8.48341e-10 4.58878e-12
953 8.45572e-10 4.38775e-12
955 8.49308e-10 4.61848e-12
957 8.40763e-10 4.6707e-12
959 8.36457e-10 4.45303e-12
961 8.39536e-10 4.27788e-12
963 8.37166e-10 4.56987e-12
965 8.37989e-10 4.87871e-12
967 8.33714e-10 4.60491e-12
969 8.24825e-10 4.61502e-12
971 8.35008e-10 4.50791e-12
973 8.29904e-10 4.71895e-12
975 8.28763e-10 4.80226e-12
977 8.28862e-10 4.12231e-12
979 8.37886e-10 4.17278e-12
981 8.87756e-10 4.7784e-12
983 8.93188e-10 4.64539e-12
985 8.95497e-10 4.18627e-12
987 8.88697e-10 5.05417e-12
989 8.94669e-10 4.45839e-12
991 8.87749e-10 4.67583e-12
993 8.96088e-10 4.51467e-12
995 9.02402e-10 4.88141e-12
997 8.90139e-10 4.86898e-12
999 8.95534e-10 4.76336e-12
1001 9.05586e-10 4.59726e-12
1003 9.04336e-10 4.67414e-12
1005 9.01468e-10 4.4265e-12
1007 9.11098e-10 4.8202e-12
1009 9.12962e-10 4.99655e-12
1011 9.061e-10 4.64215e-12
1013 9.18402e-10 5.11989e-12
1015 9.18205e-10 4.02633e-12
1017 9.22738e-10 4.62761e-12
1019 9.21331e-10 4.71936e-12
1021 9.24604e-10 5.78689e-12
1023 9.21141e-10 4.75554e-12
1025 9.28976e-10 4.71211e-12
1027 9.33195e-10 4.61006e-12
1029 9.422e-10 5.36032e-12
1031 9.26473e-10 4.15046e-12
1033 9.4144e-10 4.93101e-12
1035 9.43525e-10 4.58069e-12
1037 9.41289e-10 4.79394e-12
1039 9.51703e-10 4.00978e-12
1041 9.49213e-10 4.25337e-12
1043 9.48823e-10 4.64917e-12
1045 9.4726e-10 4.83767e-12
1047 9.63279e-10 5.69166e-12
1049 9.72455e-10 5.07275e-12
1051 9.65283e-10 4.70339e-12
1053 9.87021e-10 3.99803e-12
1055 9.80339e-10 5.01287e-12
1057 9.87605e-10 4.32255e-12
1059 1.00056e-09 3.94686e-12
1061 9.9799e-10 4.87601e-12
1063 1.02204e-09 4.91518e-12
1065 1.03557e-09 4.63903e-12
1067 1.04555e-09 5.13205e-12
1069 1.05462e-09 4.89948e-12
1071 1.0745e-09 4.60799e-12
1073 1.07582e-09 5.07087e-12
1075 1.08943e-09 5.23425e-12
1077 1.09777e-09 4.71844e-12
1079 1.11104e-09 5.92508e-12
1081 1.11843e-09 5.6647e-12
1083 1.13073e-09 5.35996e-12
1085 1.1533e-09 5.39403e-12
1087 1.18586e-09 4.97931e-12
1089 1.19937e-09 5.33828e-12
1091 1.37045e-09 5.1502e-12
1093 1.56375e-09 5.70314e-12
1095 1.69448e-09 6.42861e-12
1097 1.82018e-09 5.6996e-12
1099 1.88089e-09 7.64689e-12
1101 1.98422e-09 6.17195e-12
1103 2.12621e-09 8.7666e-12
1105 2.49253e-09 7.96992e-12
1107 3.05318e-09 6.87964e-12
1109 4.29932e-09 1.03083e-11
1111 7.47694e-09 1.37286e-11
1113 0 0
1115 0 0
1117 0 0
1119 0 0
1121 0 0
1123 0 0
1125 0 0
1127 0 0
1129 0 0
1131 0 0
1133 0 0
1135 0 0
1137 0 0
1139 0 0
1141 0 0
1143 0 0
1145 0 0
1147 0 0
1149 0 0
1151 0 0
1153 0 0
1155 0 0
1157 0 0
1159 0 0
1161 0 0
1163 0 0
1165 0 0
1167 0 0
1169 0 0
1171 0 0
1173 0 0
1175 0 0
1177 0 0
1179 0 0
1181 0 0
1183 0 0
1185 0 0
1187 0 0
1189 0 0
1191 0 0
1193 0 0
1195 0 0
1197 0 0
1199 0 0
1201 0 0
1203 0 0
1205 0 0
1207 0 0
1209 0 0
1211 0 0
1213 0 0
1215 0 0
1217 0 0
1219 0 0
1221 0 0
1223 0 0
1225 0 0
1227 0 0
1229 0 0
1231 0 0
1233 0 0
1235 0 0
1237 0 0
1239 0 0
1241 0 0
1243 0 0
1245 0 0
1247 0 0
1249 0 0
1251 0 0
1253 0 0
1255 0 0
1257 0 0
1259 0 0
1261 0 0
1263 0 0
1265 0 0
1267 0 0
1269 0 0
1271 0 0
1273 0 0
1275 0 0
1277 0 0
1279 0 0
1281 0 0
1283 0 0
1285 0 0
1287 0 0
1289 0 0
1291 0 0
1293 0 0
1295 0 0
1297 0 0
1299 0 0
1301 0 0
1303 0 0
1305 0 0
1307 0 0
1309 0 0
1311 0 0
1313 0 0
1315 0 0
1317 0 0
1319 0 0
1321 0 0
1323 0 0
1325 0 0
1327 0 0
1329 0 0
1331 0 0
1333 0 0
1335 0 0
1337 0 0
1339 0 0
1341 0 0
1343 0 0
1345 0 0
1347 0 0
1349 0 0
1351 0 0
1353 0 0
1355 0 0
1357 0 0
1359 0 0
1361 0 0
1363 0 0
1365 0 0
1367 0 0
1369 0 0
1371 0 0
1373 0 0
1375 0 0
1377 0 0
1379 0 0
1381 0 0
1383 0 0
1385 0 0
1387 0 0
1389 0 0
1391 0 0
1393 0 0
1395 0 0
1397 0 0
1399 0 0
1401 0 0
1403 0 0
1405 0 0
1407 0 0
1409 0 0
1411 0 0
1413 0 0
1415 0 0
1417 0 0
1419 0 0
1421 0 0
1423 0 0
1425 0 0
1427 0 0
1429 0 0
1431 0 0
1433 0 0
1435 0 0
1437 0 0
1439 0 0
1441 0 0
1443 0 0
1445 0 0
1447 0 0
1449 0 0
1451 0 0
1453 0 0
1455 0 0
1457 0 0
1459 0 0
1461 0 0
1463 0 0
1465 0 0
1467 0 0
1469 0 0
1471 0 0
1473 0 0
1475 0 0
1477 0 0
1479 0 0
1481 0 0
1483 0 0
1485 0 0
1487 0 0
1489 0 0
1491 0 0
1493 0 0
1495 0 0
1497 0 0
1499 0 0
1501 0 0
1503 0 0
1505 0 0
1507 0 0
1509 0 0
1511 0 0
1513 0 0
1515 0 0
1517 0 0
1519 0 0
1521 0 0
1523 0 0
1525 0 0
1527 0 0
1529 0 0
1531 0 0
1533 0 0
1535 0 0
1537 0 0
1539 0 0
1541 0 0
1543 0 0
1545 0 0
1547 0 0
1549 0 0
1551 0 0
1553 0 0
1555 0 0
1557 0 0
1559 0 0
1561 0 0
1563 0 0
1565 0 0
1567 0 0
1569 0 0
1571 0 0
1573 0 0
1575 0 0
1577 0 0
1579 0 0
1581 0 0
1583 0 0
1585 0 0
1587 0 0
1589 0 0
1591 0 0
1593 0 0
1595 0 0
1597 0 0
1599 0 0
1601 0 0
1603 0 0
1605 0 0
1607 0 0
1609 0 0
1611 0 0
1613 0 0
1615 0 0
1617 0 0
1619 0 0
1621 0 0
1623 0 0
1625 0 0
1627 0 0
1629 0 0
1631 0 0
1633 0 0
1635 0 0
1637 0 0
1639 0 0
1641 0 0
1643 0 0
1645 0 0
1647 0 0
1649 0 0
1651 0 0
1653 0 0
1655 0 0
1657 0 0
1659 0 0
1661 0 0
1663 0 0
1665 0 0
1667 0 0
1669 0 0
1671 0 0
1673 0 0
1675 0 0
1677 0 0
1679 0 0
1681 0 0
1683 0 0
1685 0 0
1687 0 0
1689 0 0
1691 0 0
1693 0 0
1695 0 0
1697 0 0
1699 0 0
1701 0 0
1703 0 0
1705 0 0
1707 0 0
1709 0 0
1711 0 0
1713 0 0
1715 0 0
1717 0 0
1719 0 0
1721 0 0
1723 0 0
1725 0 0
1727 0 0
1729 0 0
1731 0 0
1733 0 0
1735 0 0
1737 0 0
1739 0 0
1741 0 0
1743 0 0
1745 0 0
1747 0 0
1749 0 0
1751 0 0
1753 0 0
1755 0 0
1757 0 0
1759 0 0
1761 0 0
1763 0 0
1765 0 0
1767 0 0
1769 0 0
1771 0 0
1773 0 0
1775 0 0
1777 0 0
1779 0 0
1781 0 0
1783 0 0
1785 0 0
1787 0 0
1789 0 0
1791 0 0
1793 0 0
1795 0 0
1797 0 0
1799 0 0
1801 0 0
1803 0 0
1805 0 0
1807 0 0
1809 0 0
1811 0 0
1813 0 0
1815 0 0
1817 0 0
1819 0 0
1821 0 0
1823 0 0
1825 0 0
1827 0 0
1829 0 0
1831 0 0
1833 0 0
1835 0 0
1837 0 0
1839 0 0
1841 0 0
1843 0 0
1845 0 0
1847 0 0
1849 0 0
1851 0 0
1853 0 0
1855 0 0
1857 0 0
1859 0 0
1861 0 0
1863 0 0
1865 0 0
1867 0 0
1869 0 0
1871 0 0
1873 0 0
1875 0 0
1877 0 0
1879 0 0
1881 0 0
1883 0 0
1885 0 0
1887 0 0
1889 0 0
1891 0 0
1893 0 0
1895 0 0
1897 0 0
1899 0 0
1901 0 0
1903 0 0
1905 0 0
1907 0 0
1909 0 0
1911 0 0
1913 0 0
1915 0 0
1917 0 0
1919 0 0
1921 0 0
1923 0 0
1925 0 0
1927 0 0
1929 0 0
1931 0 0
1933 0 0
1935 0 0
1937 0 0
1939 0 0
1941 0 0
1943 0 0
1945 0 0
1947 0 0
1949 0 0
1951 0 0
1953 0 0
1955 0 0
1957 0 0
1959 0 0
1961 0 0
1963 0 0
1965 0 0
1967 0 0
1969 0 0
1971 0 0
1973 0 0
1975 0 0
1977 0 0
1979 0 0
1981 0 0
1983 0 0
1985 0 0
1987 0 0
1989 0 0
1991 0 0
1993 0 0
1995 0 0
1997 0 0
1999 0 0
