1.09967 4.79253e-07
3.099 1.21429e-06
5.09833 1.19795e-08
7.09767 1.17846e-08
9.097 1.26808e-08
11.0963 1.32078e-08
13.0957 2.58616e-07
15.095 6.53987e-07
17.0943 1.58462e-08
19.0937 1.80828e-08
21.093 1.8547e-08
23.0923 2.09611e-08
25.0917 1.17934e-06
27.091 2.1389e-06
29.0903 2.0177e-06
31.0897 2.71131e-08
33.089 3.05482e-08
35.0883 3.25428e-08
37.0877 3.53037e-08
39.087 3.98164e-08
41.0863 4.1406e-08
43.0857 1.0588e-07
45.085 4.97563e-08
47.0843 1.10627e-06
49.0837 4.51794e-07
51.083 7.23517e-07
53.0823 1.38162e-06
55.0817 1.04117e-06
57.081 4.8344e-07
59.0803 6.6748e-07
61.0797 5.5769e-07
63.079 3.03915e-07
65.0783 1.33253e-06
67.0777 1.32481e-07
69.077 7.9986e-07
71.0763 1.27942e-06
73.0757 1.79113e-06
75.075 8.73455e-07
77.0743 8.30412e-07
79.0737 8.24029e-07
81.073 4.1597e-06
83.0723 1.13963e-06
85.0717 7.64596e-07
87.071 1.11542e-06
89.0703 3.46546e-07
91.0697 1.87111e-06
93.069 1.26087e-06
95.0683 3.1481e-06
97.0677 3.49395e-06
99.067 5.42685e-07
101.066 1.14463e-06
103.066 3.27712e-06
105.065 2.4032e-06
107.064 1.99788e-06
109.064 2.65223e-06
111.063 1.22032e-06
113.062 1.18292e-06
115.062 1.12525e-06
117.061 1.91474e-06
119.06 3.44508e-06
121.06 6.46459e-06
123.059 3.00379e-06
125.058 3.49112e-06
127.058 2.54707e-06
129.057 4.5856e-06
131.056 4.82645e-06
133.056 4.42508e-06
135.055 3.99168e-06
137.054 5.37172e-06
139.054 5.84029e-06
141.053 6.83232e-06
143.052 1.05903e-05
145.052 1.12655e-05
147.051 5.44143e-06
149.05 7.33029e-06
151.05 9.81407e-06
153.049 1.13647e-05
155.048 8.73684e-06
157.048 9.89612e-06
159.047 1.28282e-05
161.046 1.4894e-05
163.046 1.57826e-05
165.045 1.67603e-05
167.044 2.04749e-05
169.044 2.06905e-05
171.043 2.54803e-05
173.042 2.51028e-05
175.042 2.44703e-05
177.041 2.97963e-05
179.04 3.15981e-05
181.04 3.38576e-05
183.039 3.94429e-05
185.038 4.16302e-05
187.038 5.00436e-05
189.037 5.16637e-05
191.036 6.05943e-05
193.036 6.68743e-05
195.035 7.53997e-05
197.034 8.39747e-05
199.034 0.000100441
201.033 0.000109263
203.032 0.000128314
205.032 0.000144716
207.031 0.00016974
209.03 0.000208382
211.03 0.000271372
213.029 0.000333719
215.028 0.000382458
217.028 0.000383791
219.027 0.000331958
221.026 0.000224543
223.026 0.000109206
225.025 3.4654e-05
227.024 1.26818e-05
229.024 7.15563e-06
231.023 6.40799e-06
233.022 7.77613e-06
235.022 6.21601e-06
237.021 1.00601e-05
239.02 6.36341e-06
241.02 6.19908e-06
243.019 4.9897e-06
245.018 9.13984e-06
247.018 4.48805e-06
249.017 5.13833e-06
251.016 4.61555e-06
253.016 2.46182e-06
255.015 4.95429e-06
257.014 8.29135e-07
259.014 1.62432e-06
261.013 4.12811e-07
263.012 1.20229e-06
265.012 0
267.011 0
269.01 0
271.01 0
273.009 0
275.008 0
277.008 0
279.007 0
281.006 0
283.006 0
285.005 0
287.004 0
289.004 0
291.003 0
293.002 0
295.002 0
297.001 0
299 0
