-7.23 0.00805944 4.24972e-06
-7.13 0.0080602 4.27303e-06
-7.03 0.00805729 4.23868e-06
-6.93 0.00805326 4.16545e-06
-6.83 0.00804908 4.17713e-06
-6.73 0.00804297 4.1361e-06
-6.63 0.00803497 4.09092e-06
-6.53 0.00802684 4.14415e-06
-6.43 0.0080181 4.13344e-06
-6.33 0.00800909 4.10491e-06
-6.23 0.00799979 4.22807e-06
-6.13 0.00799079 4.27337e-06
-6.03 0.00798105 4.299e-06
-5.93 0.00797102 4.25485e-06
-5.83 0.00796083 4.22711e-06
-5.73 0.00795036 4.19313e-06
-5.63 0.00793895 4.24347e-06
-5.53 0.00792669 4.24217e-06
-5.43 0.00791493 4.27474e-06
-5.33 0.00790278 4.17248e-06
-5.23 0.00789077 4.15689e-06
-5.13 0.00787839 4.23514e-06
-5.03 0.00786609 4.18144e-06
-4.93 0.00785388 4.06538e-06
-4.83 0.00784126 4.08037e-06
-4.73 0.00782771 4.149e-06
-4.63 0.00781472 4.21704e-06
-4.53 0.00780189 4.16675e-06
-4.43 0.00778814 4.27187e-06
-4.33 0.0077731 4.22142e-06
-4.23 0.00775891 4.13098e-06
-4.13 0.00774462 4.21944e-06
-4.03 0.0077298 4.21247e-06
-3.93 0.0077141 4.21731e-06
-3.83 0.00769996 4.19939e-06
-3.73 0.0076841 4.20933e-06
-3.63 0.00766948 4.30793e-06
-3.53 0.00765393 4.2785e-06
-3.43 0.00763835 4.27378e-06
-3.33 0.00762195 4.31527e-06
-3.23 0.00760543 4.26868e-06
-3.13 0.00758919 4.23491e-06
-3.03 0.00757275 4.23829e-06
-2.93 0.00755651 4.27292e-06
-2.83 0.00753852 4.16395e-06
-2.73 0.00752298 4.11728e-06
-2.63 0.00750568 4.14621e-06
-2.53 0.00748744 4.23153e-06
-2.43 0.00746911 4.28006e-06
-2.33 0.00744669 4.36267e-06
-2.23 0.00741907 4.25411e-06
-2.13 0.00737562 4.23763e-06
-2.03 0.00730736 4.22531e-06
-1.93 0.00723229 4.10843e-06
-1.83 0.0071667 3.95151e-06
-1.73 0.00710464 4.03512e-06
-1.63 0.00704168 3.95911e-06
-1.53 0.00698178 4.03764e-06
-1.43 0.00691864 4.1313e-06
-1.33 0.00684959 4.01677e-06
-1.23 0.00678129 3.99887e-06
-1.13 0.00671538 3.97742e-06
-1.03 0.00664429 3.98666e-06
-0.93 0.00657278 3.88678e-06
-0.83 0.00650546 3.78536e-06
-0.73 0.0064372 3.75363e-06
-0.63 0.00636142 3.87387e-06
-0.53 0.00628422 3.87929e-06
-0.43 0.00621319 3.86418e-06
-0.33 0.00614002 3.75542e-06
-0.23 0.00605985 3.68009e-06
-0.13 0.00597958 3.72121e-06
-0.03 0.00590339 3.68874e-06
0.07 0.00582722 3.63738e-06
0.17 0.00574343 3.48789e-06
0.27 0.00565612 3.51259e-06
0.37 0.0055713 3.54693e-06
0.47 0.00548756 3.45358e-06
0.57 0.00539789 3.45129e-06
0.67 0.00530294 3.44804e-06
0.77 0.0052092 3.48112e-06
0.87 0.00511858 3.48865e-06
0.97 0.00502275 3.50889e-06
1.07 0.00491808 3.47658e-06
1.17 0.00480972 3.49363e-06
1.27 0.00470551 3.52614e-06
1.37 0.00460265 3.45147e-06
1.47 0.00449106 3.43337e-06
1.57 0.00436749 3.37775e-06
1.67 0.00424116 3.39053e-06
1.77 0.00411993 3.30608e-06
1.87 0.0039951 3.18837e-06
1.97 0.00383844 2.9985e-06
2.07 0.00367033 2.81579e-06
2.17 0.00349352 2.65391e-06
2.27 0.00331228 2.57404e-06
2.37 0.00311223 2.4572e-06
2.47 0.00289611 2.35995e-06
2.57 0.0026689 2.2643e-06
2.67 0.002428 2.17067e-06
2.77 0.00215951 2.19633e-06
2.87 0.00183319 2.04962e-06
2.97 0.00143805 1.76792e-06
3.07 0.00100999 1.4726e-06
3.17 0.000618841 1.14085e-06
3.27 0.000326776 8.24641e-07
3.37 0.000146668 5.3892e-07
3.47 5.65664e-05 3.3289e-07
3.57 1.93831e-05 1.89084e-07
3.67 6.75676e-06 1.17081e-07
3.77 3.16352e-06 8.79727e-08
3.87 2.415e-06 8.11465e-08
3.97 2.2172e-06 8.03421e-08
4.07 2.14181e-06 7.47035e-08
4.17 2.16757e-06 7.99421e-08
4.27 2.09637e-06 7.79591e-08
4.37 2.08242e-06 8.26838e-08
4.47 2.06904e-06 7.50823e-08
4.57 2.08287e-06 7.50795e-08
4.67 2.15831e-06 7.89935e-08
4.77 2.09603e-06 6.95186e-08
4.87 2.04803e-06 7.66581e-08
4.97 2.02412e-06 7.424e-08
5.07 1.91675e-06 6.35268e-08
5.17 1.9363e-06 6.34103e-08
5.27 1.99163e-06 6.80185e-08
5.37 1.98896e-06 6.62726e-08
5.47 1.95267e-06 6.92291e-08
5.57 1.87032e-06 7.00518e-08
5.67 1.87346e-06 6.80987e-08
5.77 1.92348e-06 7.08762e-08
5.87 1.8602e-06 6.48065e-08
5.97 1.87755e-06 6.17935e-08
6.07 1.87135e-06 6.41153e-08
6.17 1.93876e-06 6.96795e-08
6.27 1.90684e-06 7.23827e-08
6.37 1.85753e-06 7.5106e-08
6.47 1.83669e-06 7.67992e-08
6.57 1.80183e-06 8.36555e-08
6.67 1.71966e-06 7.60952e-08
6.77 1.70993e-06 7.21168e-08
6.87 1.75304e-06 6.53133e-08
6.97 1.81209e-06 6.38414e-08
7.07 1.73711e-06 5.99206e-08
7.17 1.70483e-06 6.16101e-08
7.27 1.71674e-06 6.2337e-08
7.37 1.64043e-06 7.08877e-08
7.47 1.63154e-06 7.35042e-08
7.57 1.66123e-06 7.28895e-08
7.67 1.64401e-06 7.17152e-08
7.77 1.61526e-06 6.70537e-08
7.87 1.63283e-06 7.28688e-08
7.97 1.6313e-06 6.39901e-08
8.07 1.67306e-06 5.85403e-08
8.17 1.66025e-06 6.14265e-08
8.27 1.66238e-06 6.79345e-08
8.37 1.55939e-06 6.80057e-08
8.47 1.57748e-06 6.48618e-08
8.57 1.52346e-06 6.44744e-08
8.67 1.48635e-06 6.12961e-08
8.77 1.52609e-06 5.94174e-08
8.87 1.44147e-06 5.42401e-08
8.97 1.37069e-06 5.82385e-08
9.07 1.38527e-06 6.42895e-08
9.17 1.29019e-06 5.80501e-08
9.27 1.3412e-06 6.47739e-08
9.37 1.28928e-06 5.94868e-08
9.47 1.33399e-06 6.01681e-08
9.57 1.32424e-06 5.63339e-08
9.67 1.27863e-06 5.622e-08
9.77 1.30283e-06 5.34334e-08
9.87 1.33412e-06 5.78411e-08
9.97 1.31571e-06 5.56249e-08
10.07 1.29265e-06 5.5934e-08
10.17 1.27971e-06 5.96002e-08
10.27 1.20666e-06 5.42642e-08
10.37 1.19705e-06 5.65621e-08
10.47 1.21656e-06 5.68794e-08
10.57 1.27235e-06 5.77772e-08
10.67 1.23713e-06 5.94826e-08
10.77 1.22682e-06 5.3297e-08
10.87 1.24216e-06 5.75662e-08
10.97 1.21236e-06 6.00815e-08
11.07 1.13875e-06 5.42037e-08
11.17 1.15997e-06 5.18514e-08
11.27 1.13937e-06 5.53083e-08
11.37 1.1298e-06 5.55058e-08
11.47 1.17523e-06 5.78372e-08
11.57 1.14504e-06 5.60306e-08
11.67 1.10486e-06 5.53357e-08
11.77 1.10361e-06 5.75063e-08
11.87 1.06714e-06 5.55567e-08
11.97 1.08466e-06 6.00103e-08
12.07 1.04136e-06 5.35206e-08
12.17 1.03797e-06 4.95943e-08
12.27 1.0741e-06 4.64809e-08
12.37 1.09261e-06 5.57712e-08
12.47 1.13131e-06 5.38693e-08
12.57 1.16205e-06 5.72882e-08
12.67 1.09928e-06 5.70921e-08
12.77 1.07657e-06 4.99145e-08
12.87 1.06302e-06 5.57045e-08
12.97 1.08174e-06 5.41409e-08
13.07 1.09967e-06 5.72225e-08
13.17 1.1293e-06 5.89918e-08
