-7.23 6.91968 0.000206986
-7.13 6.94055 0.000213324
-7.03 6.98024 0.000214721
-6.93 7.01266 0.000219644
-6.83 7.04762 0.000223761
-6.73 7.08589 0.000228401
-6.63 7.11882 0.000235267
-6.53 7.161 0.000242816
-6.43 7.19449 0.000250394
-6.33 7.23785 0.000254246
-6.23 7.27544 0.000262293
-6.13 7.31599 0.000269008
-6.03 7.35936 0.000274135
-5.93 7.39883 0.000282274
-5.83 7.44552 0.000289965
-5.73 7.48825 0.00029682
-5.63 7.53318 0.000304231
-5.53 7.5817 0.000314047
-5.43 7.62719 0.00032423
-5.33 7.67687 0.000334355
-5.23 7.72768 0.00034099
-5.13 7.77742 0.000351435
-5.03 7.83119 0.000362695
-4.93 7.88581 0.000376863
-4.83 7.94008 0.000394007
-4.73 7.99765 0.000405365
-4.63 8.05731 0.000415327
-4.53 8.11732 0.000435756
-4.43 8.17944 0.000455246
-4.33 8.24428 0.000475811
-4.23 8.31093 0.000491817
-4.13 8.37942 0.000510809
-4.03 8.45049 0.000537598
-3.93 8.52439 0.000559533
-3.83 8.60097 0.000582518
-3.73 8.68038 0.000604425
-3.63 8.76301 0.00063537
-3.53 8.84943 0.000663269
-3.43 8.93984 0.00069257
-3.33 9.03439 0.000708698
-3.23 9.13368 0.000754598
-3.13 9.23855 0.000793476
-3.03 9.34985 0.000863452
-2.93 9.46833 0.000929853
-2.83 9.5951 0.000995984
-2.73 9.7324 0.00108951
-2.63 9.8819 0.0012085
-2.53 10.0484 0.00131209
-2.43 10.2375 0.00160136
-2.33 10.4588 0.00193545
-2.23 10.7258 0.00238639
-2.13 11.0352 0.00254605
-2.03 11.3304 0.00299619
-1.93 11.522 0.00345039
-1.83 11.6055 0.00330907
-1.73 11.6638 0.00312269
-1.63 11.7411 0.00312468
-1.53 11.843 0.00315854
-1.43 11.9793 0.00304197
-1.33 12.1232 0.00335554
-1.23 12.2473 0.00338893
-1.13 12.3608 0.00351359
-1.03 12.5003 0.00389742
-0.93 12.6319 0.00354771
-0.83 12.7607 0.00343463
-0.73 12.9179 0.00345412
-0.63 13.0995 0.00411273
-0.53 13.2553 0.00356699
-0.43 13.3909 0.00352421
-0.33 13.5722 0.00387696
-0.23 13.7834 0.00401482
-0.13 13.9568 0.00380695
-0.03 14.1136 0.0041629
0.07 14.3207 0.00433371
0.17 14.5901 0.00438993
0.27 14.8198 0.00499873
0.37 15.017 0.00497893
0.47 15.2475 0.00501067
0.57 15.5607 0.00479335
0.67 15.8627 0.0053656
0.77 16.0983 0.00561963
0.87 16.3585 0.00525531
0.97 16.7313 0.00581465
1.07 17.1559 0.00578537
1.17 17.5208 0.00541174
1.27 17.8139 0.00587499
1.37 18.1995 0.00582309
1.47 18.7693 0.00602633
1.57 19.3993 0.00629655
1.67 19.9125 0.00733844
1.77 20.3993 0.00714697
1.87 21.8795 0.00776384
1.97 24.9454 0.00848718
2.07 26.2856 0.0091577
2.17 27.3746 0.0085826
2.27 28.636 0.00922703
2.37 29.3568 0.0106124
2.47 28.6604 0.0090091
2.57 30.5787 0.011622
2.67 32.5929 0.0122017
2.77 35.3413 0.0149512
2.87 39.7147 0.0163312
2.97 45.894 0.0183018
3.07 53.3303 0.0239962
3.17 61.2035 0.0368221
3.27 69.109 0.0523273
3.37 76.8322 0.0689947
3.47 84.1465 0.129348
3.57 90.8367 0.245006
3.67 97.8221 0.483439
3.77 106.322 1.35752
3.87 129.256 8.72184
3.97 46.3457 7.96156
4.07 3.61793 2.26216
4.17 7.17366e-05 7.09717e-05
4.27 7.17366e-05 7.09717e-05
4.37 7.17366e-05 7.09717e-05
4.47 7.17366e-05 7.09717e-05
4.57 7.17366e-05 7.09717e-05
4.67 7.17366e-05 7.09717e-05
4.77 7.17366e-05 7.09717e-05
4.87 7.17366e-05 7.09717e-05
4.97 7.17366e-05 7.09717e-05
5.07 7.17366e-05 7.09717e-05
5.17 7.17366e-05 7.09717e-05
5.27 7.17366e-05 7.09717e-05
5.37 7.17366e-05 7.09717e-05
5.47 7.17366e-05 7.09717e-05
5.57 7.17366e-05 7.09717e-05
5.67 7.17366e-05 7.09717e-05
5.77 7.17366e-05 7.09717e-05
5.87 7.17366e-05 7.09717e-05
5.97 7.17366e-05 7.09717e-05
6.07 7.17366e-05 7.09717e-05
6.17 7.17366e-05 7.09717e-05
6.27 7.17366e-05 7.09717e-05
6.37 7.17366e-05 7.09717e-05
6.47 7.17366e-05 7.09717e-05
6.57 7.17366e-05 7.09717e-05
6.67 7.17366e-05 7.09717e-05
6.77 7.17366e-05 7.09717e-05
6.87 7.17366e-05 7.09717e-05
6.97 7.17366e-05 7.09717e-05
7.07 7.17366e-05 7.09717e-05
7.17 7.17366e-05 7.09717e-05
7.27 7.17366e-05 7.09717e-05
7.37 7.17366e-05 7.09717e-05
7.47 7.17366e-05 7.09717e-05
7.57 7.17366e-05 7.09717e-05
7.67 7.17366e-05 7.09717e-05
7.77 7.17366e-05 7.09717e-05
7.87 7.17366e-05 7.09717e-05
7.97 7.17366e-05 7.09717e-05
8.07 7.17366e-05 7.09717e-05
8.17 7.17366e-05 7.09717e-05
8.27 7.17366e-05 7.09717e-05
8.37 7.17366e-05 7.09717e-05
8.47 7.17366e-05 7.09717e-05
8.57 7.17366e-05 7.09717e-05
8.67 7.17366e-05 7.09717e-05
8.77 7.17366e-05 7.09717e-05
8.87 7.17366e-05 7.09717e-05
8.97 7.17366e-05 7.09717e-05
9.07 7.17366e-05 7.09717e-05
9.17 7.17366e-05 7.09717e-05
9.27 7.17366e-05 7.09717e-05
9.37 7.17366e-05 7.09717e-05
9.47 7.17366e-05 7.09717e-05
9.57 7.17366e-05 7.09717e-05
9.67 7.17366e-05 7.09717e-05
9.77 7.17366e-05 7.09717e-05
9.87 7.17366e-05 7.09717e-05
9.97 7.17366e-05 7.09717e-05
10.07 7.17366e-05 7.09717e-05
10.17 7.17366e-05 7.09717e-05
10.27 7.17366e-05 7.09717e-05
10.37 7.17366e-05 7.09717e-05
10.47 7.17366e-05 7.09717e-05
10.57 7.17366e-05 7.09717e-05
10.67 7.17366e-05 7.09717e-05
10.77 7.17366e-05 7.09717e-05
10.87 7.17366e-05 7.09717e-05
10.97 7.17366e-05 7.09717e-05
11.07 7.17366e-05 7.09717e-05
11.17 7.17366e-05 7.09717e-05
11.27 7.17366e-05 7.09717e-05
11.37 7.17366e-05 7.09717e-05
11.47 7.17366e-05 7.09717e-05
11.57 7.17366e-05 7.09717e-05
11.67 7.17366e-05 7.09717e-05
11.77 7.17366e-05 7.09717e-05
11.87 7.17366e-05 7.09717e-05
11.97 7.17366e-05 7.09717e-05
12.07 0.000142745 9.95794e-05
12.17 0.000142745 9.95794e-05
12.27 0.000142745 9.95794e-05
12.37 0.000142745 9.95794e-05
12.47 0.000142745 9.95794e-05
12.57 0.000142745 9.95794e-05
12.67 0.000142745 9.95794e-05
12.77 0.000142745 9.95794e-05
12.87 0.000142745 9.95794e-05
12.97 0.000142745 9.95794e-05
13.07 0.000142745 9.95794e-05
13.17 0.000142745 9.95794e-05
