-7.23 6.99617
-7.13 7.07906
-7.03 7.76291
-6.93 8.81396
-6.83 8.61965
-6.73 9.97454
-6.63 10.5363
-6.53 9.56888
-6.43 8.99602
-6.33 10.2115
-6.23 9.50365
-6.13 10.9727
-6.03 11.8197
-5.93 11.9632
-5.83 11.5009
-5.73 9.55216
-5.63 10.9251
-5.53 11.0562
-5.43 12.1007
-5.33 10.4058
-5.23 11.3828
-5.13 11.1813
-5.03 10.4305
-4.93 12.1138
-4.83 11.4181
-4.73 13.2645
-4.63 14.157
-4.53 10.6633
-4.43 10.3576
-4.33 10.7102
-4.23 10.5558
-4.13 10.4732
-4.03 12.3722
-3.93 11.7415
-3.83 12.9682
-3.73 12.8319
-3.63 11.7287
-3.53 12.9504
-3.43 11.7386
-3.33 12.4627
-3.23 12.2742
-3.13 13.0581
-3.03 14.1306
-2.93 13.4657
-2.83 14.8969
-2.73 13.6226
-2.63 13.4448
-2.53 14.1199
-2.43 12.8998
-2.33 15.7598
-2.23 18.4168
-2.13 22.7179
-2.03 23.7689
-1.93 22.1761
-1.83 21.7686
-1.73 21.6874
-1.63 22.887
-1.53 19.7945
-1.43 21.0021
-1.33 22.7211
-1.23 22.6512
-1.13 22.7726
-1.03 20.8618
-0.93 21.051
-0.83 24.4449
-0.73 20.5585
-0.63 24.6041
-0.53 26.8149
-0.43 22.8046
-0.33 24.7494
-0.23 25.5639
-0.13 25.8358
-0.03 24.0476
0.07 24.6383
0.17 26.964
0.27 30.4998
0.37 28.6885
0.47 28.368
0.57 26.3001
0.67 26.7396
0.77 28.4507
0.87 28.0663
0.97 30.0711
1.07 31.1612
1.17 31.5301
1.27 31.3612
1.37 32.4377
1.47 32.5524
1.57 37.9932
1.67 35.0316
1.77 36.9317
1.87 38.0678
1.97 45.3721
2.07 48.0829
2.17 50.9154
2.27 50.1288
2.37 52.5617
2.47 50.4798
2.57 57.3831
2.67 58.7738
2.77 69.0055
2.87 76.2869
2.97 87.0263
3.07 104.835
3.17 114.451
3.27 127.831
3.37 144.056
3.47 143.852
3.57 142.493
3.67 161.394
3.77 42.9271
3.87 124.013
3.97 44.9062
4.07 150.791
4.17 544.175
4.27 0
4.37 0
4.47 0
4.57 0
4.67 0
4.77 0
4.87 0
4.97 0
5.07 0
5.17 0
5.27 0
5.37 0
5.47 0
5.57 0
5.67 20.4881
5.77 21.347
5.87 23.6329
5.97 27.1512
6.07 33.3219
6.17 50.6585
6.27 184.677
6.37 0
6.47 0
6.57 0
6.67 213.455
6.77 0
6.87 0
6.97 0
7.07 0
7.17 0
7.27 0
7.37 0
7.47 0
7.57 44.3429
7.67 140.938
7.77 0
7.87 0
7.97 0
8.07 0
8.17 0
8.27 0
8.37 699.931
8.47 18.3419
8.57 19.243
8.67 20.6407
8.77 22.4884
8.87 25.0123
8.97 28.7088
9.07 35.4028
9.17 56.1082
9.27 206.18
9.37 0
9.47 0
9.57 0
9.67 0
9.77 0
9.87 0
9.97 0
10.07 0
10.17 0
10.27 0
10.37 20.0229
10.47 20.9687
10.57 22.4818
10.67 24.4651
10.77 27.0966
10.87 30.9317
10.97 37.5365
11.07 54.0936
11.17 184.831
11.27 0
11.37 0
11.47 36.1533
11.57 45.193
11.67 150.083
11.77 0
11.87 0
11.97 0
12.07 0
12.17 0
12.27 0
12.37 0
12.47 0
12.57 0
12.67 0
12.77 0
12.87 0
12.97 0
13.07 0
13.17 0
