-7.23 5.49727 0.010424
-7.13 5.56703 0.00816628
-7.03 5.63644 0.00727535
-6.93 5.67901 0.0065392
-6.83 5.74062 0.00667797
-6.73 5.79232 0.00659425
-6.63 5.83845 0.00702331
-6.53 5.87524 0.00703446
-6.43 5.92302 0.0059412
-6.33 5.97579 0.00630636
-6.23 6.022 0.00706142
-6.13 6.06305 0.00715931
-6.03 6.11088 0.00646971
-5.93 6.16975 0.00680034
-5.83 6.21133 0.00684409
-5.73 6.26317 0.00632839
-5.63 6.32077 0.00685256
-5.53 6.37288 0.00678189
-5.43 6.40385 0.0073513
-5.33 6.47074 0.00631482
-5.23 6.52317 0.00765609
-5.13 6.58028 0.00708749
-5.03 6.62074 0.00710347
-4.93 6.6827 0.00732892
-4.83 6.74619 0.00651469
-4.73 6.79778 0.00694551
-4.63 6.87325 0.00703355
-4.53 6.93056 0.00677974
-4.43 7.00639 0.00738717
-4.33 7.06994 0.00635413
-4.23 7.13821 0.00655602
-4.13 7.20485 0.00657562
-4.03 7.28489 0.00824993
-3.93 7.36057 0.00746845
-3.83 7.44808 0.0064551
-3.73 7.51714 0.00616179
-3.63 7.60853 0.00676462
-3.53 7.69759 0.00715866
-3.43 7.77809 0.00718239
-3.33 7.88902 0.00869454
-3.23 7.98846 0.00789124
-3.13 8.09063 0.00796978
-3.03 8.20348 0.00731552
-2.93 8.33339 0.00777745
-2.83 8.44966 0.00738646
-2.73 8.60362 0.00810646
-2.63 8.78084 0.00706528
-2.53 8.96471 0.00725079
-2.43 9.19407 0.00659306
-2.33 9.47497 0.00858911
-2.23 9.88452 0.0093713
-2.13 10.379 0.00994997
-2.03 10.6133 0.00982224
-1.93 10.5628 0.00960362
-1.83 10.5596 0.0109101
-1.73 10.6884 0.00770096
-1.63 10.7473 0.0081849
-1.53 10.8923 0.00977743
-1.43 11.1164 0.0103191
-1.33 11.2406 0.0103599
-1.23 11.3139 0.0106138
-1.13 11.4896 0.00932766
-1.03 11.6525 0.00986007
-0.93 11.7352 0.0104196
-0.83 11.8785 0.0108041
-0.73 12.1363 0.0115169
-0.63 12.3376 0.0121674
-0.53 12.3791 0.0117734
-0.43 12.5585 0.0108071
-0.33 12.8571 0.0125413
-0.23 13.0595 0.0113215
-0.13 13.1508 0.0110308
-0.03 13.3401 0.011064
0.07 13.6688 0.011906
0.17 13.9838 0.0130666
0.27 14.1561 0.0130901
0.37 14.3694 0.0126636
0.47 14.6849 0.0132182
0.57 nan nan
0.67 15.3576 0.0131988
0.77 15.5926 0.0136953
0.87 15.9764 0.0151639
0.97 16.5153 0.0144441
1.07 16.9389 0.0157721
1.17 17.2611 0.0158265
1.27 17.6112 0.0148341
1.37 18.2085 0.0163212
1.47 18.9658 0.0157907
1.57 19.6159 0.0172432
1.67 20.1078 0.0180594
1.77 20.7886 0.0180457
1.87 21.7869 0.0193197
1.97 22.901 0.0180191
2.07 24.2471 0.0191251
2.17 25.5064 0.016263
2.27 27.322 0.0211468
2.37 29.904 0.0251734
2.47 32.4319 0.0258145
2.57 35.0913 0.029404
2.67 38.6615 0.0292954
2.77 44.2593 0.0370562
2.87 52.3154 0.0424137
2.97 62.6636 0.0557423
3.07 74.3018 0.0842124
3.17 86.5006 0.115147
3.27 98.9144 0.160851
3.37 111.085 0.22873
3.47 121.86 0.434095
3.57 131.407 0.962138
3.67 132.415 2.25353
3.77 130.518 4.75668
3.87 117.268 5.34844
3.97 123.905 5.80699
4.07 122.951 5.81788
4.17 115.066 6.15966
4.27 121.129 6.80117
4.37 116.252 7.3673
4.47 111.878 5.44369
4.57 118.404 7.62801
4.67 110.682 6.53503
4.77 110.223 6.05141
4.87 118.423 7.51402
4.97 108.309 4.89433
5.07 113.434 5.56409
5.17 123.541 6.02974
5.27 103.162 4.58377
5.37 111.028 6.35914
5.47 111.102 5.27852
5.57 112.552 6.11645
5.67 110.609 6.13992
5.77 118.088 8.19373
5.87 102.33 5.46739
5.97 106.523 6.14853
6.07 107.429 5.90597
6.17 113.367 6.29896
6.27 118.635 8.12334
6.37 114.788 6.70221
6.47 109.043 6.819
6.57 122.589 7.48371
6.67 119.132 9.21401
6.77 128.351 8.37109
6.87 103.868 6.83284
6.97 113.997 6.13973
7.07 112.306 5.94137
7.17 104.405 6.03181
7.27 105.378 5.92708
7.37 115.513 12.8689
7.47 117.847 7.33944
7.57 105.65 6.00641
7.67 139.67 15.0774
7.77 118.824 9.04663
7.87 126.847 16.5562
7.97 105.569 7.11133
8.07 97.8826 5.53023
8.17 620.115 511.286
8.27 126.246 14.5553
8.37 110.056 6.8497
8.47 114.882 5.86582
8.57 113.027 10.9775
8.67 141.59 37.8406
8.77 116.889 9.63667
8.87 113.178 7.18063
8.97 125.52 10.5666
9.07 108.115 6.30131
9.17 96.6601 6.92587
9.27 112.726 8.3602
9.37 119.751 8.413
9.47 115.854 9.39953
9.57 104.65 7.92613
9.67 104.757 6.75927
9.77 108.65 9.44905
9.87 104.798 7.29406
9.97 113.116 7.57755
10.07 114.69 9.91244
10.17 137.056 23.6811
10.27 125.584 9.67883
10.37 120.141 15.119
10.47 574.081 448.354
10.57 124.643 13.2115
10.67 170.392 50.4922
10.77 105.171 10.5881
10.87 148.163 33.0938
10.97 122.686 10.0843
11.07 231.756 111.66
11.17 144.059 17.4798
11.27 116.408 10.6071
11.37 169.75 58.4929
11.47 164.3 30.2292
11.57 214.037 67.5016
11.67 302.745 186.05
11.77 550.695 424.916
11.87 111.752 12.2167
11.97 756.569 614.578
12.07 895.962 550.316
12.17 122.433 13.6759
12.27 121.694 24.8636
12.37 121.661 13.4947
12.47 114.857 9.69573
12.57 92.318 6.45836
12.67 105.089 10.8504
12.77 732.439 614.591
12.87 1486.57 783.964
12.97 911.042 562.691
13.07 1033.87 651.863
13.17 989.706 624.447
