-7.23 6.96636 0.000230077
-7.13 6.98999 0.000241089
-7.03 7.03035 0.000238037
-6.93 7.06516 0.000247338
-6.83 7.10182 0.000257184
-6.73 7.14188 0.000260436
-6.63 7.17735 0.000267464
-6.53 7.22105 0.000271955
-6.43 7.25761 0.000278916
-6.33 7.30264 0.00029215
-6.23 7.34331 0.000300256
-6.13 7.38651 0.000307686
-6.03 7.43247 0.000317116
-5.93 7.47553 0.000328707
-5.83 7.52487 0.000336053
-5.73 7.57141 0.000345518
-5.63 7.62009 0.000354864
-5.53 7.67231 0.000432266
-5.43 7.72208 0.000379566
-5.33 7.77606 0.000392092
-5.23 7.83152 0.000404591
-5.13 7.88659 0.000416926
-5.03 7.94564 0.000429855
-4.93 8.006 0.000446716
-4.83 8.06697 0.000475921
-4.73 8.13134 0.000494148
-4.63 8.19828 0.000494855
-4.53 8.26641 0.00053197
-4.43 8.33736 0.000559302
-4.33 8.41168 0.000586283
-4.23 8.48915 0.000683651
-4.13 8.56902 0.000644098
-4.03 8.65258 0.00068748
-3.93 8.74038 0.000722911
-3.83 8.83264 0.000750504
-3.73 8.92941 0.000796754
-3.63 9.03176 0.000858892
-3.53 9.14025 0.000940313
-3.43 9.25626 0.00106954
-3.33 9.38026 0.000978683
-3.23 9.51246 0.00120693
-3.13 9.65764 0.00139613
-3.03 9.81733 0.00170514
-2.93 9.99439 0.00214099
-2.83 10.1905 0.00214316
-2.73 10.4251 0.00301824
-2.63 10.6947 0.00366207
-2.53 11.04 0.0039699
-2.43 11.5056 0.00640434
-2.33 12.2133 0.0105029
-2.23 13.4307 0.0167155
-2.13 15.4686 0.0204402
-2.03 17.9496 0.0264937
-1.93 19.6975 0.0333196
-1.83 20.017 0.0335654
-1.73 19.7333 0.0296738
-1.63 19.5037 0.0312793
-1.53 19.4061 0.0312979
-1.43 19.7071 0.02588
-1.33 20.2346 0.0296681
-1.23 20.56 0.032045
-1.13 20.565 0.03254
-1.03 20.8785 0.034093
-0.93 21.1153 0.0323167
-0.83 21.1369 0.0325972
-0.73 21.3208 0.0285891
-0.63 21.9295 0.0360586
-0.53 22.3671 0.0321613
-0.43 22.2692 0.0301778
-0.33 22.4773 0.0322959
-0.23 23.1834 0.0325182
-0.13 23.5704 0.0334834
-0.03 23.4606 0.0339403
0.07 23.5379 0.0342064
0.17 24.4449 0.0341765
0.27 25.0811 0.0388792
0.37 25.2022 0.0385495
0.47 25.1842 0.0383219
0.57 25.9933 0.0343484
0.67 26.996 0.0364622
0.77 27.1852 0.038972
0.87 27.0322 0.0365654
0.97 27.6428 0.0379968
1.07 28.9661 0.0408205
1.17 29.9703 0.0378495
1.27 29.8345 0.0376601
1.37 29.7573 0.0413653
1.47 30.9061 0.0407033
1.57 32.9516 0.0416912
1.67 34.1929 0.0448715
1.77 34.6028 0.0422395
1.87 36.0168 0.0444224
1.97 40.2682 0.0445065
2.07 44.3944 0.0518719
2.17 46.0335 0.0438757
2.27 46.814 0.0475455
2.37 47.8221 0.0498713
2.47 47.8972 0.0475859
2.57 51.7969 0.0519675
2.67 54.4637 0.0478569
2.77 57.6721 0.0596736
2.87 65.2322 0.0497582
2.97 77.8108 0.0602181
3.07 93.0334 0.0650533
3.17 107.985 0.0839544
3.27 122.015 0.104861
3.37 134.703 0.131261
3.47 146.346 0.20675
3.57 156.394 0.379049
3.67 165.824 0.748815
3.77 176.016 1.82057
3.87 189.694 9.71564
3.97 62.3815 10.4607
4.07 6.21012 3.54591
4.17 7.17366e-05 7.09717e-05
4.27 7.17366e-05 7.09717e-05
4.37 7.17366e-05 7.09717e-05
4.47 7.17366e-05 7.09717e-05
4.57 7.17366e-05 7.09717e-05
4.67 7.17366e-05 7.09717e-05
4.77 7.17366e-05 7.09717e-05
4.87 7.17366e-05 7.09717e-05
4.97 7.17366e-05 7.09717e-05
5.07 7.17366e-05 7.09717e-05
5.17 7.17366e-05 7.09717e-05
5.27 7.17366e-05 7.09717e-05
5.37 7.17366e-05 7.09717e-05
5.47 7.17366e-05 7.09717e-05
5.57 7.17366e-05 7.09717e-05
5.67 7.17366e-05 7.09717e-05
5.77 7.17366e-05 7.09717e-05
5.87 7.17366e-05 7.09717e-05
5.97 7.17366e-05 7.09717e-05
6.07 7.17366e-05 7.09717e-05
6.17 7.17366e-05 7.09717e-05
6.27 7.17366e-05 7.09717e-05
6.37 7.17366e-05 7.09717e-05
6.47 7.17366e-05 7.09717e-05
6.57 7.17366e-05 7.09717e-05
6.67 7.17366e-05 7.09717e-05
6.77 7.17366e-05 7.09717e-05
6.87 7.17366e-05 7.09717e-05
6.97 7.17366e-05 7.09717e-05
7.07 7.17366e-05 7.09717e-05
7.17 7.17366e-05 7.09717e-05
7.27 7.17366e-05 7.09717e-05
7.37 7.17366e-05 7.09717e-05
7.47 7.17366e-05 7.09717e-05
7.57 7.17366e-05 7.09717e-05
7.67 7.17366e-05 7.09717e-05
7.77 7.17366e-05 7.09717e-05
7.87 7.17366e-05 7.09717e-05
7.97 7.17366e-05 7.09717e-05
8.07 7.17366e-05 7.09717e-05
8.17 7.17366e-05 7.09717e-05
8.27 7.17366e-05 7.09717e-05
8.37 7.17366e-05 7.09717e-05
8.47 7.17366e-05 7.09717e-05
8.57 7.17366e-05 7.09717e-05
8.67 7.17366e-05 7.09717e-05
8.77 7.17366e-05 7.09717e-05
8.87 7.17366e-05 7.09717e-05
8.97 7.17366e-05 7.09717e-05
9.07 7.17366e-05 7.09717e-05
9.17 7.17366e-05 7.09717e-05
9.27 7.17366e-05 7.09717e-05
9.37 7.17366e-05 7.09717e-05
9.47 7.17366e-05 7.09717e-05
9.57 7.17366e-05 7.09717e-05
9.67 7.17366e-05 7.09717e-05
9.77 7.17366e-05 7.09717e-05
9.87 7.17366e-05 7.09717e-05
9.97 7.17366e-05 7.09717e-05
10.07 7.17366e-05 7.09717e-05
10.17 7.17366e-05 7.09717e-05
10.27 7.17366e-05 7.09717e-05
10.37 7.17366e-05 7.09717e-05
10.47 7.17366e-05 7.09717e-05
10.57 7.17366e-05 7.09717e-05
10.67 7.17366e-05 7.09717e-05
10.77 7.17366e-05 7.09717e-05
10.87 7.17366e-05 7.09717e-05
10.97 7.17366e-05 7.09717e-05
11.07 7.17366e-05 7.09717e-05
11.17 7.17366e-05 7.09717e-05
11.27 7.17366e-05 7.09717e-05
11.37 7.17366e-05 7.09717e-05
11.47 7.17366e-05 7.09717e-05
11.57 7.17366e-05 7.09717e-05
11.67 7.17366e-05 7.09717e-05
11.77 7.17366e-05 7.09717e-05
11.87 7.17366e-05 7.09717e-05
11.97 7.17366e-05 7.09717e-05
12.07 0.000142745 9.95794e-05
12.17 0.000142745 9.95794e-05
12.27 0.000142745 9.95794e-05
12.37 0.000142745 9.95794e-05
12.47 0.000142745 9.95794e-05
12.57 0.000142745 9.95794e-05
12.67 0.000142745 9.95794e-05
12.77 0.000142745 9.95794e-05
12.87 0.000142745 9.95794e-05
12.97 0.000142745 9.95794e-05
13.07 0.000142745 9.95794e-05
13.17 0.000142745 9.95794e-05
