-7.23 6.89701 0.00021682
-7.13 6.91946 0.000227529
-7.03 6.95812 0.000224801
-6.93 6.99092 0.000233792
-6.83 7.02598 0.000243141
-6.73 7.06397 0.000246372
-6.63 7.09753 0.00025332
-6.53 7.13901 0.000258098
-6.43 7.1736 0.000265095
-6.33 7.21615 0.000278019
-6.23 7.25458 0.000286087
-6.13 7.29542 0.000293553
-6.03 7.33865 0.000302927
-5.93 7.37935 0.000314359
-5.83 7.42585 0.000322004
-5.73 7.46976 0.000331663
-5.63 7.51587 0.00034107
-5.53 7.56502 0.000415014
-5.43 7.61217 0.000366234
-5.33 7.66322 0.000378972
-5.23 7.7156 0.000391881
-5.13 7.76795 0.000404536
-5.03 7.82379 0.000417905
-4.93 7.88115 0.000435012
-4.83 7.93929 0.000464177
-4.73 8.00083 0.000482809
-4.63 8.06492 0.000484238
-4.53 8.13038 0.000521287
-4.43 8.199 0.000548497
-4.33 8.27091 0.000575359
-4.23 8.34684 0.000667787
-4.13 8.42508 0.000631845
-4.03 8.50739 0.000674266
-3.93 8.59383 0.000709067
-3.83 8.6846 0.000736387
-3.73 8.77967 0.000781768
-3.63 8.88004 0.000841827
-3.53 8.98632 0.000920942
-3.43 9.09992 0.00104382
-3.33 9.22147 0.00095637
-3.23 9.35127 0.00117858
-3.13 9.4938 0.00135873
-3.03 9.65043 0.00165624
-2.93 9.82371 0.0020714
-2.83 10.0153 0.00207477
-2.73 10.244 0.00290637
-2.63 10.5069 0.0035218
-2.53 10.8433 0.00381681
-2.43 11.2965 0.00615135
-2.33 11.9833 0.0100726
-2.23 13.1585 0.0159997
-2.13 15.1143 0.0195301
-2.03 17.487 0.0252935
-1.93 19.1544 0.0317978
-1.83 19.4589 0.0320345
-1.73 19.1894 0.0283202
-1.63 18.9728 0.0298394
-1.53 18.8835 0.0298531
-1.43 19.1745 0.0246955
-1.33 19.6803 0.0283217
-1.23 19.9928 0.0305776
-1.13 20.0006 0.0310409
-1.03 20.3023 0.0325327
-0.93 20.5305 0.0308395
-0.83 20.5549 0.0310861
-0.73 20.7351 0.0272782
-0.63 21.3191 0.0344123
-0.53 21.7391 0.030678
-0.43 21.6504 0.0287771
-0.33 21.8544 0.0308044
-0.23 22.5314 0.031029
-0.13 22.9032 0.0319264
-0.03 22.8033 0.0323627
0.07 22.8838 0.0326265
0.17 23.7532 0.032572
0.27 24.3634 0.037081
0.37 24.484 0.0367653
0.47 24.4748 0.0365678
0.57 25.2529 0.0327565
0.67 26.2122 0.0347652
0.77 26.397 0.0371787
0.87 26.2593 0.0348663
0.97 26.8499 0.0362516
1.07 28.1171 0.0388833
1.17 29.0786 0.0360731
1.27 28.9571 0.0359247
1.37 28.8962 0.0393994
1.47 30.0029 0.0387652
1.57 31.9586 0.0396984
1.67 33.1459 0.0427391
1.77 33.5455 0.0402356
1.87 33.4698 0.0412584
1.97 34.1205 0.0369627
2.07 37.553 0.0429796
2.17 38.9234 0.0363484
2.27 39.5988 0.0393817
2.37 41.9413 0.0427145
2.47 46.3162 0.0452371
2.57 50.047 0.0494319
2.67 52.6167 0.0455049
2.77 55.7161 0.0567138
2.87 62.9522 0.0472641
2.97 74.939 0.0571304
3.07 89.4159 0.061744
3.17 103.62 0.079678
3.27 116.941 0.0994797
3.37 128.985 0.124559
3.47 140.039 0.196245
3.57 149.576 0.359683
3.67 158.534 0.711078
3.77 168.213 1.72836
3.87 181.472 9.38054
3.97 59.5516 9.98069
4.07 5.92605 3.38345
4.17 0.0670133 0.0662988
4.27 0.0670133 0.0662988
4.37 0.0670133 0.0662988
4.47 0.0670133 0.0662988
4.57 0.0670133 0.0662988
4.67 0.0670133 0.0662988
4.77 0.0670133 0.0662988
4.87 0.0670133 0.0662988
4.97 0.0670133 0.0662988
5.07 0.0670133 0.0662988
5.17 0.0670133 0.0662988
5.27 0.0670133 0.0662988
5.37 0.0670133 0.0662988
5.47 0.0670133 0.0662988
5.57 0.0670133 0.0662988
5.67 0.0670133 0.0662988
5.77 0.0670133 0.0662988
5.87 0.0670133 0.0662988
5.97 0.0670133 0.0662988
6.07 0.0670133 0.0662988
6.17 0.0670133 0.0662988
6.27 0.0670133 0.0662988
6.37 0.0670133 0.0662988
6.47 0.0670133 0.0662988
6.57 0.0670133 0.0662988
6.67 0.0670133 0.0662988
6.77 0.0670133 0.0662988
6.87 0.0670133 0.0662988
6.97 0.0670133 0.0662988
7.07 0.0670133 0.0662988
7.17 0.0670133 0.0662988
7.27 0.0670133 0.0662988
7.37 0.0670133 0.0662988
7.47 0.0670133 0.0662988
7.57 0.0670133 0.0662988
7.67 0.0670133 0.0662988
7.77 0.0670133 0.0662988
7.87 0.0670133 0.0662988
7.97 0.0670133 0.0662988
8.07 0.0670133 0.0662988
8.17 0.0670133 0.0662988
8.27 0.0670133 0.0662988
8.37 0.0670133 0.0662988
8.47 0.0670133 0.0662988
8.57 0.0670133 0.0662988
8.67 0.0670133 0.0662988
8.77 0.0670133 0.0662988
8.87 0.0670133 0.0662988
8.97 0.0670133 0.0662988
9.07 0.0670133 0.0662988
9.17 0.0670133 0.0662988
9.27 0.0670133 0.0662988
9.37 0.0670133 0.0662988
9.47 0.0670133 0.0662988
9.57 0.0670133 0.0662988
9.67 0.0670133 0.0662988
9.77 0.0670133 0.0662988
9.87 0.0670133 0.0662988
9.97 0.0670133 0.0662988
10.07 0.0670133 0.0662988
10.17 0.0670133 0.0662988
10.27 0.0670133 0.0662988
10.37 0.0670133 0.0662988
10.47 0.0670133 0.0662988
10.57 0.0670133 0.0662988
10.67 0.0670133 0.0662988
10.77 0.0670133 0.0662988
10.87 0.0670133 0.0662988
10.97 0.0670133 0.0662988
11.07 0.0670133 0.0662988
11.17 0.0670133 0.0662988
11.27 0.0670133 0.0662988
11.37 0.0670133 0.0662988
11.47 0.0670133 0.0662988
11.57 0.0670133 0.0662988
11.67 0.0670133 0.0662988
11.77 0.0670133 0.0662988
11.87 0.0670133 0.0662988
11.97 0.0670133 0.0662988
12.07 0.133345 0.093022
12.17 0.133345 0.093022
12.27 0.133345 0.093022
12.37 0.133345 0.093022
12.47 0.133345 0.093022
12.57 0.133345 0.093022
12.67 0.133345 0.093022
12.77 0.133345 0.093022
12.87 0.133345 0.093022
12.97 0.133345 0.093022
13.07 0.133345 0.093022
13.17 0.133345 0.093022
