-7.23 0.0924209 4.42096e-05
-7.13 0.0931675 4.70257e-05
-7.03 0.0940001 4.6255e-05
-6.93 0.0946123 4.60329e-05
-6.83 0.0952035 4.72781e-05
-6.73 0.0957997 4.7289e-05
-6.63 0.0962998 5.11472e-05
-6.53 0.0968931 4.88311e-05
-6.43 0.0973624 4.8175e-05
-6.33 0.0979347 4.83813e-05
-6.23 0.098407 4.45831e-05
-6.13 0.0988766 4.66934e-05
-6.03 0.0994214 4.53408e-05
-5.93 0.0999115 4.37449e-05
-5.83 0.100461 4.68963e-05
-5.73 0.100939 5.10028e-05
-5.63 0.101428 5.37346e-05
-5.53 0.101996 5.17689e-05
-5.43 0.102472 5.36976e-05
-5.33 0.103012 5.63765e-05
-5.23 0.103558 5.27115e-05
-5.13 0.10402 5.2236e-05
-5.03 0.104618 5.29564e-05
-4.93 0.105204 5.56975e-05
-4.83 0.105787 5.15471e-05
-4.73 0.106321 5.15826e-05
-4.63 0.106946 4.88248e-05
-4.53 0.10756 5.13519e-05
-4.43 0.108151 5.65083e-05
-4.33 0.108803 5.71482e-05
-4.23 0.109496 5.41251e-05
-4.13 0.110273 5.87798e-05
-4.03 0.110984 5.51322e-05
-3.93 0.111713 5.9024e-05
-3.83 0.112491 5.89064e-05
-3.73 0.1133 6.23026e-05
-3.63 0.114164 5.39997e-05
-3.53 0.11505 5.27734e-05
-3.43 0.115957 6.01944e-05
-3.33 0.116949 5.98292e-05
-3.23 0.117907 6.32874e-05
-3.13 0.118989 5.69648e-05
-3.03 0.120106 5.78446e-05
-2.93 0.121291 5.90313e-05
-2.83 0.122629 6.02391e-05
-2.73 0.12398 6.64029e-05
-2.63 0.125501 6.89795e-05
-2.53 0.127187 6.80123e-05
-2.43 0.12915 7.19965e-05
-2.33 0.131478 6.81215e-05
-2.23 0.134276 6.93094e-05
-2.13 0.137374 7.36889e-05
-2.03 0.139992 7.58887e-05
-1.93 0.141103 7.63204e-05
-1.83 0.140757 7.84209e-05
-1.73 0.140132 7.17175e-05
-1.63 0.139786 7.58185e-05
-1.53 0.139688 7.28819e-05
-1.43 0.139961 7.72494e-05
-1.33 0.140275 7.93416e-05
-1.23 0.140245 7.2893e-05
-1.13 0.140112 7.61523e-05
-1.03 0.140235 7.45704e-05
-0.93 0.140191 7.57195e-05
-0.83 0.140067 7.80748e-05
-0.73 0.140229 8.03787e-05
-0.63 0.14059 8.73851e-05
-0.53 0.14059 7.9468e-05
-0.43 0.140301 8.17053e-05
-0.33 0.140489 7.4865e-05
-0.23 0.140837 7.75994e-05
-0.13 0.140699 7.62647e-05
-0.03 0.140353 7.69025e-05
0.07 0.140515 7.17242e-05
0.17 0.141147 7.29884e-05
0.27 0.14119 7.9514e-05
0.37 0.140837 7.7794e-05
0.47 0.140758 8.42712e-05
0.57 0.141395 8.53133e-05
0.67 0.141619 9.36056e-05
0.77 0.14111 8.74211e-05
0.87 0.140829 8.57274e-05
0.97 0.141374 8.52692e-05
1.07 0.142049 8.55464e-05
1.17 0.141937 8.66765e-05
1.27 0.141068 8.90519e-05
1.37 0.141015 8.23577e-05
1.47 0.142149 8.74863e-05
1.57 0.143135 9.11551e-05
1.67 0.142757 9.93427e-05
1.77 0.141876 9.44336e-05
1.87 0.141604 9.58563e-05
1.97 0.142083 9.23913e-05
2.07 0.143726 8.54624e-05
2.17 0.142646 8.83039e-05
2.27 0.141751 8.85718e-05
2.37 0.142973 9.55951e-05
2.47 0.144386 9.08629e-05
2.57 0.143377 0.00010341
2.67 0.140506 0.000107264
2.77 0.138655 0.000109807
2.87 0.138753 0.000108895
2.97 0.135435 0.000125139
3.07 0.120674 0.000132292
3.17 0.0925623 0.000116619
3.27 0.0589706 9.13366e-05
3.37 0.0305409 6.53578e-05
3.47 0.012597 3.95265e-05
3.57 0.00417108 2.25489e-05
3.67 0.00116845 1.3431e-05
3.77 0.000323924 6.87862e-06
3.87 0.000145665 4.48738e-06
3.97 0.000116229 4.01394e-06
4.07 0.000110423 3.87793e-06
4.17 0.000104205 3.6035e-06
4.27 0.000110581 3.76362e-06
4.37 0.000108048 3.24677e-06
4.47 0.000111092 3.99428e-06
4.57 0.000106712 3.89505e-06
4.67 0.000103836 4.05413e-06
4.77 0.000101965 3.69538e-06
4.87 9.803e-05 3.37779e-06
4.97 9.83357e-05 3.32777e-06
5.07 9.9023e-05 3.97802e-06
5.17 9.70933e-05 3.37162e-06
5.27 9.63604e-05 3.75891e-06
5.37 9.51764e-05 3.34458e-06
5.47 9.41768e-05 3.52393e-06
5.57 9.21513e-05 3.05396e-06
5.67 9.6994e-05 3.5639e-06
5.77 9.45983e-05 3.3543e-06
5.87 9.33531e-05 3.51868e-06
5.97 9.00734e-05 3.69667e-06
6.07 8.40172e-05 3.48913e-06
6.17 8.18073e-05 3.28547e-06
6.27 8.11704e-05 3.17971e-06
6.37 8.72653e-05 3.47617e-06
6.47 8.33812e-05 3.23715e-06
6.57 8.44573e-05 3.48321e-06
6.67 8.48257e-05 3.33381e-06
6.77 8.38274e-05 3.08558e-06
6.87 7.73708e-05 3.37004e-06
6.97 7.69371e-05 2.99619e-06
7.07 7.69906e-05 2.66514e-06
7.17 7.73304e-05 2.877e-06
7.27 7.91532e-05 2.8757e-06
7.37 7.81282e-05 2.59107e-06
7.47 7.50201e-05 2.88919e-06
7.57 7.37861e-05 2.89577e-06
7.67 7.20192e-05 2.55079e-06
7.77 7.39226e-05 2.93746e-06
7.87 7.38789e-05 2.96898e-06
7.97 7.55197e-05 2.78538e-06
8.07 7.25997e-05 3.05978e-06
8.17 7.27188e-05 2.78311e-06
8.27 7.40423e-05 2.84335e-06
8.37 7.09494e-05 2.74297e-06
8.47 6.98033e-05 3.15315e-06
8.57 6.75783e-05 2.76944e-06
8.67 6.20216e-05 2.72383e-06
8.77 6.1456e-05 2.57434e-06
8.87 6.49482e-05 2.73407e-06
8.97 6.40917e-05 2.59821e-06
9.07 6.06928e-05 2.68856e-06
9.17 6.27303e-05 2.58629e-06
9.27 6.08298e-05 2.53228e-06
9.37 5.99623e-05 2.55359e-06
9.47 6.17487e-05 2.64092e-06
9.57 6.20645e-05 2.91233e-06
9.67 5.86171e-05 2.91554e-06
9.77 6.01801e-05 2.61774e-06
9.87 6.05319e-05 2.6239e-06
9.97 5.922e-05 2.61227e-06
10.07 5.55402e-05 2.34453e-06
10.17 5.61568e-05 2.73119e-06
10.27 5.47461e-05 2.54384e-06
10.37 5.2866e-05 2.21461e-06
10.47 5.28964e-05 2.40393e-06
10.57 5.41309e-05 2.51355e-06
10.67 5.44776e-05 2.48849e-06
10.77 5.26598e-05 2.25516e-06
10.87 5.05914e-05 2.04108e-06
10.97 5.32026e-05 2.30097e-06
11.07 5.40396e-05 2.42383e-06
11.17 5.32293e-05 2.42943e-06
11.27 4.89691e-05 2.20501e-06
11.37 4.98102e-05 2.43708e-06
11.47 4.70388e-05 2.28956e-06
11.57 4.60692e-05 2.40035e-06
11.67 4.8491e-05 2.46638e-06
11.77 4.63546e-05 2.2486e-06
11.87 5.26851e-05 2.71317e-06
11.97 5.19429e-05 2.46688e-06
12.07 4.73944e-05 2.42561e-06
12.17 4.26734e-05 2.13626e-06
12.27 4.63438e-05 2.56702e-06
12.37 4.54598e-05 2.57758e-06
12.47 4.27163e-05 2.11381e-06
12.57 4.22406e-05 2.21411e-06
12.67 4.32347e-05 2.28429e-06
12.77 4.45934e-05 2.3806e-06
12.87 4.30593e-05 2.2281e-06
12.97 4.30419e-05 2.20516e-06
13.07 4.32216e-05 2.33817e-06
13.17 4.51276e-05 2.25421e-06
