-7.23 7.09591 0.00290619
-7.13 7.15887 0.00325494
-7.03 7.2255 0.00309182
-6.93 7.27647 0.00295899
-6.83 7.33428 0.00328595
-6.73 7.39022 0.00337933
-6.63 7.43671 0.00342497
-6.53 7.48591 0.00358348
-6.43 7.53201 0.00305041
-6.33 7.58831 0.00315638
-6.23 7.63395 0.00358723
-6.13 7.68284 0.00352691
-6.03 7.73571 0.00349473
-5.93 7.78837 0.00353873
-5.83 7.8385 0.00351111
-5.73 7.89296 0.00335316
-5.63 7.94982 0.00367947
-5.53 8.00436 0.0034736
-5.43 8.0499 0.00369854
-5.33 8.11131 0.00328596
-5.23 8.17011 0.00368353
-5.13 8.22845 0.00363466
-5.03 8.27893 0.00348153
-4.93 8.3462 0.00362969
-4.83 8.41125 0.00321702
-4.73 8.4713 0.00343406
-4.63 8.54037 0.00353729
-4.53 8.61047 0.00341415
-4.43 8.68314 0.00374177
-4.33 8.75257 0.0032445
-4.23 8.82302 0.00332695
-4.13 8.90084 0.0035937
-4.03 8.97863 0.004212
-3.93 9.05924 0.00393708
-3.83 9.14509 0.00339756
-3.73 9.22668 0.00328635
-3.63 9.31825 0.00330868
-3.53 9.41408 0.00353511
-3.43 9.50898 0.0037468
-3.33 9.61164 0.00424223
-3.23 9.71879 0.00388526
-3.13 9.83079 0.00407494
-3.03 9.94928 0.00382186
-2.93 10.08 0.00385639
-2.83 10.2083 0.00354139
-2.73 10.363 0.00415248
-2.63 10.5353 0.00389399
-2.53 10.7203 0.00421501
-2.43 10.9386 0.00372396
-2.33 11.2037 0.00466321
-2.23 11.5399 0.00550895
-2.13 11.8885 0.00603082
-2.03 12.0398 0.00570687
-1.93 12.0313 0.00562664
-1.83 12.0762 0.00586237
-1.73 12.1956 0.00494429
-1.63 12.2776 0.0047379
-1.53 12.4208 0.0054941
-1.43 12.6004 0.00600002
-1.33 12.7135 0.00591495
-1.23 12.8077 0.00578778
-1.13 12.9729 0.00548724
-1.03 13.1139 0.00577205
-0.93 13.2115 0.0057989
-0.83 13.3683 0.00628034
-0.73 13.582 0.00676352
-0.63 13.7449 0.00677186
-0.53 13.8307 0.00667651
-0.43 14.013 0.0060055
-0.33 14.2595 0.00695017
-0.23 14.4373 0.00644635
-0.13 14.5584 0.00625406
-0.03 14.7605 0.00617231
0.07 15.0419 0.0064113
0.17 15.2983 0.00744464
0.27 15.4782 0.00769517
0.37 15.6993 0.00750691
0.47 15.9992 0.00775351
0.57 16.3168 0.00710744
0.67 16.573 0.00798077
0.77 16.8226 0.00797815
0.87 17.184 0.00826933
0.97 17.6232 0.00850414
1.07 17.9881 0.00906436
1.17 18.2998 0.0088786
1.27 18.6675 0.00810013
1.37 19.1987 0.00917066
1.47 19.8109 0.0102101
1.57 20.3366 0.00981598
1.67 20.8115 0.0109909
1.77 21.4294 0.010084
1.87 23.2035 0.0104158
1.97 26.4819 0.0117543
2.07 27.7108 0.0118083
2.17 28.9619 0.0102486
2.27 30.6904 0.013913
2.37 31.7413 0.0170261
2.47 30.8371 0.01427
2.57 32.9138 0.0164303
2.67 35.656 0.0174299
2.77 39.6414 0.0203996
2.87 44.9776 0.0233867
2.97 51.37 0.0316372
3.07 58.1898 0.0446282
3.17 64.9541 0.0615243
3.27 71.5214 0.0813363
3.37 77.5587 0.115991
3.47 82.2644 0.202384
3.57 84.7987 0.459495
3.67 79.3804 0.890695
3.77 66.6017 1.60269
3.87 55.0919 1.93229
3.97 54.1443 1.98455
4.07 54.5526 2.21692
4.17 52.2887 1.99938
4.27 53.7763 2.59958
4.37 52.901 2.21124
4.47 50.6607 1.82227
4.57 52.6305 2.40744
4.67 52.0531 2.33569
4.77 47.9942 1.71543
4.87 51.8196 2.07736
4.97 51.1602 1.91557
5.07 51.1338 1.81809
5.17 54.4566 2.26693
5.27 47.889 1.50672
5.37 51.0399 2.09182
5.47 50.4245 1.60902
5.57 49.1233 1.8699
5.67 49.3616 1.91484
5.77 51.4664 2.16661
5.87 47.2093 1.75963
5.97 47.3975 1.94887
6.07 48.9811 1.90098
6.17 50.9611 2.1472
6.27 51.4726 2.30515
6.37 50.7426 2.2374
6.47 49.6198 2.05876
6.57 54.1072 2.29461
6.67 50.6297 2.17021
6.77 53.1918 2.28691
6.87 49.1352 2.42581
6.97 51.3111 2.00502
7.07 52.4132 2.12287
7.17 47.4403 1.96689
7.27 48.6945 1.89325
7.37 49.283 3.37173
7.47 50.7497 2.31113
7.57 47.8652 1.88033
7.67 56.1478 3.32096
7.77 50.5036 2.35424
7.87 54.1925 4.26698
7.97 46.8744 1.77776
8.07 46.0192 1.87603
8.17 47.8313 2.10032
8.27 55.9113 5.34059
8.37 49.3308 2.22574
8.47 51.9776 1.87725
8.57 50.7922 3.30579
8.67 58.6218 10.5076
8.77 52.9042 3.20389
8.87 51.2277 2.54445
8.97 54.3804 4.02497
9.07 47.0842 1.70919
9.17 46.5773 2.44265
9.27 50.8989 2.62144
9.37 50.4219 2.27324
9.47 50.3656 2.87479
9.57 48.4096 2.61542
9.67 45.6354 2.1042
9.77 47.3746 2.63872
9.87 48.5778 2.40156
9.97 49.8117 2.42947
10.07 51.6995 3.39442
10.17 56.0085 6.04898
10.27 53.0765 2.86124
10.37 47.7609 3.54249
10.47 81.3691 31.0271
10.57 49.6378 2.8554
10.67 61.339 11.4761
10.77 48.2474 3.00957
10.87 53.0901 3.31069
10.97 55.874 3.25303
11.07 72.769 21.991
11.17 56.2661 4.01326
11.27 51.1732 3.31303
11.37 59.4495 10.4463
11.47 67.2483 8.65368
11.57 70.1009 14.324
11.67 67.2607 16.8227
11.77 73.4693 21.1239
11.87 52.1541 4.81075
11.97 50.073 3.54207
12.07 113.728 49.0143
12.17 48.3389 3.02795
12.27 55.9318 10.0582
12.37 51.0608 4.12813
12.47 50.1413 3.31227
12.57 44.9401 2.16443
12.67 44.8004 2.88809
12.77 48.4369 3.31404
12.87 117.342 39.9243
12.97 107.01 41.7846
13.07 108.249 41.8342
13.17 98.1198 39.9072
