-7.23 0
-7.13 0
-7.03 3.73134e-07
-6.93 0
-6.83 1.03238e-06
-6.73 2.32022e-06
-6.63 3.16197e-07
-6.53 4.05857e-07
-6.43 0
-6.33 7.2151e-08
-6.23 0
-6.13 4.4413e-08
-6.03 1.97512e-06
-5.93 1.34055e-06
-5.83 6.64741e-09
-5.73 3.32429e-07
-5.63 1.37297e-07
-5.53 0
-5.43 2.68751e-08
-5.33 4.00636e-07
-5.23 0
-5.13 2.15013e-07
-5.03 0
-4.93 1.37241e-07
-4.83 2.40317e-07
-4.73 1.18133e-07
-4.63 8.82984e-07
-4.53 0
-4.43 0
-4.33 0
-4.23 5.42965e-07
-4.13 0
-4.03 0
-3.93 1.70716e-08
-3.83 1.9013e-07
-3.73 0
-3.63 7.80694e-07
-3.53 9.57381e-07
-3.43 6.6538e-07
-3.33 6.00013e-07
-3.23 0
-3.13 7.96166e-07
-3.03 8.42882e-07
-2.93 8.10254e-07
-2.83 6.28755e-07
-2.73 1.72637e-07
-2.63 0
-2.53 0
-2.43 1.20471e-07
-2.33 5.85598e-07
-2.23 6.74537e-08
-2.13 1.80178e-07
-2.03 4.12333e-07
-1.93 0
-1.83 1.37815e-06
-1.73 0
-1.63 0
-1.53 0
-1.43 7.67761e-07
-1.33 0
-1.23 1.7252e-07
-1.13 0
-1.03 0
-0.93 9.50602e-07
-0.83 3.43834e-07
-0.73 3.90069e-07
-0.63 3.87344e-07
-0.53 1.81726e-07
-0.43 5.59416e-07
-0.33 6.91885e-08
-0.23 1.75999e-07
-0.13 5.75986e-07
-0.03 1.96188e-07
0.07 0
0.17 0
0.27 9.93946e-07
0.37 0
0.47 1.51556e-07
0.57 2.00378e-07
0.67 0
0.77 3.30855e-07
0.87 7.59929e-08
0.97 1.02732e-06
1.07 0
1.17 3.72198e-07
1.27 5.1994e-07
1.37 1.78204e-08
1.47 0
1.57 3.72464e-08
1.67 1.04735e-07
1.77 0
1.87 0
1.97 2.21758e-07
2.07 6.47121e-08
2.17 9.50574e-07
2.27 0
2.37 0
2.47 2.41242e-07
2.57 1.21033e-06
2.67 1.37407e-06
2.77 7.05809e-07
2.87 0
2.97 0
3.07 0
3.17 1.81557e-07
3.27 0
3.37 1.7075e-07
3.47 3.27969e-08
3.57 0
3.67 0
3.77 1.89396e-07
3.87 0
3.97 0
4.07 0
4.17 0
4.27 0
4.37 0
4.47 0
4.57 0
4.67 0
4.77 0
4.87 0
4.97 0
5.07 0
5.17 0
5.27 0
5.37 0
5.47 0
5.57 0
5.67 0
5.77 0
5.87 0
5.97 0
6.07 0
6.17 0
6.27 0
6.37 0
6.47 0
6.57 0
6.67 0
6.77 0
6.87 0
6.97 0
7.07 0
7.17 1.36039e-07
7.27 5.23533e-07
7.37 0
7.47 0
7.57 1.03333e-07
7.67 0
7.77 0
7.87 0
7.97 0
8.07 0
8.17 0
8.27 0
8.37 0
8.47 0
8.57 0
8.67 0
8.77 0
8.87 0
8.97 0
9.07 0
9.17 0
9.27 0
9.37 0
9.47 0
9.57 0
9.67 0
9.77 0
9.87 0
9.97 0
10.07 0
10.17 0
10.27 0
10.37 0
10.47 0
10.57 0
10.67 0
10.77 0
10.87 0
10.97 0
11.07 0
11.17 0
11.27 3.69491e-07
11.37 0
11.47 3.49867e-08
11.57 0
11.67 0
11.77 0
11.87 0
11.97 0
12.07 0
12.17 0
12.27 0
12.37 0
12.47 0
12.57 0
12.67 0
12.77 0
12.87 0
12.97 0
13.07 0
13.17 0
