-7.23 0.0554388 3.64851e-05
-7.13 0.0559521 4.64351e-05
-7.03 0.0564576 4.40855e-05
-6.93 0.0568124 3.61549e-05
-6.83 0.0572399 4.09228e-05
-6.73 0.0576356 3.87904e-05
-6.63 0.0579332 3.76753e-05
-6.53 0.0582628 4.00056e-05
-6.43 0.0585623 3.94729e-05
-6.33 0.0589345 3.70801e-05
-6.23 0.0592231 4.61199e-05
-6.13 0.0595386 4.26487e-05
-6.03 0.0598694 4.62241e-05
-5.93 0.0601923 4.46257e-05
-5.83 0.0605061 4.59983e-05
-5.73 0.060849 4.584e-05
-5.63 0.0612032 4.6276e-05
-5.53 0.0615291 4.65444e-05
-5.43 0.0617839 4.85253e-05
-5.33 0.0621622 4.40996e-05
-5.23 0.0625212 4.37543e-05
-5.13 0.0628674 4.77313e-05
-5.03 0.063156 4.22222e-05
-4.93 0.0635644 3.89839e-05
-4.83 0.0639601 3.87328e-05
-4.73 0.0643057 4.23587e-05
-4.63 0.0647301 4.52328e-05
-4.53 0.0651571 4.4904e-05
-4.43 0.0655893 5.04681e-05
-4.33 0.06598 4.56316e-05
-4.23 0.0663865 4.16868e-05
-4.13 0.0668595 4.74898e-05
-4.03 0.0673091 4.97947e-05
-3.93 0.0677807 4.60885e-05
-3.83 0.0682918 4.37349e-05
-3.73 0.0687567 4.36004e-05
-3.63 0.0693201 4.42484e-05
-3.53 0.0698779 4.75244e-05
-3.43 0.0704386 5.01799e-05
-3.33 0.0710496 5.44324e-05
-3.23 0.0716912 5.17049e-05
-3.13 0.0723594 4.752e-05
-3.03 0.073078 4.88897e-05
-2.93 0.0738783 5.64391e-05
-2.83 0.07463 5.28424e-05
-2.73 0.0756079 5.4396e-05
-2.63 0.0766931 5.24448e-05
-2.53 0.0778462 5.48865e-05
-2.43 0.0792466 5.36671e-05
-2.33 0.0809149 6.46818e-05
-2.23 0.0830278 6.15185e-05
-2.13 0.0850297 6.9283e-05
-2.03 0.0853174 6.89033e-05
-1.93 0.0843859 6.35984e-05
-1.83 0.0839348 5.80299e-05
-1.73 0.0840271 6.19264e-05
-1.63 0.0838479 5.57031e-05
-1.53 0.0841002 5.79625e-05
-1.43 0.0845484 6.71271e-05
-1.33 0.0844582 6.67148e-05
-1.23 0.0842307 6.32975e-05
-1.13 0.0844901 5.52558e-05
-1.03 0.0845022 6.52608e-05
-0.93 0.0842173 6.47894e-05
-0.83 0.0843437 6.21434e-05
-0.73 0.0847852 6.2443e-05
-0.63 0.0847962 6.38249e-05
-0.53 0.0842919 6.20931e-05
-0.43 0.0844359 6.51977e-05
-0.33 0.0849218 6.75956e-05
-0.23 0.0848494 5.87345e-05
-0.13 0.0844271 6.15959e-05
-0.03 0.0845097 6.41429e-05
0.07 0.0850076 6.77237e-05
0.17 0.085212 6.67518e-05
0.27 0.0849004 6.31942e-05
0.37 0.0848196 6.94148e-05
0.47 0.0851422 6.83218e-05
0.57 0.0854169 6.31246e-05
0.67 0.0852281 6.86389e-05
0.77 0.0849812 6.84526e-05
0.87 0.0852982 6.71569e-05
0.97 0.0858451 7.25257e-05
1.07 0.0857988 7.0138e-05
1.17 0.0853622 6.90032e-05
1.27 0.0851848 7.51891e-05
1.37 0.0856872 7.67452e-05
1.47 0.0862756 8.00432e-05
1.57 0.0861335 7.67921e-05
1.67 0.085598 8.85068e-05
1.77 0.0856114 8.65391e-05
1.87 0.0860171 8.54341e-05
1.97 0.0854581 8.0351e-05
2.07 0.0855002 7.94802e-05
2.17 0.0850499 7.03917e-05
2.27 0.0854448 7.70542e-05
2.37 0.0865223 8.13736e-05
2.47 0.0865974 7.50363e-05
2.57 0.0851698 8.1852e-05
2.67 0.0839371 7.70345e-05
2.77 0.0829973 9.11602e-05
2.87 0.079934 9.6092e-05
2.97 0.0716094 9.67357e-05
3.07 0.0569737 8.59998e-05
3.17 0.0389823 7.59861e-05
3.27 0.0226803 5.52794e-05
3.37 0.0110683 3.82702e-05
3.47 0.00455427 2.50785e-05
3.57 0.00163568 1.46767e-05
3.67 0.000559332 8.12956e-06
3.77 0.000246874 6.32615e-06
3.87 0.000168923 4.92874e-06
3.97 0.000159327 4.82071e-06
4.07 0.000157489 5.1182e-06
4.17 0.000153216 5.53581e-06
4.27 0.000142236 5.30149e-06
4.37 0.000141152 4.78193e-06
4.47 0.000142807 4.4245e-06
4.57 0.000141442 4.79871e-06
4.67 0.000144981 5.69013e-06
4.77 0.000136456 4.65057e-06
4.87 0.000141924 5.14018e-06
4.97 0.000139278 5.86573e-06
5.07 0.000127369 4.60939e-06
5.17 0.00013525 5.00697e-06
5.27 0.000129178 4.40879e-06
5.37 0.000133983 5.13529e-06
5.47 0.000135784 4.92948e-06
5.57 0.000119372 4.11455e-06
5.67 0.000120099 3.93165e-06
5.77 0.000133549 4.6163e-06
5.87 0.000117261 4.11121e-06
5.97 0.000114358 3.70043e-06
6.07 0.000118413 4.35252e-06
6.17 0.000127675 4.88053e-06
6.27 0.000113643 3.92704e-06
6.37 0.000117923 4.15508e-06
6.47 0.000118547 4.52851e-06
6.57 0.000116747 4.5326e-06
6.67 0.000112356 5.32756e-06
6.77 0.000118013 4.56104e-06
6.87 0.000110231 4.53865e-06
6.97 0.000119437 4.33306e-06
7.07 0.000115412 4.51993e-06
7.17 0.000106036 4.04486e-06
7.27 0.000107224 3.77506e-06
7.37 9.67724e-05 3.9677e-06
7.47 9.98229e-05 3.83782e-06
7.57 0.0001017 4.33011e-06
7.67 0.000106575 4.80671e-06
7.77 9.91971e-05 3.941e-06
7.87 0.000105275 4.89314e-06
7.97 9.71799e-05 3.5286e-06
8.07 9.74689e-05 3.97195e-06
8.17 9.71452e-05 4.08526e-06
8.27 0.000104064 4.52193e-06
8.37 9.21035e-05 3.73154e-06
8.47 0.000105445 4.4671e-06
8.57 9.43296e-05 3.72427e-06
8.67 9.12622e-05 3.94088e-06
8.77 9.34318e-05 3.75201e-06
8.87 8.79548e-05 3.54596e-06
8.97 8.98255e-05 3.47632e-06
9.07 8.29706e-05 3.59707e-06
9.17 7.99377e-05 3.48193e-06
9.27 8.12584e-05 3.62511e-06
9.37 8.00658e-05 3.63996e-06
9.47 8.26837e-05 4.1803e-06
9.57 8.14201e-05 3.59844e-06
9.67 7.6213e-05 3.04347e-06
9.77 7.48235e-05 3.37826e-06
9.87 8.05782e-05 3.75011e-06
9.97 7.92171e-05 3.9063e-06
10.07 7.65337e-05 3.15632e-06
10.17 7.81184e-05 3.65184e-06
10.27 7.58367e-05 3.33256e-06
10.37 6.57691e-05 3.28699e-06
10.47 7.28877e-05 3.62992e-06
10.57 7.28673e-05 3.27968e-06
10.67 7.33716e-05 3.5452e-06
10.77 6.9231e-05 3.35706e-06
10.87 7.73806e-05 3.3174e-06
10.97 7.81239e-05 3.5671e-06
11.07 6.80905e-05 3.13957e-06
11.17 7.4608e-05 3.45479e-06
11.27 6.97152e-05 3.69019e-06
11.37 6.47129e-05 2.92426e-06
11.47 7.27402e-05 3.39094e-06
11.57 6.60998e-05 3.64298e-06
11.67 6.57854e-05 3.60012e-06
11.77 6.59829e-05 3.18469e-06
11.87 6.09328e-05 3.4644e-06
11.97 6.10037e-05 3.33325e-06
12.07 5.74915e-05 3.19087e-06
12.17 5.62077e-05 2.94077e-06
12.27 5.82517e-05 2.7639e-06
12.37 6.12273e-05 3.38219e-06
12.47 6.61048e-05 3.73554e-06
12.57 6.25684e-05 3.14422e-06
12.67 5.70678e-05 3.02969e-06
12.77 6.082e-05 3.34108e-06
12.87 5.47049e-05 2.94859e-06
12.97 6.36131e-05 3.65921e-06
13.07 6.14159e-05 3.77332e-06
13.17 5.81638e-05 3.32441e-06
