-10.2 0.0505405 3.80152e-05
-10.1 0.0509162 3.67654e-05
-10 0.0512978 3.94217e-05
-9.9 0.0516364 3.69329e-05
-9.8 0.051871 4.05487e-05
-9.7 0.0521718 3.80909e-05
-9.6 0.0524106 4.10101e-05
-9.5 0.0526638 3.92604e-05
-9.4 0.0529342 4.57309e-05
-9.3 0.0530882 4.18644e-05
-9.2 0.0533377 4.17959e-05
-9.1 0.0535819 4.14082e-05
-9 0.0538079 4.58799e-05
-8.9 0.0539828 4.11891e-05
-8.8 0.0541666 4.53694e-05
-8.7 0.0544444 4.93895e-05
-8.6 0.0546889 4.90326e-05
-8.5 0.0548535 4.26164e-05
-8.4 0.055034 3.8768e-05
-8.3 0.0552125 4.74742e-05
-8.2 0.055487 4.68297e-05
-8.1 0.0556319 4.60614e-05
-8 0.0558435 4.29916e-05
-7.9 0.0560499 4.98307e-05
-7.8 0.0562102 4.95569e-05
-7.7 0.0564614 4.52709e-05
-7.6 0.0566574 4.79372e-05
-7.5 0.0568879 4.75534e-05
-7.4 0.0571141 5.30995e-05
-7.3 0.0573098 4.93522e-05
-7.2 0.0575593 4.94257e-05
-7.1 0.0577563 4.68635e-05
-7 0.0580176 4.3597e-05
-6.9 0.0582304 4.38891e-05
-6.8 0.0585279 4.36793e-05
-6.7 0.0587367 4.80557e-05
-6.6 0.0589934 4.92873e-05
-6.5 0.0592449 5.16327e-05
-6.4 0.0595356 4.80548e-05
-6.3 0.0597905 4.58749e-05
-6.2 0.0601239 4.38512e-05
-6.1 0.0604158 4.49307e-05
-6 0.0606703 4.47145e-05
-5.9 0.0610838 4.62475e-05
-5.8 0.061448 4.74707e-05
-5.7 0.0618147 4.83819e-05
-5.6 0.0623008 5.07827e-05
-5.5 0.062684 4.62153e-05
-5.4 0.0632219 4.88744e-05
-5.3 0.0638065 4.78239e-05
-5.2 0.064344 4.87232e-05
-5.1 0.0649767 4.98157e-05
-5 0.0655478 5.02367e-05
-4.9 0.0660299 4.99759e-05
-4.8 0.0661089 5.22737e-05
-4.7 0.0659112 5.45433e-05
-4.6 0.0657521 5.20724e-05
-4.5 0.0657912 5.45997e-05
-4.4 0.0658818 5.36128e-05
-4.3 0.0659246 5.74487e-05
-4.2 0.0660257 5.76323e-05
-4.1 0.0661328 5.99675e-05
-4 0.0663057 6.03343e-05
-3.9 0.0663642 5.06971e-05
-3.8 0.0663989 5.64655e-05
-3.7 0.0662957 5.52712e-05
-3.6 0.0662685 5.81614e-05
-3.5 0.0662943 5.59341e-05
-3.4 0.0663243 5.62041e-05
-3.3 0.06643 6.27292e-05
-3.2 0.0664797 6.30982e-05
-3.1 0.066462 6.22052e-05
-3 0.066391 5.35316e-05
-2.9 0.0662745 5.42735e-05
-2.8 0.0662686 5.49051e-05
-2.7 0.0662532 5.23515e-05
-2.6 0.0662782 5.79362e-05
-2.5 0.0663833 5.47617e-05
-2.4 0.0663806 5.87973e-05
-2.3 0.0664033 5.33463e-05
-2.2 0.0663616 5.33048e-05
-2.1 0.0663391 5.77326e-05
-2 0.0663528 5.70748e-05
-1.9 0.066399 5.51672e-05
-1.8 0.0664038 5.76961e-05
-1.7 0.0664172 5.1685e-05
-1.6 0.0664824 5.74131e-05
-1.5 0.066432 5.78866e-05
-1.4 0.0664961 5.71698e-05
-1.3 0.0664672 5.37104e-05
-1.2 0.0665252 5.32893e-05
-1.1 0.0665183 5.88224e-05
-1 0.0665873 5.12761e-05
-0.9 0.066637 6.30615e-05
-0.8 0.0665714 5.90927e-05
-0.7 0.0666177 5.95858e-05
-0.6 0.0666419 6.03054e-05
-0.5 0.0666978 5.40942e-05
-0.4 0.0667162 5.82671e-05
-0.3 0.0669237 5.9326e-05
-0.2 0.0658764 5.35335e-05
-0.1 0.0660703 5.67204e-05
0 0.0661663 5.03074e-05
0.1 0.066171 5.49096e-05
0.2 0.0661639 5.01467e-05
0.3 0.0666659 5.07411e-05
0.4 0.0666648 5.85021e-05
0.5 0.0666909 5.63948e-05
0.6 0.0666798 5.69608e-05
0.7 0.0666401 5.53984e-05
0.8 0.0666769 5.7094e-05
0.9 0.0666746 5.71693e-05
1 0.0665506 5.69436e-05
1.1 0.0666493 5.35815e-05
1.2 0.0667322 6.43881e-05
1.3 0.0668353 5.91813e-05
1.4 0.0669916 6.07983e-05
1.5 0.0671291 6.62214e-05
1.6 0.0671288 6.51684e-05
1.7 0.0670503 6.12426e-05
1.8 0.0669333 6.14632e-05
1.9 0.0669492 6.30317e-05
2 0.0670047 6.22867e-05
2.1 0.0671258 6.43347e-05
2.2 0.0672598 6.07839e-05
2.3 0.0673953 5.94806e-05
2.4 0.0674926 6.81999e-05
2.5 0.0674561 6.78393e-05
2.6 0.0675355 6.74903e-05
2.7 0.0674495 7.02722e-05
2.8 0.067396 6.5683e-05
2.9 0.0673348 6.99775e-05
3 0.0673087 6.50164e-05
3.1 0.0673296 6.53359e-05
3.2 0.0673456 7.50572e-05
3.3 0.0673843 6.85501e-05
3.4 0.0675851 6.21395e-05
3.5 0.0679237 7.36301e-05
3.6 0.0680933 7.20223e-05
3.7 0.0680537 7.71341e-05
3.8 0.0682422 7.38872e-05
3.9 0.0682679 7.96284e-05
4 0.0678523 7.95539e-05
4.1 0.0673777 7.79761e-05
4.2 0.067318 7.91802e-05
4.3 0.0675428 8.29672e-05
4.4 0.0680215 8.24341e-05
4.5 0.0686752 8.03071e-05
4.6 0.0693078 8.45016e-05
4.7 0.069471 8.31153e-05
4.8 0.06865 8.20084e-05
4.9 0.0666083 8.96367e-05
5 0.0632749 9.04992e-05
5.1 0.0577659 8.4951e-05
5.2 0.0491281 8.22158e-05
5.3 0.037262 7.2215e-05
5.4 0.0244089 6.57822e-05
5.5 0.0135019 4.65679e-05
5.6 0.00628969 3.03291e-05
5.7 0.0024949 1.9119e-05
5.8 0.000879265 1.31705e-05
5.9 0.000363079 6.98447e-06
6 0.000221674 6.25882e-06
6.1 0.000186348 7.36088e-06
6.2 0.000179346 6.32647e-06
6.3 0.000171942 4.83942e-06
6.4 0.000165012 6.20331e-06
6.5 0.000168494 5.83595e-06
6.6 0.000163901 4.77792e-06
6.7 0.000165198 5.66997e-06
6.8 0.000164697 6.00503e-06
6.9 0.00015221 4.93924e-06
7 0.000154394 5.73727e-06
7.1 0.00015649 5.65655e-06
7.2 0.000143302 5.30085e-06
7.3 0.000140858 5.00131e-06
7.4 0.000147824 5.72096e-06
7.5 0.00015446 5.10568e-06
7.6 0.000144025 3.84568e-06
7.7 0.000131641 5.3416e-06
7.8 0.000148522 5.24037e-06
7.9 0.000143193 5.73569e-06
8 0.000139205 5.04368e-06
8.1 0.000149231 6.86381e-06
8.2 0.000136034 5.27736e-06
8.3 0.000129647 4.81035e-06
8.4 0.000132547 5.27123e-06
8.5 0.00012888 4.67418e-06
8.6 0.000130634 4.74833e-06
8.7 0.000126113 4.90731e-06
8.8 0.000128121 4.29982e-06
8.9 0.00012948 4.98971e-06
9 0.000119109 4.86315e-06
9.1 0.000129971 5.07778e-06
9.2 0.000130031 5.18366e-06
9.3 0.000123642 4.5185e-06
9.4 0.0001328 5.12875e-06
9.5 0.000121019 4.2951e-06
9.6 0.000121198 4.53814e-06
9.7 0.000109931 4.73018e-06
9.8 0.000113851 4.84812e-06
9.9 0.00012216 5.34455e-06
10 0.000116017 4.60246e-06
10.1 0.000106104 4.05573e-06
10.2 0.00010787 4.79835e-06
