-10.2 6.91245 0.0305857
-10.1 7.38556 0.0353212
-10 7.68309 0.033787
-9.9 7.85876 0.0311225
-9.8 8.01552 0.0409378
-9.7 8.15497 0.0378527
-9.6 8.32057 0.0378867
-9.5 8.44101 0.0380524
-9.4 8.51638 0.0439689
-9.3 8.65069 0.0404183
-9.2 8.59937 0.0364168
-9.1 8.81715 0.0348881
-9 8.83739 0.0414143
-8.9 8.91723 0.0390879
-8.8 9.03328 0.0418239
-8.7 9.06716 0.041552
-8.6 9.14338 0.043267
-8.5 9.12136 0.0358347
-8.4 9.25087 0.0382847
-8.3 9.2723 0.040966
-8.2 9.42428 0.0422254
-8.1 9.37166 0.0404471
-8 9.52127 0.0421741
-7.9 9.57416 0.038823
-7.8 9.67336 0.0422214
-7.7 9.66926 0.0410405
-7.6 9.74678 0.0356261
-7.5 9.81818 0.0393806
-7.4 9.86462 0.0373013
-7.3 9.89078 0.0379266
-7.2 9.95942 0.0423956
-7.1 10.004 0.0389398
-7 10.0682 0.0373264
-6.9 10.1505 0.0396775
-6.8 10.1403 0.0366337
-6.7 10.2435 0.038725
-6.6 10.3034 0.0378865
-6.5 10.2758 0.0399565
-6.4 10.3071 0.0364728
-6.3 10.4418 0.0417299
-6.2 10.4492 0.0408176
-6.1 10.5383 0.039447
-6 10.6039 0.0370184
-5.9 10.6696 0.0392199
-5.8 10.7405 0.0396067
-5.7 10.8059 0.0438888
-5.6 10.8541 0.0394508
-5.5 10.9417 0.044003
-5.4 10.9806 0.0356025
-5.3 11.094 0.038139
-5.2 11.1528 0.0422174
-5.1 11.2485 0.0369846
-5 11.3604 0.0384276
-4.9 11.5715 0.0378156
-4.8 11.811 0.0366784
-4.7 11.9751 0.0403786
-4.6 12.2639 0.0357041
-4.5 12.5699 0.0457297
-4.4 12.9704 0.0396898
-4.3 13.4961 0.0412784
-4.2 14.2816 0.0427993
-4.1 15.05 0.0440584
-4 15.5527 0.0533705
-3.9 15.5668 0.0534511
-3.8 15.3378 0.0509322
-3.7 15.2308 0.0521657
-3.6 15.1757 0.0455627
-3.5 15.2579 0.0418712
-3.4 15.4567 0.0446997
-3.3 15.6915 0.0463436
-3.2 15.7042 0.0509553
-3.1 15.629 0.0458404
-3 15.6781 0.0470628
-2.9 15.7666 0.0515034
-2.8 15.7892 0.0497477
-2.7 15.8396 0.0479834
-2.6 16.1523 0.0497633
-2.5 16.259 0.047938
-2.4 16.209 0.0494877
-2.3 16.2057 0.052918
-2.2 16.3023 0.04396
-2.1 16.4719 0.0443918
-2 16.4361 0.0462324
-1.9 16.402 0.0500242
-1.8 16.604 0.0524528
-1.7 16.8575 0.0506507
-1.6 16.8435 0.0468355
-1.5 16.6215 0.0439139
-1.4 16.6449 0.0462813
-1.3 16.9082 0.0458649
-1.2 17.164 0.0511054
-1.1 17.0281 0.0530184
-1 16.7921 0.0525728
-0.9 17.0064 0.0516611
-0.8 17.2542 0.0507131
-0.7 17.5071 0.0483906
-0.6 17.3803 0.0480031
-0.5 17.2898 0.0478284
-0.4 17.648 0.0521964
-0.3 18.3101 0.0542266
-0.2 17.5784 0.0508433
-0.1 17.7702 0.0445954
0 17.8152 0.0403083
0.1 18.2858 0.0448824
0.2 18.6644 0.0562614
0.3 18.4693 0.0538181
0.4 18.2972 0.052117
0.5 18.6889 0.0507195
0.6 19.1415 0.0589264
0.7 19.5747 0.0525702
0.8 19.3891 0.0543795
0.9 19.0455 0.0473792
1 19.2299 0.0572474
1.1 19.6667 0.045047
1.2 20.1141 0.0597161
1.3 19.9771 0.04986
1.4 19.7284 0.051584
1.5 19.6994 0.0532893
1.6 20.2439 0.0563383
1.7 20.8572 0.0570742
1.8 21.0699 0.0616274
1.9 20.7533 0.0512071
2 20.4947 0.0506879
2.1 20.86 0.0513953
2.2 21.5211 0.0572735
2.3 22.0518 0.0604514
2.4 21.917 0.0565443
2.5 21.4931 0.0583497
2.6 21.3143 0.0534802
2.7 21.9658 0.0571453
2.8 22.7382 0.0544899
2.9 22.8665 0.0583587
3 22.4373 0.0535092
3.1 22.0964 0.0565897
3.2 22.5353 0.0538147
3.3 23.6591 0.0592222
3.4 24.4664 0.0634457
3.5 24.6549 0.0577657
3.6 23.7469 0.0586934
3.7 23.4588 0.0540194
3.8 24.0469 0.0506162
3.9 25.1877 0.0580132
4 26.0949 0.0644479
4.1 26.1122 0.0670679
4.2 25.4714 0.0624151
4.3 25.2893 0.061965
4.4 26.0395 0.0613254
4.5 27.4994 0.055155
4.6 28.42 0.0583423
4.7 28.5021 0.0594806
4.8 27.6986 0.0588685
4.9 27.3305 0.0552133
5 28.2689 0.064063
5.1 30.1554 0.0569286
5.2 31.9459 0.0580909
5.3 32.1767 0.0577852
5.4 31.4015 0.0652284
5.5 30.8001 0.060624
5.6 31.3345 0.0620619
5.7 33.369 0.0639053
5.8 35.6611 0.0569099
5.9 36.9047 0.0727988
6 36.8541 0.0712302
6.1 36.3505 0.0668753
6.2 36.8983 0.0691621
6.3 39.4057 0.0694389
6.4 43.3217 0.0707164
6.5 46.8462 0.0720064
6.6 48.7852 0.0745485
6.7 49.4569 0.085556
6.8 50.5347 0.0685398
6.9 54.3759 0.0780193
7 62.4312 0.0829774
7.1 72.3654 0.0965654
7.2 83.3497 0.107057
7.3 93.768 0.113304
7.4 102.662 0.132894
7.5 108.095 0.168748
7.6 109.243 0.229653
7.7 103.669 0.292427
7.8 96.0827 0.302278
7.9 92.8803 0.338275
8 97.4123 0.454295
8.1 105.682 0.544667
8.2 112.76 0.663301
8.3 119.129 0.86934
8.4 116.783 1.33749
8.5 110.405 1.69174
8.6 89.245 2.28848
8.7 77.1162 2.40255
8.8 73.4209 2.41953
8.9 73.8355 2.09855
9 67.171 2.71953
9.1 67.0891 2.66675
9.2 68.6728 2.69899
9.3 65.8351 2.83596
9.4 70.6225 2.50875
9.5 65.964 2.61829
9.6 69.8032 2.5707
9.7 70.6098 2.72716
9.8 70.2476 2.92832
9.9 64.4086 2.61371
10 66.999 2.66741
10.1 66.9567 2.58367
10.2 70.0501 2.64508
