-10.2 0.0471835 3.21901e-05
-10.1 0.0475093 3.31165e-05
-10 0.0478385 3.448e-05
-9.9 0.0481929 3.36789e-05
-9.8 0.0483904 3.83861e-05
-9.7 0.048608 3.70343e-05
-9.6 0.0489099 3.5533e-05
-9.5 0.0490557 3.81899e-05
-9.4 0.0492278 4.19634e-05
-9.3 0.0494912 3.89757e-05
-9.2 0.0495833 3.70305e-05
-9.1 0.0498191 4.07279e-05
-9 0.0499895 4.19644e-05
-8.9 0.0501394 3.82168e-05
-8.8 0.0503331 3.58596e-05
-8.7 0.0505255 3.87426e-05
-8.6 0.0506434 3.77674e-05
-8.5 0.0508081 3.92859e-05
-8.4 0.0510065 4.01121e-05
-8.3 0.0511038 4.10799e-05
-8.2 0.0513417 4.00887e-05
-8.1 0.0514772 4.2805e-05
-8 0.0516361 4.27014e-05
-7.9 0.0518249 4.11254e-05
-7.8 0.0519715 4.32846e-05
-7.7 0.0521187 4.41524e-05
-7.6 0.0523364 3.80897e-05
-7.5 0.0524871 4.11525e-05
-7.4 0.0526645 3.99251e-05
-7.3 0.0528119 3.79522e-05
-7.2 0.0529609 4.13805e-05
-7.1 0.0531497 4.41479e-05
-7 0.0533138 4.41559e-05
-6.9 0.0534824 4.06328e-05
-6.8 0.0536726 4.20667e-05
-6.7 0.0538143 4.43175e-05
-6.6 0.0540315 4.29254e-05
-6.5 0.0541499 4.07761e-05
-6.4 0.0543335 4.1459e-05
-6.3 0.0545586 4.30973e-05
-6.2 0.0546807 4.2396e-05
-6.1 0.0549201 3.74671e-05
-6 0.0550909 4.10615e-05
-5.9 0.0553233 4.32703e-05
-5.8 0.0555318 4.37525e-05
-5.7 0.0557218 4.61156e-05
-5.6 0.0559714 4.42777e-05
-5.5 0.0561841 4.23536e-05
-5.4 0.056448 4.1204e-05
-5.3 0.0567121 4.33852e-05
-5.2 0.0569853 4.34148e-05
-5.1 0.0572371 4.3096e-05
-5 0.0575668 4.27919e-05
-4.9 0.0579078 4.46305e-05
-4.8 0.0582914 4.59138e-05
-4.7 0.058662 4.81726e-05
-4.6 0.0590632 4.5528e-05
-4.5 0.0594617 4.73814e-05
-4.4 0.0599167 4.55271e-05
-4.3 0.0604277 4.12653e-05
-4.2 0.0609223 4.72654e-05
-4.1 0.0612677 5.43239e-05
-4 0.0613719 5.40533e-05
-3.9 0.0612601 5.34195e-05
-3.8 0.0611299 5.40658e-05
-3.7 0.0610798 5.29282e-05
-3.6 0.0610758 4.8645e-05
-3.5 0.061147 4.62585e-05
-3.4 0.0611969 4.56741e-05
-3.3 0.0612568 4.4761e-05
-3.2 0.0612212 4.74169e-05
-3.1 0.0611559 5.01806e-05
-3 0.0611827 5.14964e-05
-2.9 0.0612099 5.01345e-05
-2.8 0.0612286 4.66934e-05
-2.7 0.0612854 4.61446e-05
-2.6 0.0613924 5.04712e-05
-2.5 0.0613528 4.99135e-05
-2.4 0.0612785 4.92287e-05
-2.3 0.0612593 5.09144e-05
-2.2 0.0613004 4.9825e-05
-2.1 0.0612963 4.99122e-05
-2 0.0612398 4.50612e-05
-1.9 0.0612287 4.53029e-05
-1.8 0.0613195 4.98014e-05
-1.7 0.0613636 4.60132e-05
-1.6 0.0612424 4.67172e-05
-1.5 0.061135 4.92552e-05
-1.4 0.0611715 5.30395e-05
-1.3 0.0613 5.22533e-05
-1.2 0.0613173 5.41054e-05
-1.1 0.0611998 5.15966e-05
-1 0.0611608 5.25561e-05
-0.9 0.0613006 5.27923e-05
-0.8 0.0613929 4.99396e-05
-0.7 0.0614181 4.83676e-05
-0.6 0.0613251 5.43272e-05
-0.5 0.0613206 4.91614e-05
-0.4 0.0615087 4.80417e-05
-0.3 0.0617071 5.55184e-05
-0.2 0.060904 5.44153e-05
-0.1 0.0609441 5.05908e-05
0 0.0610474 5.38141e-05
0.1 0.0612523 5.2859e-05
0.2 0.0612826 5.65414e-05
0.3 0.0616711 5.59639e-05
0.4 0.061628 5.55112e-05
0.5 0.0618405 4.96285e-05
0.6 0.0620169 5.0895e-05
0.7 0.0620286 5.90556e-05
0.8 0.0618287 5.79944e-05
0.9 0.0617247 5.71381e-05
1 0.0618493 5.74452e-05
1.1 0.0620035 5.29093e-05
1.2 0.0620601 5.5502e-05
1.3 0.0618351 5.57027e-05
1.4 0.0617364 6.07372e-05
1.5 0.0618112 5.87371e-05
1.6 0.06208 6.12205e-05
1.7 0.0621881 5.9081e-05
1.8 0.0620726 5.75726e-05
1.9 0.0618367 5.79631e-05
2 0.0618006 6.12749e-05
2.1 0.0620016 5.61015e-05
2.2 0.062222 6.48049e-05
2.3 0.0622036 6.29443e-05
2.4 0.0619327 6.34141e-05
2.5 0.0617095 5.87597e-05
2.6 0.0617202 5.89708e-05
2.7 0.0620288 6.34859e-05
2.8 0.0621987 6.28728e-05
2.9 0.0619935 5.97077e-05
3 0.0617172 6.18886e-05
3.1 0.0616886 6.0553e-05
3.2 0.0620475 5.55392e-05
3.3 0.0624739 5.85925e-05
3.4 0.0625371 5.7629e-05
3.5 0.0622277 6.07867e-05
3.6 0.0617512 5.67199e-05
3.7 0.0617578 5.22194e-05
3.8 0.0621757 5.20373e-05
3.9 0.0626175 5.47214e-05
4 0.0626908 6.61042e-05
4.1 0.0623335 6.91393e-05
4.2 0.0619652 6.00609e-05
4.3 0.0620131 6.42184e-05
4.4 0.062474 6.08716e-05
4.5 0.0629816 5.88419e-05
4.6 0.0629254 5.88661e-05
4.7 0.0624909 6.1105e-05
4.8 0.0619599 6.09611e-05
4.9 0.0620155 6.39869e-05
5 0.0626384 6.59771e-05
5.1 0.063396 6.67707e-05
5.2 0.0635477 6.39874e-05
5.3 0.062908 6.04928e-05
5.4 0.0621194 6.39375e-05
5.5 0.0618787 6.53602e-05
5.6 0.0623753 6.87201e-05
5.7 0.0632794 7.01272e-05
5.8 0.0637502 6.53908e-05
5.9 0.0633748 7.03274e-05
6 0.0625815 7.51673e-05
6.1 0.062083 6.9193e-05
6.2 0.062476 7.34042e-05
6.3 0.0636668 7.05526e-05
6.4 0.0646776 7.56706e-05
6.5 0.064609 7.68702e-05
6.6 0.0632422 7.66392e-05
6.7 0.061567 7.79965e-05
6.8 0.0606558 7.63271e-05
6.9 0.0610811 7.64515e-05
7 0.0617075 7.96163e-05
7.1 0.0600178 8.12516e-05
7.2 0.0545937 7.84864e-05
7.3 0.0449005 8.37862e-05
7.4 0.0329468 6.76386e-05
7.5 0.0215514 5.25892e-05
7.6 0.0129417 4.13289e-05
7.7 0.00763184 3.57208e-05
7.8 0.00491298 2.9463e-05
7.9 0.00353662 2.19318e-05
8 0.00268257 1.98198e-05
8.1 0.00191418 1.64062e-05
8.2 0.0012316 1.37214e-05
8.3 0.000713497 9.8601e-06
8.4 0.000382025 7.80273e-06
8.5 0.000209296 5.41561e-06
8.6 0.000136604 4.65379e-06
8.7 0.00010978 3.94756e-06
8.8 0.000100783 3.35949e-06
8.9 9.97966e-05 3.46883e-06
9 9.54838e-05 3.49444e-06
9.1 9.97189e-05 3.75165e-06
9.2 9.48818e-05 3.20639e-06
9.3 9.06574e-05 3.25246e-06
9.4 9.40839e-05 3.40565e-06
9.5 9.34331e-05 3.69397e-06
9.6 9.89094e-05 3.92175e-06
9.7 9.70309e-05 3.95973e-06
9.8 9.17644e-05 3.38954e-06
9.9 8.86431e-05 3.54162e-06
10 8.87208e-05 3.54304e-06
10.1 8.917e-05 3.53113e-06
10.2 9.06401e-05 3.60812e-06
