-10.2 5.96978 0.000371185
-10.1 5.97544 0.000377613
-10 6.00047 0.000383082
-9.9 6.0262 0.000383342
-9.8 6.04071 0.000401535
-9.7 6.07141 0.000402838
-9.6 6.09045 0.000410419
-9.5 6.1107 0.0004213
-9.4 6.14197 0.00042441
-9.3 6.15918 0.000440505
-9.2 6.1867 0.000456119
-9.1 6.21148 0.000462485
-9 6.23253 0.000474735
-8.9 6.26415 0.000485031
-8.8 6.28506 0.000492992
-8.7 6.31311 0.000499882
-8.6 6.34051 0.000511317
-8.5 6.3641 0.000520397
-8.4 6.3968 0.00053077
-8.3 6.42044 0.000544023
-8.2 6.45156 0.000550681
-8.1 6.47999 0.000561029
-8 6.50778 0.000580482
-7.9 6.54157 0.000592472
-7.8 6.5682 0.000605976
-7.7 6.60351 0.000619862
-7.6 6.63232 0.000644419
-7.5 6.66681 0.000668221
-7.4 6.69951 0.000679263
-7.3 6.73316 0.000702863
-7.2 6.76963 0.000717389
-7.1 6.80332 0.00073967
-7 6.84262 0.000764751
-6.9 6.87765 0.000785925
-6.8 6.91878 0.000814662
-6.7 6.9566 0.000830107
-6.6 6.99932 0.000859646
-6.5 7.04053 0.00088898
-6.4 7.0852 0.000924315
-6.3 7.1303 0.000959635
-6.2 7.17795 0.00100699
-6.1 7.22746 0.00106514
-6 7.27916 0.00113748
-5.9 7.33392 0.00119257
-5.8 7.39145 0.00125661
-5.7 7.45342 0.00133176
-5.6 7.5207 0.00146291
-5.5 7.59429 0.00157928
-5.4 7.67603 0.00164809
-5.3 7.76351 0.00190998
-5.2 7.85815 0.00231314
-5.1 7.96076 0.00254214
-5 8.06598 0.00283593
-4.9 8.15107 0.00306013
-4.8 8.1927 0.00285107
-4.7 8.20914 0.00285156
-4.6 8.22948 0.00331803
-4.5 8.26369 0.0032593
-4.4 8.30814 0.00290246
-4.3 8.35742 0.00296588
-4.2 8.4078 0.00324239
-4.1 8.4602 0.00318817
-4 8.51644 0.00329926
-3.9 8.56557 0.00317168
-3.8 8.6094 0.00318242
-3.7 8.6477 0.00305349
-3.6 8.68644 0.00327495
-3.5 8.72688 0.00286467
-3.4 8.78319 0.00299084
-3.3 8.84043 0.00296752
-3.2 8.89321 0.00312173
-3.1 8.93515 0.00330973
-3 8.97419 0.00301412
-2.9 9.01109 0.00331133
-2.8 9.05308 0.00339947
-2.7 9.10312 0.00346523
-2.6 9.1599 0.00369872
-2.5 9.22549 0.00373643
-2.4 9.28384 0.00367446
-2.3 9.33994 0.00364893
-2.2 9.39598 0.00369097
-2.1 9.4471 0.00380788
-2 9.5092 0.00368323
-1.9 9.57337 0.00345491
-1.8 9.64001 0.00357646
-1.7 9.70432 0.00367009
-1.6 9.77194 0.00403991
-1.5 9.8387 0.0040405
-1.4 9.90876 0.00422154
-1.3 9.9818 0.00407434
-1.2 10.0615 0.00406237
-1.1 10.1356 0.00433384
-1 10.2125 0.00433405
-0.9 10.2882 0.00455191
-0.8 10.3653 0.00456095
-0.7 10.4464 0.00475096
-0.6 10.5303 0.0045679
-0.5 10.6189 0.00434046
-0.4 10.7121 0.00455473
-0.3 10.8339 0.00483567
-0.2 10.8688 0.00384169
-0.1 11.0024 0.00428318
0 11.1202 0.00431215
0.1 11.2368 0.00437807
0.2 11.3443 0.00438008
0.3 11.4552 0.0049606
0.4 11.5628 0.0048866
0.5 11.6749 0.00416211
0.6 11.785 0.00476452
0.7 11.9005 0.00496578
0.8 12.0243 0.00554509
0.9 12.1466 0.00540915
1 12.2668 0.00572389
1.1 12.4083 0.00570461
1.2 12.5585 0.00676726
1.3 12.7196 0.00592881
1.4 12.8908 0.00633093
1.5 13.0713 0.00564874
1.6 13.2356 0.00628306
1.7 13.3969 0.00591779
1.8 13.5535 0.00603948
1.9 13.733 0.00642194
2 13.9305 0.00585269
2.1 14.1341 0.00606292
2.2 14.3712 0.00623944
2.3 14.6174 0.00644383
2.4 14.8647 0.00700427
2.5 15.1057 0.00680525
2.6 15.3775 0.00753305
2.7 15.6367 0.00753575
2.8 15.9115 0.00768165
2.9 16.192 0.00882493
3 16.5052 0.00855432
3.1 16.8477 0.00737412
3.2 17.2052 0.0078261
3.3 17.5886 0.00877883
3.4 18.052 0.00889714
3.5 18.5781 0.00999095
3.6 19.1073 0.0102442
3.7 19.6589 0.0111208
3.8 20.2967 0.00975337
3.9 20.9721 0.0113079
4 21.6076 0.0113209
4.1 22.2776 0.0107178
4.2 23.1067 0.0104448
4.3 24.1526 0.0116323
4.4 25.4459 0.0123759
4.5 27.0314 0.0127305
4.6 28.9743 0.0162417
4.7 31.2831 0.0174856
4.8 33.9805 0.0216018
4.9 37.1319 0.0217239
5 41.075 0.0259048
5.1 46.0004 0.0357496
5.2 51.8567 0.0408602
5.3 58.221 0.0543323
5.4 64.7623 0.0677593
5.5 71.1125 0.0969343
5.6 77.285 0.17596
5.7 83.3391 0.336074
5.8 88.4929 0.562348
5.9 95.2083 1.25787
6 113.078 5.98667
6.1 63.4801 10.1121
6.2 8.04359 4.6576
6.3 0 0
6.4 0 0
6.5 0 0
6.6 0 0
6.7 0 0
6.8 0 0
6.9 0 0
7 0 0
7.1 0 0
7.2 0 0
7.3 0 0
7.4 0 0
7.5 0 0
7.6 0 0
7.7 0 0
7.8 0 0
7.9 0 0
8 0 0
8.1 0 0
8.2 0 0
8.3 0 0
8.4 0 0
8.5 0 0
8.6 0 0
8.7 0 0
8.8 0 0
8.9 0 0
9 0 0
9.1 0 0
9.2 0 0
9.3 0 0
9.4 0 0
9.5 0 0
9.6 0 0
9.7 0 0
9.8 0 0
9.9 0 0
10 0 0
10.1 0 0
10.2 0 0
