-10.2 6.01472 0.000374204
-10.1 6.02064 0.000380741
-10 6.04486 0.000386622
-9.9 6.06952 0.000387916
-9.8 6.08409 0.000406155
-9.7 6.11337 0.00040836
-9.6 6.1321 0.000416629
-9.5 6.15203 0.000427821
-9.4 6.18201 0.000431873
-9.3 6.19927 0.000448131
-9.2 6.22597 0.000464535
-9.1 6.2502 0.000471772
-9 6.27113 0.000484487
-8.9 6.30173 0.000495662
-8.8 6.32262 0.000503925
-8.7 6.35011 0.0005112
-8.6 6.37703 0.000523162
-8.5 6.40056 0.000532663
-8.4 6.43251 0.000543935
-8.3 6.45618 0.000557431
-8.2 6.48686 0.000564962
-8.1 6.51509 0.000575825
-8 6.54285 0.000595801
-7.9 6.57621 0.000608456
-7.8 6.60302 0.000622277
-7.7 6.63798 0.00063663
-7.6 6.66694 0.000661789
-7.5 6.70134 0.000686151
-7.4 6.7341 0.000697564
-7.3 6.76793 0.000721382
-7.2 6.80443 0.000736171
-7.1 6.83849 0.000758922
-7 6.87789 0.000784246
-6.9 6.91337 0.000805454
-6.8 6.9547 0.0008346
-6.7 6.99302 0.000850553
-6.6 7.03611 0.000880822
-6.5 7.07791 0.00091052
-6.4 7.12314 0.000946313
-6.3 7.16894 0.000982141
-6.2 7.2173 0.00102912
-6.1 7.26759 0.00108833
-6 7.32016 0.00116161
-5.9 7.37592 0.00121783
-5.8 7.43461 0.00128305
-5.7 7.49788 0.00135879
-5.6 7.56664 0.00149332
-5.5 7.64189 0.00161268
-5.4 7.72557 0.00168084
-5.3 7.81517 0.00194922
-5.2 7.91217 0.00236478
-5.1 8.01755 0.00260029
-5 8.12598 0.00290656
-4.9 8.21421 0.00314105
-4.8 8.25769 0.00292394
-4.7 8.275 0.0029233
-4.6 8.29624 0.00340442
-4.5 8.33177 0.00334579
-4.4 8.37789 0.00297725
-4.3 8.42909 0.00303837
-4.2 8.48146 0.00332367
-4.1 8.536 0.00327208
-4 8.5947 0.00338752
-3.9 8.64615 0.00325441
-3.8 8.69224 0.0032654
-3.7 8.73259 0.00313593
-3.6 8.77338 0.00336607
-3.5 8.8158 0.00294026
-3.4 8.87471 0.0030668
-3.3 8.93471 0.00304509
-3.2 8.99026 0.00320382
-3.1 9.03464 0.00339511
-3 9.076 0.00308936
-2.9 9.11509 0.00339338
-2.8 9.15934 0.00348145
-2.7 9.21178 0.00354556
-2.6 9.27101 0.00379103
-2.5 9.33933 0.00382865
-2.4 9.39991 0.00376467
-2.3 9.45788 0.00373901
-2.2 9.51542 0.00378426
-2.1 9.56742 0.00390741
-2 9.63039 0.00377975
-1.9 9.69545 0.00353922
-1.8 9.76304 0.00366329
-1.7 9.82828 0.00376133
-1.6 9.89703 0.00414302
-1.5 9.9649 0.00413763
-1.4 10.0362 0.00432899
-1.3 10.1106 0.0041738
-1.2 10.1918 0.00415798
-1.1 10.2674 0.00443759
-1 10.3457 0.00444176
-0.9 10.4225 0.0046647
-0.8 10.5009 0.00467471
-0.7 10.5831 0.00487031
-0.6 10.6683 0.00468766
-0.5 10.7582 0.00445469
-0.4 10.8528 0.00467344
-0.3 10.9774 0.00497274
-0.2 12.5953 0.00446887
-0.1 12.7505 0.00498282
0 12.8873 0.00501805
0.1 13.0226 0.00509117
0.2 13.1473 0.00509384
0.3 11.6076 0.00509152
0.4 11.7167 0.00502072
0.5 11.8305 0.00427033
0.6 11.9422 0.0048837
0.7 12.0594 0.00509555
0.8 12.1853 0.00569157
0.9 12.3096 0.00554611
1 12.4315 0.00587319
1.1 12.5752 0.0058495
1.2 12.7277 0.00695442
1.3 12.8913 0.00609027
1.4 13.0653 0.00651107
1.5 13.2489 0.00579746
1.6 13.4157 0.0064581
1.7 13.5795 0.00609422
1.8 13.7381 0.00620368
1.9 13.9203 0.00660317
2 14.1212 0.00601761
2.1 14.3279 0.00623031
2.2 14.5693 0.00640648
2.3 14.8201 0.00662611
2.4 15.0718 0.00719886
2.5 15.3166 0.00698918
2.6 15.5935 0.00774918
2.7 15.8573 0.00774749
2.8 16.1373 0.00788761
2.9 16.4227 0.00908683
3 16.7418 0.00882093
3.1 17.0906 0.0075823
3.2 17.4539 0.00804828
3.3 17.8424 0.00905065
3.4 18.3133 0.00917642
3.5 18.8493 0.0102985
3.6 19.3884 0.0105586
3.7 19.9499 0.0114904
3.8 20.6006 0.010062
3.9 21.2903 0.0116664
4 21.9375 0.0116933
4.1 22.6193 0.0110913
4.2 23.4656 0.0107973
4.3 24.5366 0.0120315
4.4 25.8629 0.0127988
4.5 27.4894 0.013167
4.6 29.4839 0.0168372
4.7 31.8556 0.0181168
4.8 34.6286 0.0224264
4.9 37.8701 0.0225627
5 41.9354 0.0269194
5.1 47.0306 0.0372327
5.2 53.1098 0.0426025
5.3 59.7349 0.0568489
5.4 66.5591 0.0709065
5.5 73.194 0.101498
5.6 79.6512 0.184339
5.7 85.9906 0.352172
5.8 91.3887 0.58932
5.9 98.427 1.31902
6 117.225 6.24682
6.1 65.9897 10.5222
6.2 8.39339 4.85986
6.3 0 0
6.4 0 0
6.5 0 0
6.6 0 0
6.7 0 0
6.8 0 0
6.9 0 0
7 0 0
7.1 0 0
7.2 0 0
7.3 0 0
7.4 0 0
7.5 0 0
7.6 0 0
7.7 0 0
7.8 0 0
7.9 0 0
8 0 0
8.1 0 0
8.2 0 0
8.3 0 0
8.4 0 0
8.5 0 0
8.6 0 0
8.7 0 0
8.8 0 0
8.9 0 0
9 0 0
9.1 0 0
9.2 0 0
9.3 0 0
9.4 0 0
9.5 0 0
9.6 0 0
9.7 0 0
9.8 0 0
9.9 0 0
10 0 0
10.1 0 0
10.2 0 0
