-10.2 5.76164 0.00172185
-10.1 5.80078 0.00215306
-10 5.84124 0.00202281
-9.9 5.88658 0.00192989
-9.8 5.91344 0.00211362
-9.7 5.9433 0.00222512
-9.6 5.98467 0.00235731
-9.5 6.00772 0.00244615
-9.4 6.03397 0.00264683
-9.3 6.07086 0.00249773
-9.2 6.08853 0.00217657
-9.1 6.12295 0.00243557
-9 6.15107 0.00263578
-8.9 6.17555 0.00255567
-8.8 6.20581 0.00255014
-8.7 6.23577 0.00266841
-8.6 6.25801 0.00244131
-8.5 6.28537 0.00232981
-8.4 6.31744 0.00265204
-8.3 6.33855 0.00251099
-8.2 6.37522 0.0024703
-8.1 6.39962 0.00280845
-8 6.42751 0.00287044
-7.9 6.45954 0.00267431
-7.8 6.48649 0.00273869
-7.7 6.51314 0.00275857
-7.6 6.54826 0.00253881
-7.5 6.57607 0.00265993
-7.4 6.60734 0.00266379
-7.3 6.63581 0.00262507
-7.2 6.66466 0.002882
-7.1 6.69737 0.0027956
-7 6.72782 0.00254576
-6.9 6.76045 0.0027004
-6.8 6.79414 0.0025202
-6.7 6.82332 0.00280006
-6.6 6.8617 0.00266011
-6.5 6.88843 0.00276796
-6.4 6.92244 0.0027559
-6.3 6.9627 0.00297883
-6.2 6.99126 0.00282656
-6.1 7.03338 0.00254841
-6 7.06707 0.0026422
-5.9 7.10839 0.0027417
-5.8 7.14742 0.00287761
-5.7 7.18525 0.0031209
-5.6 7.22923 0.00286713
-5.5 7.2691 0.00334066
-5.4 7.31575 0.00286067
-5.3 7.36245 0.00284228
-5.2 7.41147 0.00315011
-5.1 7.45855 0.0029653
-5 7.51462 0.00328845
-4.9 7.57384 0.0033145
-4.8 7.63912 0.00340851
-4.7 7.70254 0.00325541
-4.6 7.77197 0.00318864
-4.5 7.84276 0.00367273
-4.4 7.92107 0.00342778
-4.3 8.00867 0.00330106
-4.2 8.09828 0.00349605
-4.1 8.17297 0.00399072
-4 8.21986 0.00422704
-3.9 8.24023 0.00442601
-3.8 8.25702 0.00425511
-3.7 8.28348 0.00415066
-3.6 8.31623 0.00349619
-3.5 8.35902 0.00341099
-3.4 8.40188 0.00356564
-3.3 8.44502 0.00361243
-3.2 8.47606 0.00370834
-3.1 8.5046 0.00409519
-3 8.54492 0.00417902
-2.9 8.58531 0.00444201
-2.8 8.62483 0.00417926
-2.7 8.67005 0.00426771
-2.6 8.72328 0.00433882
-2.5 8.75936 0.00414771
-2.4 8.79081 0.00424293
-2.3 8.82939 0.00462136
-2.2 8.87676 0.00401247
-2.1 8.91878 0.00424831
-2 8.95332 0.0039876
-1.9 8.99569 0.00421989
-1.8 9.0516 0.00458528
-1.7 9.10151 0.00440922
-1.6 9.13137 0.00379078
-1.5 9.16164 0.00356151
-1.4 9.21181 0.0042105
-1.3 9.27573 0.00401829
-1.2 9.32662 0.00442806
-1.1 9.3586 0.00445
-1 9.39901 0.00441862
-0.9 9.46757 0.00418467
-0.8 9.53195 0.00435951
-0.7 9.58892 0.00449083
-0.6 9.62929 0.0047866
-0.5 9.68078 0.00445621
-0.4 9.76196 0.00486414
-0.3 9.84589 0.00501661
-0.2 11.2886 0.0059548
-0.1 11.3699 0.00535149
0 11.4625 0.0052465
0.1 11.5756 0.00541118
0.2 11.6603 0.00638939
0.3 10.2465 0.0053637
0.4 10.3038 0.00541786
0.5 10.4016 0.00483684
0.6 10.4982 0.00500967
0.7 10.5732 0.00575633
0.8 10.6133 0.00531906
0.9 10.6663 0.00521653
1 10.7606 0.00568733
1.1 10.8622 0.00494043
1.2 10.9523 0.00515653
1.3 10.9984 0.00525013
1.4 11.0613 0.00561591
1.5 11.1557 0.00554948
1.6 11.2851 0.00588581
1.7 11.3958 0.00612867
1.8 11.4702 0.00627008
1.9 11.523 0.00565174
2 11.6088 0.00599446
2.1 11.7389 0.00550986
2.2 11.8783 0.00642091
2.3 11.9854 0.00660209
2.4 12.0475 0.00610919
2.5 12.1123 0.00587307
2.6 12.2217 0.00620995
2.7 12.3906 0.00646077
2.8 12.5437 0.00678439
2.9 12.6345 0.00664395
3 12.7079 0.00670019
3.1 12.8247 0.00674087
3.2 13.0197 0.00641364
3.3 13.2428 0.00694741
3.4 13.4107 0.00731233
3.5 13.511 0.00693117
3.6 13.5688 0.00671642
3.7 13.722 0.00664595
3.8 13.9637 0.007007
3.9 14.2299 0.00725959
4 14.4373 0.00841099
4.1 14.5647 0.00887058
4.2 14.6814 0.00786895
4.3 14.8891 0.00795136
4.4 15.1967 0.00771646
4.5 15.5426 0.00715889
4.6 15.7906 0.00743112
4.7 15.9616 0.00749679
4.8 16.1036 0.00764665
4.9 16.3751 0.00700128
5 16.803 0.00866467
5.1 17.3054 0.00959468
5.2 17.7208 0.00890972
5.3 17.9616 0.00885342
5.4 18.1573 0.00913063
5.5 18.4815 0.00918734
5.6 19.021 0.00997039
5.7 19.7409 0.0100827
5.8 20.4403 0.0102514
5.9 20.9739 0.0113869
6 21.4142 0.0124763
6.1 21.9494 0.011676
6.2 22.8 0.0125363
6.3 24.0402 0.0140635
6.4 25.473 0.0140112
6.5 26.8327 0.0153994
6.6 27.973 0.01657
6.7 29.1415 0.0179187
6.8 30.7918 0.0178841
6.9 33.4771 0.0214708
7 37.3628 0.0235341
7.1 42.0066 0.0315625
7.2 47.1223 0.0378019
7.3 51.9539 0.049834
7.4 55.825 0.0663452
7.5 57.6399 0.0839764
7.6 56.6586 0.112692
7.7 53.202 0.127197
7.8 50.5212 0.119782
7.9 50.735 0.126088
8 53.952 0.201414
8.1 57.8462 0.265372
8.2 60.49 0.372993
8.3 59.9951 0.521906
8.4 53.7214 0.756535
8.5 44.5414 0.762583
8.6 34.9626 0.820822
8.7 30.7748 0.738015
8.8 29.7098 0.701814
8.9 29.2712 0.659649
9 28.1566 0.71403
9.1 28.7903 0.696131
9.2 28.4972 0.7009
9.3 27.74 0.686432
9.4 28.3593 0.690153
9.5 27.7898 0.719257
9.6 29.0192 0.705359
9.7 28.9119 0.699253
9.8 28.5466 0.808888
9.9 27.4979 0.669117
10 27.8396 0.697412
10.1 27.7577 0.640242
10.2 28.3614 0.707908
