-2.20063 5.28103 1.75157e-05
-2.10188 5.28103 1.66092e-05
-2.00313 5.28108 1.6301e-05
-1.90438 5.31493 1.75821e-05
-1.80563 5.31755 1.71349e-05
-1.70688 5.3176 1.70376e-05
-1.60813 5.35104 1.72818e-05
-1.50938 5.35439 1.61922e-05
-1.41063 5.35477 1.49048e-05
-1.31188 5.38904 1.74966e-05
-1.21313 5.39157 1.76389e-05
-1.11438 5.39355 1.6065e-05
-1.01563 5.428 1.8931e-05
-0.916875 5.4291 1.96793e-05
-0.818125 5.43525 2.0195e-05
-0.719375 5.46667 1.74387e-05
-0.620625 5.46698 1.7886e-05
-0.521875 5.4795 1.91663e-05
-0.423125 5.50373 1.86114e-05
-0.324375 5.50389 1.67263e-05
-0.225625 6.1363 2.19652e-05
-0.126875 6.35068 2.47451e-05
-0.028125 6.36893 2.43968e-05
0.070625 6.40057 2.4064e-05
0.169375 6.40172 2.3462e-05
0.268125 5.87959 2.16787e-05
0.366875 5.62527 2.17233e-05
0.465625 5.62741 1.96384e-05
0.564375 5.66487 2.38703e-05
0.663125 5.66496 2.31866e-05
0.761875 5.68367 2.07469e-05
0.860625 5.70495 2.3013e-05
0.959375 5.70546 2.21535e-05
1.05812 5.74192 2.22386e-05
1.15687 5.74545 2.2085e-05
1.25562 5.76281 2.31831e-05
1.35437 5.78617 2.60325e-05
1.45312 5.78814 2.34146e-05
1.55187 5.82421 2.53995e-05
1.65062 5.82746 2.49465e-05
1.74937 5.8504 2.72109e-05
1.84812 5.86884 2.31334e-05
1.94687 5.87748 2.71719e-05
2.04562 5.90994 2.77063e-05
2.14437 5.9125 2.6612e-05
2.24312 5.94518 2.72453e-05
2.34187 5.9535 2.65517e-05
2.44062 5.97674 2.99843e-05
2.53937 5.99589 2.36397e-05
2.63812 6.00975 2.83384e-05
2.73687 6.03807 2.37761e-05
2.83562 6.04651 2.74749e-05
2.93437 6.07878 2.69823e-05
3.03312 6.08672 2.66597e-05
3.13187 6.11819 2.9077e-05
3.23062 6.12907 2.67893e-05
3.32937 6.15785 3.44883e-05
3.42812 6.17261 2.83076e-05
3.52687 6.19871 3.42619e-05
3.62562 6.21689 3.06538e-05
3.72437 6.24124 3.15612e-05
3.82312 6.26177 2.99075e-05
3.92187 6.28534 3.54718e-05
4.02062 6.30731 3.06072e-05
4.11937 6.33115 3.44549e-05
4.21812 6.3537 2.98348e-05
4.31687 6.37843 3.76267e-05
4.41562 6.40113 3.36146e-05
4.51437 6.42717 3.6706e-05
4.61313 6.44988 3.24987e-05
4.71187 6.47724 3.69342e-05
4.81062 6.50017 3.63377e-05
4.90937 6.52845 3.79483e-05
5.00812 6.55215 3.86166e-05
5.10687 6.58092 3.2707e-05
5.20562 6.60604 3.72225e-05
5.30437 6.63462 4.15162e-05
5.40312 6.66171 4.02291e-05
5.50188 6.68996 3.66058e-05
5.60062 6.71894 3.94326e-05
5.69937 6.74731 4.29458e-05
5.79812 6.77752 4.40228e-05
5.89687 6.80697 4.74363e-05
5.99562 6.83771 4.87365e-05
6.09437 6.86863 4.63348e-05
6.19312 6.8999 4.39298e-05
6.29187 6.93209 4.68581e-05
6.39062 6.96449 5.18783e-05
6.48937 6.99761 4.83082e-05
6.58812 7.03129 4.64865e-05
6.68687 7.06542 4.98301e-05
6.78562 7.10032 5.03914e-05
6.88437 7.13571 5.0905e-05
6.98312 7.17177 5.34509e-05
7.08187 7.20856 5.2529e-05
7.18062 7.246 5.37468e-05
7.27937 7.28408 5.64865e-05
7.37812 7.32294 6.16034e-05
7.47687 7.36254 5.73024e-05
7.57562 7.40287 5.81926e-05
7.67437 7.444 5.45088e-05
7.77312 7.48605 5.64238e-05
7.87187 7.52882 5.99219e-05
7.97062 7.57252 6.36452e-05
8.06937 7.61718 6.38797e-05
8.16812 7.66268 6.26602e-05
8.26687 7.70921 6.43481e-05
8.36562 7.75676 6.77713e-05
8.46437 7.80532 6.97937e-05
8.56312 7.85501 7.7099e-05
8.66187 7.90583 7.69985e-05
8.76062 7.95776 6.94536e-05
8.85937 8.01092 8.02492e-05
8.95812 8.06541 7.90055e-05
9.05687 8.12119 8.2461e-05
9.15562 8.17837 8.10871e-05
9.25437 8.23689 8.34789e-05
9.35312 8.29704 9.20381e-05
9.45187 8.35866 8.94019e-05
9.55062 8.42198 9.1988e-05
9.64937 8.48693 9.97099e-05
9.74812 8.55363 0.000100689
9.84687 8.62222 0.000105185
9.94562 8.69283 0.000103762
10.0444 8.76538 0.000111832
10.1431 8.84012 0.00011727
10.2419 8.91711 0.000122225
10.3406 8.9965 0.000123173
10.4394 9.07833 0.000131396
10.5381 9.1628 0.00013187
10.6369 9.25015 0.000141429
10.7356 9.34046 0.000149317
10.8344 9.43362 0.000159441
10.9331 9.53032 0.000160438
11.0319 9.63036 0.000164075
11.1306 9.7342 0.000174383
11.2294 9.84194 0.000180854
11.3281 9.95393 0.000189172
11.4269 10.0704 0.00019277
11.5256 10.1916 0.000194896
11.6244 10.3181 0.000210361
11.7231 10.4501 0.000233655
11.8219 10.5879 0.000234246
11.9206 10.7324 0.000247672
12.0194 10.8837 0.00026615
12.1181 11.0426 0.000278682
12.2169 11.2096 0.000298314
12.3156 11.3857 0.000320125
12.4144 11.5715 0.000332915
12.5131 11.7683 0.000345542
12.6119 11.9771 0.000405878
12.7106 12.1985 0.000432857
12.8094 12.435 0.000493177
12.9081 12.688 0.000495008
13.0069 12.9601 0.000568987
13.1056 13.2529 0.000615348
13.2044 13.5701 0.000682858
13.3031 13.9152 0.000772196
13.4019 14.2926 0.000890267
13.5006 14.7071 0.00104145
13.5994 15.166 0.00121383
13.6981 15.6771 0.00139258
13.7969 16.2529 0.00178482
13.8956 16.9042 0.0019247
13.9944 17.6539 0.00224252
14.0931 18.53 0.00264706
14.1919 19.5673 0.0029303
14.2906 20.8295 0.00340495
14.3894 22.405 0.0042519
14.4881 24.435 0.00579419
14.5869 27.0972 0.00719501
14.6856 30.5464 0.00947868
14.7844 34.8561 0.0123589
14.8831 39.9428 0.0137731
14.9819 45.726 0.0164072
15.0806 51.8322 0.0221763
15.1794 58.1603 0.0292134
15.2781 64.4213 0.0396
15.3769 70.5775 0.0598155
15.4756 76.465 0.0858476
15.5744 82.2756 0.137732
15.6731 87.7541 0.261343
15.7719 93.9072 0.516336
15.8706 99.8295 1.1141
15.9694 115.679 6.23479
16.0681 88.1056 11.0983
16.1669 12.3261 4.31285
16.2656 2.04954 2.04954
16.3644 0 0
16.4631 0 0
16.5619 0 0
16.6606 0 0
16.7594 0 0
16.8581 0 0
16.9569 0 0
17.0556 0 0
17.1544 0 0
17.2531 0 0
17.3519 0 0
17.4506 0 0
