-2.20063 6.51262 0.0288017
-2.10188 6.9606 0.0309821
-2.00313 7.26609 0.0371229
-1.90438 7.41785 0.0372108
-1.80563 7.58797 0.0344976
-1.70688 7.67265 0.0392046
-1.60813 7.82074 0.0438619
-1.50938 8.00758 0.0430187
-1.41063 8.01726 0.0377669
-1.31188 8.1074 0.036775
-1.21313 8.2331 0.0417959
-1.11438 8.28723 0.0410695
-1.01563 8.33576 0.0345251
-0.916875 8.39547 0.0393123
-0.818125 8.4312 0.0411713
-0.719375 8.5174 0.0363633
-0.620625 8.60392 0.0405385
-0.521875 8.61015 0.0391345
-0.423125 8.72363 0.0480512
-0.324375 8.75551 0.0336787
-0.225625 8.77122 0.0398438
-0.126875 8.88993 0.0390381
-0.028125 8.93065 0.0463676
0.070625 8.98105 0.0404073
0.169375 8.99741 0.0403608
0.268125 9.03469 0.0336257
0.366875 9.15188 0.0447052
0.465625 9.16062 0.0370928
0.564375 9.19089 0.0414543
0.663125 9.24331 0.0429388
0.761875 9.24869 0.0372854
0.860625 9.28121 0.0365885
0.959375 9.28385 0.0390788
1.05812 9.41698 0.0389543
1.15687 9.4593 0.0355983
1.25562 9.45944 0.0429302
1.35437 9.5292 0.0427103
1.45312 9.57833 0.0478284
1.55187 9.59826 0.0393412
1.65062 9.54172 0.0362153
1.74937 9.67398 0.0383241
1.84812 9.6468 0.040264
1.94687 9.74563 0.0425234
2.04562 9.69194 0.0420215
2.14437 9.69756 0.0423868
2.24312 9.83782 0.0395522
2.34187 9.89432 0.0450824
2.44062 9.87632 0.0383778
2.53937 9.90178 0.0462422
2.63812 9.93517 0.0408983
2.73687 10.0351 0.0449751
2.83562 9.94537 0.0413399
2.93437 9.98672 0.0407259
3.03312 10.0364 0.0414875
3.13187 10.0276 0.0402507
3.23062 10.1134 0.0393074
3.32937 10.1558 0.0368023
3.42812 10.1228 0.0478962
3.52687 10.1982 0.0356607
3.62562 10.1871 0.0439635
3.72437 10.2583 0.036533
3.82312 10.2552 0.0361341
3.92187 10.2938 0.0419517
4.02062 10.3475 0.0414931
4.11937 10.3639 0.0365513
4.21812 10.4416 0.0406429
4.31687 10.3902 0.0430301
4.41562 10.4712 0.0417378
4.51437 10.4271 0.0390589
4.61313 10.5202 0.0429495
4.71187 10.5926 0.0339127
4.81062 10.5339 0.0421691
4.90937 10.6006 0.0375155
5.00812 10.6259 0.0448468
5.10687 10.6866 0.041542
5.20562 10.7034 0.0366141
5.30437 10.6371 0.0342498
5.40312 10.8148 0.0403541
5.50188 10.768 0.0340165
5.60062 10.8201 0.0393279
5.69937 10.8785 0.0437295
5.79812 10.8792 0.0402813
5.89687 10.9664 0.0362723
5.99562 10.9092 0.0393278
6.09437 10.9224 0.0364643
6.19312 10.9865 0.0402783
6.29187 10.9903 0.0349352
6.39062 11.0379 0.0387504
6.48937 11.0884 0.0342586
6.58812 11.1412 0.0379822
6.68687 11.2025 0.04085
6.78562 11.1492 0.041217
6.88437 11.18 0.0423345
6.98312 11.2714 0.0384623
7.08187 11.1837 0.0366897
7.18062 11.2659 0.037931
7.27937 11.2321 0.0376429
7.37812 11.3359 0.0429664
7.47687 11.4558 0.0399463
7.57562 11.3887 0.0330237
7.67437 11.4541 0.0387765
7.77312 11.4633 0.0347503
7.87187 11.4791 0.0426543
7.97062 11.475 0.0345302
8.06937 11.6411 0.0395182
8.16812 11.5878 0.0371168
8.26687 11.6533 0.0372831
8.36562 11.6684 0.0415965
8.46437 11.7556 0.0396395
8.56312 11.8294 0.0377127
8.66187 11.8967 0.0392261
8.76062 11.8934 0.0329329
8.85937 11.8926 0.0378983
8.95812 11.9976 0.0355615
9.05687 12.0729 0.0380085
9.15562 12.0287 0.0355988
9.25437 12.1769 0.0358012
9.35312 12.2238 0.0353467
9.45187 12.2929 0.031629
9.55062 12.3165 0.040843
9.64937 12.3046 0.0361749
9.74812 12.421 0.0329615
9.84687 12.5556 0.0369097
9.94562 12.617 0.0425141
10.0444 12.6756 0.0375235
10.1431 12.6805 0.0369957
10.2419 12.7726 0.0302434
10.3406 12.8054 0.0361297
10.4394 12.9036 0.0360992
10.5381 12.928 0.0329679
10.6369 13.0042 0.0347816
10.7356 13.1233 0.0363949
10.8344 13.1797 0.0313979
10.9331 13.2316 0.0339644
11.0319 13.3183 0.0333933
11.1306 13.429 0.0371578
11.2294 13.5039 0.0346816
11.3281 13.5482 0.0262357
11.4269 13.6069 0.0350289
11.5256 13.7541 0.0302947
11.6244 13.8779 0.0315618
11.7231 13.9506 0.0335776
11.8219 14.2031 0.0328169
11.9206 14.241 0.0352075
12.0194 14.3247 0.0328037
12.1181 14.4594 0.0324256
12.2169 14.5916 0.0362594
12.3156 14.7524 0.0316487
12.4144 14.9007 0.0306493
12.5131 14.9999 0.0292518
12.6119 15.2177 0.0289817
12.7106 15.506 0.0279699
12.8094 15.6005 0.0274615
12.9081 15.8595 0.0297743
13.0069 16.094 0.0272765
13.1056 16.3332 0.0216785
13.2044 16.6064 0.0293794
13.3031 16.941 0.0298776
13.4019 17.2853 0.0294979
13.5006 17.7289 0.0262429
13.5994 18.1339 0.0222782
13.6981 18.7024 0.0232888
13.7969 19.3142 0.0257007
13.8956 20.0953 0.0237579
13.9944 20.9651 0.023143
14.0931 22.0945 0.0237293
14.1919 23.4135 0.0283871
14.2906 25.2434 0.0295769
14.3894 27.8128 0.0240263
14.4881 31.5473 0.0297119
14.5869 37.1208 0.0351246
14.6856 44.904 0.0403717
14.7844 54.8249 0.0496243
14.8831 66.1233 0.0445596
14.9819 78.3765 0.0511321
15.0806 90.3339 0.0609631
15.1794 101.904 0.063667
15.2781 112.546 0.0794943
15.3769 122.139 0.110086
15.4756 130.962 0.158072
15.5744 138.832 0.221854
15.6731 144.753 0.396284
15.7719 146.03 0.65334
15.8706 130.447 1.23091
15.9694 97.9028 2.14235
16.0681 79.1941 1.77932
16.1669 70.1707 2.14532
16.2656 70.5216 1.98145
16.3644 70.7029 2.13068
16.4631 69.2873 2.29107
16.5619 63.943 2.1169
16.6606 71.9508 2.06018
16.7594 67.8229 2.25535
16.8581 67.2991 2.01709
16.9569 68.8691 2.26735
17.0556 69.8637 2.27554
17.1544 66.1414 2.0469
17.2531 67.655 2.03849
17.3519 65.9829 2.26946
17.4506 70.0594 2.1275
