-2.20063 3.80937 0.00190716
-2.10188 3.84792 0.00203949
-2.00313 3.87771 0.00251371
-1.90438 3.92113 0.00259937
-1.80563 3.94202 0.00254565
-1.70688 3.95517 0.00280528
-1.60813 3.99652 0.00317147
-1.50938 4.01622 0.00307444
-1.41063 4.02433 0.00267649
-1.31188 4.06082 0.00288114
-1.21313 4.07584 0.00310381
-1.11438 4.08577 0.00291171
-1.01563 4.11892 0.00266031
-0.916875 4.12818 0.00280177
-0.818125 4.1375 0.00316051
-0.719375 4.1748 0.00274176
-0.620625 4.18443 0.00299676
-0.521875 4.20029 0.0031016
-0.423125 4.22901 0.00353803
-0.324375 4.23469 0.00260328
-0.225625 4.26443 0.00283864
-0.126875 4.28456 0.00298275
-0.028125 4.30247 0.00347191
0.070625 4.32595 0.00329143
0.169375 4.33326 0.00308117
0.268125 4.36617 0.00288539
0.366875 4.38075 0.00334778
0.465625 4.38521 0.00285135
0.564375 4.41875 0.0031364
0.663125 4.4251 0.00325715
0.761875 4.44188 0.0029742
0.860625 4.46511 0.00281876
0.959375 4.46954 0.00318631
1.05812 4.50854 0.00311449
1.15687 4.51661 0.00287177
1.25562 4.53162 0.00349608
1.35437 4.55707 0.0036088
1.45312 4.56401 0.0037431
1.55187 4.59548 0.00333841
1.65062 4.59693 0.00294764
1.74937 4.62719 0.00320329
1.84812 4.64167 0.00317208
1.94687 4.65695 0.00336785
2.04562 4.67935 0.00336557
2.14437 4.68509 0.00334667
2.24312 4.72222 0.00336471
2.34187 4.73552 0.00341237
2.44062 4.75377 0.00314445
2.53937 4.77191 0.00389416
2.63812 4.78749 0.00326074
2.73687 4.81755 0.00378749
2.83562 4.82088 0.00340698
2.93437 4.85038 0.00324333
3.03312 4.86051 0.00358417
3.13187 4.889 0.00348894
3.23062 4.9058 0.00338427
3.32937 4.93191 0.00299551
3.42812 4.94367 0.00373335
3.52687 4.97022 0.00301399
3.62562 4.98616 0.00366829
3.72437 5.01097 0.0031782
3.82312 5.02616 0.00303961
3.92187 5.04937 0.00349995
4.02062 5.07143 0.00351896
4.11937 5.09431 0.00307933
4.21812 5.11878 0.00351511
4.31687 5.13663 0.0036442
4.41562 5.16318 0.00349937
4.51437 5.18154 0.00339942
4.61313 5.20798 0.00365697
4.71187 5.23492 0.00315422
4.81062 5.25058 0.00371755
4.90937 5.27746 0.00331662
5.00812 5.2999 0.00373412
5.10687 5.32931 0.00353873
5.20562 5.35151 0.00333674
5.30437 5.37031 0.00312081
5.40312 5.40531 0.00334258
5.50188 5.42777 0.00319307
5.60062 5.45709 0.0035953
5.69937 5.48407 0.00370451
5.79812 5.50975 0.00359316
5.89687 5.54021 0.00337294
5.99562 5.56178 0.00350092
6.09437 5.58988 0.00322887
6.19312 5.61932 0.00358594
6.29187 5.64719 0.00325298
6.39062 5.67885 0.00344336
6.48937 5.71031 0.00317465
6.58812 5.74108 0.00380957
6.68687 5.77525 0.0039644
6.78562 5.80173 0.00414325
6.88437 5.83482 0.00412477
6.98312 5.8682 0.00383157
7.08187 5.89367 0.00353712
7.18062 5.92964 0.00384887
7.27937 5.95666 0.00366713
7.37812 5.998 0.00411553
7.47687 6.04174 0.00365819
7.57562 6.06813 0.00327628
7.67437 6.10694 0.0037572
7.77312 6.14043 0.00357637
7.87187 6.17706 0.00423439
7.97062 6.21381 0.00310853
8.06937 6.26315 0.00416089
8.16812 6.29677 0.00363715
8.26687 6.33955 0.00378042
8.36562 6.38075 0.00440662
8.46437 6.42571 0.00408989
8.56312 6.47432 0.00375246
8.66187 6.52046 0.00398015
8.76062 6.56315 0.00355522
8.85937 6.60714 0.00410468
8.95812 6.65939 0.00386636
9.05687 6.71314 0.00384652
9.15562 6.75595 0.00386665
9.25437 6.81741 0.00391237
9.35312 6.8698 0.00354044
9.45187 6.92722 0.00337575
9.55062 6.97898 0.0041563
9.64937 7.03248 0.003825
9.74812 7.09746 0.00389308
9.84687 7.16529 0.00433438
9.94562 7.22955 0.00481373
10.0444 7.29412 0.00420913
10.1431 7.35544 0.00407898
10.2419 7.42455 0.00344094
10.3406 7.4939 0.00415637
10.4394 7.56896 0.00418617
10.5381 7.63696 0.00379642
10.6369 7.71549 0.00402236
10.7356 7.80219 0.00421011
10.8344 7.88293 0.00419767
10.9331 7.96638 0.00426285
11.0319 8.05755 0.00424253
11.1306 8.15243 0.0043757
11.2294 8.24656 0.00429276
11.3281 8.34132 0.00344425
11.4269 8.44321 0.0042089
11.5256 8.5588 0.00372151
11.6244 8.67566 0.00438492
11.7231 8.7927 0.00443505
11.8219 8.93007 0.00428511
11.9206 9.05229 0.00461841
12.0194 9.18383 0.00444166
12.1181 9.32824 0.00476243
12.2169 9.47784 0.00499208
12.3156 9.63931 0.00415684
12.4144 9.80949 0.0042328
12.5131 9.98395 0.00390542
12.6119 10.1834 0.00409259
12.7106 10.399 0.00402084
12.8094 10.6065 0.00410265
12.9081 10.8467 0.00443679
13.0069 11.0992 0.00420526
13.1056 11.3707 0.0034322
13.2044 11.6697 0.00479269
13.3031 11.9981 0.00486657
13.4019 12.3577 0.00485042
13.5006 12.7607 0.0044727
13.5994 13.1952 0.00426219
13.6981 13.7006 0.00435441
13.7969 14.2659 0.00507283
13.8956 14.925 0.00481827
13.9944 15.6814 0.00488093
14.0931 16.5866 0.00561389
14.1919 17.6634 0.00639967
14.2906 19.0205 0.00710987
14.3894 20.7823 0.00650453
14.4881 23.1423 0.00927119
14.5869 26.4231 0.0117675
14.6856 30.9466 0.0149998
14.7844 36.9606 0.0209737
14.8831 44.4865 0.0226626
14.9819 53.5437 0.0289084
15.0806 63.5613 0.0407785
15.1794 74.397 0.0523764
15.2781 85.4411 0.0730167
15.3769 96.4084 0.114684
15.4756 106.897 0.171443
15.5744 116.124 0.2733
15.6731 120.206 0.494352
15.7719 110.49 0.897814
15.8706 74.4483 1.23969
15.9694 45.5227 1.26763
16.0681 34.8003 0.815246
16.1669 32.1066 0.934147
16.2656 31.6971 0.796172
16.3644 31.6214 0.892733
16.4631 31.4265 0.87585
16.5619 29.4433 0.778368
16.6606 31.7385 0.772102
16.7594 30.3999 0.901495
16.8581 30.4421 0.908677
16.9569 31.3096 0.972526
17.0556 30.9711 0.890891
17.1544 29.9592 0.838329
17.2531 30.61 0.897542
17.3519 30.3514 0.925469
17.4506 31.4116 0.951412
