-2.20063 0.0544569 3.26869e-05
-2.10188 0.0548053 3.37743e-05
-2.00313 0.0550693 3.52421e-05
-1.90438 0.0555462 3.74796e-05
-1.80563 0.0557263 3.86051e-05
-1.70688 0.0558328 3.86551e-05
-1.60813 0.0562662 4.3447e-05
-1.50938 0.0564104 4.15522e-05
-1.41063 0.0564647 3.9738e-05
-1.31188 0.0568464 3.98577e-05
-1.21313 0.0569404 4.14151e-05
-1.11438 0.0569875 3.92044e-05
-1.01563 0.0573295 3.86992e-05
-0.916875 0.0573636 3.79083e-05
-0.818125 0.0574082 3.97035e-05
-0.719375 0.0577821 3.96471e-05
-0.620625 0.0578067 4.25787e-05
-0.521875 0.0579407 4.14141e-05
-0.423125 0.0581933 4.20667e-05
-0.324375 0.0581808 4.08326e-05
-0.225625 0.0582143 4.06528e-05
-0.126875 0.0582106 4.27223e-05
-0.028125 0.0583532 4.48959e-05
0.070625 0.058562 4.55074e-05
0.169375 0.0585689 4.35809e-05
0.268125 0.0591121 3.93356e-05
0.366875 0.0592713 4.15942e-05
0.465625 0.0592316 4.27441e-05
0.564375 0.0595435 4.40445e-05
0.663125 0.0595122 4.38175e-05
0.761875 0.0596176 4.33768e-05
0.860625 0.0598041 4.0059e-05
0.959375 0.059758 3.96215e-05
1.05812 0.0600845 4.43451e-05
1.15687 0.0600677 4.48911e-05
1.25562 0.0601463 4.70898e-05
1.35437 0.0603295 4.92667e-05
1.45312 0.0602917 4.94092e-05
1.55187 0.060563 5.24268e-05
1.65062 0.0604882 4.56222e-05
1.74937 0.0606977 4.36514e-05
1.84812 0.0607726 4.50749e-05
1.94687 0.0608009 4.38791e-05
2.04562 0.0609732 4.43746e-05
2.14437 0.060923 4.74087e-05
2.24312 0.0612047 4.9316e-05
2.34187 0.0612282 4.95237e-05
2.44062 0.0613268 4.28244e-05
2.53937 0.0614115 4.52538e-05
2.63812 0.0614499 4.06743e-05
2.73687 0.0616343 4.38822e-05
2.83562 0.0615713 4.02911e-05
2.93437 0.0617673 3.88368e-05
3.03312 0.0617358 4.3386e-05
3.13187 0.0619443 4.85446e-05
3.23062 0.061973 4.60314e-05
3.32937 0.0621284 4.25925e-05
3.42812 0.0621402 4.48056e-05
3.52687 0.0622792 4.84596e-05
3.62562 0.0623269 4.84371e-05
3.72437 0.0624366 4.65426e-05
3.82312 0.0624737 4.12703e-05
3.92187 0.0625855 4.63876e-05
4.02062 0.0626711 4.17826e-05
4.11937 0.0627811 4.20587e-05
4.21812 0.0628826 4.33127e-05
4.31687 0.0629528 4.34804e-05
4.41562 0.0630855 4.19847e-05
4.51437 0.0631467 4.40509e-05
4.61313 0.0632627 4.59412e-05
4.71187 0.0633857 4.77116e-05
4.81062 0.063427 4.7891e-05
4.90937 0.0635399 4.38858e-05
5.00812 0.0636191 4.38447e-05
5.10687 0.0637706 4.43312e-05
5.20562 0.0638406 4.49704e-05
5.30437 0.0639211 4.57645e-05
5.40312 0.0640829 4.27196e-05
5.50188 0.0641908 4.77163e-05
5.60062 0.0643215 4.56142e-05
5.69937 0.0644265 4.53906e-05
5.79812 0.0645466 4.72762e-05
5.89687 0.0646865 4.71356e-05
5.99562 0.0647722 4.54403e-05
6.09437 0.0649086 4.7039e-05
6.19312 0.0650377 4.48984e-05
6.29187 0.0651683 4.7541e-05
6.39062 0.0653142 4.54035e-05
6.48937 0.0654578 4.18171e-05
6.58812 0.0655954 4.57496e-05
6.68687 0.0657639 4.87179e-05
6.78562 0.0658874 5.1327e-05
6.88437 0.0660575 5.00186e-05
6.98312 0.0661946 4.92617e-05
7.08187 0.0663144 4.89838e-05
7.18062 0.066471 5.39573e-05
7.27937 0.0665889 5.38523e-05
7.37812 0.0668045 5.26737e-05
7.47687 0.0670353 5.42214e-05
7.57562 0.0671488 5.21167e-05
7.67437 0.0673351 5.44922e-05
7.77312 0.0675012 5.36979e-05
7.87187 0.0677071 5.32648e-05
7.97062 0.0679006 4.85207e-05
8.06937 0.0681628 5.17888e-05
8.16812 0.0683405 4.8042e-05
8.26687 0.0685621 5.50208e-05
8.36562 0.068797 5.70485e-05
8.46437 0.0690286 5.56202e-05
8.56312 0.0693031 5.20362e-05
8.66187 0.0695468 5.55648e-05
8.76062 0.0697905 5.41174e-05
8.85937 0.0700411 5.51322e-05
8.95812 0.0703156 5.23205e-05
9.05687 0.0706268 4.74971e-05
9.15562 0.0708623 4.94534e-05
9.25437 0.0712216 5.13304e-05
9.35312 0.0715092 5.05973e-05
9.45187 0.0718543 5.20767e-05
9.55062 0.0721477 5.42254e-05
9.64937 0.0724601 5.35192e-05
9.74812 0.0728476 5.09054e-05
9.84687 0.0732319 5.05199e-05
9.94562 0.0736129 5.53871e-05
10.0444 0.0739856 5.31431e-05
10.1431 0.0743544 5.29757e-05
10.2419 0.0747483 5.22659e-05
10.3406 0.0751726 5.95832e-05
10.4394 0.0756105 5.4404e-05
10.5381 0.075996 5.4636e-05
10.6369 0.0764714 5.23781e-05
10.7356 0.0770088 5.57868e-05
10.8344 0.0774926 5.71461e-05
10.9331 0.077989 5.76534e-05
11.0319 0.0785621 5.94936e-05
11.1306 0.0791416 6.16505e-05
11.2294 0.0797231 5.74227e-05
11.3281 0.0803166 5.96235e-05
11.4269 0.0809581 5.74159e-05
11.5256 0.0816983 5.87315e-05
11.6244 0.0824321 6.25107e-05
11.7231 0.0831687 6.27255e-05
11.8219 0.0839969 6.64261e-05
11.9206 0.0847741 7.01404e-05
12.0194 0.0855976 6.4285e-05
12.1181 0.0865276 6.96527e-05
12.2169 0.0874737 6.88552e-05
12.3156 0.0885081 6.86838e-05
12.4144 0.0895932 6.48054e-05
12.5131 0.0907342 6.64559e-05
12.6119 0.0920211 6.83568e-05
12.7106 0.0933705 6.74191e-05
12.8094 0.0947407 6.92409e-05
12.9081 0.0962741 7.16001e-05
13.0069 0.0978873 7.47976e-05
13.1056 0.0996607 7.32406e-05
13.2044 0.101591 7.87874e-05
13.3031 0.103697 7.91883e-05
13.4019 0.106025 8.25414e-05
13.5006 0.108594 7.98481e-05
13.5994 0.111368 9.0069e-05
13.6981 0.114552 8.67089e-05
13.7969 0.118083 8.79518e-05
13.8956 0.122155 8.49785e-05
13.9944 0.12677 9.47503e-05
14.0931 0.132154 9.99767e-05
14.1919 0.138412 9.86291e-05
14.2906 0.146006 0.000103703
14.3894 0.155343 0.000117906
14.4881 0.166829 0.000121837
14.5869 0.180717 0.000136441
14.6856 0.196032 0.000144838
14.7844 0.209373 0.000162449
14.8831 0.215034 0.000176339
14.9819 0.206929 0.000172079
15.0806 0.180817 0.00016025
15.1794 0.140712 0.000143479
15.2781 0.0953798 0.000125836
15.3769 0.0557971 9.962e-05
15.4756 0.027804 6.64997e-05
15.5744 0.0118369 4.78907e-05
15.6731 0.00428925 2.8101e-05
15.7719 0.00140252 1.76759e-05
15.8706 0.000450846 8.80786e-06
15.9694 0.000219152 5.36896e-06
16.0681 0.000168616 4.6015e-06
16.1669 0.00015807 5.03314e-06
16.2656 0.00015152 4.75537e-06
16.3644 0.000147531 3.9238e-06
16.4631 0.000146541 4.40792e-06
16.5619 0.000139016 4.39963e-06
16.6606 0.000143166 4.51911e-06
16.7594 0.00013676 4.2533e-06
16.8581 0.000137738 3.93841e-06
16.9569 0.000139551 4.39851e-06
17.0556 0.000135033 4.73439e-06
17.1544 0.000134127 4.85738e-06
17.2531 0.000136432 4.68764e-06
17.3519 0.00013532 4.81776e-06
17.4506 0.000136786 4.42981e-06
