-2.20063 0.0552362 4.11698e-05
-2.10188 0.0555888 4.1756e-05
-2.00313 0.0558898 4.83609e-05
-1.90438 0.0563734 4.457e-05
-1.80563 0.0565435 4.87656e-05
-1.70688 0.0566268 4.88388e-05
-1.60813 0.0570934 4.92873e-05
-1.50938 0.0572714 4.82197e-05
-1.41063 0.0573202 4.75025e-05
-1.31188 0.0577158 4.77585e-05
-1.21313 0.0578136 5.05833e-05
-1.11438 0.0578471 4.44159e-05
-1.01563 0.0581922 4.6017e-05
-0.916875 0.0581747 4.69953e-05
-0.818125 0.0582683 4.75082e-05
-0.719375 0.0586398 4.83045e-05
-0.620625 0.0586582 5.10296e-05
-0.521875 0.0588119 4.77723e-05
-0.423125 0.0590676 5.05968e-05
-0.324375 0.0590534 4.60724e-05
-0.225625 0.0591062 5.19341e-05
-0.126875 0.0590707 4.60748e-05
-0.028125 0.0592328 4.8407e-05
0.070625 0.0594058 5.19516e-05
0.169375 0.059419 5.0401e-05
0.268125 0.060017 4.63009e-05
0.366875 0.0601599 5.11702e-05
0.465625 0.0600912 4.84761e-05
0.564375 0.0604089 5.09762e-05
0.663125 0.0603954 5.12593e-05
0.761875 0.0605019 4.75153e-05
0.860625 0.0606448 4.45887e-05
0.959375 0.060648 4.742e-05
1.05812 0.0610318 4.93185e-05
1.15687 0.0609339 5.23359e-05
1.25562 0.0609955 5.52747e-05
1.35437 0.0612092 5.46378e-05
1.45312 0.0611508 5.7718e-05
1.55187 0.0614493 6.29115e-05
1.65062 0.0613739 5.68441e-05
1.74937 0.0615714 5.3633e-05
1.84812 0.0616282 5.2076e-05
1.94687 0.0616745 4.70068e-05
2.04562 0.0618309 5.05406e-05
2.14437 0.0618146 4.93948e-05
2.24312 0.0620965 5.44296e-05
2.34187 0.0621155 5.68821e-05
2.44062 0.0621922 4.92192e-05
2.53937 0.0623385 5.26656e-05
2.63812 0.0623306 4.81792e-05
2.73687 0.0625407 5.07713e-05
2.83562 0.0624544 4.64945e-05
2.93437 0.0626784 4.42354e-05
3.03312 0.0626103 5.05356e-05
3.13187 0.0628313 5.46876e-05
3.23062 0.0628496 5.36994e-05
3.32937 0.0630084 4.82744e-05
3.42812 0.0630111 5.10057e-05
3.52687 0.0631416 5.49418e-05
3.62562 0.0632228 5.55822e-05
3.72437 0.0633184 5.49016e-05
3.82312 0.0633426 4.59485e-05
3.92187 0.0634291 5.03322e-05
4.02062 0.06354 4.89787e-05
4.11937 0.0636796 4.69039e-05
4.21812 0.0637809 4.93864e-05
4.31687 0.0638308 5.54472e-05
4.41562 0.0639547 4.78195e-05
4.51437 0.064034 5.00545e-05
4.61313 0.0641697 4.93301e-05
4.71187 0.0642814 5.43482e-05
4.81062 0.064303 5.21441e-05
4.90937 0.0644192 4.85157e-05
5.00812 0.0644873 4.71347e-05
5.10687 0.0646616 5.38374e-05
5.20562 0.0647006 5.24772e-05
5.30437 0.0647718 5.19683e-05
5.40312 0.064934 4.64343e-05
5.50188 0.065071 5.27914e-05
5.60062 0.0651695 5.29975e-05
5.69937 0.0653032 5.01376e-05
5.79812 0.0654301 5.36029e-05
5.89687 0.0655508 5.52485e-05
5.99562 0.0656516 5.25056e-05
6.09437 0.065793 5.51888e-05
6.19312 0.0659045 5.38679e-05
6.29187 0.0660218 5.49824e-05
6.39062 0.0661788 4.89785e-05
6.48937 0.0663186 4.7383e-05
6.58812 0.0664941 5.10398e-05
6.68687 0.0666292 5.88115e-05
6.78562 0.0667835 5.95422e-05
6.88437 0.0669413 5.70592e-05
6.98312 0.0670292 5.6448e-05
7.08187 0.0671488 5.50783e-05
7.18062 0.0673108 5.9336e-05
7.27937 0.0674788 5.87688e-05
7.37812 0.0676507 6.06539e-05
7.47687 0.0679588 6.09395e-05
7.57562 0.0680057 6.00467e-05
7.67437 0.0681973 6.00161e-05
7.77312 0.0683527 6.27122e-05
7.87187 0.0685467 5.86586e-05
7.97062 0.068772 5.71439e-05
8.06937 0.0690083 5.80978e-05
8.16812 0.0691981 5.53537e-05
8.26687 0.0694712 5.91155e-05
8.36562 0.0696824 6.42879e-05
8.46437 0.0698769 6.00234e-05
8.56312 0.0701784 5.98649e-05
8.66187 0.0704471 6.47155e-05
8.76062 0.0706582 6.18687e-05
8.85937 0.0709708 5.83377e-05
8.95812 0.0712089 5.73516e-05
9.05687 0.0715135 5.07557e-05
9.15562 0.0717266 6.01057e-05
9.25437 0.0721222 6.13999e-05
9.35312 0.0723806 5.5901e-05
9.45187 0.0727595 5.61168e-05
9.55062 0.073014 5.82976e-05
9.64937 0.0733387 6.09666e-05
9.74812 0.0737475 5.70696e-05
9.84687 0.0741516 5.71833e-05
9.94562 0.0745642 6.00134e-05
10.0444 0.0749159 6.03091e-05
10.1431 0.0752345 5.57332e-05
10.2419 0.0756843 5.90828e-05
10.3406 0.0760747 6.28538e-05
10.4394 0.0765129 5.90951e-05
10.5381 0.0768386 5.95065e-05
10.6369 0.0773626 5.56346e-05
10.7356 0.0779203 6.19846e-05
10.8344 0.078412 6.34342e-05
10.9331 0.078889 6.03184e-05
11.0319 0.0794759 6.45999e-05
11.1306 0.080051 6.3474e-05
11.2294 0.0806567 6.09339e-05
11.3281 0.0812416 6.27449e-05
11.4269 0.0819048 6.24766e-05
11.5256 0.0826136 6.40217e-05
11.6244 0.0834062 6.29624e-05
11.7231 0.0841568 7.16516e-05
11.8219 0.0849702 7.53957e-05
11.9206 0.0857333 7.74221e-05
12.0194 0.0865296 7.30496e-05
12.1181 0.087516 7.85773e-05
12.2169 0.0884241 7.24172e-05
12.3156 0.0894528 7.64434e-05
12.4144 0.0905712 7.09136e-05
12.5131 0.0917277 7.50685e-05
12.6119 0.0930254 7.15898e-05
12.7106 0.0943606 7.33553e-05
12.8094 0.0957741 7.25191e-05
12.9081 0.0973187 7.68078e-05
13.0069 0.0989364 7.98948e-05
13.1056 0.100709 7.56701e-05
13.2044 0.102636 8.10051e-05
13.3031 0.104778 8.7086e-05
13.4019 0.107115 9.02834e-05
13.5006 0.109694 8.62333e-05
13.5994 0.112517 9.66469e-05
13.6981 0.115674 9.37108e-05
13.7969 0.119238 9.02743e-05
13.8956 0.123317 9.02856e-05
13.9944 0.127986 9.60245e-05
14.0931 0.133339 0.000104075
14.1919 0.139622 0.000104965
14.2906 0.147221 0.000105182
14.3894 0.156505 0.000123718
14.4881 0.16795 0.000124966
14.5869 0.181845 0.000140473
14.6856 0.197093 0.000144902
14.7844 0.210291 0.000163576
14.8831 0.215847 0.000176351
14.9819 0.207619 0.000174811
15.0806 0.18136 0.000160419
15.1794 0.141113 0.000143346
15.2781 0.0956447 0.000127463
15.3769 0.0559801 9.99332e-05
15.4756 0.027941 6.68509e-05
15.5744 0.011959 4.87561e-05
15.6731 0.00441109 2.94741e-05
15.7719 0.00152739 1.78948e-05
15.8706 0.00056562 1.09779e-05
15.9694 0.000329495 7.8731e-06
16.0681 0.000279383 7.79021e-06
16.1669 0.000267378 7.72801e-06
16.2656 0.000261071 6.89614e-06
16.3644 0.00024939 7.26932e-06
16.4631 0.000251031 7.32995e-06
16.5619 0.000233352 7.28017e-06
16.6606 0.000242939 6.57654e-06
16.7594 0.000237757 6.71943e-06
16.8581 0.0002369 6.00995e-06
16.9569 0.000234547 6.81095e-06
17.0556 0.000224102 7.70636e-06
17.1544 0.000231487 7.92035e-06
17.2531 0.000230263 6.89645e-06
17.3519 0.000223055 6.57959e-06
17.4506 0.000220947 6.5112e-06
