-2.20063 0.0563482 4.13912e-05
-2.10188 0.0568012 4.43617e-05
-2.00313 0.0570311 4.47391e-05
-1.90438 0.0576 5.06983e-05
-1.80563 0.0577226 4.77436e-05
-1.70688 0.0578646 5.05893e-05
-1.60813 0.0582521 5.18933e-05
-1.50938 0.0583758 4.58735e-05
-1.41063 0.0584355 4.51451e-05
-1.31188 0.0588091 4.81808e-05
-1.21313 0.0589351 5.10255e-05
-1.11438 0.0589522 4.84148e-05
-1.01563 0.0592855 4.87733e-05
-0.916875 0.0593765 4.37209e-05
-0.818125 0.0594578 5.14036e-05
-0.719375 0.0597424 4.28885e-05
-0.620625 0.059711 4.47211e-05
-0.521875 0.05983 4.64265e-05
-0.423125 0.0600832 4.36116e-05
-0.324375 0.0601273 4.29242e-05
-0.225625 0.0604994 4.33354e-05
-0.126875 0.0605927 4.17744e-05
-0.028125 0.0606325 4.47889e-05
0.070625 0.060956 4.54379e-05
0.169375 0.0609158 5.11485e-05
0.268125 0.0612664 4.70302e-05
0.366875 0.0613448 5.03645e-05
0.465625 0.0613166 5.12125e-05
0.564375 0.0617072 4.93146e-05
0.663125 0.0616473 5.48096e-05
0.761875 0.0617547 5.4351e-05
0.860625 0.0620188 5.11462e-05
0.959375 0.0619762 5.42428e-05
1.05812 0.0622689 6.0196e-05
1.15687 0.0622396 4.77085e-05
1.25562 0.0623654 5.50491e-05
1.35437 0.062599 5.48924e-05
1.45312 0.062566 5.32718e-05
1.55187 0.0628306 5.36528e-05
1.65062 0.0628394 5.12663e-05
1.74937 0.0629482 5.14201e-05
1.84812 0.0630512 5.42604e-05
1.94687 0.0630113 5.13721e-05
2.04562 0.0632695 4.90154e-05
2.14437 0.0632497 4.54835e-05
2.24312 0.0634764 4.84306e-05
2.34187 0.0634943 5.09386e-05
2.44062 0.0636513 4.65242e-05
2.53937 0.0637392 4.62418e-05
2.63812 0.0638458 4.45828e-05
2.73687 0.064055 5.1982e-05
2.83562 0.0640703 5.43529e-05
2.93437 0.0642244 4.88845e-05
3.03312 0.0642383 5.20583e-05
3.13187 0.0644415 5.36101e-05
3.23062 0.0643967 5.702e-05
3.32937 0.0645911 5.34845e-05
3.42812 0.0646841 5.2422e-05
3.52687 0.0647928 5.20192e-05
3.62562 0.0648799 5.13445e-05
3.72437 0.065 5.27605e-05
3.82312 0.0650981 5.42823e-05
3.92187 0.0651454 5.86633e-05
4.02062 0.0653061 5.30799e-05
4.11937 0.0654279 5.14166e-05
4.21812 0.0654407 5.35692e-05
4.31687 0.0655951 5.33915e-05
4.41562 0.0656449 5.60534e-05
4.51437 0.0657275 5.3963e-05
4.61313 0.0657953 5.05865e-05
4.71187 0.0659436 4.7875e-05
4.81062 0.0660361 5.3551e-05
4.90937 0.0661059 5.57806e-05
5.00812 0.0662229 5.23787e-05
5.10687 0.0664209 5.0284e-05
5.20562 0.0664871 5.54943e-05
5.30437 0.0665853 5.09531e-05
5.40312 0.0666892 4.72373e-05
5.50188 0.0667575 4.93194e-05
5.60062 0.0669191 4.90041e-05
5.69937 0.0669429 4.8344e-05
5.79812 0.0670963 4.45119e-05
5.89687 0.0671757 5.00016e-05
5.99562 0.0672719 5.15453e-05
6.09437 0.0673747 5.00271e-05
6.19312 0.0675805 5.19564e-05
6.29187 0.0676144 4.6809e-05
6.39062 0.0677209 4.48852e-05
6.48937 0.0678681 4.7572e-05
6.58812 0.0679463 5.52589e-05
6.68687 0.0680715 5.36887e-05
6.78562 0.0681827 4.82775e-05
6.88437 0.0683639 4.7701e-05
6.98312 0.0684958 4.98733e-05
7.08187 0.0685525 4.95602e-05
7.18062 0.0686162 4.69375e-05
7.27937 0.068792 4.84886e-05
7.37812 0.068951 4.72719e-05
7.47687 0.0691088 4.88614e-05
7.57562 0.0692754 5.09952e-05
7.67437 0.0694011 4.78258e-05
7.77312 0.0695676 5.1492e-05
7.87187 0.0697274 5.43031e-05
7.97062 0.0700236 5.03421e-05
8.06937 0.0702089 5.12975e-05
8.16812 0.070475 5.26419e-05
8.26687 0.0706861 5.85843e-05
8.36562 0.0709196 5.41998e-05
8.46437 0.0712287 5.34342e-05
8.56312 0.0714457 5.64994e-05
8.66187 0.0716789 5.86564e-05
8.76062 0.071926 5.43046e-05
8.85937 0.0721547 5.31218e-05
8.95812 0.0724332 5.60219e-05
9.05687 0.072738 5.58188e-05
9.15562 0.0731159 5.88882e-05
9.25437 0.073412 5.56503e-05
9.35312 0.0737156 5.82118e-05
9.45187 0.0739806 6.01237e-05
9.55062 0.0744265 5.44955e-05
9.64937 0.0747054 5.86487e-05
9.74812 0.0750636 6.43377e-05
9.84687 0.0754548 5.85873e-05
9.94562 0.075839 5.29102e-05
10.0444 0.0762548 5.62159e-05
10.1431 0.076632 6.04347e-05
10.2419 0.077065 5.86979e-05
10.3406 0.0775176 5.31238e-05
10.4394 0.0779613 5.99742e-05
10.5381 0.0784406 5.62349e-05
10.6369 0.0788977 5.51565e-05
10.7356 0.0793861 5.13623e-05
10.8344 0.0799433 5.66064e-05
10.9331 0.0804422 5.44261e-05
11.0319 0.0809774 5.93969e-05
11.1306 0.0815825 5.39567e-05
11.2294 0.0821745 5.23298e-05
11.3281 0.0827835 6.06025e-05
11.4269 0.083472 5.59395e-05
11.5256 0.084194 5.67907e-05
11.6244 0.0848947 6.36779e-05
11.7231 0.0856889 5.91535e-05
11.8219 0.0865055 5.79721e-05
11.9206 0.0873895 5.62098e-05
12.0194 0.0882717 5.05441e-05
12.1181 0.0892135 6.40539e-05
12.2169 0.0902073 6.32178e-05
12.3156 0.0913307 5.66508e-05
12.4144 0.0923487 6.14907e-05
12.5131 0.0935156 6.2857e-05
12.6119 0.09482 6.59013e-05
12.7106 0.0961801 6.14117e-05
12.8094 0.0976502 6.79114e-05
12.9081 0.0992107 6.84595e-05
13.0069 0.100917 6.87157e-05
13.1056 0.102815 7.27819e-05
13.2044 0.104804 7.75827e-05
13.3031 0.106976 7.44735e-05
13.4019 0.109319 7.76703e-05
13.5006 0.111928 7.88287e-05
13.5994 0.114879 8.12817e-05
13.6981 0.11816 8.08786e-05
13.7969 0.121848 8.0655e-05
13.8956 0.125993 7.86814e-05
13.9944 0.130695 8.07211e-05
14.0931 0.13618 8.69975e-05
14.1919 0.14265 9.34639e-05
14.2906 0.150383 9.77128e-05
14.3894 0.159803 0.000104238
14.4881 0.171562 0.000122306
14.5869 0.185689 0.000126278
14.6856 0.200965 0.000142823
14.7844 0.214189 0.000150712
14.8831 0.218861 0.000154678
14.9819 0.208797 0.000182063
15.0806 0.181279 0.000168224
15.1794 0.139429 0.000140304
15.2781 0.093581 0.000121108
15.3769 0.0541629 9.66079e-05
15.4756 0.0268315 7.5775e-05
15.5744 0.0112588 4.94307e-05
15.6731 0.00408242 2.72833e-05
15.7719 0.0013657 1.59432e-05
15.8706 0.000488657 8.85021e-06
15.9694 0.00026979 6.75734e-06
16.0681 0.000212019 5.79873e-06
16.1669 0.000190182 5.90829e-06
16.2656 0.000195889 6.97029e-06
16.3644 0.000188064 6.79119e-06
16.4631 0.000187598 6.27449e-06
16.5619 0.000180238 6.39326e-06
16.6606 0.00017962 6.1168e-06
16.7594 0.000178406 5.8139e-06
16.8581 0.000175153 6.00125e-06
16.9569 0.00018669 6.01661e-06
17.0556 0.000185297 6.27223e-06
17.1544 0.000182184 6.24109e-06
17.2531 0.000187338 5.99069e-06
17.3519 0.000185793 5.83225e-06
17.4506 0.000168217 5.72959e-06
