-2.20063 5.2773 0.00181589
-2.10188 5.27402 0.00165558
-2.00313 5.27669 0.00171328
-1.90438 5.30834 0.00169354
-1.80563 5.31093 0.00180894
-1.70688 5.30867 0.00194188
-1.60813 5.34523 0.00186607
-1.50938 5.34569 0.00166097
-1.41063 5.34778 0.00160829
-1.31188 5.37699 0.00177919
-1.21313 5.3799 0.00170595
-1.11438 5.38076 0.00166145
-1.01563 5.41338 0.00176636
-0.916875 5.41446 0.00209737
-0.818125 5.42052 0.001672
-0.719375 5.44891 0.00182177
-0.620625 5.44735 0.0017688
-0.521875 5.46022 0.00161249
-0.423125 5.48265 0.00160129
-0.324375 5.48485 0.00165692
-0.225625 5.5197 0.00178816
-0.126875 5.53192 0.00209046
-0.028125 5.54566 0.0017611
0.070625 5.57207 0.00193023
0.169375 5.57374 0.00173539
0.268125 5.6086 0.00182492
0.366875 5.62177 0.00190968
0.465625 5.62174 0.00173052
0.564375 5.66336 0.00181017
0.663125 5.66464 0.00196449
0.761875 5.68602 0.0017915
0.860625 5.70779 0.00182613
0.959375 5.70814 0.00167319
1.05812 5.74974 0.00184697
1.15687 5.75515 0.00210859
1.25562 5.769 0.00201196
1.35437 5.80143 0.00204058
1.45312 5.80242 0.0020042
1.55187 5.83662 0.00191143
1.65062 5.84183 0.00213461
1.74937 5.86722 0.0020126
1.84812 5.88174 0.00197859
1.94687 5.89938 0.00181201
2.04562 5.93213 0.0020376
2.14437 5.93702 0.00189964
2.24312 5.97028 0.00207598
2.34187 5.98191 0.00207461
2.44062 6.00644 0.00197797
2.53937 6.026 0.00212558
2.63812 6.039 0.00184735
2.73687 6.06888 0.0017109
2.83562 6.0792 0.00192521
2.93437 6.1207 0.00210358
3.03312 6.1231 0.0021098
3.13187 6.15579 0.00184864
3.23062 6.16835 0.00216242
3.32937 6.19707 0.00202198
3.42812 6.21302 0.00188305
3.52687 6.23983 0.00211258
3.62562 6.26006 0.00194908
3.72437 6.28945 0.0022273
3.82312 6.3089 0.002039
3.92187 6.32932 0.00211532
4.02062 6.35586 0.00202949
4.11937 6.3797 0.00204651
4.21812 6.40296 0.00197825
4.31687 6.42643 0.00208661
4.41562 6.44867 0.00225626
4.51437 6.47789 0.00205397
4.61313 6.49826 0.0019442
4.71187 6.52966 0.00221196
4.81062 6.55031 0.00201248
4.90937 6.57592 0.00182966
5.00812 6.59907 0.00248161
5.10687 6.63191 0.00204675
5.20562 6.65479 0.0021193
5.30437 6.68331 0.00236866
5.40312 6.70943 0.0022426
5.50188 6.73592 0.00206611
5.60062 6.7668 0.00208679
5.69937 6.78855 0.0019325
5.79812 6.82132 0.00221597
5.89687 6.8505 0.00238061
5.99562 6.87942 0.00231276
6.09437 6.9082 0.00228664
6.19312 6.93453 0.00240121
6.29187 6.96409 0.00232458
6.39062 6.99883 0.00240575
6.48937 7.0294 0.00261723
6.58812 7.06077 0.00236076
6.68687 7.08906 0.00235447
6.78562 7.12249 0.00237264
6.88437 7.15003 0.00239875
6.98312 7.18055 0.00218257
7.08187 7.21525 0.00224428
7.18062 7.25062 0.00219362
7.27937 7.28037 0.00241656
7.37812 7.31612 0.00229536
7.47687 7.35461 0.002473
7.57562 7.39021 0.00217976
7.67437 7.42818 0.00208893
7.77312 7.47708 0.00237332
7.87187 7.51669 0.00229081
7.97062 7.56093 0.0024736
8.06937 7.61007 0.00240147
8.16812 7.65196 0.00200178
8.26687 7.69846 0.00242587
8.36562 7.74752 0.00231587
8.46437 7.793 0.00227579
8.56312 7.8441 0.00244168
8.66187 7.8959 0.00199728
8.76062 7.94108 0.00233438
8.85937 7.99097 0.00205711
8.95812 8.04777 0.00243931
9.05687 8.10485 0.0026173
9.15562 8.16493 0.00225046
9.25437 8.21992 0.00224927
9.35312 8.2864 0.00227472
9.45187 8.34594 0.00239179
9.55062 8.41115 0.00207038
9.64937 8.47528 0.00240092
9.74812 8.53886 0.00246582
9.84687 8.60792 0.00247621
9.94562 8.68197 0.00241556
10.0444 8.75199 0.00238286
10.1431 8.82635 0.00235066
10.2419 8.90285 0.00212624
10.3406 8.98313 0.00254234
10.4394 9.06391 0.00237315
10.5381 9.14791 0.00234757
10.6369 9.23721 0.00250731
10.7356 9.33509 0.00238756
10.8344 9.41775 0.00248942
10.9331 9.51932 0.0028087
11.0319 9.61318 0.00229871
11.1306 9.72044 0.00241703
11.2294 9.82595 0.00235561
11.3281 9.94075 0.00241343
11.4269 10.0623 0.00270421
11.5256 10.1794 0.00243421
11.6244 10.3082 0.00237948
11.7231 10.4416 0.00266082
11.8219 10.576 0.00241642
11.9206 10.7235 0.00247464
12.0194 10.8746 0.00243472
12.1181 11.0328 0.00233291
12.2169 11.1978 0.00268118
12.3156 11.3775 0.00266475
12.4144 11.5639 0.00256455
12.5131 11.7613 0.00269592
12.6119 11.9803 0.00292673
12.7106 12.2006 0.00319529
12.8094 12.4424 0.00295766
12.9081 12.6995 0.00286167
13.0069 12.987 0.00370143
13.1056 13.2934 0.00425025
13.2044 13.634 0.00420943
13.3031 14.0144 0.00474751
13.4019 14.4365 0.00593862
13.5006 14.9081 0.00661512
13.5994 15.4444 0.0077048
13.6981 16.0508 0.00809223
13.7969 16.781 0.0120992
13.8956 17.5985 0.0106671
13.9944 18.5717 0.0123478
14.0931 19.7984 0.0162537
14.1919 21.2901 0.0169854
14.2906 23.2591 0.0194679
14.3894 25.9353 0.0222375
14.4881 29.8471 0.0265214
14.5869 35.5907 0.0312417
14.6856 43.5414 0.0397654
14.7844 53.6221 0.0464757
14.8831 64.9771 0.0445575
14.9819 77.284 0.0500228
15.0806 89.2801 0.0610113
15.1794 100.913 0.0644669
15.2781 111.728 0.0782285
15.3769 121.611 0.108813
15.4756 130.821 0.158509
15.5744 139.409 0.2222
15.6731 147.278 0.407602
15.7719 155.162 0.706062
15.8706 163.258 1.60919
15.9694 172.737 6.78962
16.0681 115.9 13.2705
16.1669 16.5286 5.66235
16.2656 2.60528 2.60528
16.3644 0 0
16.4631 0 0
16.5619 0 0
16.6606 0 0
16.7594 0 0
16.8581 0 0
16.9569 0 0
17.0556 0 0
17.1544 0 0
17.2531 0 0
17.3519 0 0
17.4506 0 0
