1.09967 3.25596e-10
3.099 6.6598e-10
5.09833 1.11188e-09
7.09767 8.92023e-10
9.097 1.22417e-09
11.0963 1.13581e-09
13.0957 9.19434e-10
15.095 3.3659e-10
17.0943 1.05671e-09
19.0937 3.94395e-10
21.093 3.44544e-10
23.0923 9.93758e-10
25.0917 5.85043e-10
27.091 6.58324e-10
29.0903 1.02892e-09
31.0897 5.25925e-10
33.089 4.5265e-10
35.0883 6.50431e-10
37.0877 3.44918e-10
39.087 6.42089e-10
41.0863 4.30985e-10
43.0857 1.19119e-09
45.085 1.16378e-09
47.0843 2.50214e-10
49.0837 4.01059e-10
51.083 4.75925e-10
53.0823 4.90642e-10
55.0817 7.77503e-10
57.081 5.98401e-10
59.0803 5.10155e-10
61.0797 8.37613e-10
63.079 5.15076e-10
65.0783 4.9481e-10
67.0777 8.30906e-10
69.077 4.74012e-10
71.0763 7.10166e-10
73.0757 4.13395e-10
75.075 8.49648e-10
77.0743 6.68515e-10
79.0737 8.65295e-10
81.073 4.7499e-10
83.0723 5.46055e-10
85.0717 5.71321e-10
87.071 6.67129e-10
89.0703 8.46332e-10
91.0697 4.77329e-10
93.069 6.37347e-10
95.0683 8.38831e-10
97.0677 6.88893e-10
99.067 5.8812e-10
101.066 8.21202e-10
103.066 6.94884e-10
105.065 7.07944e-10
107.064 6.45656e-10
109.064 6.24062e-10
111.063 8.99968e-10
113.062 5.64977e-10
115.062 4.90185e-10
117.061 8.58365e-10
119.06 5.55474e-10
121.06 7.20108e-10
123.059 5.63556e-10
125.058 6.31862e-10
127.058 5.95283e-10
129.057 5.84363e-10
131.056 6.82081e-10
133.056 7.07829e-10
135.055 6.90736e-10
137.054 8.93681e-10
139.054 9.03518e-10
141.053 7.30147e-10
143.052 9.15001e-10
145.052 1.13128e-09
147.051 7.16747e-10
149.05 9.95127e-10
151.05 9.49535e-10
153.049 9.44153e-10
155.048 8.03397e-10
157.048 5.94653e-10
159.047 5.96604e-10
161.046 4.83992e-10
163.046 3.59964e-10
165.045 4.32375e-10
167.044 1.91587e-10
169.044 1.27659e-10
171.043 1.30038e-10
173.042 0
175.042 0
177.041 0
179.04 0
181.04 0
183.039 0
185.038 0
187.038 0
189.037 0
191.036 0
193.036 0
195.035 0
197.034 0
199.034 0
201.033 0
203.032 0
205.032 0
207.031 0
209.03 0
211.03 0
213.029 0
215.028 0
217.028 0
219.027 0
221.026 0
223.026 0
225.025 0
227.024 0
229.024 0
231.023 0
233.022 0
235.022 0
237.021 0
239.02 0
241.02 0
243.019 0
245.018 0
247.018 0
249.017 0
251.016 0
253.016 0
255.015 0
257.014 0
259.014 0
261.013 0
263.012 0
265.012 0
267.011 0
269.01 0
271.01 0
273.009 0
275.008 0
277.008 0
279.007 0
281.006 0
283.006 0
285.005 0
287.004 0
289.004 0
291.003 0
293.002 0
295.002 0
297.001 0
299 0
