1.09967 8.59801e-11
3.099 1.68036e-10
5.09833 0
7.09767 7.8671e-11
9.097 7.82754e-11
11.0963 0
13.0957 7.34221e-11
15.095 0
17.0943 1.40566e-10
19.0937 1.39041e-10
21.093 6.76056e-11
23.0923 1.32779e-10
25.0917 0
27.091 1.27475e-10
29.0903 6.19545e-11
31.0897 6.10214e-11
33.089 1.82033e-10
35.0883 1.18798e-10
37.0877 5.8729e-11
39.087 1.15798e-10
41.0863 5.70165e-11
43.0857 2.26309e-10
45.085 1.12144e-10
47.0843 1.66465e-10
49.0837 5.50333e-11
51.083 2.73842e-10
53.0823 1.0888e-10
55.0817 1.08631e-10
57.081 2.1652e-10
59.0803 1.62221e-10
61.0797 1.0861e-10
63.079 2.18513e-10
65.0783 2.20275e-10
67.0777 2.76777e-10
69.077 1.67198e-10
71.0763 2.25286e-10
73.0757 2.85496e-10
75.075 2.89763e-10
77.0743 2.34603e-10
79.0737 3.58912e-10
81.073 3.05371e-10
83.0723 4.35454e-10
85.0717 3.83399e-10
87.071 3.26254e-10
89.0703 4.65632e-10
91.0697 5.47883e-10
93.069 5.6424e-10
95.0683 5.80291e-10
97.0677 6.73153e-10
99.067 6.94803e-10
101.066 7.16194e-10
103.066 8.20471e-10
105.065 1.01976e-09
107.064 7.90428e-10
109.064 1.27113e-09
111.063 1.03547e-09
113.062 1.26473e-09
115.062 1.40888e-09
117.061 1.56608e-09
119.06 1.403e-09
121.06 1.78469e-09
123.059 1.85323e-09
125.058 1.92231e-09
127.058 2.1161e-09
129.057 2.05847e-09
131.056 2.66195e-09
133.056 2.76098e-09
135.055 3.00713e-09
137.054 3.42313e-09
139.054 3.72237e-09
141.053 3.71603e-09
143.052 3.06351e-09
145.052 3.82753e-09
147.051 3.79859e-09
149.05 4.5146e-09
151.05 4.50292e-09
153.049 5.29345e-09
155.048 5.50167e-09
157.048 5.93408e-09
159.047 5.48946e-09
161.046 6.44168e-09
163.046 6.69254e-09
165.045 6.20781e-09
167.044 6.51919e-09
169.044 7.49972e-09
171.043 7.84561e-09
173.042 8.60246e-09
175.042 9.45478e-09
177.041 1.03868e-08
179.04 9.75688e-09
181.04 1.01969e-08
183.039 1.05686e-08
185.038 1.08818e-08
187.038 1.27768e-08
189.037 1.31286e-08
191.036 1.53515e-08
193.036 1.80422e-08
195.035 1.75316e-08
197.034 1.78628e-08
199.034 1.55329e-08
201.033 1.71153e-08
203.032 1.35899e-08
205.032 1.13266e-08
207.031 1.03962e-08
209.03 1.37276e-08
211.03 0
213.029 0
215.028 0
217.028 0
219.027 0
221.026 0
223.026 0
225.025 0
227.024 0
229.024 0
231.023 0
233.022 0
235.022 0
237.021 0
239.02 0
241.02 0
243.019 0
245.018 0
247.018 0
249.017 0
251.016 0
253.016 0
255.015 0
257.014 0
259.014 0
261.013 0
263.012 0
265.012 0
267.011 0
269.01 0
271.01 0
273.009 0
275.008 0
277.008 0
279.007 0
281.006 0
283.006 0
285.005 0
287.004 0
289.004 0
291.003 0
293.002 0
295.002 0
297.001 0
299 0
