1 5.72282e-14 6.7208e-15
3 2.00395e-13 1.76508e-14
5 3.18904e-13 2.84968e-14
7 0.00961729 1.47113e-06
9 5.82494e-05 1.4257e-07
11 3.74721e-05 1.44809e-07
13 2.68094e-05 1.31158e-07
15 1.97225e-05 9.14396e-08
17 1.51371e-05 7.96918e-08
19 1.16123e-05 6.29595e-08
21 1.00107e-05 5.44434e-08
23 7.63888e-06 4.00559e-08
25 6.46619e-06 3.06993e-08
27 5.26756e-06 2.47188e-08
29 4.66649e-06 2.10801e-08
31 3.74426e-06 1.84294e-08
33 3.25846e-06 1.53369e-08
35 2.95365e-06 1.3091e-08
37 2.71394e-06 1.21002e-08
39 2.08365e-06 9.73938e-09
41 1.84952e-06 8.36319e-09
43 1.69147e-06 7.7459e-09
45 1.56754e-06 6.93582e-09
47 1.45793e-06 6.43577e-09
49 1.36923e-06 6.16001e-09
51 1.28952e-06 5.82539e-09
53 1.11056e-06 4.8276e-09
55 9.44104e-07 4.19371e-09
57 8.76875e-07 3.79875e-09
59 7.78961e-07 3.38437e-09
61 7.17147e-07 3.12241e-09
63 6.56296e-07 2.80495e-09
65 5.92767e-07 2.56276e-09
67 5.47997e-07 2.30005e-09
69 5.10219e-07 2.16438e-09
71 4.61705e-07 1.9747e-09
73 4.24102e-07 1.88968e-09
75 3.96612e-07 1.7903e-09
77 3.71639e-07 1.62654e-09
79 3.47742e-07 1.53891e-09
81 3.10872e-07 1.35053e-09
83 2.92636e-07 1.2778e-09
85 2.75697e-07 1.20534e-09
87 2.6026e-07 1.12424e-09
89 2.47079e-07 1.10387e-09
91 2.33933e-07 1.06027e-09
93 2.06866e-07 9.41239e-10
95 1.95671e-07 8.77472e-10
97 1.8488e-07 8.27e-10
99 1.76112e-07 7.96207e-10
101 1.67747e-07 7.4023e-10
103 1.60349e-07 7.43866e-10
105 1.5367e-07 7.01107e-10
107 1.47472e-07 6.52653e-10
109 1.3711e-07 6.14745e-10
111 1.19999e-07 5.24903e-10
113 1.15846e-07 5.296e-10
115 1.10746e-07 5.00548e-10
117 1.05868e-07 4.71562e-10
119 1.01797e-07 4.5688e-10
121 9.77919e-08 4.39553e-10
123 9.40841e-08 4.20144e-10
125 9.07861e-08 3.98813e-10
127 8.76735e-08 3.87359e-10
129 8.46318e-08 3.77569e-10
131 8.18226e-08 3.7098e-10
133 7.93788e-08 3.4882e-10
135 7.68728e-08 3.55303e-10
137 6.7811e-08 3.15265e-10
139 6.26474e-08 2.99e-10
141 6.16496e-08 2.81852e-10
143 5.95911e-08 2.82221e-10
145 5.76097e-08 2.6145e-10
147 5.57226e-08 2.65148e-10
149 5.40964e-08 2.42083e-10
151 5.22927e-08 2.5055e-10
153 5.09081e-08 2.4471e-10
155 4.93351e-08 2.27874e-10
157 4.46964e-08 2.12156e-10
159 4.21113e-08 2.01816e-10
161 4.05966e-08 1.98375e-10
163 3.95565e-08 1.96609e-10
165 3.83157e-08 1.78175e-10
167 3.71272e-08 1.8816e-10
169 3.60513e-08 1.73473e-10
171 3.48901e-08 1.73839e-10
173 3.39574e-08 1.67824e-10
175 3.30381e-08 1.56114e-10
177 3.21259e-08 1.59257e-10
179 3.13338e-08 1.58714e-10
181 3.04126e-08 1.36079e-10
183 2.95264e-08 1.44887e-10
185 2.68015e-08 1.33125e-10
187 2.54103e-08 1.22341e-10
189 2.4251e-08 1.16521e-10
191 2.34995e-08 1.1646e-10
193 2.31891e-08 1.1066e-10
195 2.26251e-08 1.10291e-10
197 2.2025e-08 1.08692e-10
199 2.14292e-08 1.08536e-10
201 2.0972e-08 1.05421e-10
203 2.05328e-08 1.07283e-10
205 1.99797e-08 1.06638e-10
207 1.95493e-08 1.0722e-10
209 1.91362e-08 1.03103e-10
211 1.86862e-08 9.85955e-11
213 1.82594e-08 9.68575e-11
215 1.78817e-08 8.99332e-11
217 1.75719e-08 9.26459e-11
219 1.71957e-08 9.0186e-11
221 1.68592e-08 8.9165e-11
223 1.65016e-08 9.14076e-11
225 1.61889e-08 8.63833e-11
227 1.47821e-08 7.86792e-11
229 1.37237e-08 7.75692e-11
231 1.31032e-08 7.72197e-11
233 1.2678e-08 7.31406e-11
235 1.21611e-08 7.16672e-11
237 1.17745e-08 6.84824e-11
239 1.17224e-08 6.62578e-11
241 1.17221e-08 7.0637e-11
243 1.14321e-08 6.58556e-11
245 1.12524e-08 7.15848e-11
247 1.10751e-08 6.50837e-11
249 1.08105e-08 6.79953e-11
251 1.06599e-08 6.47627e-11
253 1.04588e-08 6.52332e-11
255 1.03024e-08 7.01393e-11
257 1.01474e-08 5.90592e-11
259 9.93869e-09 6.78066e-11
261 9.81252e-09 6.29745e-11
263 9.66121e-09 6.66044e-11
265 9.50634e-09 5.68684e-11
267 9.39502e-09 6.52923e-11
269 9.26968e-09 5.74745e-11
271 9.15085e-09 6.58914e-11
273 9.00954e-09 5.67571e-11
275 8.84382e-09 6.37857e-11
277 8.77133e-09 5.3427e-11
279 8.61575e-09 6.19457e-11
281 8.53298e-09 5.331e-11
283 8.39686e-09 6.49148e-11
285 8.31666e-09 5.56891e-11
287 8.19431e-09 6.50901e-11
289 8.14475e-09 5.5899e-11
291 7.98865e-09 6.29462e-11
293 7.91966e-09 5.61873e-11
295 7.8486e-09 5.61194e-11
297 7.78674e-09 5.58099e-11
299 7.70142e-09 5.46903e-11
301 7.28675e-09 5.53267e-11
303 6.7445e-09 5.44147e-11
305 6.5175e-09 5.47592e-11
307 6.31532e-09 5.00397e-11
309 6.09552e-09 5.36973e-11
311 5.89639e-09 5.37917e-11
313 6.14465e-09 4.69594e-11
315 6.03535e-09 5.23498e-11
317 5.99818e-09 5.40526e-11
319 5.86973e-09 4.81639e-11
321 5.74607e-09 5.32851e-11
323 5.69808e-09 4.80621e-11
325 5.57194e-09 4.53897e-11
327 5.43371e-09 4.67401e-11
329 5.36688e-09 4.83127e-11
331 5.27172e-09 4.47396e-11
333 5.23315e-09 4.38853e-11
335 5.1288e-09 5.09133e-11
337 5.06115e-09 4.65984e-11
339 5.0641e-09 3.90596e-11
341 4.95762e-09 4.39821e-11
343 4.97618e-09 4.57434e-11
345 4.88066e-09 3.99668e-11
347 4.82465e-09 3.98339e-11
349 4.76991e-09 4.59802e-11
351 4.65583e-09 4.01636e-11
353 4.60883e-09 3.76125e-11
355 4.48984e-09 4.26399e-11
357 4.51323e-09 4.25122e-11
359 4.40223e-09 3.43579e-11
361 4.35901e-09 4.06097e-11
363 4.32344e-09 4.45804e-11
365 4.25182e-09 3.87185e-11
367 4.17213e-09 3.62782e-11
369 4.09138e-09 4.11542e-11
371 4.04873e-09 3.77889e-11
373 4.05233e-09 4.19853e-11
375 3.9699e-09 3.85549e-11
377 3.97225e-09 3.72721e-11
379 3.91576e-09 3.82011e-11
381 3.85612e-09 4.16815e-11
383 3.86166e-09 3.40766e-11
385 3.72175e-09 3.28359e-11
387 3.66507e-09 3.70589e-11
389 3.70953e-09 3.80421e-11
391 3.58581e-09 3.59019e-11
393 3.58186e-09 3.27734e-11
395 3.58418e-09 3.52787e-11
397 3.51063e-09 3.81616e-11
399 3.49339e-09 3.65625e-11
401 3.44474e-09 3.461e-11
403 3.48915e-09 3.84557e-11
405 3.43049e-09 3.52237e-11
407 3.37846e-09 3.74491e-11
409 3.36306e-09 3.67203e-11
411 3.37264e-09 3.42112e-11
413 3.31898e-09 3.21568e-11
415 3.31742e-09 3.40635e-11
417 3.32944e-09 3.38084e-11
419 3.21867e-09 3.36693e-11
421 3.25125e-09 3.4268e-11
423 3.22426e-09 3.18343e-11
425 3.14451e-09 3.31692e-11
427 3.1791e-09 3.10786e-11
429 3.09464e-09 3.63739e-11
431 3.10676e-09 3.67578e-11
433 3.08232e-09 3.05609e-11
435 2.92473e-09 2.9892e-11
437 2.95422e-09 3.15815e-11
439 2.84698e-09 3.29448e-11
441 2.87585e-09 3.10151e-11
443 2.80418e-09 3.06167e-11
445 2.79228e-09 3.05519e-11
447 2.80719e-09 3.00442e-11
449 2.73879e-09 3.0774e-11
451 2.7993e-09 3.04744e-11
453 2.73078e-09 3.26415e-11
455 2.7686e-09 2.96542e-11
457 2.66917e-09 3.27736e-11
459 2.68926e-09 2.72608e-11
461 2.67075e-09 3.31481e-11
463 2.63461e-09 2.73907e-11
465 2.67951e-09 2.85631e-11
467 2.62767e-09 2.78995e-11
469 2.60981e-09 2.92825e-11
471 2.57981e-09 2.35303e-11
473 2.57104e-09 3.18892e-11
475 2.53589e-09 2.98925e-11
477 2.48828e-09 2.62753e-11
479 2.45246e-09 2.71984e-11
481 2.45211e-09 2.54909e-11
483 2.41604e-09 2.88195e-11
485 2.37063e-09 2.53278e-11
487 2.36098e-09 2.77421e-11
489 2.38708e-09 2.66458e-11
491 2.33567e-09 2.79632e-11
493 2.3465e-09 2.72198e-11
495 2.31156e-09 2.40536e-11
497 2.33512e-09 2.8249e-11
499 2.3155e-09 2.46425e-11
501 2.28784e-09 3.05243e-11
503 2.274e-09 2.63191e-11
505 2.24551e-09 2.75779e-11
507 2.2386e-09 2.54606e-11
509 2.24402e-09 2.52425e-11
511 2.24317e-09 2.6111e-11
513 2.23195e-09 2.53319e-11
515 2.24046e-09 2.47295e-11
517 2.24458e-09 2.6895e-11
519 2.2318e-09 2.56503e-11
521 2.19817e-09 2.58447e-11
523 2.21849e-09 2.55785e-11
525 2.18494e-09 2.27239e-11
527 2.17279e-09 2.42888e-11
529 2.1894e-09 2.28897e-11
531 2.15828e-09 2.61019e-11
533 2.17709e-09 2.10642e-11
535 2.17608e-09 2.54792e-11
537 2.16823e-09 2.43862e-11
539 2.17694e-09 2.33037e-11
541 2.07039e-09 2.20676e-11
543 2.0341e-09 2.39784e-11
545 1.99942e-09 2.04776e-11
547 1.94775e-09 2.10874e-11
549 1.95422e-09 2.22844e-11
551 1.94376e-09 2.53732e-11
553 1.82231e-09 1.98396e-11
555 1.85854e-09 2.17617e-11
557 1.86865e-09 2.19449e-11
559 1.86483e-09 2.14277e-11
561 1.84042e-09 2.01493e-11
563 1.86111e-09 1.97459e-11
565 1.81896e-09 1.97053e-11
567 1.83211e-09 1.82618e-11
569 1.79531e-09 1.98154e-11
571 1.82278e-09 2.04512e-11
573 1.79287e-09 2.19595e-11
575 1.80099e-09 1.94628e-11
577 1.78348e-09 1.90369e-11
579 1.76114e-09 1.88716e-11
581 1.78739e-09 1.92115e-11
583 1.75616e-09 2.11496e-11
585 1.7727e-09 1.95797e-11
587 1.75363e-09 2.13078e-11
589 1.75321e-09 1.91542e-11
591 1.73833e-09 1.99417e-11
593 1.74319e-09 1.73618e-11
595 1.73038e-09 2.03063e-11
597 1.72275e-09 1.91297e-11
599 1.70859e-09 1.98547e-11
601 1.70461e-09 1.95626e-11
603 1.74113e-09 1.79602e-11
605 1.67118e-09 1.94944e-11
607 1.72258e-09 1.63301e-11
609 1.69462e-09 2.07679e-11
611 1.72192e-09 1.55542e-11
613 1.69968e-09 1.99621e-11
615 1.68373e-09 1.66527e-11
617 1.71101e-09 2.09497e-11
619 1.65248e-09 1.78808e-11
621 1.68097e-09 2.03609e-11
623 1.57867e-09 1.85598e-11
625 1.60357e-09 1.7453e-11
627 1.58219e-09 2.05634e-11
629 1.48937e-09 1.60661e-11
631 1.4851e-09 1.8433e-11
633 1.42727e-09 1.62905e-11
635 1.46659e-09 1.74705e-11
637 1.43617e-09 1.90343e-11
639 1.43634e-09 1.64504e-11
641 1.49679e-09 1.86207e-11
643 1.46728e-09 1.78981e-11
645 1.46021e-09 1.59881e-11
647 1.46568e-09 1.75511e-11
649 1.4393e-09 1.83634e-11
651 1.45813e-09 1.68321e-11
653 1.45763e-09 1.90163e-11
655 1.41742e-09 1.76032e-11
657 1.45387e-09 1.79844e-11
659 1.41813e-09 1.79511e-11
661 1.42361e-09 1.61268e-11
663 1.43693e-09 1.74796e-11
665 1.39336e-09 1.67758e-11
667 1.41453e-09 1.85672e-11
669 1.41724e-09 1.84829e-11
671 1.35332e-09 1.77223e-11
673 1.38758e-09 1.64448e-11
675 1.37982e-09 1.69445e-11
677 1.34344e-09 1.83923e-11
679 1.37876e-09 1.88817e-11
681 1.35595e-09 1.77353e-11
683 1.34786e-09 1.79871e-11
685 1.37679e-09 1.84624e-11
687 1.33912e-09 1.7837e-11
689 1.35708e-09 1.74857e-11
691 1.35845e-09 1.86785e-11
693 1.28835e-09 1.43719e-11
695 1.32831e-09 1.68102e-11
697 1.33903e-09 2.04094e-11
699 1.27403e-09 1.55721e-11
701 1.32153e-09 1.83503e-11
703 1.32238e-09 1.9495e-11
705 1.26145e-09 1.48047e-11
707 1.30115e-09 1.68952e-11
709 1.30185e-09 1.92335e-11
711 1.24793e-09 1.5362e-11
713 1.29874e-09 1.64142e-11
715 1.29505e-09 1.55732e-11
717 1.27495e-09 1.6016e-11
719 1.26812e-09 1.81227e-11
721 1.26828e-09 1.76428e-11
723 1.26275e-09 1.69202e-11
725 1.25631e-09 1.76836e-11
727 1.27698e-09 1.85256e-11
729 1.26589e-09 1.82427e-11
731 1.18892e-09 1.67448e-11
733 1.20748e-09 1.44155e-11
735 1.19672e-09 1.79664e-11
737 1.13079e-09 1.47375e-11
739 1.15445e-09 1.61001e-11
741 1.1652e-09 1.62436e-11
743 1.14239e-09 1.45475e-11
745 1.1021e-09 1.59008e-11
747 1.13427e-09 1.39395e-11
749 1.1336e-09 1.65206e-11
751 1.08625e-09 1.50844e-11
753 1.07329e-09 1.32076e-11
755 1.10573e-09 1.45164e-11
757 1.08516e-09 1.43765e-11
759 1.05529e-09 1.38496e-11
761 1.10067e-09 1.43589e-11
763 1.11401e-09 1.50468e-11
765 1.09241e-09 1.47041e-11
767 1.0665e-09 1.28934e-11
769 1.09859e-09 1.4749e-11
771 1.09559e-09 1.48507e-11
773 1.0649e-09 1.54012e-11
775 1.07472e-09 1.4988e-11
777 1.08952e-09 1.45271e-11
779 1.06094e-09 1.44381e-11
781 1.05983e-09 1.34423e-11
783 1.05138e-09 1.48033e-11
785 1.05439e-09 1.40868e-11
787 1.07243e-09 1.45314e-11
789 1.03628e-09 1.2874e-11
791 1.04713e-09 1.49613e-11
793 1.03707e-09 1.34987e-11
795 1.03911e-09 1.38043e-11
797 1.0323e-09 1.31143e-11
799 1.01342e-09 1.47555e-11
801 1.019e-09 1.47346e-11
803 1.03707e-09 1.56473e-11
805 1.02043e-09 1.3794e-11
807 1.00152e-09 1.38295e-11
809 1.01623e-09 1.43734e-11
811 1.03909e-09 1.50768e-11
813 9.90147e-10 1.24797e-11
815 1.00912e-09 1.43636e-11
817 1.01361e-09 1.39059e-11
819 1.01354e-09 1.34412e-11
821 1.00313e-09 1.34536e-11
823 9.97402e-10 1.26127e-11
825 9.9358e-10 1.39578e-11
827 9.8997e-10 1.35769e-11
829 1.00807e-09 1.37879e-11
831 9.90759e-10 1.28376e-11
833 9.76959e-10 1.47039e-11
835 9.74215e-10 1.39241e-11
837 9.89693e-10 1.45434e-11
839 9.85652e-10 1.27113e-11
841 9.66185e-10 1.3833e-11
843 9.52809e-10 1.41759e-11
845 9.81463e-10 1.7324e-11
847 9.82572e-10 1.29297e-11
849 9.63696e-10 1.32692e-11
851 9.37122e-10 1.38785e-11
853 9.74896e-10 1.50275e-11
855 9.60667e-10 1.45241e-11
857 9.7316e-10 1.27436e-11
859 9.39063e-10 1.36479e-11
861 9.49123e-10 1.30531e-11
863 9.65012e-10 1.54162e-11
865 9.58124e-10 1.40758e-11
867 9.61966e-10 1.393e-11
869 9.27955e-10 1.37667e-11
871 9.43022e-10 1.43235e-11
873 9.59575e-10 1.48395e-11
875 9.43816e-10 1.38658e-11
877 9.54534e-10 1.28965e-11
879 9.52838e-10 1.36148e-11
881 9.34655e-10 1.3127e-11
883 9.62852e-10 1.48625e-11
885 9.47345e-10 1.36933e-11
887 9.62092e-10 1.41787e-11
889 9.52818e-10 1.1432e-11
891 9.50431e-10 1.49696e-11
893 9.37122e-10 1.29314e-11
895 9.34539e-10 1.38285e-11
897 9.45534e-10 1.34708e-11
899 9.39372e-10 1.32183e-11
901 8.79987e-10 1.27077e-11
903 8.75445e-10 1.3401e-11
905 8.51993e-10 1.37175e-11
907 8.67732e-10 1.17457e-11
909 8.30477e-10 1.29719e-11
911 8.45867e-10 1.23979e-11
913 8.52702e-10 1.30977e-11
915 8.45533e-10 1.27306e-11
917 8.33659e-10 1.2406e-11
919 8.17541e-10 1.27354e-11
921 7.99092e-10 1.23311e-11
923 8.20058e-10 1.25433e-11
925 8.24824e-10 1.32062e-11
927 8.05985e-10 1.10538e-11
929 8.01379e-10 1.25916e-11
931 7.86841e-10 1.21977e-11
933 7.97968e-10 1.3291e-11
935 7.80737e-10 1.3181e-11
937 8.0047e-10 1.15532e-11
939 7.81452e-10 1.09416e-11
941 7.90615e-10 1.05852e-11
943 7.72996e-10 1.21909e-11
945 7.65507e-10 1.1568e-11
947 7.70036e-10 1.24179e-11
949 7.81416e-10 1.0894e-11
951 7.88905e-10 1.0891e-11
953 7.91546e-10 1.12787e-11
955 7.92893e-10 1.26758e-11
957 7.90233e-10 1.16847e-11
959 7.76789e-10 1.06223e-11
961 7.6808e-10 1.23903e-11
963 7.85049e-10 1.10428e-11
965 7.79917e-10 1.28443e-11
967 7.76592e-10 1.20224e-11
969 7.5988e-10 9.48391e-12
971 7.87299e-10 1.04273e-11
973 7.82581e-10 1.09958e-11
975 7.52135e-10 1.2532e-11
977 7.79048e-10 1.25983e-11
979 7.81668e-10 1.19741e-11
981 7.81279e-10 1.14791e-11
983 7.82582e-10 9.64326e-12
985 7.78315e-10 1.20053e-11
987 7.72844e-10 1.02727e-11
989 7.61611e-10 1.09606e-11
991 7.91579e-10 1.12544e-11
993 7.76455e-10 1.16497e-11
995 7.82148e-10 1.18873e-11
997 7.70448e-10 9.90399e-12
999 7.76275e-10 1.16797e-11
1001 7.78473e-10 1.05832e-11
1003 7.6423e-10 1.17073e-11
1005 7.75408e-10 1.09608e-11
1007 7.81004e-10 1.18958e-11
1009 7.72418e-10 1.23401e-11
1011 7.81724e-10 9.43789e-12
1013 7.69002e-10 1.22389e-11
1015 7.45994e-10 1.04784e-11
1017 7.51358e-10 1.11621e-11
1019 7.78728e-10 1.17385e-11
1021 7.75012e-10 1.1269e-11
1023 7.79368e-10 1.17066e-11
1025 7.59016e-10 1.13463e-11
1027 7.63796e-10 1.13684e-11
1029 7.59629e-10 1.04942e-11
1031 7.42535e-10 1.11381e-11
1033 7.58227e-10 1.02529e-11
1035 7.86534e-10 1.03093e-11
1037 7.62898e-10 1.13166e-11
1039 7.56652e-10 1.04253e-11
1041 7.70226e-10 1.20038e-11
1043 7.66248e-10 1.21029e-11
1045 7.43232e-10 1.10652e-11
1047 7.61297e-10 1.02506e-11
1049 7.86491e-10 1.20198e-11
1051 7.62824e-10 1.01915e-11
1053 7.58465e-10 1.14644e-11
1055 7.83636e-10 1.12338e-11
1057 7.54127e-10 1.10112e-11
1059 7.667e-10 1.01006e-11
1061 7.72185e-10 1.08079e-11
1063 7.87225e-10 1.13195e-11
1065 7.83644e-10 1.04155e-11
1067 7.85539e-10 1.14889e-11
1069 7.9447e-10 1.1098e-11
1071 7.809e-10 1.08828e-11
1073 7.70742e-10 1.05288e-11
1075 7.78514e-10 9.77041e-12
1077 7.7287e-10 1.12012e-11
1079 8.20411e-10 1.09489e-11
1081 7.76793e-10 1.19899e-11
1083 7.81357e-10 1.16239e-11
1085 7.43934e-10 9.16746e-12
1087 7.47049e-10 1.05064e-11
1089 7.3351e-10 8.96101e-12
1091 8.05538e-10 9.5208e-12
1093 8.40955e-10 9.9192e-12
1095 8.85191e-10 1.14844e-11
1097 9.30412e-10 1.02989e-11
1099 9.32605e-10 9.80958e-12
1101 9.53386e-10 1.04697e-11
1103 9.86144e-10 1.19532e-11
1105 1.07931e-09 1.1681e-11
1107 1.21484e-09 9.80499e-12
1109 1.52817e-09 1.41133e-11
1111 2.31981e-09 1.59332e-11
1113 4.77244e-10 9.52437e-12
1115 4.55213e-10 9.33556e-12
1117 4.58012e-10 8.40171e-12
1119 4.65046e-10 8.91059e-12
1121 4.52895e-10 1.00681e-11
1123 4.62939e-10 8.22475e-12
1125 4.63229e-10 9.66603e-12
1127 4.72122e-10 9.67527e-12
1129 4.80548e-10 1.04132e-11
1131 4.57833e-10 9.43984e-12
1133 4.49862e-10 9.12919e-12
1135 4.63004e-10 9.50856e-12
1137 4.52138e-10 9.75304e-12
1139 4.61792e-10 8.93961e-12
1141 4.57693e-10 9.17448e-12
1143 4.74522e-10 9.03915e-12
1145 4.6106e-10 8.41522e-12
1147 4.71289e-10 8.68188e-12
1149 4.49073e-10 8.9232e-12
1151 4.5396e-10 9.7196e-12
1153 4.56739e-10 9.3269e-12
1155 4.4611e-10 9.31892e-12
1157 4.61559e-10 9.36939e-12
1159 4.62436e-10 9.05911e-12
1161 4.65328e-10 9.33478e-12
1163 4.61313e-10 8.33131e-12
1165 4.67817e-10 8.68801e-12
1167 4.44616e-10 8.37631e-12
1169 4.41059e-10 9.69156e-12
1171 4.46127e-10 9.7441e-12
1173 4.53941e-10 8.49742e-12
1175 4.60172e-10 1.00832e-11
1177 4.46067e-10 7.97891e-12
1179 4.59476e-10 9.02013e-12
1181 4.57508e-10 8.81977e-12
1183 4.50133e-10 8.8039e-12
1185 4.32335e-10 8.30596e-12
1187 4.32256e-10 8.73815e-12
1189 4.41208e-10 8.63535e-12
1191 4.38745e-10 8.28455e-12
1193 4.57599e-10 9.72051e-12
1195 4.24037e-10 7.76001e-12
1197 4.09829e-10 9.42558e-12
1199 4.00414e-10 8.96823e-12
1201 3.91514e-10 8.66581e-12
1203 3.97242e-10 8.35768e-12
1205 3.82741e-10 8.30427e-12
1207 3.81007e-10 8.07078e-12
1209 3.81851e-10 8.47742e-12
1211 3.72875e-10 7.59904e-12
1213 3.88325e-10 8.30098e-12
1215 3.92433e-10 7.42891e-12
1217 3.74745e-10 8.63819e-12
1219 3.69156e-10 7.41479e-12
1221 3.63459e-10 7.6708e-12
1223 3.60528e-10 7.32494e-12
1225 3.55376e-10 8.1768e-12
1227 3.48705e-10 6.72056e-12
1229 3.5369e-10 7.04298e-12
1231 3.54618e-10 7.01087e-12
1233 3.46376e-10 8.2851e-12
1235 3.62405e-10 7.40532e-12
1237 3.54036e-10 8.63448e-12
1239 3.72076e-10 8.00703e-12
1241 3.64287e-10 7.50619e-12
1243 3.55868e-10 7.40348e-12
1245 3.62968e-10 7.37724e-12
1247 3.63324e-10 7.68459e-12
1249 3.53441e-10 7.30152e-12
1251 3.44654e-10 6.89739e-12
1253 3.49113e-10 8.0676e-12
1255 3.59579e-10 7.32649e-12
1257 3.59637e-10 7.89929e-12
1259 3.58558e-10 7.89379e-12
1261 3.57935e-10 8.18144e-12
1263 3.60804e-10 7.39647e-12
1265 3.48722e-10 7.53107e-12
1267 3.48625e-10 6.84165e-12
1269 3.47731e-10 7.34944e-12
1271 3.53047e-10 7.21685e-12
1273 3.52136e-10 7.6217e-12
1275 3.3096e-10 6.34228e-12
1277 3.46155e-10 7.91829e-12
1279 3.5586e-10 7.18115e-12
1281 3.45567e-10 7.25054e-12
1283 3.41074e-10 6.8272e-12
1285 3.36454e-10 7.52026e-12
1287 3.30729e-10 7.42374e-12
1289 3.30785e-10 6.85879e-12
1291 3.30168e-10 7.86465e-12
1293 3.37201e-10 6.28561e-12
1295 3.37661e-10 6.75075e-12
1297 3.23292e-10 6.9176e-12
1299 3.16667e-10 6.09838e-12
1301 3.12959e-10 7.18775e-12
1303 3.27434e-10 7.1581e-12
1305 3.18323e-10 6.78276e-12
1307 3.33741e-10 8.15614e-12
1309 3.20286e-10 8.69125e-12
1311 3.1799e-10 7.12182e-12
1313 3.04851e-10 6.49857e-12
1315 3.15679e-10 6.61226e-12
1317 3.16912e-10 7.10589e-12
1319 3.22431e-10 6.97707e-12
1321 3.05371e-10 6.78945e-12
1323 3.07453e-10 5.92711e-12
1325 3.15186e-10 5.92339e-12
1327 3.06603e-10 6.71922e-12
1329 3.13769e-10 7.10544e-12
1331 3.16471e-10 7.68711e-12
1333 3.05674e-10 6.70162e-12
1335 3.09559e-10 8.07808e-12
1337 3.06003e-10 7.36044e-12
1339 2.99237e-10 6.62642e-12
1341 3.0563e-10 7.11003e-12
1343 3.02055e-10 6.89558e-12
1345 3.15593e-10 7.19259e-12
1347 3.00165e-10 7.07712e-12
1349 3.02315e-10 6.67157e-12
1351 2.99639e-10 6.55659e-12
1353 2.90642e-10 6.72238e-12
1355 2.96925e-10 6.48809e-12
1357 3.11286e-10 7.3582e-12
1359 2.95503e-10 6.93049e-12
1361 3.05187e-10 6.47022e-12
1363 2.81546e-10 6.98791e-12
1365 3.03923e-10 7.18509e-12
1367 2.86794e-10 6.57107e-12
1369 2.96481e-10 7.76823e-12
1371 2.90462e-10 6.20762e-12
1373 3.02493e-10 5.94336e-12
1375 2.87553e-10 6.50511e-12
1377 2.85895e-10 5.89976e-12
1379 2.86544e-10 6.9438e-12
1381 2.81293e-10 6.08523e-12
1383 2.90546e-10 6.43937e-12
1385 2.9691e-10 7.26551e-12
1387 2.80424e-10 6.46574e-12
1389 2.85279e-10 7.13947e-12
1391 2.66438e-10 6.06444e-12
1393 2.78369e-10 5.83488e-12
1395 2.75691e-10 5.85519e-12
1397 2.7546e-10 6.62418e-12
1399 2.76938e-10 5.70161e-12
1401 2.82425e-10 6.78585e-12
1403 2.63424e-10 6.50112e-12
1405 2.71526e-10 5.78532e-12
1407 2.69718e-10 6.38421e-12
1409 2.69788e-10 6.60723e-12
1411 2.58158e-10 5.92274e-12
1413 2.80452e-10 6.90844e-12
1415 2.79538e-10 6.52727e-12
1417 2.65307e-10 5.60706e-12
1419 2.58405e-10 6.79072e-12
1421 2.59667e-10 6.11467e-12
1423 2.66951e-10 6.39967e-12
1425 2.65291e-10 6.6221e-12
1427 2.64121e-10 6.08693e-12
1429 2.66375e-10 5.79618e-12
1431 2.68205e-10 5.61123e-12
1433 2.46375e-10 5.76762e-12
1435 2.61741e-10 5.66517e-12
1437 2.57772e-10 5.92348e-12
1439 2.59017e-10 5.76606e-12
1441 2.5319e-10 6.22139e-12
1443 2.56565e-10 5.47352e-12
1445 2.67236e-10 6.00462e-12
1447 2.57167e-10 6.59797e-12
1449 2.54653e-10 5.10053e-12
1451 2.48096e-10 5.80562e-12
1453 2.46978e-10 5.18311e-12
1455 2.59269e-10 6.62839e-12
1457 2.5068e-10 5.94377e-12
1459 2.67316e-10 5.84303e-12
1461 2.45287e-10 6.04707e-12
1463 2.57737e-10 6.1364e-12
1465 2.46692e-10 5.97668e-12
1467 2.49537e-10 5.86874e-12
1469 2.5099e-10 6.0132e-12
1471 2.45859e-10 6.34958e-12
1473 2.38374e-10 5.84967e-12
1475 2.56074e-10 6.40142e-12
1477 2.42465e-10 6.28182e-12
1479 2.52999e-10 5.76208e-12
1481 2.46133e-10 6.17834e-12
1483 2.41602e-10 6.55779e-12
1485 2.41642e-10 4.93046e-12
1487 2.46441e-10 5.85863e-12
1489 2.37081e-10 6.22588e-12
1491 2.56953e-10 5.92237e-12
1493 2.38321e-10 5.91452e-12
1495 2.43349e-10 6.13132e-12
1497 2.42326e-10 5.27676e-12
1499 2.35309e-10 5.46014e-12
1501 2.35609e-10 5.41798e-12
1503 2.42769e-10 5.75217e-12
1505 2.38484e-10 5.85224e-12
1507 2.37858e-10 5.68065e-12
1509 2.34067e-10 6.23632e-12
1511 2.39819e-10 5.78809e-12
1513 2.34391e-10 5.58515e-12
1515 2.46373e-10 5.83292e-12
1517 2.23734e-10 6.14445e-12
1519 2.33415e-10 4.8192e-12
1521 2.34244e-10 6.09337e-12
1523 2.32402e-10 5.18308e-12
1525 2.30334e-10 5.16931e-12
1527 2.44465e-10 5.31524e-12
1529 2.20971e-10 5.56589e-12
1531 2.29515e-10 5.97406e-12
1533 2.19344e-10 5.46975e-12
1535 2.22483e-10 5.63523e-12
1537 2.33296e-10 5.69746e-12
1539 2.31907e-10 5.65555e-12
1541 2.20256e-10 5.63445e-12
1543 2.31355e-10 5.81957e-12
1545 2.24267e-10 5.54244e-12
1547 2.29254e-10 6.1954e-12
1549 2.19776e-10 5.26375e-12
1551 2.29409e-10 6.03697e-12
1553 2.16788e-10 5.07337e-12
1555 2.17947e-10 5.85837e-12
1557 2.22963e-10 5.47086e-12
1559 2.20545e-10 5.72457e-12
1561 2.22754e-10 5.6794e-12
1563 2.27442e-10 5.5615e-12
1565 2.22178e-10 5.76142e-12
1567 2.10823e-10 4.84677e-12
1569 2.12276e-10 4.7672e-12
1571 2.17197e-10 5.18253e-12
1573 2.16473e-10 5.87271e-12
1575 2.16725e-10 5.24033e-12
1577 2.1212e-10 6.12803e-12
1579 2.12185e-10 4.71555e-12
1581 2.101e-10 5.32375e-12
1583 2.22602e-10 4.92541e-12
1585 2.21138e-10 5.6195e-12
1587 2.13141e-10 4.5729e-12
1589 2.1891e-10 5.31594e-12
1591 2.1072e-10 5.32382e-12
1593 2.07892e-10 5.79466e-12
1595 2.11207e-10 5.31197e-12
1597 2.10902e-10 5.80431e-12
1599 2.13817e-10 6.05906e-12
1601 2.16059e-10 5.39761e-12
1603 2.08001e-10 5.07939e-12
1605 2.08039e-10 5.32987e-12
1607 2.04046e-10 4.78202e-12
1609 2.10399e-10 5.21035e-12
1611 2.02103e-10 5.3854e-12
1613 2.08635e-10 5.2697e-12
1615 2.09835e-10 5.25859e-12
1617 2.00947e-10 4.92626e-12
1619 2.02641e-10 4.5978e-12
1621 2.00223e-10 5.2402e-12
1623 2.185e-10 4.78618e-12
1625 2.10972e-10 5.12289e-12
1627 2.01187e-10 4.8483e-12
1629 2.08922e-10 5.84773e-12
1631 1.97295e-10 5.03781e-12
1633 2.00175e-10 5.54968e-12
1635 1.96873e-10 5.20009e-12
1637 2.05092e-10 5.5137e-12
1639 2.08312e-10 5.08941e-12
1641 2.07091e-10 5.00399e-12
1643 1.99992e-10 5.15124e-12
1645 2.037e-10 5.13283e-12
1647 1.90491e-10 4.99184e-12
1649 1.95596e-10 5.29078e-12
1651 1.9604e-10 5.39115e-12
1653 1.96101e-10 5.04168e-12
1655 2.04851e-10 4.51844e-12
1657 1.99531e-10 5.10761e-12
1659 1.95032e-10 5.51553e-12
1661 1.90934e-10 4.88782e-12
1663 1.9468e-10 4.90408e-12
1665 2.05868e-10 5.49809e-12
1667 2.13348e-10 5.42552e-12
1669 1.8654e-10 4.5722e-12
1671 1.96122e-10 4.92573e-12
1673 1.90062e-10 5.32846e-12
1675 1.98728e-10 5.38578e-12
1677 1.85326e-10 5.35983e-12
1679 1.88292e-10 4.61872e-12
1681 1.9074e-10 4.83858e-12
1683 1.85444e-10 5.27831e-12
1685 1.91232e-10 5.5569e-12
1687 1.85644e-10 4.64749e-12
1689 1.86132e-10 4.94417e-12
1691 1.79693e-10 5.59441e-12
1693 1.79041e-10 5.12437e-12
1695 1.80617e-10 4.09504e-12
1697 1.82682e-10 5.42484e-12
1699 1.83805e-10 5.02616e-12
1701 1.85343e-10 4.73438e-12
1703 1.903e-10 5.51036e-12
1705 1.76462e-10 4.39012e-12
1707 1.7854e-10 5.04315e-12
1709 1.83392e-10 4.56746e-12
1711 1.92155e-10 5.49945e-12
1713 1.80942e-10 4.87206e-12
1715 1.7999e-10 5.46875e-12
1717 1.82912e-10 5.06621e-12
1719 1.81394e-10 5.22562e-12
1721 1.80539e-10 5.17241e-12
1723 1.79156e-10 4.74629e-12
1725 1.73756e-10 4.36098e-12
1727 1.81334e-10 4.65523e-12
1729 1.8471e-10 4.60375e-12
1731 1.86702e-10 4.65597e-12
1733 1.77205e-10 5.03827e-12
1735 1.77383e-10 4.89961e-12
1737 1.68558e-10 5.23155e-12
1739 1.72217e-10 4.47881e-12
1741 1.75547e-10 5.22871e-12
1743 1.67075e-10 4.65789e-12
1745 1.72775e-10 4.5796e-12
1747 1.62663e-10 4.31269e-12
1749 1.74547e-10 5.03167e-12
1751 1.75151e-10 4.64447e-12
1753 1.7358e-10 5.1734e-12
1755 1.6923e-10 4.84572e-12
1757 1.76055e-10 4.4481e-12
1759 1.7625e-10 4.59656e-12
1761 1.77097e-10 5.1776e-12
1763 1.67483e-10 4.60569e-12
1765 1.67094e-10 4.38994e-12
1767 1.76517e-10 4.58226e-12
1769 1.7385e-10 4.89573e-12
1771 1.68305e-10 4.5217e-12
1773 1.65665e-10 5.25386e-12
1775 1.69153e-10 4.61958e-12
1777 1.69105e-10 4.63091e-12
1779 1.72672e-10 4.37052e-12
1781 1.65622e-10 5.03476e-12
1783 1.69014e-10 4.41518e-12
1785 1.67894e-10 4.68451e-12
1787 1.6591e-10 5.18504e-12
1789 1.6838e-10 4.46264e-12
1791 1.65987e-10 4.79293e-12
1793 1.67787e-10 4.69111e-12
1795 1.60305e-10 4.65651e-12
1797 1.65653e-10 4.32917e-12
1799 1.69879e-10 4.4239e-12
1801 1.63344e-10 4.79096e-12
1803 1.62367e-10 4.42975e-12
1805 1.63343e-10 5.16667e-12
1807 1.65215e-10 4.849e-12
1809 1.699e-10 4.4767e-12
1811 1.65842e-10 5.31475e-12
1813 1.68849e-10 4.36842e-12
1815 1.65738e-10 4.88027e-12
1817 1.6388e-10 4.91246e-12
1819 1.60264e-10 4.43686e-12
1821 1.64999e-10 4.03586e-12
1823 1.59813e-10 4.25837e-12
1825 1.62615e-10 4.70903e-12
1827 1.61524e-10 4.63289e-12
1829 1.65313e-10 4.7426e-12
1831 1.55962e-10 3.88379e-12
1833 1.62496e-10 4.92078e-12
1835 1.63663e-10 4.62683e-12
1837 1.59106e-10 4.5196e-12
1839 1.49937e-10 4.39722e-12
1841 1.49657e-10 4.08295e-12
1843 1.56563e-10 4.85847e-12
1845 1.61939e-10 4.81725e-12
1847 1.51453e-10 4.15359e-12
1849 1.55763e-10 4.24637e-12
1851 1.62614e-10 4.22183e-12
1853 1.52445e-10 4.11181e-12
1855 1.50253e-10 3.84262e-12
1857 1.54199e-10 4.47696e-12
1859 1.47469e-10 3.71469e-12
1861 1.59916e-10 4.10979e-12
1863 1.64115e-10 4.20757e-12
1865 1.58729e-10 4.87167e-12
1867 1.46749e-10 4.10272e-12
1869 1.59263e-10 3.87718e-12
1871 1.53198e-10 4.53178e-12
1873 1.53439e-10 4.71602e-12
1875 1.51876e-10 4.17083e-12
1877 1.51458e-10 4.83777e-12
1879 1.45756e-10 4.1067e-12
1881 1.55376e-10 4.33523e-12
1883 1.53783e-10 4.07954e-12
1885 1.52023e-10 4.72468e-12
1887 1.51033e-10 4.10382e-12
1889 1.58201e-10 4.51941e-12
1891 1.53644e-10 4.0411e-12
1893 1.45652e-10 4.53897e-12
1895 1.48846e-10 4.43282e-12
1897 1.506e-10 4.15581e-12
1899 1.55846e-10 5.09213e-12
1901 1.50239e-10 4.38619e-12
1903 1.59154e-10 4.28317e-12
1905 1.53556e-10 4.64296e-12
1907 1.60224e-10 4.74802e-12
1909 1.51699e-10 3.92768e-12
1911 1.51932e-10 4.50846e-12
1913 1.4417e-10 4.06024e-12
1915 1.52281e-10 4.77025e-12
1917 1.50072e-10 4.16406e-12
1919 1.52854e-10 4.2118e-12
1921 1.54277e-10 4.30122e-12
1923 1.53709e-10 4.53418e-12
1925 1.48218e-10 4.08773e-12
1927 1.46189e-10 4.13445e-12
1929 1.5272e-10 3.53071e-12
1931 1.47851e-10 4.15736e-12
1933 1.45512e-10 4.47653e-12
1935 1.44052e-10 4.22235e-12
1937 1.45482e-10 4.0397e-12
1939 1.48833e-10 4.32546e-12
1941 1.52808e-10 4.14825e-12
1943 1.47308e-10 4.19559e-12
1945 1.43971e-10 4.68467e-12
1947 1.46518e-10 4.27113e-12
1949 1.47341e-10 4.25806e-12
1951 1.41974e-10 3.97535e-12
1953 1.4294e-10 4.05942e-12
1955 1.50542e-10 4.61179e-12
1957 1.41686e-10 4.34096e-12
1959 1.39305e-10 4.2143e-12
1961 1.41955e-10 4.26493e-12
1963 1.51978e-10 4.22779e-12
1965 1.45461e-10 4.54263e-12
1967 1.51988e-10 4.13877e-12
1969 1.41717e-10 4.55335e-12
1971 1.45823e-10 4.39289e-12
1973 1.46055e-10 4.56195e-12
1975 1.38478e-10 4.22147e-12
1977 1.39908e-10 3.96977e-12
1979 1.41112e-10 4.40685e-12
1981 1.53317e-10 4.18825e-12
1983 1.47384e-10 4.33355e-12
1985 1.40435e-10 4.03007e-12
1987 1.40187e-10 3.77557e-12
1989 1.43804e-10 3.93822e-12
1991 1.45219e-10 4.29782e-12
1993 1.36728e-10 4.15825e-12
1995 1.35649e-10 4.08454e-12
1997 1.44124e-10 4.88898e-12
1999 1.32537e-10 4.20152e-12
