1 6.19004e-14 5.36781e-15
3 1.80181e-13 1.47372e-14
5 0.00478874 7.39015e-07
7 4.06596e-05 8.74403e-08
9 2.4275e-05 8.05415e-08
11 1.6102e-05 7.08246e-08
13 1.13135e-05 5.09325e-08
15 8.22191e-06 4.12707e-08
17 6.39712e-06 3.31242e-08
19 5.05963e-06 2.79681e-08
21 4.03242e-06 1.91039e-08
23 3.07057e-06 1.44891e-08
25 2.64743e-06 1.2032e-08
27 2.08006e-06 1.02014e-08
29 1.82553e-06 8.15474e-09
31 1.64408e-06 7.3841e-09
33 1.32268e-06 6.04546e-09
35 1.09123e-06 4.97181e-09
37 9.83361e-07 4.44069e-09
39 9.00201e-07 3.95945e-09
41 8.30564e-07 3.70393e-09
43 7.7342e-07 3.4628e-09
45 6.82329e-07 3.01501e-09
47 5.5273e-07 2.42915e-09
49 5.04597e-07 2.18044e-09
51 4.45312e-07 1.93587e-09
53 4.05269e-07 1.74875e-09
55 3.59868e-07 1.54826e-09
57 3.26929e-07 1.38969e-09
59 3.0085e-07 1.24931e-09
61 2.6593e-07 1.15781e-09
63 2.42585e-07 1.09331e-09
65 2.23974e-07 9.78167e-10
67 2.08474e-07 9.24783e-10
69 1.84735e-07 8.00272e-10
71 1.71561e-07 7.5486e-10
73 1.59897e-07 7.14016e-10
75 1.4999e-07 6.59936e-10
77 1.4124e-07 6.17659e-10
79 1.25739e-07 5.68055e-10
81 1.15549e-07 5.20822e-10
83 1.08277e-07 4.88505e-10
85 1.02104e-07 4.54901e-10
87 9.66205e-08 4.3223e-10
89 9.18472e-08 4.09411e-10
91 8.74178e-08 3.91449e-10
93 8.06882e-08 3.53338e-10
95 7.02598e-08 3.13197e-10
97 6.72331e-08 3.06159e-10
99 6.36966e-08 2.83144e-10
101 6.06924e-08 2.75733e-10
103 5.79171e-08 2.56998e-10
105 5.52829e-08 2.44116e-10
107 5.31253e-08 2.31557e-10
109 5.08967e-08 2.29587e-10
111 4.89288e-08 2.19157e-10
113 4.71546e-08 2.11581e-10
115 4.53562e-08 2.08412e-10
117 3.97022e-08 1.8231e-10
119 3.68555e-08 1.70451e-10
121 3.59175e-08 1.68958e-10
123 3.44875e-08 1.5728e-10
125 3.32382e-08 1.52916e-10
127 3.19737e-08 1.49264e-10
129 3.08387e-08 1.45411e-10
131 2.98349e-08 1.39643e-10
133 2.75921e-08 1.3029e-10
135 2.49273e-08 1.16098e-10
137 2.36376e-08 1.12932e-10
139 2.30195e-08 1.10621e-10
141 2.2068e-08 1.08103e-10
143 2.12985e-08 1.03517e-10
145 2.05229e-08 9.9683e-11
147 1.97648e-08 9.8163e-11
149 1.92043e-08 8.95498e-11
151 1.8535e-08 8.94702e-11
153 1.79584e-08 8.5738e-11
155 1.74278e-08 8.67163e-11
157 1.63485e-08 7.89154e-11
159 1.50671e-08 7.23807e-11
161 1.42807e-08 7.08143e-11
163 1.37847e-08 6.87182e-11
165 1.34967e-08 6.49647e-11
167 1.31188e-08 6.70966e-11
169 1.27005e-08 6.36675e-11
171 1.2357e-08 6.34159e-11
173 1.2037e-08 6.0031e-11
175 1.17425e-08 5.95131e-11
177 1.14012e-08 5.96574e-11
179 1.11069e-08 5.72815e-11
181 1.08302e-08 5.66016e-11
183 1.0559e-08 5.34572e-11
185 1.03183e-08 5.42934e-11
187 1.0074e-08 5.1564e-11
189 9.85662e-09 5.16941e-11
191 9.61856e-09 4.90604e-11
193 9.13364e-09 4.85172e-11
195 8.10701e-09 4.5043e-11
197 7.70991e-09 4.36355e-11
199 7.35805e-09 3.99432e-11
201 7.05647e-09 4.10525e-11
203 6.75271e-09 3.99332e-11
205 6.88652e-09 3.6964e-11
207 6.71517e-09 3.78786e-11
209 6.58318e-09 3.94774e-11
211 6.44971e-09 3.88548e-11
213 6.269e-09 3.69701e-11
215 6.17953e-09 3.88038e-11
217 6.0161e-09 3.57192e-11
219 5.9426e-09 3.73366e-11
221 5.82694e-09 3.83913e-11
223 5.71601e-09 3.5056e-11
225 5.62702e-09 3.61053e-11
227 5.52921e-09 3.37268e-11
229 5.47293e-09 3.37544e-11
231 5.32323e-09 3.50076e-11
233 5.26701e-09 3.35497e-11
235 5.16915e-09 3.76766e-11
237 5.10947e-09 3.13707e-11
239 5.03212e-09 3.28515e-11
241 4.91581e-09 3.19643e-11
243 4.87256e-09 3.1553e-11
245 4.78922e-09 3.24132e-11
247 4.73467e-09 3.17906e-11
249 4.68584e-09 3.64458e-11
251 4.61801e-09 3.0655e-11
253 4.559e-09 3.47026e-11
255 4.52565e-09 2.96904e-11
257 4.32929e-09 3.23919e-11
259 3.96609e-09 2.98299e-11
261 3.78804e-09 2.99e-11
263 3.65928e-09 2.71007e-11
265 3.53716e-09 3.02765e-11
267 3.56998e-09 2.75821e-11
269 3.56461e-09 2.83887e-11
271 3.48547e-09 2.95693e-11
273 3.43112e-09 2.45834e-11
275 3.39916e-09 3.00881e-11
277 3.30274e-09 2.54686e-11
279 3.20127e-09 2.54145e-11
281 3.18959e-09 2.76718e-11
283 3.07427e-09 2.39924e-11
285 3.04256e-09 2.55439e-11
287 3.00028e-09 2.67318e-11
289 2.95469e-09 2.13331e-11
291 2.94554e-09 2.35428e-11
293 2.91312e-09 2.63536e-11
295 2.86328e-09 2.31204e-11
297 2.81227e-09 2.10102e-11
299 2.79744e-09 2.52037e-11
301 2.70499e-09 2.24036e-11
303 2.66839e-09 2.13217e-11
305 2.64482e-09 2.35487e-11
307 2.57954e-09 2.01288e-11
309 2.57019e-09 2.12187e-11
311 2.52843e-09 2.34839e-11
313 2.47523e-09 1.97154e-11
315 2.42484e-09 2.19719e-11
317 2.39715e-09 2.06035e-11
319 2.40166e-09 2.21273e-11
321 2.33931e-09 1.93507e-11
323 2.31946e-09 2.06214e-11
325 2.30117e-09 2.15447e-11
327 2.30393e-09 2.13624e-11
329 2.20688e-09 1.75788e-11
331 2.17454e-09 1.88034e-11
333 2.15597e-09 2.17018e-11
335 2.14841e-09 1.90841e-11
337 2.11387e-09 1.88645e-11
339 2.08509e-09 2.0098e-11
341 2.07002e-09 2.09616e-11
343 2.04777e-09 2.00277e-11
345 2.0352e-09 1.88973e-11
347 2.02025e-09 1.8316e-11
349 1.9973e-09 1.80186e-11
351 1.99274e-09 1.95518e-11
353 1.96192e-09 1.87747e-11
355 1.94643e-09 1.76107e-11
357 1.95315e-09 1.86389e-11
359 1.93264e-09 1.71587e-11
361 1.90944e-09 1.87036e-11
363 1.87429e-09 1.73865e-11
365 1.88355e-09 1.78454e-11
367 1.86549e-09 1.91544e-11
369 1.83419e-09 1.90993e-11
371 1.7976e-09 1.71553e-11
373 1.7676e-09 1.67939e-11
375 1.71825e-09 1.74362e-11
377 1.70191e-09 1.66002e-11
379 1.70247e-09 1.81943e-11
381 1.66317e-09 1.6082e-11
383 1.68459e-09 1.81924e-11
385 1.67292e-09 1.60785e-11
387 1.653e-09 1.73788e-11
389 1.63708e-09 1.65033e-11
391 1.61974e-09 1.73886e-11
393 1.60013e-09 1.80961e-11
395 1.61593e-09 1.54314e-11
397 1.60778e-09 1.53161e-11
399 1.58547e-09 1.4806e-11
401 1.58908e-09 1.5148e-11
403 1.5542e-09 1.79981e-11
405 1.54476e-09 1.66464e-11
407 1.52283e-09 1.45939e-11
409 1.51764e-09 1.54998e-11
411 1.50921e-09 1.59824e-11
413 1.4892e-09 1.45194e-11
415 1.46861e-09 1.565e-11
417 1.47789e-09 1.48583e-11
419 1.46465e-09 1.55588e-11
421 1.46035e-09 1.6159e-11
423 1.45433e-09 1.38817e-11
425 1.45476e-09 1.44621e-11
427 1.43784e-09 1.499e-11
429 1.42485e-09 1.47593e-11
431 1.4032e-09 1.49158e-11
433 1.40972e-09 1.38204e-11
435 1.41455e-09 1.38629e-11
437 1.42562e-09 1.6035e-11
439 1.40576e-09 1.38808e-11
441 1.3366e-09 1.45669e-11
443 1.34883e-09 1.39396e-11
445 1.30561e-09 1.3019e-11
447 1.32373e-09 1.38405e-11
449 1.31939e-09 1.49061e-11
451 1.32902e-09 1.27745e-11
453 1.34057e-09 1.39537e-11
455 1.30638e-09 1.30441e-11
457 1.32547e-09 1.43821e-11
459 1.30044e-09 1.38692e-11
461 1.25623e-09 1.18109e-11
463 1.22742e-09 1.10137e-11
465 1.18331e-09 1.22311e-11
467 1.17021e-09 1.0764e-11
469 1.15732e-09 1.07091e-11
471 1.13042e-09 1.21793e-11
473 1.12815e-09 1.15056e-11
475 1.12538e-09 1.19604e-11
477 1.13419e-09 1.22243e-11
479 1.10862e-09 1.04754e-11
481 1.12465e-09 1.15032e-11
483 1.09343e-09 1.13466e-11
485 1.10824e-09 1.18413e-11
487 1.1076e-09 1.01703e-11
489 1.08865e-09 1.1315e-11
491 1.08107e-09 1.03605e-11
493 1.08624e-09 1.02606e-11
495 1.06745e-09 1.04384e-11
497 1.05464e-09 1.09222e-11
499 1.06585e-09 9.49176e-12
501 1.05291e-09 1.09972e-11
503 1.04888e-09 8.93231e-12
505 1.06043e-09 1.05403e-11
507 1.05421e-09 1.04043e-11
509 1.03539e-09 1.15256e-11
511 1.04874e-09 1.13395e-11
513 1.04155e-09 1.03893e-11
515 1.01977e-09 1.06784e-11
517 1.01406e-09 9.15292e-12
519 1.01596e-09 1.06369e-11
521 1.00057e-09 9.29473e-12
523 1.01723e-09 1.0884e-11
525 1.01813e-09 9.22259e-12
527 1.01501e-09 1.00963e-11
529 9.85932e-10 9.89751e-12
531 9.63737e-10 1.08908e-11
533 9.57741e-10 9.66777e-12
535 9.48123e-10 1.00539e-11
537 9.34307e-10 9.10695e-12
539 9.37233e-10 1.08777e-11
541 9.1587e-10 9.0388e-12
543 9.21836e-10 1.08205e-11
545 8.79939e-10 9.60418e-12
547 9.06814e-10 9.9367e-12
549 9.01015e-10 1.06927e-11
551 8.98113e-10 9.31933e-12
553 8.89404e-10 9.99286e-12
555 8.74956e-10 8.77337e-12
557 8.82386e-10 9.45418e-12
559 8.53514e-10 9.01223e-12
561 8.75527e-10 9.90711e-12
563 8.47106e-10 9.77872e-12
565 8.71486e-10 9.861e-12
567 8.35494e-10 1.06087e-11
569 8.38222e-10 9.02647e-12
571 8.56854e-10 9.40983e-12
573 8.3573e-10 8.46247e-12
575 8.49491e-10 9.86091e-12
577 8.22505e-10 9.49647e-12
579 8.48492e-10 1.09063e-11
581 8.218e-10 9.99921e-12
583 8.18482e-10 1.02738e-11
585 8.35763e-10 9.88514e-12
587 8.00529e-10 7.8456e-12
589 8.3018e-10 1.03381e-11
591 7.95014e-10 1.05174e-11
593 7.99683e-10 9.68974e-12
595 8.05023e-10 1.04761e-11
597 7.75853e-10 8.03983e-12
599 8.06986e-10 9.59828e-12
601 7.83166e-10 9.24299e-12
603 7.86187e-10 9.59159e-12
605 7.98577e-10 1.06268e-11
607 7.69784e-10 8.39439e-12
609 7.95478e-10 9.43711e-12
611 7.78167e-10 1.0034e-11
613 7.58784e-10 9.02823e-12
615 7.8162e-10 9.96656e-12
617 7.7044e-10 8.54036e-12
619 7.63643e-10 8.85607e-12
621 7.72635e-10 9.19178e-12
623 7.51146e-10 7.58838e-12
625 7.23174e-10 9.00059e-12
627 7.28249e-10 9.23701e-12
629 7.006e-10 7.66539e-12
631 7.16708e-10 7.59018e-12
633 7.09155e-10 8.96644e-12
635 6.92462e-10 8.00343e-12
637 6.89011e-10 7.74665e-12
639 7.03898e-10 9.89326e-12
641 6.71596e-10 8.04214e-12
643 6.67726e-10 7.94935e-12
645 6.82346e-10 8.58549e-12
647 6.60442e-10 8.0612e-12
649 6.52165e-10 7.80828e-12
651 6.8139e-10 8.18604e-12
653 6.71302e-10 8.42144e-12
655 6.64661e-10 7.81902e-12
657 6.69457e-10 7.13055e-12
659 6.61515e-10 8.36701e-12
661 6.55639e-10 7.59288e-12
663 6.4905e-10 7.93677e-12
665 6.51606e-10 7.3552e-12
667 6.51448e-10 7.59058e-12
669 6.41986e-10 7.96679e-12
671 6.52413e-10 7.64671e-12
673 6.42515e-10 8.1459e-12
675 6.34203e-10 7.43974e-12
677 6.49204e-10 7.89768e-12
679 6.37934e-10 7.48758e-12
681 6.33866e-10 8.179e-12
683 6.29428e-10 8.24184e-12
685 6.34346e-10 7.94023e-12
687 6.20768e-10 7.57157e-12
689 6.27443e-10 7.78913e-12
691 6.23518e-10 8.07366e-12
693 6.28972e-10 7.68916e-12
695 6.16474e-10 7.84844e-12
697 6.14927e-10 8.51463e-12
699 6.10626e-10 7.4435e-12
701 6.15419e-10 7.62416e-12
703 6.0897e-10 7.25993e-12
705 6.09347e-10 7.97798e-12
707 6.19027e-10 8.16335e-12
709 6.15502e-10 6.98015e-12
711 5.96582e-10 8.43702e-12
713 6.06478e-10 7.9006e-12
715 6.1532e-10 7.42402e-12
717 5.96696e-10 6.93062e-12
719 5.99792e-10 9.31512e-12
721 6.07144e-10 7.90608e-12
723 6.02786e-10 8.16957e-12
725 5.97592e-10 7.84376e-12
727 5.89942e-10 8.3464e-12
729 6.04198e-10 7.9292e-12
731 5.92886e-10 7.19599e-12
733 5.90209e-10 6.97541e-12
735 5.8569e-10 7.64898e-12
737 6.02508e-10 9.0102e-12
739 5.97247e-10 7.82983e-12
741 5.98702e-10 7.41382e-12
743 6.02299e-10 7.35895e-12
745 5.97778e-10 8.33296e-12
747 5.89982e-10 7.80202e-12
749 6.01987e-10 7.61942e-12
751 5.89998e-10 7.20255e-12
753 5.99508e-10 8.05515e-12
755 6.01123e-10 8.43458e-12
757 5.98973e-10 6.72615e-12
759 5.92143e-10 7.57583e-12
761 5.96983e-10 8.41537e-12
763 5.88079e-10 7.62337e-12
765 5.97076e-10 6.6646e-12
767 5.97045e-10 7.0107e-12
769 5.69951e-10 8.29186e-12
771 5.60919e-10 7.43808e-12
773 5.50309e-10 7.66206e-12
775 5.50664e-10 6.90074e-12
777 5.44624e-10 7.64002e-12
779 5.51911e-10 7.8784e-12
781 5.42085e-10 7.15862e-12
783 5.52436e-10 6.86427e-12
785 5.34557e-10 6.53162e-12
787 5.37123e-10 7.57804e-12
789 5.41212e-10 6.61496e-12
791 5.39766e-10 7.10993e-12
793 5.42239e-10 7.84367e-12
795 5.36309e-10 6.96401e-12
797 5.32477e-10 7.18919e-12
799 5.34194e-10 7.44647e-12
801 5.30547e-10 7.39584e-12
803 5.18803e-10 6.36446e-12
805 5.08653e-10 6.55599e-12
807 5.1385e-10 6.41114e-12
809 5.12296e-10 6.61204e-12
811 5.41229e-10 6.0547e-12
813 5.44063e-10 6.60806e-12
815 6.13903e-10 6.01541e-12
817 6.79789e-10 6.16655e-12
819 7.41722e-10 7.0245e-12
821 8.12e-10 7.14641e-12
823 1.27439e-09 8.9461e-12
825 7.1447e-10 6.09148e-12
827 3.19309e-10 5.49375e-12
829 3.16671e-10 5.24505e-12
831 3.22838e-10 5.68555e-12
833 3.10051e-10 6.06142e-12
835 3.23052e-10 5.76652e-12
837 3.13423e-10 5.75087e-12
839 3.08717e-10 5.13425e-12
841 3.1477e-10 5.96151e-12
843 3.20637e-10 5.17031e-12
845 3.0349e-10 5.73102e-12
847 3.19495e-10 5.74752e-12
849 3.11514e-10 5.28444e-12
851 3.08865e-10 5.63585e-12
853 3.11012e-10 6.37621e-12
855 3.08587e-10 5.26431e-12
857 3.01919e-10 5.50981e-12
859 3.1379e-10 5.76842e-12
861 3.06854e-10 5.40524e-12
863 3.06684e-10 4.86244e-12
865 3.06913e-10 5.76545e-12
867 3.02619e-10 5.14997e-12
869 2.9424e-10 4.89597e-12
871 3.11011e-10 5.1612e-12
873 3.0558e-10 5.58639e-12
875 3.01008e-10 5.54958e-12
877 2.96124e-10 5.18193e-12
879 2.96723e-10 5.84201e-12
881 2.90073e-10 5.40248e-12
883 2.99672e-10 5.44175e-12
885 3.01174e-10 5.22313e-12
887 2.9067e-10 5.40972e-12
889 2.95166e-10 5.62082e-12
891 2.87277e-10 5.32763e-12
893 2.88781e-10 4.8867e-12
895 2.92322e-10 5.45254e-12
897 2.91154e-10 4.86436e-12
899 2.92328e-10 4.90371e-12
901 2.91165e-10 4.95304e-12
903 2.78849e-10 5.24469e-12
905 2.85492e-10 4.9234e-12
907 2.86263e-10 5.46854e-12
909 2.88954e-10 5.73482e-12
911 2.87021e-10 5.24664e-12
913 2.83877e-10 4.73192e-12
915 2.82931e-10 5.22606e-12
917 2.77789e-10 5.83754e-12
919 2.79328e-10 4.20624e-12
921 2.89197e-10 5.06085e-12
923 2.76555e-10 5.1762e-12
925 2.83585e-10 4.55469e-12
927 2.75617e-10 4.5606e-12
929 2.71383e-10 4.87745e-12
931 2.7339e-10 4.66995e-12
933 2.77105e-10 4.37533e-12
935 2.79647e-10 4.54526e-12
937 2.79786e-10 5.42422e-12
939 2.74937e-10 4.43241e-12
941 2.70527e-10 4.69082e-12
943 2.73414e-10 4.85262e-12
945 2.64449e-10 4.5928e-12
947 2.70332e-10 4.71923e-12
949 2.79238e-10 5.40691e-12
951 2.73495e-10 4.98147e-12
953 2.68556e-10 5.15473e-12
955 2.65868e-10 4.8436e-12
957 2.71006e-10 4.92735e-12
959 2.59401e-10 4.73137e-12
961 2.70465e-10 4.56902e-12
963 2.70098e-10 4.73566e-12
965 2.67386e-10 4.85805e-12
967 2.68654e-10 4.9016e-12
969 2.658e-10 4.65888e-12
971 2.58517e-10 4.77333e-12
973 2.55879e-10 4.11509e-12
975 2.68711e-10 4.5914e-12
977 2.68036e-10 5.11893e-12
979 2.68582e-10 5.1011e-12
981 2.59005e-10 4.80437e-12
983 2.58144e-10 4.43532e-12
985 2.6237e-10 4.67518e-12
987 2.53874e-10 4.80316e-12
989 2.60438e-10 4.64773e-12
991 2.63503e-10 4.61076e-12
993 2.63824e-10 4.8546e-12
995 2.66782e-10 4.31641e-12
997 2.55215e-10 4.19336e-12
999 2.50694e-10 4.89577e-12
1001 2.55471e-10 5.07918e-12
1003 2.56913e-10 4.80963e-12
1005 2.62619e-10 4.85916e-12
1007 2.59943e-10 4.43156e-12
1009 2.57173e-10 3.98476e-12
1011 2.55583e-10 4.37209e-12
1013 2.47327e-10 4.13418e-12
1015 2.51833e-10 4.71681e-12
1017 2.50326e-10 4.49593e-12
1019 2.58928e-10 4.8941e-12
1021 2.46694e-10 4.55402e-12
1023 2.34583e-10 4.67866e-12
1025 2.26999e-10 4.31383e-12
1027 2.27314e-10 4.90159e-12
1029 2.21742e-10 3.92461e-12
1031 2.17618e-10 4.32892e-12
1033 2.16731e-10 4.31918e-12
1035 2.11443e-10 4.43565e-12
1037 2.28756e-10 4.53068e-12
1039 2.14723e-10 4.53609e-12
1041 2.15073e-10 4.38352e-12
1043 2.10288e-10 3.71529e-12
1045 2.08823e-10 4.2423e-12
1047 2.01849e-10 4.08157e-12
1049 2.0388e-10 3.72383e-12
1051 2.00979e-10 4.10335e-12
1053 2.0324e-10 3.84e-12
1055 2.01685e-10 3.70833e-12
1057 2.04659e-10 3.94537e-12
1059 2.09152e-10 4.5098e-12
1061 2.07109e-10 3.65295e-12
1063 2.03677e-10 3.95249e-12
1065 2.08046e-10 3.73907e-12
1067 2.05226e-10 4.16161e-12
1069 2.04692e-10 3.65109e-12
1071 2.03185e-10 4.24293e-12
1073 2.07381e-10 3.92344e-12
1075 2.06251e-10 4.29256e-12
1077 2.00953e-10 3.83668e-12
1079 2.07718e-10 3.98312e-12
1081 2.03246e-10 3.85369e-12
1083 2.02771e-10 3.64575e-12
1085 2.01616e-10 4.01152e-12
1087 1.99107e-10 3.848e-12
1089 1.97246e-10 3.78317e-12
1091 1.94441e-10 4.00913e-12
1093 2.00748e-10 4.00613e-12
1095 1.9953e-10 3.82377e-12
1097 1.97867e-10 3.82029e-12
1099 1.96982e-10 4.14107e-12
1101 1.93096e-10 4.11971e-12
1103 1.87113e-10 3.80933e-12
1105 1.93243e-10 3.53277e-12
1107 1.90227e-10 3.75895e-12
1109 1.87929e-10 3.3692e-12
1111 1.84284e-10 3.62951e-12
1113 1.83034e-10 3.65901e-12
1115 1.86563e-10 3.90877e-12
1117 1.89521e-10 4.04414e-12
1119 1.82546e-10 3.93699e-12
1121 1.85729e-10 3.7023e-12
1123 1.76725e-10 3.58368e-12
1125 1.83741e-10 3.55226e-12
1127 1.85851e-10 3.77952e-12
1129 1.81413e-10 3.75611e-12
1131 1.77354e-10 3.03677e-12
1133 1.78743e-10 3.27709e-12
1135 1.75914e-10 3.7769e-12
1137 1.76803e-10 3.50457e-12
1139 1.79478e-10 3.82554e-12
1141 1.79868e-10 4.03268e-12
1143 1.78774e-10 3.99289e-12
1145 1.73541e-10 3.58421e-12
1147 1.77313e-10 3.45618e-12
1149 1.7821e-10 3.63912e-12
1151 1.76842e-10 3.69693e-12
1153 1.6928e-10 3.4455e-12
1155 1.74717e-10 3.23385e-12
1157 1.7411e-10 3.61445e-12
1159 1.72193e-10 3.64402e-12
1161 1.78684e-10 3.68983e-12
1163 1.70502e-10 3.51363e-12
1165 1.71643e-10 3.35933e-12
1167 1.70498e-10 3.24885e-12
1169 1.66153e-10 3.43401e-12
1171 1.7264e-10 3.71793e-12
1173 1.64979e-10 3.40943e-12
1175 1.72549e-10 3.15511e-12
1177 1.69025e-10 3.5139e-12
1179 1.66905e-10 3.49762e-12
1181 1.66779e-10 3.47996e-12
1183 1.62503e-10 3.42758e-12
1185 1.77659e-10 3.47418e-12
1187 1.62237e-10 3.39804e-12
1189 1.59259e-10 3.07098e-12
1191 1.58647e-10 3.26938e-12
1193 1.63109e-10 3.39019e-12
1195 1.63505e-10 3.50363e-12
1197 1.61909e-10 3.11932e-12
1199 1.63737e-10 3.33179e-12
1201 1.60554e-10 3.39026e-12
1203 1.56728e-10 3.14423e-12
1205 1.57492e-10 3.41271e-12
1207 1.52371e-10 3.14268e-12
1209 1.64595e-10 3.60925e-12
1211 1.59138e-10 3.75337e-12
1213 1.5765e-10 3.79289e-12
1215 1.48613e-10 3.05674e-12
1217 1.5789e-10 3.44864e-12
1219 1.53015e-10 3.36362e-12
1221 1.53401e-10 3.17584e-12
1223 1.55153e-10 3.21383e-12
1225 1.54228e-10 3.3204e-12
1227 1.48704e-10 3.23143e-12
1229 1.54089e-10 3.14521e-12
1231 1.52547e-10 3.24491e-12
1233 1.47257e-10 3.45204e-12
1235 1.52263e-10 3.43409e-12
1237 1.5343e-10 3.10148e-12
1239 1.50333e-10 3.4596e-12
1241 1.4951e-10 3.06146e-12
1243 1.4511e-10 3.24369e-12
1245 1.51796e-10 3.66766e-12
1247 1.51165e-10 3.26803e-12
1249 1.49652e-10 3.28165e-12
1251 1.46036e-10 3.32282e-12
1253 1.49896e-10 3.18968e-12
1255 1.47476e-10 2.60851e-12
1257 1.49771e-10 3.21441e-12
1259 1.43839e-10 3.33284e-12
1261 1.44456e-10 3.36219e-12
1263 1.5139e-10 3.2978e-12
1265 1.4633e-10 3.03345e-12
1267 1.48319e-10 3.204e-12
1269 1.45627e-10 3.39981e-12
1271 1.37445e-10 2.767e-12
1273 1.49376e-10 3.40669e-12
1275 1.4606e-10 2.97557e-12
1277 1.43374e-10 2.90532e-12
1279 1.4363e-10 3.29316e-12
1281 1.41036e-10 3.09501e-12
1283 1.37587e-10 3.06957e-12
1285 1.46658e-10 2.99645e-12
1287 1.43675e-10 3.32795e-12
1289 1.40561e-10 3.08591e-12
1291 1.36362e-10 3.39157e-12
1293 1.42508e-10 3.04955e-12
1295 1.41204e-10 2.9693e-12
1297 1.37824e-10 3.19194e-12
1299 1.35417e-10 2.95187e-12
1301 1.37782e-10 2.96585e-12
1303 1.35076e-10 2.99534e-12
1305 1.36813e-10 3.09497e-12
1307 1.35317e-10 2.79325e-12
1309 1.33539e-10 3.12487e-12
1311 1.32367e-10 2.74457e-12
1313 1.31343e-10 2.94123e-12
1315 1.33548e-10 3.03944e-12
1317 1.34268e-10 3.01575e-12
1319 1.32745e-10 2.99903e-12
1321 1.33394e-10 3.13858e-12
1323 1.32666e-10 2.9022e-12
1325 1.30805e-10 2.81436e-12
1327 1.36792e-10 3.10294e-12
1329 1.25112e-10 2.54892e-12
1331 1.2944e-10 3.32117e-12
1333 1.27238e-10 2.91815e-12
1335 1.30652e-10 3.21984e-12
1337 1.31718e-10 3.08353e-12
1339 1.29832e-10 3.00142e-12
1341 1.25894e-10 2.99553e-12
1343 1.26792e-10 3.09198e-12
1345 1.25587e-10 2.68263e-12
1347 1.25679e-10 3.29163e-12
1349 1.25955e-10 3.0851e-12
1351 1.2966e-10 3.07425e-12
1353 1.28222e-10 3.25857e-12
1355 1.30061e-10 2.9331e-12
1357 1.2371e-10 2.65824e-12
1359 1.25683e-10 2.93918e-12
1361 1.23457e-10 2.71556e-12
1363 1.21738e-10 2.96893e-12
1365 1.26088e-10 2.77056e-12
1367 1.25155e-10 2.93204e-12
1369 1.24946e-10 2.6258e-12
1371 1.28282e-10 3.14678e-12
1373 1.21189e-10 2.83502e-12
1375 1.19424e-10 2.51433e-12
1377 1.24458e-10 2.89893e-12
1379 1.17139e-10 2.83296e-12
1381 1.21403e-10 2.16492e-12
1383 1.2365e-10 2.88263e-12
1385 1.17572e-10 2.64584e-12
1387 1.25082e-10 2.9691e-12
1389 1.26792e-10 2.86608e-12
1391 1.21299e-10 3.37314e-12
1393 1.20561e-10 2.78097e-12
1395 1.2135e-10 2.71818e-12
1397 1.18864e-10 2.90914e-12
1399 1.16815e-10 2.65492e-12
1401 1.21854e-10 3.197e-12
1403 1.22088e-10 2.69924e-12
1405 1.2257e-10 2.63264e-12
1407 1.23409e-10 2.54406e-12
1409 1.19134e-10 2.90139e-12
1411 1.15081e-10 2.90789e-12
1413 1.2095e-10 2.68042e-12
1415 1.18542e-10 2.54666e-12
1417 1.1721e-10 2.64401e-12
1419 1.20213e-10 2.94987e-12
1421 1.15484e-10 2.66441e-12
1423 1.18488e-10 2.57367e-12
1425 1.2436e-10 2.74652e-12
1427 1.15263e-10 2.60536e-12
1429 1.16583e-10 2.60162e-12
1431 1.21316e-10 3.00439e-12
1433 1.15267e-10 2.96661e-12
1435 1.14765e-10 2.73563e-12
1437 1.14239e-10 2.75102e-12
1439 1.15027e-10 3.01691e-12
1441 1.13862e-10 2.95505e-12
1443 1.14467e-10 2.52845e-12
1445 1.09495e-10 2.58599e-12
1447 1.13297e-10 3.39626e-12
1449 1.07254e-10 2.67354e-12
1451 1.11631e-10 3.07776e-12
1453 1.09836e-10 3.01514e-12
1455 1.11971e-10 2.89159e-12
1457 1.10426e-10 2.58384e-12
1459 1.07783e-10 2.74182e-12
1461 1.13716e-10 2.81479e-12
1463 1.14765e-10 2.68276e-12
1465 1.10074e-10 2.51527e-12
1467 1.10939e-10 2.94424e-12
1469 1.08815e-10 2.51796e-12
1471 1.07992e-10 3.00313e-12
1473 1.07273e-10 2.86034e-12
1475 1.0993e-10 2.68663e-12
1477 1.14909e-10 2.72858e-12
1479 1.07296e-10 2.67959e-12
1481 1.11723e-10 2.79036e-12
1483 1.02294e-10 2.46559e-12
1485 1.05605e-10 2.56509e-12
1487 1.05673e-10 2.48766e-12
1489 1.07745e-10 2.73704e-12
1491 1.0368e-10 2.54202e-12
1493 1.03919e-10 2.55664e-12
1495 1.12408e-10 2.65865e-12
1497 1.06333e-10 2.45054e-12
1499 1.04721e-10 2.62224e-12
1501 1.0764e-10 2.90847e-12
1503 1.09708e-10 2.70499e-12
1505 1.10478e-10 2.86032e-12
1507 1.05513e-10 2.67589e-12
1509 1.02936e-10 2.571e-12
1511 1.06153e-10 2.85569e-12
1513 1.05475e-10 2.97962e-12
1515 1.05469e-10 2.78089e-12
1517 1.03903e-10 2.44771e-12
1519 1.03498e-10 2.62326e-12
1521 1.09397e-10 2.69129e-12
1523 1.05666e-10 2.70471e-12
1525 1.01836e-10 2.79878e-12
1527 1.01389e-10 2.64291e-12
1529 1.00761e-10 2.72659e-12
1531 1.01332e-10 2.38975e-12
1533 1.0381e-10 2.78416e-12
1535 1.02975e-10 2.62316e-12
1537 1.0601e-10 2.56349e-12
1539 1.03017e-10 2.63501e-12
1541 1.03282e-10 2.56229e-12
1543 1.01395e-10 2.36335e-12
1545 1.10338e-10 2.65327e-12
1547 1.04143e-10 2.57539e-12
1549 1.04332e-10 2.5962e-12
1551 9.86783e-11 2.64323e-12
1553 1.04603e-10 2.87801e-12
1555 1.00992e-10 2.32352e-12
1557 1.01381e-10 2.66889e-12
1559 1.01707e-10 2.63231e-12
1561 9.93621e-11 2.39049e-12
1563 1.02351e-10 2.45835e-12
1565 1.01774e-10 2.44446e-12
1567 9.90135e-11 2.31992e-12
1569 1.00172e-10 2.83034e-12
1571 9.61303e-11 2.66114e-12
1573 9.66912e-11 2.64475e-12
1575 9.81359e-11 2.52832e-12
1577 1.03166e-10 2.66946e-12
1579 9.65684e-11 2.50775e-12
1581 9.9716e-11 2.46886e-12
1583 1.01042e-10 2.54083e-12
1585 9.95759e-11 2.36438e-12
1587 9.76849e-11 2.25155e-12
1589 1.01151e-10 2.24877e-12
1591 1.04949e-10 2.86122e-12
1593 9.72362e-11 2.26687e-12
1595 9.91531e-11 2.50575e-12
1597 1.00705e-10 2.25638e-12
1599 9.58065e-11 2.41251e-12
1601 9.34618e-11 2.5202e-12
1603 9.74368e-11 2.68019e-12
1605 9.50565e-11 2.69614e-12
1607 9.28852e-11 2.52749e-12
1609 9.93535e-11 2.63699e-12
1611 9.47305e-11 2.39117e-12
1613 9.2759e-11 2.04365e-12
1615 9.6916e-11 2.51769e-12
1617 9.0975e-11 2.32998e-12
1619 9.27093e-11 2.59682e-12
1621 9.31163e-11 2.7096e-12
1623 9.5399e-11 2.78726e-12
1625 9.68651e-11 2.75214e-12
1627 9.55291e-11 2.32945e-12
1629 9.44589e-11 2.40661e-12
1631 9.00732e-11 2.55077e-12
1633 9.12056e-11 2.38794e-12
1635 9.67207e-11 2.65568e-12
1637 9.23034e-11 2.13827e-12
1639 9.81047e-11 2.49418e-12
1641 9.30631e-11 2.31489e-12
1643 9.21402e-11 2.18469e-12
1645 9.65752e-11 2.28377e-12
1647 9.08885e-11 2.50765e-12
1649 8.61377e-11 2.50674e-12
1651 9.06722e-11 2.51853e-12
1653 9.00023e-11 2.54606e-12
1655 9.0931e-11 2.39593e-12
1657 8.99462e-11 2.30251e-12
1659 9.27831e-11 2.49007e-12
1661 8.82198e-11 2.62582e-12
1663 8.96334e-11 2.23637e-12
1665 8.38438e-11 2.47098e-12
1667 8.66355e-11 2.13431e-12
1669 9.07808e-11 2.35401e-12
1671 8.61212e-11 2.03332e-12
1673 8.67061e-11 2.61918e-12
1675 9.11752e-11 2.44671e-12
1677 8.95475e-11 2.21035e-12
1679 9.04882e-11 2.26618e-12
1681 8.92436e-11 2.47739e-12
1683 8.62242e-11 2.38612e-12
1685 8.96674e-11 2.58455e-12
1687 8.84692e-11 2.23111e-12
1689 8.81954e-11 2.49837e-12
1691 8.6471e-11 2.68462e-12
1693 8.98697e-11 2.32592e-12
1695 8.79708e-11 2.62927e-12
1697 9.02152e-11 2.44054e-12
1699 8.65213e-11 2.3382e-12
1701 8.35533e-11 2.4763e-12
1703 8.77216e-11 2.2795e-12
1705 8.58514e-11 2.27207e-12
1707 8.56831e-11 2.38381e-12
1709 9.03358e-11 2.42154e-12
1711 8.71694e-11 2.09978e-12
1713 9.03555e-11 2.44818e-12
1715 8.52448e-11 1.97133e-12
1717 9.09495e-11 2.47865e-12
1719 9.00222e-11 2.50555e-12
1721 8.64914e-11 2.49908e-12
1723 8.29725e-11 2.34742e-12
1725 8.5444e-11 2.40046e-12
1727 8.4704e-11 1.95965e-12
1729 8.50571e-11 2.43855e-12
1731 8.70278e-11 2.37793e-12
1733 8.61455e-11 2.45565e-12
1735 8.3575e-11 2.25046e-12
1737 8.89555e-11 2.25314e-12
1739 8.3189e-11 2.2152e-12
1741 8.38208e-11 2.17023e-12
1743 8.12689e-11 2.16162e-12
1745 8.5836e-11 2.6305e-12
1747 8.67287e-11 2.40086e-12
1749 8.48833e-11 2.1847e-12
1751 8.66008e-11 2.62987e-12
1753 8.20446e-11 2.21987e-12
1755 8.32818e-11 2.17087e-12
1757 8.6196e-11 2.74169e-12
1759 8.33145e-11 2.04034e-12
1761 8.45726e-11 2.19373e-12
1763 8.66337e-11 2.46719e-12
1765 8.61963e-11 2.13542e-12
1767 8.2193e-11 2.05697e-12
1769 8.33579e-11 2.14145e-12
1771 8.68856e-11 2.4691e-12
1773 8.5592e-11 2.24534e-12
1775 8.72778e-11 2.62569e-12
1777 8.28852e-11 2.36193e-12
1779 8.35974e-11 2.40187e-12
1781 8.55433e-11 2.37318e-12
1783 8.47745e-11 2.26681e-12
1785 8.46029e-11 2.37279e-12
1787 8.33943e-11 2.12319e-12
1789 8.78011e-11 2.28218e-12
1791 8.40743e-11 2.56674e-12
1793 8.42338e-11 2.04533e-12
1795 8.67244e-11 2.29722e-12
1797 8.32346e-11 2.35717e-12
1799 8.32779e-11 2.25434e-12
1801 8.53167e-11 2.36258e-12
1803 8.35064e-11 2.38641e-12
1805 8.571e-11 2.23669e-12
1807 8.41342e-11 2.45562e-12
1809 8.42858e-11 2.27104e-12
1811 8.64748e-11 2.26245e-12
1813 8.10966e-11 2.23832e-12
1815 8.33724e-11 2.30795e-12
1817 7.97413e-11 2.12379e-12
1819 7.91813e-11 2.31078e-12
1821 8.1023e-11 2.42002e-12
1823 8.2592e-11 2.34916e-12
1825 8.07497e-11 2.32577e-12
1827 8.04718e-11 2.52289e-12
1829 8.08954e-11 2.18462e-12
1831 8.47909e-11 2.48738e-12
1833 8.16922e-11 2.26968e-12
1835 8.14475e-11 2.23516e-12
1837 8.33925e-11 2.38638e-12
1839 8.05148e-11 2.24003e-12
1841 8.29993e-11 2.25566e-12
1843 8.20878e-11 2.05015e-12
1845 8.41249e-11 2.34836e-12
1847 8.13142e-11 2.50568e-12
1849 8.26005e-11 2.33204e-12
1851 8.64408e-11 2.52475e-12
1853 8.17019e-11 2.2777e-12
1855 7.98363e-11 2.293e-12
1857 7.93599e-11 2.11135e-12
1859 8.04264e-11 2.31645e-12
1861 7.82396e-11 2.04228e-12
1863 8.44476e-11 2.10546e-12
1865 8.05101e-11 2.13074e-12
1867 7.84694e-11 2.42596e-12
1869 8.20424e-11 2.47231e-12
1871 7.9013e-11 2.14539e-12
1873 8.56913e-11 2.22977e-12
1875 8.08074e-11 2.41781e-12
1877 8.1088e-11 2.4559e-12
1879 8.05851e-11 2.18272e-12
1881 8.02869e-11 2.36863e-12
1883 7.901e-11 2.07491e-12
1885 8.60016e-11 2.71369e-12
1887 7.98241e-11 2.41995e-12
1889 7.96298e-11 2.08143e-12
1891 7.86134e-11 2.09065e-12
1893 7.71266e-11 2.2322e-12
1895 8.35034e-11 2.36171e-12
1897 7.96062e-11 2.33028e-12
1899 8.0665e-11 2.54322e-12
1901 8.04785e-11 2.30612e-12
1903 7.94671e-11 2.03355e-12
1905 8.38698e-11 2.12606e-12
1907 7.87314e-11 2.41565e-12
1909 8.26672e-11 2.6813e-12
1911 8.14615e-11 2.33065e-12
1913 8.3439e-11 2.21054e-12
1915 8.43224e-11 2.44021e-12
1917 7.44066e-11 2.22195e-12
1919 7.9418e-11 2.1364e-12
1921 8.05958e-11 2.27197e-12
1923 7.86166e-11 2.22537e-12
1925 8.1458e-11 2.18018e-12
1927 8.13294e-11 2.40496e-12
1929 8.05106e-11 2.67941e-12
1931 8.01324e-11 2.62156e-12
1933 7.90069e-11 2.13341e-12
1935 7.91158e-11 2.46177e-12
1937 8.3511e-11 2.28573e-12
1939 7.99088e-11 2.1514e-12
1941 8.22504e-11 2.52453e-12
1943 7.42419e-11 1.8666e-12
1945 8.14223e-11 2.03634e-12
1947 8.26827e-11 2.51017e-12
1949 8.13933e-11 2.1994e-12
1951 7.85745e-11 2.37382e-12
1953 7.84364e-11 2.22386e-12
1955 8.07158e-11 2.44247e-12
1957 8.02777e-11 2.22609e-12
1959 8.06822e-11 2.26735e-12
1961 7.83377e-11 2.32426e-12
1963 8.02631e-11 2.32959e-12
1965 8.0409e-11 2.15536e-12
1967 7.75835e-11 2.22223e-12
1969 8.15263e-11 2.33074e-12
1971 7.894e-11 2.34809e-12
1973 7.81036e-11 2.33869e-12
1975 7.69039e-11 2.21015e-12
1977 7.95728e-11 2.38057e-12
1979 7.73868e-11 2.07976e-12
1981 8.424e-11 2.20977e-12
1983 7.96151e-11 2.21892e-12
1985 8.30824e-11 2.62039e-12
1987 7.97194e-11 2.472e-12
1989 7.623e-11 2.0325e-12
1991 8.28402e-11 2.44988e-12
1993 8.01681e-11 2.32892e-12
1995 8.18425e-11 2.2954e-12
1997 8.11192e-11 2.36405e-12
1999 8.10397e-11 2.11353e-12
