1.09967 8.2296e-09 4.71995e-10
3.099 8.24561e-09 4.75852e-10
5.09833 8.1711e-09 4.66597e-10
7.09767 8.95501e-09 4.36259e-10
9.097 8.35401e-09 4.17029e-10
11.0963 8.46791e-09 3.85285e-10
13.0957 9.1096e-09 4.50116e-10
15.095 8.99409e-09 3.57891e-10
17.0943 8.95753e-09 4.02412e-10
19.0937 9.55529e-09 4.14086e-10
21.093 9.76416e-09 3.93996e-10
23.0923 9.50762e-09 3.95732e-10
25.0917 1.06105e-08 3.82548e-10
27.091 9.92953e-09 3.98727e-10
29.0903 1.12777e-08 4.06875e-10
31.0897 1.07592e-08 4.11332e-10
33.089 1.16415e-08 3.98981e-10
35.0883 1.13759e-08 4.06401e-10
37.0877 1.21095e-08 3.86416e-10
39.087 1.20108e-08 4.0808e-10
41.0863 1.32276e-08 3.99264e-10
43.0857 1.34569e-08 4.40208e-10
45.085 1.32141e-08 4.05384e-10
47.0843 1.43491e-08 4.21643e-10
49.0837 1.47941e-08 4.50609e-10
51.083 1.52225e-08 4.16945e-10
53.0823 1.55253e-08 4.6578e-10
55.0817 1.59855e-08 4.27936e-10
57.081 1.64707e-08 4.21431e-10
59.0803 1.70575e-08 4.72364e-10
61.0797 1.74311e-08 4.99632e-10
63.079 1.81865e-08 5.14767e-10
65.0783 1.86554e-08 5.36556e-10
67.0777 1.8656e-08 5.42916e-10
69.077 1.95546e-08 5.71931e-10
71.0763 2.03238e-08 6.24337e-10
73.0757 2.03685e-08 5.87744e-10
75.075 2.15369e-08 6.35299e-10
77.0743 2.19248e-08 6.58056e-10
79.0737 2.20643e-08 6.62162e-10
81.073 2.30972e-08 6.95824e-10
83.0723 2.32949e-08 7.02217e-10
85.0717 2.37727e-08 7.01476e-10
87.071 2.43213e-08 7.4064e-10
89.0703 2.4706e-08 7.52866e-10
91.0697 2.47385e-08 7.7065e-10
93.069 2.54836e-08 7.65276e-10
95.0683 2.54472e-08 7.77781e-10
97.0677 2.63455e-08 7.80483e-10
99.067 2.68214e-08 8.26516e-10
101.066 2.70638e-08 8.48282e-10
103.066 2.72944e-08 8.60681e-10
105.065 2.73546e-08 8.84603e-10
107.064 2.77343e-08 9.10908e-10
109.064 2.78715e-08 9.70621e-10
111.063 2.77553e-08 9.97141e-10
113.062 2.76907e-08 1.0265e-09
115.062 2.77484e-08 9.86652e-10
117.061 2.73644e-08 1.0392e-09
119.06 2.70369e-08 1.0766e-09
121.06 2.65163e-08 9.96374e-10
123.059 2.56445e-08 1.01296e-09
125.058 2.48105e-08 1.04153e-09
127.058 2.39058e-08 1.03483e-09
129.057 2.31137e-08 1.03797e-09
131.056 2.284e-08 1.06546e-09
133.056 2.18049e-08 1.06486e-09
135.055 2.03363e-08 1.01102e-09
137.054 1.97204e-08 1.03428e-09
139.054 1.82896e-08 1.0165e-09
141.053 1.73648e-08 1.11047e-09
143.052 1.59202e-08 1.03077e-09
145.052 1.51683e-08 1.01955e-09
147.051 1.41518e-08 9.61324e-10
149.05 1.28564e-08 9.33426e-10
151.05 1.10617e-08 8.33688e-10
153.049 1.02523e-08 7.99993e-10
155.048 9.23198e-09 7.58218e-10
157.048 7.93447e-09 7.21966e-10
159.047 7.58578e-09 7.02139e-10
161.046 6.78036e-09 6.87087e-10
163.046 6.8366e-09 7.07236e-10
165.045 6.11118e-09 7.12754e-10
167.044 5.0054e-09 6.30356e-10
169.044 4.20556e-09 5.77507e-10
171.043 3.55722e-09 5.93214e-10
173.042 3.27888e-09 5.54265e-10
175.042 2.94809e-09 5.63365e-10
177.041 2.84164e-09 5.93327e-10
179.04 1.98593e-09 4.62748e-10
181.04 1.26453e-09 3.7378e-10
183.039 5.1342e-10 2.5598e-10
185.038 6.05389e-10 2.62334e-10
187.038 3.63785e-10 2.03198e-10
189.037 4.98293e-10 2.98256e-10
191.036 3.30268e-10 3.13493e-10
193.036 3.47138e-10 3.45091e-10
195.035 6.65455e-11 6.61529e-11
197.034 0 0
199.034 0 0
201.033 0 0
203.032 0 0
205.032 0 0
207.031 0 0
209.03 3.2013e-11 3.05808e-11
211.03 0 0
213.029 0 0
215.028 0 0
217.028 0 0
219.027 0 0
221.026 0 0
223.026 0 0
225.025 0 0
227.024 0 0
229.024 0 0
231.023 0 0
233.022 0 0
235.022 0 0
237.021 0 0
239.02 0 0
241.02 0 0
243.019 0 0
245.018 0 0
247.018 0 0
249.017 0 0
251.016 0 0
253.016 0 0
255.015 0 0
257.014 0 0
259.014 0 0
261.013 0 0
263.012 0 0
265.012 0 0
267.011 0 0
269.01 0 0
271.01 0 0
273.009 0 0
275.008 0 0
277.008 0 0
279.007 0 0
281.006 0 0
283.006 0 0
285.005 0 0
287.004 0 0
289.004 0 0
291.003 0 0
293.002 0 0
295.002 0 0
297.001 0 0
299 0 0
