1.09967 3.2314e-10
3.099 1.02635e-09
5.09833 7.55296e-10
7.09767 1.19718e-09
9.097 5.81218e-10
11.0963 1.2311e-09
13.0957 9.00669e-10
15.095 1.52645e-09
17.0943 1.19752e-09
19.0937 1.27672e-09
21.093 1.52317e-09
23.0923 1.84733e-09
25.0917 1.90055e-09
27.091 1.89371e-09
29.0903 1.88667e-09
31.0897 2.38367e-09
33.089 2.53005e-09
35.0883 2.81622e-09
37.0877 3.05675e-09
39.087 3.08773e-09
41.0863 3.7229e-09
43.0857 3.70104e-09
45.085 4.22716e-09
47.0843 4.80917e-09
49.0837 4.99249e-09
51.083 5.16116e-09
53.0823 5.52278e-09
55.0817 6.86691e-09
57.081 7.23222e-09
59.0803 7.69553e-09
61.0797 7.85212e-09
63.079 9.44045e-09
65.0783 1.00042e-08
67.0777 1.09453e-08
69.077 1.15671e-08
71.0763 1.35049e-08
73.0757 1.37297e-08
75.075 1.62662e-08
77.0743 1.60131e-08
79.0737 1.80218e-08
81.073 2.06472e-08
83.0723 2.20435e-08
85.0717 2.38388e-08
87.071 2.72075e-08
89.0703 3.02409e-08
91.0697 3.07839e-08
93.069 3.39655e-08
95.0683 3.79841e-08
97.0677 4.15137e-08
99.067 4.64232e-08
101.066 4.89481e-08
103.066 5.42118e-08
105.065 6.14579e-08
107.064 6.43633e-08
109.064 7.30728e-08
111.063 7.74454e-08
113.062 8.2231e-08
115.062 8.856e-08
117.061 1.00731e-07
119.06 1.06463e-07
121.06 1.18577e-07
123.059 1.30342e-07
125.058 1.41173e-07
127.058 1.57326e-07
129.057 1.74911e-07
131.056 1.87047e-07
133.056 2.01202e-07
135.055 2.22752e-07
137.054 2.44343e-07
139.054 2.69549e-07
141.053 2.93362e-07
143.052 3.27071e-07
145.052 3.75434e-07
147.051 3.87447e-07
149.05 4.40621e-07
151.05 4.88371e-07
153.049 5.15483e-07
155.048 5.64815e-07
157.048 5.9626e-07
159.047 6.3845e-07
161.046 6.81515e-07
163.046 7.77778e-07
165.045 8.60665e-07
167.044 9.16102e-07
169.044 9.90047e-07
171.043 1.10911e-06
173.042 1.17746e-06
175.042 1.242e-06
177.041 1.43382e-06
179.04 1.49199e-06
181.04 1.73311e-06
183.039 1.83301e-06
185.038 1.84198e-06
187.038 1.83257e-06
189.037 1.86773e-06
191.036 1.83758e-06
193.036 1.95809e-06
195.035 2.13876e-06
197.034 2.45448e-06
199.034 2.74581e-06
201.033 3.09268e-06
203.032 3.34038e-06
205.032 3.6163e-06
207.031 3.87914e-06
209.03 3.96864e-06
211.03 4.42059e-06
213.029 3.88923e-06
215.028 4.56295e-06
217.028 5.26669e-06
219.027 5.82208e-06
221.026 5.07429e-06
223.026 4.29705e-06
225.025 4.74917e-06
227.024 5.19716e-06
229.024 4.61353e-06
231.023 5.65164e-06
233.022 5.92661e-06
235.022 4.37624e-06
237.021 5.06115e-06
239.02 7.12112e-06
241.02 8.69897e-06
243.019 8.31532e-06
245.018 8.98984e-06
247.018 6.91252e-06
249.017 5.87782e-06
251.016 8.84478e-06
253.016 8.91917e-06
255.015 1.01883e-05
257.014 1.13127e-05
259.014 1.13523e-05
261.013 7.80562e-06
263.012 1.38029e-05
265.012 1.33067e-05
267.011 1.18495e-05
269.01 9.48725e-06
271.01 8.28454e-06
273.009 0.00930572
275.008 0.000300408
277.008 0
279.007 0
281.006 0
283.006 0
285.005 0
287.004 0
289.004 0
291.003 0
293.002 0
295.002 0
297.001 0
299 0
