-2.2 0.00999168
-2.1 0.00997222
-2 0.00996023
-1.9 0.00993672
-1.8 0.00990628
-1.7 0.00989151
-1.6 0.00987368
-1.5 0.00984463
-1.4 0.00981432
-1.3 0.00979655
-1.2 0.00978264
-1.1 0.00976831
-1 0.00975297
-0.9 0.00973846
-0.8 0.0097014
-0.7 0.00968607
-0.6 0.00966741
-0.5 0.009643
-0.4 0.00962154
-0.3 0.0096073
-0.2 0.0095754
-0.1 0.00954127
-4.44089e-16 0.00950835
0.1 0.00947773
0.2 0.00946052
0.3 0.00944109
0.4 0.00943977
0.5 0.00943207
0.6 0.0094261
0.7 0.00941501
0.8 0.0093991
0.9 0.00938083
1 0.00936667
1.1 0.00935346
1.2 0.00932691
1.3 0.00927985
1.4 0.00925327
1.5 0.0092367
1.6 0.00923511
1.7 0.0092069
1.8 0.00918153
1.9 0.00917169
2 0.00915523
2.1 0.00911965
2.2 0.00910343
2.3 0.00910056
2.4 0.00908847
2.5 0.00907711
2.6 0.0090487
2.7 0.00903605
2.8 0.00902648
2.9 0.00900478
3 0.00899747
3.1 0.00898473
3.2 0.00896533
3.3 0.00893712
3.4 0.00891298
3.5 0.00888864
3.6 0.00886844
3.7 0.00884164
3.8 0.00881451
3.9 0.0087926
4 0.00877163
4.1 0.00876143
4.2 0.00874547
4.3 0.00874572
4.4 0.00874095
4.5 0.00871801
4.6 0.00869876
4.7 0.00867725
4.8 0.00867376
4.9 0.00866072
5 0.00864286
5.1 0.00862253
5.2 0.00861082
5.3 0.00861112
5.4 0.00860701
5.5 0.00861153
5.6 0.00860779
5.7 0.00858961
5.8 0.00856832
5.9 0.0085286
6 0.00850889
6.1 0.00850376
6.2 0.00850797
6.3 0.00849353
6.4 0.00849138
6.5 0.00847248
6.6 0.00845908
6.7 0.00842875
6.8 0.00841742
6.9 0.00840993
7 0.00839114
7.1 0.00836714
7.2 0.00835169
7.3 0.00835096
7.4 0.0083497
7.5 0.00835179
7.6 0.00834308
7.7 0.00830373
7.8 0.00827882
7.9 0.00825888
8 0.00824951
8.1 0.00822413
8.2 0.00820687
8.3 0.00820217
8.4 0.00819535
8.5 0.00818725
8.6 0.00817422
8.7 0.00815869
8.8 0.00816715
8.9 0.00815867
9 0.00813899
9.1 0.0081323
9.2 0.00812668
9.3 0.00812438
9.4 0.00810829
9.5 0.0080745
9.6 0.00805901
9.7 0.0080446
9.8 0.0080369
9.9 0.00802103
10 0.00800442
10.1 0.00798116
10.2 0.00797884
10.3 0.00795496
10.4 0.00795721
10.5 0.00794959
10.6 0.00793109
10.7 0.00790773
10.8 0.00787816
10.9 0.00785695
11 0.00784091
11.1 0.00779443
11.2 0.00775893
11.3 0.0077313
11.4 0.00772472
11.5 0.00770035
11.6 0.00768243
11.7 0.00765472
11.8 0.00764724
11.9 0.00764243
12 0.00762525
12.1 0.0076403
12.2 0.00761335
12.3 0.00759687
12.4 0.00759219
12.5 0.00755781
12.6 0.00755493
12.7 0.00754117
12.8 0.00750951
12.9 0.00750882
13 0.00749268
13.1 0.00748274
13.2 0.00746059
13.3 0.00744343
13.4 0.00741948
13.5 0.00740691
13.6 0.00737244
13.7 0.0073252
13.8 0.00727844
13.9 0.00724053
14 0.00717665
14.1 0.00712247
14.2 0.00708774
14.3 0.00704717
14.4 0.00701776
14.5 0.00694039
14.6 0.00679643
14.7 0.00652197
14.8 0.00608467
14.9 0.00539262
15 0.0044515
15.1 0.00335689
15.2 0.00223191
15.3 0.00132271
15.4 0.000610664
15.5 0.000248655
15.6 0.000100389
15.7 4.13926e-05
15.8 1.28308e-05
15.9 2.78257e-06
16 0
16.1 0
16.2 0
16.3 0
16.4 0
16.5 0
16.6 0
16.7 0
16.8 0
16.9 0
17 0
17.1 0
17.2 0
17.3 0
17.4 0
17.5 0
17.6 0
17.7 0
17.8 0
17.9 0
18 0
18.1 0
18.2 0
