-2.2 7.07165e-07
-2.1 9.06445e-07
-2 1.96195e-07
-1.9 9.30214e-08
-1.8 1.84168e-07
-1.7 3.88193e-07
-1.6 1.62768e-06
-1.5 1.31261e-07
-1.4 0
-1.3 1.83199e-07
-1.2 7.33264e-09
-1.1 6.93183e-07
-1 0
-0.9 1.1514e-07
-0.8 0
-0.7 2.0493e-08
-0.6 2.80731e-07
-0.5 4.57132e-07
-0.4 3.85592e-07
-0.3 3.18047e-07
-0.2 0
-0.1 1.6301e-07
-4.44089e-16 7.10112e-07
0.1 0
0.2 6.01552e-08
0.3 0
0.4 4.24908e-08
0.5 1.93543e-08
0.6 2.18578e-08
0.7 1.89327e-07
0.8 2.6412e-07
0.9 4.13452e-08
1 4.42086e-07
1.1 7.38845e-07
1.2 5.66638e-07
1.3 0
1.4 1.15564e-06
1.5 1.86808e-07
1.6 1.47443e-07
1.7 1.5033e-06
1.8 6.33677e-07
1.9 2.1293e-07
2 1.72768e-07
2.1 8.46255e-08
2.2 0
2.3 3.17986e-07
2.4 6.91357e-08
2.5 7.79935e-07
2.6 0
2.7 0
2.8 9.79367e-07
2.9 0
3 1.72475e-07
3.1 1.46883e-07
3.2 2.40139e-08
3.3 5.417e-08
3.4 1.8987e-07
3.5 4.45198e-07
3.6 1.32445e-06
3.7 1.77037e-07
3.8 1.91782e-06
3.9 1.04708e-06
4 5.88501e-08
4.1 1.32737e-07
4.2 6.08891e-07
4.3 1.95957e-07
4.4 1.91526e-07
4.5 2.36177e-07
4.6 5.63403e-07
4.7 9.94977e-08
4.8 0
4.9 1.07541e-07
5 2.13757e-07
5.1 6.7489e-08
5.2 3.37301e-07
5.3 2.876e-08
5.4 0
5.5 8.27821e-08
5.6 0
5.7 3.934e-07
5.8 1.29319e-06
5.9 2.43906e-07
6 2.63238e-08
6.1 1.97574e-07
6.2 2.13178e-07
6.3 4.51272e-07
6.4 4.5957e-07
6.5 4.56996e-07
6.6 1.03698e-07
6.7 4.46123e-07
6.8 2.64365e-06
6.9 0
7 4.50256e-07
7.1 4.17361e-07
7.2 0
7.3 5.29617e-07
7.4 1.92132e-06
7.5 0
7.6 2.35503e-07
7.7 5.53566e-08
7.8 2.54862e-07
7.9 5.73787e-08
8 9.62794e-07
8.1 0
8.2 1.32287e-06
8.3 2.91786e-07
8.4 1.52074e-07
8.5 0
8.6 0
8.7 0
8.8 4.76569e-07
8.9 3.40492e-07
9 2.96522e-07
9.1 0
9.2 1.72464e-07
9.3 8.59585e-07
9.4 1.49748e-06
9.5 2.05374e-06
9.6 0
9.7 0
9.8 1.01887e-06
9.9 7.13871e-08
10 3.76526e-08
10.1 2.82062e-08
10.2 1.15037e-06
10.3 3.6524e-07
10.4 3.62323e-08
10.5 3.16641e-07
10.6 5.17448e-07
10.7 0
10.8 1.63042e-07
10.9 0
11 2.23533e-07
11.1 3.44447e-07
11.2 5.79343e-08
11.3 2.46247e-07
11.4 7.99681e-08
11.5 1.86018e-07
11.6 6.40508e-07
11.7 2.60026e-07
11.8 0
11.9 2.34941e-06
12 1.17118e-07
12.1 1.21869e-06
12.2 1.43695e-07
12.3 1.92287e-08
12.4 4.02399e-07
12.5 0
12.6 1.08771e-07
12.7 3.56436e-07
12.8 1.09333e-06
12.9 1.27466e-06
13 4.08383e-07
13.1 4.8306e-08
13.2 8.93416e-07
13.3 1.56617e-07
13.4 1.65624e-08
13.5 1.07613e-06
13.6 7.5864e-07
13.7 2.06152e-07
13.8 3.25233e-06
13.9 2.3358e-06
14 1.39289e-06
14.1 2.16981e-07
14.2 3.25813e-07
14.3 5.76374e-07
14.4 2.50605e-06
14.5 1.6445e-06
14.6 4.02715e-07
14.7 7.03276e-07
14.8 2.18484e-07
14.9 4.20505e-07
15 1.56009e-06
15.1 3.82101e-07
15.2 9.75644e-07
15.3 6.98493e-07
15.4 1.33461e-06
15.5 0
15.6 0
15.7 0
15.8 1.6726e-07
15.9 0
16 0
16.1 0
16.2 0
16.3 0
16.4 0
16.5 0
16.6 0
16.7 3.46341e-07
16.8 0
16.9 0
17 0
17.1 0
17.2 0
17.3 0
17.4 2.62844e-08
17.5 0
17.6 0
17.7 0
17.8 0
17.9 1.07157e-07
18 0
18.1 0
18.2 0
