-2.2 7.22442e-05 4.08908e-06
-2.1 0.00010506 5.13462e-06
-2 0.000117051 5.46147e-06
-1.9 0.000106963 5.33497e-06
-1.8 0.000112262 4.91538e-06
-1.7 0.000115434 5.13544e-06
-1.6 0.000107294 4.47813e-06
-1.5 0.000107737 5.21541e-06
-1.4 0.000108325 5.35625e-06
-1.3 0.000108954 4.73257e-06
-1.2 0.000109681 4.85397e-06
-1.1 0.000111679 6.11189e-06
-1 0.000112759 5.26612e-06
-0.9 0.000115571 4.79814e-06
-0.8 0.000116838 4.78617e-06
-0.7 0.0001152 5.47686e-06
-0.6 0.00011425 4.45657e-06
-0.5 0.000109587 5.1252e-06
-0.4 0.000112246 5.75601e-06
-0.3 0.000123358 5.48671e-06
-0.2 0.000124836 4.9998e-06
-0.1 0.000116554 5.32548e-06
-4.44089e-16 0.000118625 5.17577e-06
0.1 0.000123183 4.3443e-06
0.2 0.0001209 5.50261e-06
0.3 0.000110639 5.42809e-06
0.4 0.000120118 5.53458e-06
0.5 0.000101004 4.81906e-06
0.6 0.00010965 5.02117e-06
0.7 0.000110642 5.43252e-06
0.8 0.000119382 5.1553e-06
0.9 0.000110456 5.92043e-06
1 0.000113561 5.25582e-06
1.1 0.000108651 4.84934e-06
1.2 0.000110911 5.33124e-06
1.3 0.00011194 5.71406e-06
1.4 0.000114694 4.90548e-06
1.5 0.000108609 5.43048e-06
1.6 0.000123137 5.57579e-06
1.7 0.000116589 5.66058e-06
1.8 0.000109478 5.44528e-06
1.9 0.000119103 5.16202e-06
2 0.000108978 5.03233e-06
2.1 0.000119186 5.79627e-06
2.2 0.000104788 5.2303e-06
2.3 0.000112889 5.2635e-06
2.4 0.000104149 4.88172e-06
2.5 0.000114127 4.83635e-06
2.6 0.000111203 5.05051e-06
2.7 0.000113676 5.65948e-06
2.8 0.000106572 5.47278e-06
2.9 0.000118669 6.18403e-06
3 0.000108784 5.19786e-06
3.1 0.000124602 5.49061e-06
3.2 0.00011066 5.36089e-06
3.3 0.000107764 5.42771e-06
3.4 0.000105833 4.84052e-06
3.5 0.000103849 4.79783e-06
3.6 0.000109661 5.11557e-06
3.7 0.000106753 5.05065e-06
3.8 0.000106878 5.2979e-06
3.9 0.000107163 5.47903e-06
4 0.000106763 5.31797e-06
4.1 0.00010514 5.07392e-06
4.2 0.000110343 5.40422e-06
4.3 0.000108225 5.64967e-06
4.4 0.000102626 4.89662e-06
4.5 0.000102922 5.14415e-06
4.6 0.000100252 5.75148e-06
4.7 0.000110601 5.40427e-06
4.8 0.000123766 5.37727e-06
4.9 0.000100979 4.57623e-06
5 0.000100682 4.64352e-06
5.1 0.000108206 4.61255e-06
5.2 9.92176e-05 4.5311e-06
5.3 0.000100364 4.76832e-06
5.4 9.94935e-05 5.08933e-06
5.5 9.75547e-05 4.74674e-06
5.6 9.98563e-05 5.06822e-06
5.7 0.000101698 4.45874e-06
5.8 0.000100142 4.8537e-06
5.9 9.66046e-05 5.19084e-06
6 9.30792e-05 5.21535e-06
6.1 9.43249e-05 5.13151e-06
6.2 8.86114e-05 5.0612e-06
6.3 9.19519e-05 4.3281e-06
6.4 9.45755e-05 4.57802e-06
6.5 0.000101418 5.1258e-06
6.6 0.000101279 4.24002e-06
6.7 9.43052e-05 4.69996e-06
6.8 9.09848e-05 4.44629e-06
6.9 9.58593e-05 4.61579e-06
7 0.000100239 4.72935e-06
7.1 9.24432e-05 4.60777e-06
7.2 8.6167e-05 3.94806e-06
7.3 9.3787e-05 5.31367e-06
7.4 9.22222e-05 5.46976e-06
7.5 8.39996e-05 4.3231e-06
7.6 9.03262e-05 4.30774e-06
7.7 9.40974e-05 4.42698e-06
7.8 9.239e-05 4.53788e-06
7.9 9.68083e-05 5.05238e-06
8 9.81061e-05 5.11022e-06
8.1 9.21742e-05 4.95967e-06
8.2 9.83031e-05 5.16085e-06
8.3 9.60814e-05 5.44173e-06
8.4 9.90452e-05 4.83726e-06
8.5 9.5671e-05 4.68062e-06
8.6 9.14259e-05 5.03083e-06
8.7 9.11956e-05 4.39362e-06
8.8 9.01981e-05 5.18679e-06
8.9 8.3526e-05 4.52937e-06
9 9.62147e-05 5.24811e-06
9.1 9.11246e-05 4.11326e-06
9.2 8.8264e-05 4.67058e-06
9.3 8.62743e-05 4.72316e-06
9.4 9.20906e-05 3.91824e-06
9.5 8.67462e-05 4.55943e-06
9.6 8.78036e-05 4.91792e-06
9.7 9.59469e-05 3.90704e-06
9.8 7.95507e-05 4.93209e-06
9.9 8.84424e-05 4.46785e-06
10 8.43213e-05 4.56118e-06
10.1 9.03602e-05 4.63328e-06
10.2 9.10762e-05 5.05039e-06
10.3 8.77766e-05 4.24465e-06
10.4 8.72839e-05 4.8769e-06
10.5 8.03279e-05 4.10316e-06
10.6 8.39079e-05 4.11459e-06
10.7 8.25664e-05 3.86293e-06
10.8 7.57125e-05 3.80161e-06
10.9 7.54191e-05 3.73899e-06
11 7.20286e-05 4.29506e-06
11.1 8.05034e-05 3.69469e-06
11.2 8.22493e-05 4.83491e-06
11.3 7.8837e-05 4.0353e-06
11.4 8.17712e-05 4.46573e-06
11.5 8.4644e-05 4.57255e-06
11.6 7.92758e-05 4.46001e-06
11.7 7.2081e-05 4.15205e-06
11.8 7.40497e-05 4.31456e-06
11.9 6.88679e-05 4.1335e-06
12 7.28008e-05 3.92548e-06
12.1 7.65158e-05 4.34712e-06
12.2 6.89404e-05 4.08929e-06
12.3 7.01629e-05 3.8638e-06
12.4 6.93601e-05 3.84302e-06
12.5 6.83908e-05 3.86909e-06
12.6 6.80089e-05 3.71951e-06
12.7 6.67492e-05 3.61225e-06
12.8 6.18392e-05 3.47435e-06
12.9 6.00067e-05 3.29319e-06
13 7.16684e-05 3.72409e-06
13.1 7.04031e-05 4.15645e-06
13.2 6.35618e-05 3.56356e-06
13.3 6.36153e-05 4.03787e-06
13.4 7.00622e-05 3.85452e-06
13.5 6.44772e-05 3.6467e-06
13.6 5.66721e-05 3.26109e-06
13.7 6.30554e-05 3.75456e-06
13.8 6.79262e-05 3.84549e-06
13.9 6.7904e-05 3.93677e-06
14 6.22084e-05 3.44572e-06
14.1 7.29307e-05 3.97448e-06
14.2 7.4322e-05 3.89269e-06
14.3 6.6662e-05 3.50516e-06
14.4 6.3754e-05 3.23187e-06
14.5 6.23991e-05 3.05789e-06
14.6 5.50826e-05 3.15542e-06
14.7 4.68539e-05 3.10634e-06
14.8 4.19055e-05 2.55895e-06
14.9 2.5916e-05 1.82609e-06
15 2.36648e-05 1.68338e-06
15.1 1.15316e-05 1.24396e-06
15.2 7.48831e-06 8.28342e-07
15.3 6.60547e-06 1.0331e-06
15.4 4.04119e-06 8.60676e-07
15.5 3.11277e-06 7.64873e-07
15.6 3.80642e-06 7.06951e-07
15.7 3.41772e-06 9.85952e-07
15.8 3.94554e-06 8.51643e-07
15.9 4.55337e-06 9.53338e-07
16 3.42966e-06 7.36686e-07
16.1 2.56887e-06 6.62101e-07
16.2 3.52411e-06 9.26071e-07
16.3 4.70669e-06 1.07067e-06
16.4 4.71323e-06 1.02821e-06
16.5 3.42751e-06 9.25406e-07
16.6 2.40028e-06 7.01706e-07
16.7 3.03927e-06 7.52563e-07
16.8 2.54453e-06 6.16684e-07
16.9 2.4103e-06 5.50535e-07
17 1.60023e-06 6.08866e-07
17.1 2.16167e-06 6.03405e-07
17.2 2.92546e-06 7.91663e-07
17.3 3.04992e-06 8.97975e-07
17.4 2.26322e-06 5.82802e-07
17.5 2.75141e-06 6.86766e-07
17.6 2.36376e-06 6.42312e-07
17.7 3.26696e-06 9.21812e-07
17.8 2.21976e-06 6.65562e-07
17.9 3.01127e-06 7.23701e-07
18 2.39748e-06 6.20454e-07
18.1 3.03253e-06 8.95671e-07
18.2 2.33268e-06 6.37368e-07
