-2.2 6.13287 0.0530267
-2.1 7.24791 0.0682593
-2 7.78889 0.0722514
-1.9 8.11078 0.0758367
-1.8 8.32863 0.0666025
-1.7 8.55383 0.0834833
-1.6 8.75933 0.0747071
-1.5 8.81151 0.073076
-1.4 9.06258 0.0732067
-1.3 9.33992 0.0805269
-1.2 9.49525 0.0714776
-1.1 9.46687 0.0870771
-1 9.62731 0.0766482
-0.9 9.78714 0.0739633
-0.8 9.85736 0.0746762
-0.7 10.0619 0.0852415
-0.6 9.96311 0.0867484
-0.5 10.1365 0.0826343
-0.4 10.1972 0.0786211
-0.3 10.2922 0.0783096
-0.2 10.3968 0.0756383
-0.1 10.3213 0.0772579
-4.44089e-16 10.443 0.0733217
0.1 10.4646 0.0684975
0.2 10.568 0.0850789
0.3 10.8377 0.07433
0.4 10.7777 0.0936122
0.5 10.7783 0.070222
0.6 10.8033 0.0747571
0.7 10.9547 0.0733829
0.8 11.0702 0.0738189
0.9 11.0399 0.0794852
1 11.0272 0.0804802
1.1 11.0935 0.0774661
1.2 11.1839 0.0688206
1.3 11.1453 0.0706461
1.4 11.1547 0.080983
1.5 11.4035 0.0903269
1.6 11.507 0.0921738
1.7 11.5217 0.0831838
1.8 11.5573 0.0786527
1.9 11.4845 0.0813938
2 11.441 0.0813073
2.1 11.4132 0.0735254
2.2 11.6182 0.0823336
2.3 11.5515 0.0816448
2.4 11.4384 0.0765551
2.5 11.569 0.0848664
2.6 11.5733 0.0729903
2.7 11.8152 0.0885567
2.8 11.6166 0.0805782
2.9 11.8054 0.074706
3 11.8603 0.0881301
3.1 11.8344 0.0779818
3.2 11.8938 0.068873
3.3 11.9063 0.0699483
3.4 11.9567 0.077893
3.5 11.8317 0.077357
3.6 12.1257 0.0857692
3.7 11.9268 0.0756918
3.8 12.1157 0.0766716
3.9 12.1648 0.065845
4 12.1574 0.0670821
4.1 12.0986 0.08175
4.2 12.1789 0.0749642
4.3 12.2485 0.0826929
4.4 12.2147 0.0711569
4.5 12.2118 0.0722862
4.6 12.2694 0.0796014
4.7 12.4133 0.0781773
4.8 12.4514 0.0739011
4.9 12.3747 0.072498
5 12.3592 0.0779201
5.1 12.5066 0.0817941
5.2 12.5058 0.0662729
5.3 12.4573 0.0727912
5.4 12.4959 0.0674404
5.5 12.613 0.0751842
5.6 12.6363 0.0803968
5.7 12.5837 0.0835553
5.8 12.6013 0.0733558
5.9 12.5849 0.0769082
6 12.5646 0.0679768
6.1 12.7181 0.0777856
6.2 12.5945 0.0754972
6.3 12.594 0.071928
6.4 12.5934 0.0686363
6.5 12.7449 0.0819866
6.6 12.7286 0.0763072
6.7 12.7738 0.0742135
6.8 12.9288 0.0635289
6.9 12.8525 0.0693043
7 12.866 0.0684559
7.1 12.8658 0.0852317
7.2 12.9864 0.0722445
7.3 13.0571 0.0770476
7.4 13.0247 0.0825954
7.5 13.0065 0.074575
7.6 13.0675 0.0672368
7.7 13.0781 0.0730044
7.8 12.9639 0.0725489
7.9 13.1703 0.0722176
8 13.2534 0.0686558
8.1 13.2189 0.0734346
8.2 13.2681 0.0740949
8.3 13.2671 0.0653885
8.4 13.393 0.0715584
8.5 13.3467 0.0758507
8.6 13.3669 0.0675685
8.7 13.3624 0.0766792
8.8 13.5873 0.074134
8.9 13.5392 0.0666309
9 13.5193 0.0740442
9.1 13.5846 0.0718458
9.2 13.7469 0.0729058
9.3 13.8337 0.0597153
9.4 13.8496 0.0683947
9.5 13.6949 0.0719601
9.6 13.8817 0.0645635
9.7 14.0376 0.0665943
9.8 13.8952 0.0660244
9.9 14.0659 0.0763332
10 14.0736 0.0779206
10.1 14.1397 0.0719143
10.2 14.1992 0.0744722
10.3 14.1247 0.0648896
10.4 14.2906 0.0617099
10.5 14.2346 0.0737513
10.6 14.3662 0.0669089
10.7 14.51 0.0591598
10.8 14.4854 0.0669789
10.9 14.5501 0.0663153
11 14.605 0.059579
11.1 14.5683 0.0676735
11.2 14.7263 0.0692997
11.3 14.8454 0.060348
11.4 14.9404 0.0632597
11.5 14.8358 0.0688689
11.6 15.069 0.0668372
11.7 15.1307 0.0570319
11.8 15.1978 0.054671
11.9 15.3498 0.0630598
12 15.3644 0.072401
12.1 15.5616 0.0676479
12.2 15.6978 0.0588343
12.3 15.7182 0.0590718
12.4 15.7601 0.0551473
12.5 15.9114 0.0594187
12.6 16.0841 0.0628302
12.7 16.2293 0.0616569
12.8 16.4269 0.0658468
12.9 16.6629 0.0564859
13 16.8561 0.0594712
13.1 17.0396 0.0594012
13.2 17.2671 0.0541594
13.3 17.7421 0.0538186
13.4 18.0375 0.0506877
13.5 18.4053 0.0485845
13.6 18.9414 0.050084
13.7 19.5335 0.0448206
13.8 20.3109 0.0461093
13.9 21.2318 0.0497919
14 22.324 0.0530683
14.1 23.9175 0.0500894
14.2 25.8056 0.0484962
14.3 28.7398 0.0594119
14.4 33.0188 0.0555301
14.5 40.1006 0.0637089
14.6 51.4781 0.0780458
14.7 68.3869 0.0850269
14.8 91.061 0.100915
14.9 118.474 0.107907
15 147.625 0.130974
15.1 177.247 0.131918
15.2 206.315 0.149655
15.3 233.593 0.198446
15.4 258.989 0.297689
15.5 282.385 0.441735
15.6 304.043 0.598892
15.7 320.325 1.14863
15.8 316.275 2.30588
15.9 264.552 3.50361
16 178.392 4.50539
16.1 146.372 5.21481
16.2 131.866 5.3277
16.3 134.045 5.17223
16.4 134.603 4.70582
16.5 149.879 4.85635
16.6 139.421 4.67334
16.7 127.759 4.89317
16.8 125.534 4.58601
16.9 135.14 5.00544
17 127.758 5.37926
17.1 130.791 5.08782
17.2 130.476 5.57082
17.3 135.185 4.95497
17.4 130.507 5.16234
17.5 135.721 4.58103
17.6 134.723 5.04812
17.7 125.341 5.80195
17.8 140.734 4.32045
17.9 127.697 5.22115
18 134.532 5.5556
18.1 128.544 5.36682
18.2 123.125 4.89789
