-2.2 3.71629 7.30015e-06
-2.1 3.71632 7.33346e-06
-2 3.71637 7.3954e-06
-1.9 3.74493 7.79813e-06
-1.8 3.74592 7.44842e-06
-1.7 3.74635 7.82908e-06
-1.6 3.77503 8.26239e-06
-1.5 3.77583 7.90208e-06
-1.4 3.77787 8.89095e-06
-1.3 3.80574 8.32635e-06
-1.2 3.80605 8.20614e-06
-1.1 3.81153 9.70252e-06
-1 3.83646 8.33132e-06
-0.9 3.83659 8.33361e-06
-0.8 3.84723 1.02084e-05
-0.7 3.86733 8.59127e-06
-0.6 3.86745 8.75127e-06
-0.5 3.88436 1.11815e-05
-0.4 3.89743 9.2793e-06
-0.3 3.89772 9.57201e-06
-0.2 3.92797 1.0373e-05
-0.1 3.92801 1.04665e-05
-4.44089e-16 3.94861 1.11785e-05
0.1 3.95976 1.08077e-05
0.2 3.96609 1.14691e-05
0.3 3.99666 1.14105e-05
0.4 3.99669 1.15021e-05
0.5 4.00978 1.22491e-05
0.6 4.02913 1.19907e-05
0.7 4.02921 1.20519e-05
0.8 4.05701 1.34049e-05
0.9 4.06196 1.24483e-05
1 4.07331 1.39849e-05
1.1 4.09505 1.26381e-05
1.2 4.09546 1.30594e-05
1.3 4.12404 1.48314e-05
1.4 4.12861 1.33489e-05
1.5 4.14382 1.61709e-05
1.6 4.16236 1.37373e-05
1.7 4.16613 1.59877e-05
1.8 4.19514 1.49391e-05
1.9 4.19696 1.4418e-05
2 4.22121 1.74373e-05
2.1 4.23116 1.45417e-05
2.2 4.24585 1.85873e-05
2.3 4.26586 1.49815e-05
2.4 4.27301 1.83596e-05
2.5 4.29971 1.64169e-05
2.6 4.3042 1.74241e-05
2.7 4.33142 1.83495e-05
2.8 4.33819 1.68124e-05
2.9 4.36227 2.01648e-05
3 4.37352 1.65163e-05
3.1 4.39382 2.10683e-05
3.2 4.40947 1.69128e-05
3.3 4.42683 2.18468e-05
3.4 4.44573 1.76619e-05
3.5 4.46148 2.25747e-05
3.6 4.48232 1.865e-05
3.7 4.49766 2.31733e-05
3.8 4.51939 1.91949e-05
3.9 4.53524 2.34264e-05
4 4.55715 2.01291e-05
4.1 4.57413 2.44244e-05
4.2 4.59577 2.11003e-05
4.3 4.61429 2.49289e-05
4.4 4.63539 2.19473e-05
4.5 4.65569 2.61562e-05
4.6 4.67618 2.35134e-05
4.7 4.69825 2.64152e-05
4.8 4.71834 2.47492e-05
4.9 4.74185 2.6366e-05
5 4.76212 2.62684e-05
5.1 4.78639 2.64219e-05
5.2 4.80768 2.75267e-05
5.3 4.83198 2.6979e-05
5.4 4.85495 2.87652e-05
5.5 4.87897 2.8414e-05
5.6 4.90361 2.94503e-05
5.7 4.92779 2.97856e-05
5.8 4.95349 3.01776e-05
5.9 4.97865 3.07437e-05
6 5.00479 3.14947e-05
6.1 5.03131 3.1963e-05
6.2 5.05802 3.24586e-05
6.3 5.08557 3.39884e-05
6.4 5.11336 3.42863e-05
6.5 5.1417 3.55125e-05
6.6 5.17065 3.75062e-05
6.7 5.20001 3.79318e-05
6.8 5.22998 3.86791e-05
6.9 5.26053 4.01936e-05
7 5.29162 4.09809e-05
7.1 5.32334 4.17979e-05
7.2 5.35568 4.33979e-05
7.3 5.38865 4.37167e-05
7.4 5.42229 4.49358e-05
7.5 5.45663 4.66462e-05
7.6 5.49166 4.8163e-05
7.7 5.52743 4.93802e-05
7.8 5.56397 5.13148e-05
7.9 5.60129 5.29709e-05
8 5.63943 5.45027e-05
8.1 5.6784 5.52502e-05
8.2 5.71826 5.57154e-05
8.3 5.75902 5.72418e-05
8.4 5.80073 5.8106e-05
8.5 5.84341 5.88859e-05
8.6 5.88711 6.03493e-05
8.7 5.93188 6.29774e-05
8.8 5.97775 6.46351e-05
8.9 6.02476 6.52731e-05
9 6.07296 6.75119e-05
9.1 6.12243 7.03346e-05
9.2 6.1732 7.26009e-05
9.3 6.22531 7.32574e-05
9.4 6.27885 7.54814e-05
9.5 6.33389 7.66556e-05
9.6 6.39048 7.77439e-05
9.7 6.44872 8.01751e-05
9.8 6.50865 8.37522e-05
9.9 6.57036 8.77947e-05
10 6.63398 9.26341e-05
10.1 6.69959 9.75968e-05
10.2 6.76727 0.000101268
10.3 6.83717 0.000104903
10.4 6.90938 0.00010813
10.5 6.98406 0.000112506
10.6 7.06133 0.000116311
10.7 7.14133 0.000119988
10.8 7.22424 0.000126562
10.9 7.31023 0.000131701
11 7.39952 0.000137205
11.1 7.49227 0.000142153
11.2 7.5888 0.000149778
11.3 7.68931 0.00015316
11.4 7.79413 0.000164957
11.5 7.90342 0.000162264
11.6 8.01765 0.000170427
11.7 8.1373 0.000178426
11.8 8.26272 0.000188492
11.9 8.39424 0.000200683
12 8.53257 0.000216199
12.1 8.67821 0.000230329
12.2 8.83185 0.000259733
12.3 8.99425 0.000266574
12.4 9.16654 0.000316631
12.5 9.34924 0.000339629
12.6 9.5438 0.000360591
12.7 9.75214 0.000428315
12.8 9.97488 0.000444094
12.9 10.2145 0.000511915
13 10.4731 0.000617782
13.1 10.7534 0.000666082
13.2 11.0587 0.000735577
13.3 11.3941 0.000796874
13.4 11.7625 0.0008409
13.5 12.1714 0.00117036
13.6 12.63 0.00148926
13.7 13.1447 0.00156472
13.8 13.7316 0.00180895
13.9 14.4074 0.00247986
14 15.197 0.00298614
14.1 16.1451 0.0031551
14.2 17.2842 0.00369898
14.3 18.7137 0.00509777
14.4 20.5775 0.00568154
14.5 23.1128 0.00762412
14.6 26.6411 0.0098531
14.7 31.4911 0.0132788
14.8 37.9328 0.0185769
14.9 45.9691 0.0230806
15 55.2745 0.0284724
15.1 65.6016 0.0376532
15.2 76.6453 0.0442783
15.3 87.9306 0.067999
15.4 99.3907 0.113923
15.5 110.832 0.177705
15.6 122.501 0.256225
15.7 133.937 0.532297
15.8 144.855 1.1237
15.9 162.333 2.63465
16 203.726 14.6281
16.1 196.757 82.7443
16.2 24.288 18.4763
16.3 0 0
16.4 0 0
16.5 0 0
16.6 0 0
16.7 0 0
16.8 0 0
16.9 0 0
17 0 0
17.1 0 0
17.2 0 0
17.3 0 0
17.4 0 0
17.5 0 0
17.6 0 0
17.7 0 0
17.8 0 0
17.9 0 0
18 0 0
18.1 0 0
18.2 0 0
