-2.2 0.0535627 3.63351e-05
-2.1 0.0540583 3.4486e-05
-2 0.0543282 4.30685e-05
-1.9 0.0547613 3.78386e-05
-1.8 0.0549062 3.95487e-05
-1.7 0.0550544 4.0764e-05
-1.6 0.0554566 3.66292e-05
-1.5 0.055529 3.78702e-05
-1.4 0.0556463 3.83813e-05
-1.3 0.0560312 3.93386e-05
-1.2 0.0560862 3.67863e-05
-1.1 0.0561781 4.04297e-05
-1 0.0564792 4.3735e-05
-0.9 0.0565449 4.02166e-05
-0.8 0.0567031 3.79484e-05
-0.7 0.0569392 4.25363e-05
-0.6 0.0569007 4.03282e-05
-0.5 0.057129 4.3265e-05
-0.4 0.0573341 4.28132e-05
-0.3 0.0573371 4.05778e-05
-0.2 0.0577292 4.2328e-05
-0.1 0.0576648 4.00877e-05
-4.44089e-16 0.0579695 4.16697e-05
0.1 0.0580888 4.13958e-05
0.2 0.0581877 3.94289e-05
0.3 0.0585664 4.21216e-05
0.4 0.0585251 4.30554e-05
0.5 0.0586729 4.52633e-05
0.6 0.0588771 4.50307e-05
0.7 0.0588791 4.05289e-05
0.8 0.0592678 3.82248e-05
0.9 0.0592087 4.46663e-05
1 0.0593003 4.34713e-05
1.1 0.0595265 3.9721e-05
1.2 0.0595176 4.10567e-05
1.3 0.0598446 3.88234e-05
1.4 0.0598627 4.39594e-05
1.5 0.0600428 5.24826e-05
1.6 0.0602978 4.77289e-05
1.7 0.060207 4.19322e-05
1.8 0.0605085 4.27084e-05
1.9 0.060477 4.6038e-05
2 0.0606316 4.23279e-05
2.1 0.0607173 4.28177e-05
2.2 0.0608368 4.38853e-05
2.3 0.0609721 4.43426e-05
2.4 0.060924 4.15898e-05
2.5 0.0612745 4.487e-05
2.6 0.061278 4.69782e-05
2.7 0.0616097 4.60463e-05
2.8 0.0615327 3.95781e-05
2.9 0.0617921 4.11833e-05
3 0.0618655 4.67512e-05
3.1 0.0620111 4.63097e-05
3.2 0.0620868 4.33217e-05
3.3 0.062182 4.37624e-05
3.4 0.0623533 4.31077e-05
3.5 0.0624057 4.39811e-05
3.6 0.0626212 4.23407e-05
3.7 0.0626503 4.21263e-05
3.8 0.0628545 4.27557e-05
3.9 0.0629045 4.16791e-05
4 0.0631226 4.23448e-05
4.1 0.063208 4.25518e-05
4.2 0.0633531 4.85021e-05
4.3 0.0634605 4.87635e-05
4.4 0.0635626 4.68095e-05
4.5 0.0636746 4.55317e-05
4.6 0.0638426 4.79154e-05
4.7 0.0640015 4.43794e-05
4.8 0.0641081 4.57679e-05
4.9 0.0642023 4.80173e-05
5 0.064353 4.21068e-05
5.1 0.0645523 4.52883e-05
5.2 0.064639 4.41548e-05
5.3 0.0647456 4.05707e-05
5.4 0.0648747 3.71424e-05
5.5 0.0649904 4.17369e-05
5.6 0.0651286 4.18707e-05
5.7 0.0652677 5.02785e-05
5.8 0.0653407 4.80812e-05
5.9 0.0655109 4.80592e-05
6 0.0656423 4.53859e-05
6.1 0.065807 4.18355e-05
6.2 0.0658889 3.93982e-05
6.3 0.0660321 4.58153e-05
6.4 0.0661506 4.5338e-05
6.5 0.0663453 4.50991e-05
6.6 0.0665146 4.67478e-05
6.7 0.0666368 4.61747e-05
6.8 0.0667972 4.01278e-05
6.9 0.066927 4.43796e-05
7 0.0671018 4.31406e-05
7.1 0.06721 4.75175e-05
7.2 0.0673522 4.19133e-05
7.3 0.0675525 4.47001e-05
7.4 0.0677379 4.6821e-05
7.5 0.0678382 4.35139e-05
7.6 0.0680301 4.34671e-05
7.7 0.0682091 4.3774e-05
7.8 0.0684312 4.43791e-05
7.9 0.0687269 4.74945e-05
8 0.0690037 4.84593e-05
8.1 0.0692214 4.63218e-05
8.2 0.0694363 4.76573e-05
8.3 0.06971 4.47323e-05
8.4 0.0699626 4.03764e-05
8.5 0.0701766 4.15192e-05
8.6 0.070468 4.34178e-05
8.7 0.0707572 4.23792e-05
8.8 0.0710099 4.34485e-05
8.9 0.0713155 4.37263e-05
9 0.071606 4.68023e-05
9.1 0.071948 3.98222e-05
9.2 0.0722635 4.09127e-05
9.3 0.0726013 4.12021e-05
9.4 0.0729301 4.3564e-05
9.5 0.0732337 5.04448e-05
9.6 0.073653 4.307e-05
9.7 0.0739814 4.76177e-05
9.8 0.0742896 4.75498e-05
9.9 0.0747583 4.36564e-05
10 0.075147 4.45555e-05
10.1 0.0755334 4.30832e-05
10.2 0.0759436 4.74838e-05
10.3 0.0763719 4.86231e-05
10.4 0.0768619 5.07739e-05
10.5 0.0772899 5.01312e-05
10.6 0.0777617 4.63031e-05
10.7 0.0783162 4.43922e-05
10.8 0.0788092 4.65417e-05
10.9 0.0793234 5.06538e-05
11 0.0799059 4.80202e-05
11.1 0.080441 5.18997e-05
11.2 0.0810871 4.73897e-05
11.3 0.0817863 4.99672e-05
11.4 0.0824164 5.18732e-05
11.5 0.0831262 5.62594e-05
11.6 0.0839047 5.30974e-05
11.7 0.0846623 5.26602e-05
11.8 0.0854467 5.20574e-05
11.9 0.0863275 6.17303e-05
12 0.0872259 5.79511e-05
12.1 0.0882023 5.32092e-05
12.2 0.0891622 5.48902e-05
12.3 0.0902089 6.06011e-05
12.4 0.0912866 5.15695e-05
12.5 0.0925361 5.21896e-05
12.6 0.0937721 5.81721e-05
12.7 0.0951983 5.69981e-05
12.8 0.0966538 6.40457e-05
12.9 0.0981979 5.94961e-05
13 0.0998891 5.76738e-05
13.1 0.101743 5.5025e-05
13.2 0.103728 6.52319e-05
13.3 0.105962 6.16799e-05
13.4 0.108338 6.74698e-05
13.5 0.110988 6.81945e-05
13.6 0.113868 7.21138e-05
13.7 0.117161 6.6644e-05
13.8 0.120929 7.65734e-05
13.9 0.125123 7.39597e-05
14 0.129853 7.92732e-05
14.1 0.135452 7.91613e-05
14.2 0.141941 8.32299e-05
14.3 0.14976 8.76621e-05
14.4 0.159403 9.39846e-05
14.5 0.17138 0.000107076
14.6 0.185735 0.000105141
14.7 0.20096 0.000124966
14.8 0.213329 0.000143957
14.9 0.216135 0.000145156
15 0.202758 0.00016173
15.1 0.171738 0.000157252
15.2 0.128383 0.000130814
15.3 0.083042 0.000102474
15.4 0.0461457 7.00581e-05
15.5 0.0218142 5.34227e-05
15.6 0.0087652 3.62264e-05
15.7 0.00302437 1.68499e-05
15.8 0.000984211 1.15777e-05
15.9 0.00037971 8.31883e-06
16 0.000224431 5.95726e-06
16.1 0.000203234 5.96098e-06
16.2 0.000188092 5.47521e-06
16.3 0.000192278 5.64072e-06
16.4 0.000196086 5.73362e-06
16.5 0.000198725 5.90788e-06
16.6 0.000190578 5.48678e-06
16.7 0.000196437 6.04076e-06
16.8 0.000186 5.28837e-06
16.9 0.000189033 5.49067e-06
17 0.000181343 6.01061e-06
17.1 0.000174585 4.99474e-06
17.2 0.000177184 4.8472e-06
17.3 0.000183518 5.14445e-06
17.4 0.000184005 5.36254e-06
17.5 0.000174543 5.13412e-06
17.6 0.000176072 5.97077e-06
17.7 0.000172933 5.9841e-06
17.8 0.000173485 6.02107e-06
17.9 0.000160295 5.3108e-06
18 0.000153597 4.4918e-06
18.1 0.000158717 5.95569e-06
18.2 0.000146604 5.15934e-06
