-2.2 35.5391 0.724631
-2.1 38.2798 0.756207
-2 38.8227 0.779263
-1.9 37.7931 0.801184
-1.8 38.3666 0.762721
-1.7 38.6861 0.743809
-1.6 38.6993 0.741056
-1.5 37.9744 0.648039
-1.4 37.993 0.655892
-1.3 39.169 0.663397
-1.2 38.4369 0.688346
-1.1 39.0731 0.696084
-1 38.6944 0.702347
-0.9 39.0702 0.720679
-0.8 39.5982 0.711309
-0.7 39.3238 0.738316
-0.6 39.3491 0.735959
-0.5 39.6145 0.61392
-0.4 40.0208 0.621123
-0.3 39.3675 0.673722
-0.2 47.2352 0.878542
-0.1 47.1193 0.844541
-4.44089e-16 47.9837 0.713398
0.1 46.3031 0.710416
0.2 47.4812 0.718853
0.3 38.3304 0.653718
0.4 39.2237 0.684568
0.5 40.4501 0.576127
0.6 39.4012 0.678187
0.7 40.0846 0.727296
0.8 39.9753 0.609232
0.9 38.4854 0.680719
1 39.3728 0.662963
1.1 38.3297 0.648551
1.2 37.974 0.764268
1.3 39.4831 0.682378
1.4 39.4132 0.767342
1.5 40.0189 0.73273
1.6 41.398 0.720748
1.7 39.2051 0.572375
1.8 39.8865 0.794933
1.9 39.1496 0.683336
2 39.4016 0.619809
2.1 39.986 0.699636
2.2 39.0386 0.595389
2.3 38.684 0.652641
2.4 37.869 0.561752
2.5 38.9603 0.608625
2.6 39.7015 0.777016
2.7 40.461 0.641775
2.8 38.956 0.612282
2.9 39.7371 0.661639
3 40.316 0.610577
3.1 40.5785 0.67743
3.2 39.0571 0.708343
3.3 39.4235 0.651645
3.4 38.4776 0.588227
3.5 39.0974 0.662314
3.6 38.8655 0.610392
3.7 39.6036 0.634875
3.8 39.495 0.537111
3.9 39.1114 0.64959
4 41.1092 0.572464
4.1 39.355 0.602947
4.2 40.8941 0.649335
4.3 39.568 0.594931
4.4 39.0698 0.551054
4.5 39.4773 0.663007
4.6 39.6389 0.68694
4.7 39.5556 0.597249
4.8 39.0396 0.572059
4.9 38.8802 0.594913
5 39.1516 0.607255
5.1 40.1297 0.602713
5.2 39.8303 0.639016
5.3 38.8943 0.616513
5.4 40.1125 0.662139
5.5 39.1524 0.703614
5.6 39.4204 0.637486
5.7 40.2241 0.587997
5.8 38.2404 0.645498
5.9 39.6526 0.685203
6 38.6661 0.62323
6.1 39.3834 0.649719
6.2 38.5112 0.607591
6.3 38.6204 0.640649
6.4 38.8065 0.639619
6.5 38.9671 0.655163
6.6 39.9071 0.637348
6.7 39.3848 0.617281
6.8 39.5386 0.603318
6.9 38.1743 0.543909
7 39.3428 0.62348
7.1 37.5914 0.579882
7.2 39.015 0.633731
7.3 39.1438 0.644696
7.4 39.7695 0.596553
7.5 38.068 0.606522
7.6 38.1219 0.556627
7.7 38.8858 0.668476
7.8 38.4066 0.551069
7.9 39.5984 0.627715
8 39.5416 0.594107
8.1 39.1484 0.570975
8.2 39.0167 0.677584
8.3 39.7821 0.596577
8.4 39.4562 0.593556
8.5 38.126 0.550323
8.6 38.8687 0.617615
8.7 40.1528 0.602374
8.8 38.3658 0.593781
8.9 38.7852 0.563
9 39.4028 0.62241
9.1 39.9385 0.678747
9.2 39.2312 0.528374
9.3 40.0996 0.609322
9.4 39.4785 0.481192
9.5 40.1574 0.581394
9.6 40.5331 0.568185
9.7 38.9177 0.541428
9.8 39.2922 0.508114
9.9 39.5462 0.577713
10 40.2438 0.555339
10.1 39.3598 0.577897
10.2 39.4873 0.580538
10.3 40.411 0.638028
10.4 39.5726 0.623042
10.5 39.2347 0.594003
10.6 39.1745 0.564282
10.7 40.5049 0.616199
10.8 39.8358 0.507453
10.9 39.3323 0.536813
11 40.0123 0.525329
11.1 39.1939 0.544883
11.2 40.7157 0.539202
11.3 41.4598 0.607312
11.4 40.4119 0.566488
11.5 39.8866 0.530135
11.6 39.7956 0.477344
11.7 40.2028 0.504468
11.8 39.9028 0.577274
11.9 41.3938 0.524693
12 41.2954 0.46845
12.1 41.0304 0.484721
12.2 40.3085 0.494839
12.3 40.3184 0.478694
12.4 40.308 0.43782
12.5 40.7381 0.487791
12.6 40.6159 0.548005
12.7 42.3092 0.533349
12.8 41.7958 0.535244
12.9 41.8801 0.492077
13 40.881 0.516709
13.1 41.4639 0.420844
13.2 41.4609 0.478128
13.3 42.7363 0.46383
13.4 41.827 0.434104
13.5 43.0465 0.448385
13.6 42.5503 0.465642
13.7 42.6936 0.422835
13.8 43.3094 0.388677
13.9 43.8559 0.394496
14 43.9486 0.352792
14.1 44.5828 0.360035
14.2 45.3386 0.342144
14.3 46.4205 0.347325
14.4 47.8888 0.338012
14.5 49.9424 0.276926
14.6 54.2064 0.228192
14.7 60.1554 0.207702
14.8 69.0839 0.172294
14.9 79.6567 0.165919
15 91.0801 0.153684
15.1 102.968 0.163327
15.2 114.358 0.163142
15.3 124.564 0.206691
15.4 135.02 0.309051
15.5 145.852 0.615086
15.6 162.441 1.20657
15.7 190.277 3.36594
15.8 262.694 7.8692
15.9 431.622 24.6867
16 671.229 41.2234
16.1 774.634 44.4387
16.2 623.68 40.539
16.3 711.852 46.3728
16.4 734.582 40.5917
16.5 664.379 39.8701
16.6 734.183 53.8889
16.7 719.308 39.9008
16.8 659.295 48.403
16.9 639.247 41.3415
17 728.495 43.8638
17.1 686.666 45.3199
17.2 669.9 40.0216
17.3 721.968 51.2001
17.4 767.97 47.4147
17.5 640.036 40.6176
17.6 627.146 41.0057
17.7 620.743 40.2329
17.8 628.406 44.8484
17.9 660.318 45.2351
18 662.79 52.7171
18.1 697.066 55.262
18.2 614.554 42.8922
