-2.2 5.28134 9.00568e-06
-2.1 5.28137 9.04679e-06
-2 5.28144 9.12309e-06
-1.9 5.31665 9.61128e-06
-1.8 5.31788 9.17978e-06
-1.7 5.31841 9.64832e-06
-1.6 5.35374 1.01735e-05
-1.5 5.35472 9.7293e-06
-1.4 5.35723 1.09453e-05
-1.3 5.39153 1.02419e-05
-1.2 5.39191 1.00936e-05
-1.1 5.39865 1.19313e-05
-1 5.4293 1.02377e-05
-0.9 5.42946 1.02404e-05
-0.8 5.44253 1.25396e-05
-0.7 5.46722 1.05469e-05
-0.6 5.46737 1.07432e-05
-0.5 5.48812 1.37193e-05
-0.4 5.50416 1.13809e-05
-0.3 5.50451 1.17393e-05
-0.2 6.35114 1.62065e-05
-0.1 6.35119 1.63544e-05
-4.44089e-16 6.3836 1.74875e-05
0.1 6.40113 1.69378e-05
0.2 6.411 1.79295e-05
0.3 5.62567 1.39509e-05
0.4 5.62571 1.40629e-05
0.5 5.64171 1.49702e-05
0.6 5.66536 1.46458e-05
0.7 5.66545 1.47203e-05
0.8 5.6994 1.63592e-05
0.9 5.70544 1.51891e-05
1 5.71928 1.70574e-05
1.1 5.74579 1.54049e-05
1.2 5.7463 1.59169e-05
1.3 5.78111 1.80639e-05
1.4 5.78668 1.62542e-05
1.5 5.8052 1.96809e-05
1.6 5.82776 1.67099e-05
1.7 5.83234 1.94422e-05
1.8 5.86762 1.81557e-05
1.9 5.86983 1.75179e-05
2 5.89928 2.11746e-05
2.1 5.91137 1.76508e-05
2.2 5.92919 2.25515e-05
2.3 5.95347 1.81663e-05
2.4 5.96214 2.22542e-05
2.5 5.9945 1.98895e-05
2.6 5.99994 2.10996e-05
2.7 6.03289 2.22115e-05
2.8 6.04109 2.03389e-05
2.9 6.07021 2.43848e-05
3 6.08382 1.99603e-05
3.1 6.10835 2.54509e-05
3.2 6.12725 2.04181e-05
3.3 6.14821 2.63638e-05
3.4 6.17103 2.13012e-05
3.5 6.18999 2.72131e-05
3.6 6.21513 2.24698e-05
3.7 6.2336 2.79036e-05
3.8 6.25977 2.31021e-05
3.9 6.27883 2.81775e-05
4 6.3052 2.41999e-05
4.1 6.3256 2.93457e-05
4.2 6.35161 2.53388e-05
4.3 6.37384 2.99189e-05
4.4 6.39917 2.63245e-05
4.5 6.4235 3.13562e-05
4.6 6.44807 2.81675e-05
4.7 6.4745 3.16306e-05
4.8 6.49856 2.96113e-05
4.9 6.52668 3.15354e-05
5 6.55093 3.13904e-05
5.1 6.57993 3.15628e-05
5.2 6.60535 3.28541e-05
5.3 6.63436 3.2185e-05
5.4 6.66174 3.42922e-05
5.5 6.69037 3.38499e-05
5.6 6.71973 3.50651e-05
5.7 6.74851 3.54348e-05
5.8 6.77907 3.58805e-05
5.9 6.80899 3.65256e-05
6 6.84004 3.73916e-05
6.1 6.87151 3.79244e-05
6.2 6.9032 3.84806e-05
6.3 6.93585 4.02653e-05
6.4 6.96876 4.05889e-05
6.5 7.0023 4.20044e-05
6.6 7.03655 4.43262e-05
6.7 7.07124 4.47927e-05
6.8 7.10663 4.56398e-05
6.9 7.14268 4.73865e-05
7 7.17933 4.82739e-05
7.1 7.21669 4.91951e-05
7.2 7.25475 5.10351e-05
7.3 7.29352 5.13651e-05
7.4 7.33305 5.27496e-05
7.5 7.37336 5.47066e-05
7.6 7.41445 5.64309e-05
7.7 7.45636 5.78005e-05
7.8 7.49915 6.00094e-05
7.9 7.5428 6.1893e-05
8 7.58736 6.36203e-05
8.1 7.63287 6.44337e-05
8.2 7.67935 6.4918e-05
8.3 7.72686 6.66291e-05
8.4 7.7754 6.75633e-05
8.5 7.82504 6.83916e-05
8.6 7.87579 7.00154e-05
8.7 7.92774 7.29774e-05
8.8 7.98091 7.4812e-05
8.9 8.03534 7.54817e-05
9 8.09109 7.79853e-05
9.1 8.14823 8.11502e-05
9.2 8.20681 8.36688e-05
9.3 8.26687 8.4331e-05
9.4 8.3285 8.6773e-05
9.5 8.39177 8.80157e-05
9.6 8.45674 8.91512e-05
9.7 8.52353 9.18099e-05
9.8 8.59216 9.57645e-05
9.9 8.66272 0.000100238
10 8.73537 0.000105605
10.1 8.81019 0.000111103
10.2 8.88727 0.000115124
10.3 8.96673 0.000119097
10.4 9.04872 0.000122549
10.5 9.13336 0.000127266
10.6 9.22081 0.00013131
10.7 9.31118 0.000135215
10.8 9.40469 0.000142345
10.9 9.50151 0.000147843
11 9.60185 0.00015366
11.1 9.7059 0.000158802
11.2 9.81397 0.000166856
11.3 9.92628 0.000169667
11.4 10.0431 0.000176531
11.5 10.1648 0.000178676
11.6 10.2916 0.000188596
11.7 10.4242 0.000197036
11.8 10.5628 0.000206551
11.9 10.7078 0.000218034
12 10.8599 0.000230387
12.1 11.0196 0.000245079
12.2 11.1877 0.000271255
12.3 11.3649 0.000282219
12.4 11.5522 0.000318109
12.5 11.7502 0.000344794
12.6 11.9605 0.000371306
12.7 12.1845 0.000416361
12.8 12.4233 0.00043253
12.9 12.679 0.000488924
13 12.9537 0.000570912
13.1 13.2502 0.000609229
13.2 13.5713 0.000663803
13.3 13.9214 0.000688138
13.4 14.3039 0.000752383
13.5 14.7253 0.000989082
13.6 15.1933 0.00118864
13.7 15.7143 0.00129303
13.8 16.3022 0.00152018
13.9 16.9716 0.00195305
14 17.7433 0.00226471
14.1 18.651 0.00242249
14.2 19.7253 0.00284102
14.3 21.0386 0.00370721
14.4 22.6946 0.00412572
14.5 24.8442 0.00546843
14.6 27.6683 0.0066578
14.7 31.3214 0.00880234
14.8 35.8851 0.0117694
14.9 41.2486 0.0139162
15 47.1544 0.0163991
15.1 53.4011 0.0211409
15.2 59.7898 0.024692
15.3 66.052 0.0357734
15.4 72.2019 0.0594507
15.5 78.1497 0.0889465
15.6 84.0125 0.124887
15.7 89.4841 0.256083
15.8 94.836 0.528478
15.9 102.876 1.20963
16 115.335 5.78266
16.1 61.4496 9.66669
16.2 8.44146 5.22639
16.3 0 0
16.4 0 0
16.5 0 0
16.6 0 0
16.7 0 0
16.8 0 0
16.9 0 0
17 0 0
17.1 0 0
17.2 0 0
17.3 0 0
17.4 0 0
17.5 0 0
17.6 0 0
17.7 0 0
17.8 0 0
17.9 0 0
18 0 0
18.1 0 0
18.2 0 0
