-2.2 5.40942
-2.1 5.47445
-2 5.37904
-1.9 5.4439
-1.8 5.55096
-1.7 5.48624
-1.6 5.67811
-1.5 5.51355
-1.4 5.5536
-1.3 5.61613
-1.2 5.6268
-1.1 5.60861
-1 5.58462
-0.9 5.67854
-0.8 5.65162
-0.7 5.51936
-0.6 5.58697
-0.5 5.62627
-0.4 5.72846
-0.3 5.76564
-0.2 5.80491
-0.1 5.7463
-4.44089e-16 5.79515
0.1 5.82487
0.2 5.84031
0.3 5.85895
0.4 5.84447
0.5 5.98248
0.6 5.95116
0.7 5.9724
0.8 6.02854
0.9 5.96583
1 6.03628
1.1 6.08831
1.2 6.12328
1.3 6.17331
1.4 6.21887
1.5 6.24486
1.6 6.41261
1.7 6.53091
1.8 6.35756
1.9 6.3027
2 6.48542
2.1 6.42352
2.2 6.35271
2.3 6.54052
2.4 6.48361
2.5 6.49972
2.6 6.34449
2.7 6.34371
2.8 6.56522
2.9 6.36172
3 6.49307
3.1 6.50235
3.2 6.5259
3.3 6.57971
3.4 6.78108
3.5 6.76238
3.6 6.82938
3.7 6.7726
3.8 6.95236
3.9 6.9568
4 7.00466
4.1 6.93021
4.2 6.97703
4.3 6.88566
4.4 6.9576
4.5 6.80797
4.6 6.92941
4.7 6.99028
4.8 6.92422
4.9 6.98895
5 7.0889
5.1 7.01134
5.2 7.07135
5.3 7.12959
5.4 7.05372
5.5 7.10584
5.6 7.17027
5.7 7.27049
5.8 7.49321
5.9 7.25413
6 7.28326
6.1 7.36063
6.2 7.4248
6.3 7.52515
6.4 7.63886
6.5 7.56806
6.6 7.67285
6.7 7.73651
6.8 7.74011
6.9 7.69674
7 7.88117
7.1 7.89779
7.2 7.62578
7.3 7.70623
7.4 8.0032
7.5 7.8176
7.6 7.88178
7.7 7.84675
7.8 7.90755
7.9 7.9024
8 8.1953
8.1 8.10002
8.2 8.35349
8.3 8.34014
8.4 8.20489
8.5 8.18437
8.6 8.23788
8.7 8.13706
8.8 8.30125
8.9 8.5019
9 8.55098
9.1 8.40881
9.2 8.59266
9.3 8.77124
9.4 8.80561
9.5 8.96564
9.6 8.87047
9.7 9.0222
9.8 9.10637
9.9 9.05395
10 9.10926
10.1 9.17315
10.2 9.2865
10.3 9.47833
10.4 9.32004
10.5 9.59177
10.6 9.64645
10.7 9.66174
10.8 9.82623
10.9 9.79927
11 10.0404
11.1 10.2733
11.2 10.3203
11.3 10.4053
11.4 10.3458
11.5 10.5072
11.6 10.771
11.7 10.6677
11.8 10.8277
11.9 11.1235
12 11.0615
12.1 11.383
12.2 11.4682
12.3 11.7185
12.4 11.9176
12.5 12.0869
12.6 12.18
12.7 12.5323
12.8 12.7738
12.9 13.1937
13 13.2191
13.1 13.6662
13.2 13.9297
13.3 14.252
13.4 14.6592
13.5 15.1492
13.6 15.5655
13.7 15.9555
13.8 16.7861
13.9 17.4569
14 18.1915
14.1 18.7055
14.2 19.6201
14.3 20.7865
14.4 22.6407
14.5 24.7285
14.6 27.4005
14.7 30.8645
14.8 35.1557
14.9 40.3321
15 46.2705
15.1 52.1966
15.2 58.506
15.3 66.0152
15.4 73.9416
15.5 72.3204
15.6 68.4558
15.7 72.4216
15.8 72.701
15.9 47.8763
16 54.7638
16.1 33.9797
16.2 6.57869
16.3 6.61853
16.4 6.6379
16.5 30.0306
16.6 6.69709
16.7 127.421
16.8 51.5338
16.9 13.0915
17 6.80193
17.1 13.6163
17.2 6.8735
17.3 56.8215
17.4 58.9363
17.5 44.8114
17.6 69.2195
17.7 112.682
17.8 0
17.9 1325.13
18 0
18.1 0
18.2 0.143943
