-2.2 0.00118899 2.25943e-05
-2.1 0.0015327 2.26722e-05
-2 0.00171052 2.81169e-05
-1.9 0.00174634 2.64705e-05
-1.8 0.00180977 2.4538e-05
-1.7 0.00189241 2.63503e-05
-1.6 0.00194428 2.52511e-05
-1.5 0.00197378 2.51775e-05
-1.4 0.0020405 2.51456e-05
-1.3 0.00210021 2.61847e-05
-1.2 0.00214111 2.6983e-05
-1.1 0.0021671 2.87869e-05
-1 0.00219502 2.92183e-05
-0.9 0.0022605 2.65641e-05
-0.8 0.00230891 2.57585e-05
-0.7 0.00232597 2.86848e-05
-0.6 0.0023042 2.67681e-05
-0.5 0.00235846 2.92711e-05
-0.4 0.00243037 2.9349e-05
-0.3 0.00240957 2.6514e-05
-0.2 0.00249047 3.19173e-05
-0.1 0.00244492 2.79955e-05
-4.44089e-16 0.00249864 2.84628e-05
0.1 0.00249916 2.53769e-05
0.2 0.00255157 2.85611e-05
0.3 0.00255259 2.98269e-05
0.4 0.00256397 2.92794e-05
0.5 0.00257841 2.73073e-05
0.6 0.00257903 2.97209e-05
0.7 0.00261217 2.6495e-05
0.8 0.00269452 2.58841e-05
0.9 0.00262759 2.88109e-05
1 0.00263037 2.96149e-05
1.1 0.00263291 2.53777e-05
1.2 0.00265583 2.80193e-05
1.3 0.00268495 3.14532e-05
1.4 0.00269463 3.1147e-05
1.5 0.00276266 3.60689e-05
1.6 0.00284394 3.08491e-05
1.7 0.0027831 2.78213e-05
1.8 0.00279969 2.97577e-05
1.9 0.00281099 3.19206e-05
2 0.00274967 2.70938e-05
2.1 0.0027826 2.81734e-05
2.2 0.00280329 2.9751e-05
2.3 0.00278254 2.85659e-05
2.4 0.00271617 2.7323e-05
2.5 0.0027943 2.73022e-05
2.6 0.00281778 2.99001e-05
2.7 0.00290148 3.08208e-05
2.8 0.00282718 2.77672e-05
2.9 0.00289703 2.78149e-05
3 0.00292007 3.11248e-05
3.1 0.00290153 3.04502e-05
3.2 0.00287685 2.77965e-05
3.3 0.00288335 3.02929e-05
3.4 0.00292155 2.99147e-05
3.5 0.00289173 3.05694e-05
3.6 0.00295579 2.77291e-05
3.7 0.00292445 2.72143e-05
3.8 0.00297512 2.76706e-05
3.9 0.0029401 2.77503e-05
4 0.00301874 2.58732e-05
4.1 0.0030061 3.04652e-05
4.2 0.00299022 2.95622e-05
4.3 0.00298739 2.96632e-05
4.4 0.00298542 2.75816e-05
4.5 0.00298419 3.05333e-05
4.6 0.00302135 3.22803e-05
4.7 0.00304963 2.68386e-05
4.8 0.00304316 2.88614e-05
4.9 0.0029931 2.98981e-05
5 0.00304673 2.53094e-05
5.1 0.00310658 2.76543e-05
5.2 0.00307825 2.85561e-05
5.3 0.0030578 2.62337e-05
5.4 0.00308317 2.73753e-05
5.5 0.00307233 3.1844e-05
5.6 0.00308229 2.87546e-05
5.7 0.00311889 3.2488e-05
5.8 0.00304587 2.88938e-05
5.9 0.00307335 2.95622e-05
6 0.0030652 2.90213e-05
6.1 0.00310996 3.19583e-05
6.2 0.00306269 2.84235e-05
6.3 0.00307544 2.84968e-05
6.4 0.00306222 2.78147e-05
6.5 0.00310205 3.10971e-05
6.6 0.0031597 2.81379e-05
6.7 0.00314372 2.69418e-05
6.8 0.00317363 2.42224e-05
6.9 0.00315413 2.69701e-05
7 0.00319502 2.75659e-05
7.1 0.00315731 3.35897e-05
7.2 0.0031523 2.68516e-05
7.3 0.00320037 2.88756e-05
7.4 0.00321994 3.20766e-05
7.5 0.0031747 2.86951e-05
7.6 0.00319483 2.96726e-05
7.7 0.00317184 2.85127e-05
7.8 0.00316789 2.85756e-05
7.9 0.0032406 2.99598e-05
8 0.00329597 2.9037e-05
8.1 0.00328631 2.69564e-05
8.2 0.00326194 3.28321e-05
8.3 0.0032888 3.06276e-05
8.4 0.00330112 3.06847e-05
8.5 0.00325774 2.87084e-05
8.6 0.00329486 2.8108e-05
8.7 0.00333214 3.10849e-05
8.8 0.00331816 2.91515e-05
8.9 0.0033307 2.98095e-05
9 0.00333023 3.23414e-05
9.1 0.00339777 3.07782e-05
9.2 0.00340743 2.66665e-05
9.3 0.00343745 2.75178e-05
9.4 0.00343465 3.10425e-05
9.5 0.00340194 3.23008e-05
9.6 0.00349719 2.74412e-05
9.7 0.00348309 2.78351e-05
9.8 0.00343974 2.9833e-05
9.9 0.00353178 3.00629e-05
10 0.00355036 3.07611e-05
10.1 0.00354585 3.16534e-05
10.2 0.00354719 3.06316e-05
10.3 0.00354605 3.0778e-05
10.4 0.00359206 3.02283e-05
10.5 0.00355699 3.12039e-05
10.6 0.00356041 2.59419e-05
10.7 0.00361961 2.67711e-05
10.8 0.00361151 2.70959e-05
10.9 0.00360165 2.99173e-05
11 0.0036371 2.68597e-05
11.1 0.00362122 3.1332e-05
11.2 0.00368421 2.66166e-05
11.3 0.00373336 3.2236e-05
11.4 0.00369553 2.84722e-05
11.5 0.00371456 3.16612e-05
11.6 0.00377009 3.02299e-05
11.7 0.00378003 2.63602e-05
11.8 0.00378412 2.81655e-05
11.9 0.00382806 3.55347e-05
12 0.00385901 3.27782e-05
12.1 0.00391748 3.02807e-05
12.2 0.0038888 2.72731e-05
12.3 0.00389319 3.12882e-05
12.4 0.00386936 2.74685e-05
12.5 0.00392288 3.19986e-05
12.6 0.00391971 3.33022e-05
12.7 0.00402821 3.1582e-05
12.8 0.0040677 3.75607e-05
12.9 0.00410093 3.01538e-05
13 0.00413511 3.19692e-05
13.1 0.00421142 3.22216e-05
13.2 0.00427091 3.31225e-05
13.3 0.00440793 3.0644e-05
13.4 0.00449596 3.50156e-05
13.5 0.00464981 3.21135e-05
13.6 0.00480969 3.09218e-05
13.7 0.0050696 3.12582e-05
13.8 0.00550228 3.19912e-05
13.9 0.0060349 3.33843e-05
14 0.00678693 3.58457e-05
14.1 0.00814114 3.83949e-05
14.2 0.0103948 4.31182e-05
14.3 0.0147186 4.46355e-05
14.4 0.0230504 5.02942e-05
14.5 0.0381072 6.02924e-05
14.6 0.0623798 7.72609e-05
14.7 0.0952804 0.000107375
14.8 0.131399 0.00012648
14.9 0.159738 0.000132118
15 0.168891 0.000152305
15.1 0.154164 0.000154319
15.2 0.120575 0.000130664
15.3 0.0800961 0.000102131
15.4 0.045182 7.02284e-05
15.5 0.0215113 5.31473e-05
15.6 0.00865157 3.61488e-05
15.7 0.00295379 1.67872e-05
15.8 0.000920956 1.08457e-05
15.9 0.000315575 7.86102e-06
16 0.00016253 5.34535e-06
16.1 0.000141664 5.42702e-06
16.2 0.000126994 4.94525e-06
16.3 0.000132455 5.05589e-06
16.4 0.000136051 5.26247e-06
16.5 0.000138161 5.60845e-06
16.6 0.000130854 5.12251e-06
16.7 0.000135421 5.4611e-06
16.8 0.000126319 4.9073e-06
16.9 0.000129038 4.81416e-06
17 0.000121853 5.76452e-06
17.1 0.00011547 4.63613e-06
17.2 0.000119952 4.66831e-06
17.3 0.000126798 4.93224e-06
17.4 0.000128365 4.80135e-06
17.5 0.000118136 4.65994e-06
17.6 0.000119706 5.56782e-06
17.7 0.000118925 5.54401e-06
17.8 0.000121067 5.2373e-06
17.9 0.000108567 4.79274e-06
18 0.000102041 4.27818e-06
18.1 0.000107714 5.51392e-06
18.2 9.52845e-05 4.65466e-06
