-2.2 0.00998995 4.14075e-06
-2.1 0.00997002 4.15829e-06
-2 0.00994986 4.12239e-06
-1.9 0.00993011 4.11405e-06
-1.8 0.00991048 4.12556e-06
-1.7 0.00989068 4.12025e-06
-1.6 0.00987131 4.15189e-06
-1.5 0.00985199 4.15496e-06
-1.4 0.00983223 4.16481e-06
-1.3 0.00981264 4.18856e-06
-1.2 0.00979307 4.21254e-06
-1.1 0.00977356 4.24774e-06
-1 0.00975452 4.24996e-06
-0.9 0.00973512 4.24605e-06
-0.8 0.00971547 4.22274e-06
-0.7 0.00969626 4.2198e-06
-0.6 0.00967726 4.1925e-06
-0.5 0.00965843 4.21187e-06
-0.4 0.00963928 4.23927e-06
-0.3 0.00961971 4.22122e-06
-0.2 0.00959897 4.23416e-06
-0.1 0.00957829 4.23852e-06
-4.44089e-16 0.00955768 4.22446e-06
0.1 0.00953674 4.20902e-06
0.2 0.00951609 4.20913e-06
0.3 0.0094964 4.19593e-06
0.4 0.00947781 4.19674e-06
0.5 0.0094586 4.17992e-06
0.6 0.00943979 4.17105e-06
0.7 0.00942084 4.17246e-06
0.8 0.00940228 4.21703e-06
0.9 0.00938396 4.23382e-06
1 0.00936572 4.23401e-06
1.1 0.00934743 4.23809e-06
1.2 0.00932875 4.2128e-06
1.3 0.00931046 4.216e-06
1.4 0.00929214 4.23392e-06
1.5 0.00927383 4.21908e-06
1.6 0.00925539 4.1985e-06
1.7 0.00923675 4.19619e-06
1.8 0.00921836 4.16466e-06
1.9 0.00919975 4.13125e-06
2 0.0091816 4.12676e-06
2.1 0.00916332 4.08003e-06
2.2 0.00914513 4.06062e-06
2.3 0.00912737 4.10779e-06
2.4 0.0091096 4.12103e-06
2.5 0.00909157 4.13082e-06
2.6 0.00907336 4.12882e-06
2.7 0.00905531 4.15196e-06
2.8 0.00903725 4.17651e-06
2.9 0.0090196 4.18414e-06
3 0.00900159 4.21165e-06
3.1 0.00898357 4.19717e-06
3.2 0.00896508 4.16564e-06
3.3 0.00894697 4.16234e-06
3.4 0.00892897 4.17413e-06
3.5 0.00891146 4.18202e-06
3.6 0.00889383 4.2054e-06
3.7 0.00887632 4.198e-06
3.8 0.00885904 4.16818e-06
3.9 0.0088417 4.18914e-06
4 0.00882393 4.17739e-06
4.1 0.00880666 4.1257e-06
4.2 0.00878916 4.07269e-06
4.3 0.00877162 4.06778e-06
4.4 0.0087542 4.04841e-06
4.5 0.00873683 4.03829e-06
4.6 0.00871945 4.01751e-06
4.7 0.00870201 4.02215e-06
4.8 0.00868476 3.98698e-06
4.9 0.00866749 3.94515e-06
5 0.00865069 3.92071e-06
5.1 0.00863322 3.90361e-06
5.2 0.00861581 3.87571e-06
5.3 0.00859897 3.86043e-06
5.4 0.00858199 3.85247e-06
5.5 0.00856533 3.80945e-06
5.6 0.00854867 3.84103e-06
5.7 0.00853173 3.84798e-06
5.8 0.0085151 3.85234e-06
5.9 0.00849887 3.87399e-06
6 0.00848208 3.8656e-06
6.1 0.00846544 3.91683e-06
6.2 0.00844853 3.90737e-06
6.3 0.0084312 3.94335e-06
6.4 0.00841463 3.93254e-06
6.5 0.00839756 3.90822e-06
6.6 0.0083808 3.93133e-06
6.7 0.00836386 3.92702e-06
6.8 0.008347 3.95281e-06
6.9 0.0083304 4.02841e-06
7 0.00831366 4.05256e-06
7.1 0.00829642 4.04161e-06
7.2 0.0082797 3.9943e-06
7.3 0.0082628 3.9668e-06
7.4 0.00824646 3.98243e-06
7.5 0.00823049 3.98295e-06
7.6 0.00821477 3.94783e-06
7.7 0.00819849 3.92568e-06
7.8 0.00818179 3.9101e-06
7.9 0.00816495 3.8629e-06
8 0.00814833 3.81537e-06
8.1 0.00813184 3.77242e-06
8.2 0.00811565 3.74375e-06
8.3 0.00809915 3.64112e-06
8.4 0.00808278 3.61278e-06
8.5 0.00806639 3.59168e-06
8.6 0.00805012 3.58492e-06
8.7 0.0080339 3.54374e-06
8.8 0.00801795 3.54851e-06
8.9 0.00800173 3.60455e-06
9 0.00798513 3.59271e-06
9.1 0.00796834 3.5794e-06
9.2 0.00795211 3.5949e-06
9.3 0.00793548 3.61667e-06
9.4 0.00791879 3.60309e-06
9.5 0.00790265 3.58688e-06
9.6 0.00788581 3.55437e-06
9.7 0.00786955 3.52887e-06
9.8 0.00785302 3.48356e-06
9.9 0.00783594 3.55187e-06
10 0.00781948 3.59882e-06
10.1 0.0078036 3.62359e-06
10.2 0.0077873 3.67127e-06
10.3 0.00777094 3.71841e-06
10.4 0.00775485 3.75694e-06
10.5 0.00773903 3.79254e-06
10.6 0.0077227 3.82068e-06
10.7 0.00770628 3.82493e-06
10.8 0.00769017 3.88029e-06
10.9 0.00767342 3.93029e-06
11 0.00765683 3.89654e-06
11.1 0.00763988 3.90918e-06
11.2 0.00762346 3.96994e-06
11.3 0.00760679 3.89948e-06
11.4 0.00759012 3.84458e-06
11.5 0.00757343 3.84962e-06
11.6 0.00755682 3.90082e-06
11.7 0.00753934 3.91613e-06
11.8 0.00752296 3.93432e-06
11.9 0.00750657 3.88147e-06
12 0.00748981 3.84096e-06
12.1 0.00747216 3.93069e-06
12.2 0.00745528 3.90768e-06
12.3 0.00743872 3.84352e-06
12.4 0.00742162 3.84611e-06
12.5 0.00740441 3.88946e-06
12.6 0.00738762 3.94054e-06
12.7 0.0073702 4.0032e-06
12.8 0.00735274 3.99733e-06
12.9 0.00733487 3.98414e-06
13 0.00731696 3.97631e-06
13.1 0.00729893 4.00365e-06
13.2 0.00728039 4.04784e-06
13.3 0.00726292 4.02137e-06
13.4 0.00724423 4.0597e-06
13.5 0.00722445 3.99576e-06
13.6 0.00720428 3.97178e-06
13.7 0.00718408 3.96208e-06
13.8 0.00716126 3.9954e-06
13.9 0.00713678 3.96032e-06
14 0.00711029 3.92548e-06
14.1 0.0070797 3.86196e-06
14.2 0.00704184 3.90222e-06
14.3 0.00699453 3.87488e-06
14.4 0.00693133 3.8433e-06
14.5 0.00683883 3.83502e-06
14.6 0.00668541 3.71979e-06
14.7 0.00642076 3.73415e-06
14.8 0.00597619 3.65975e-06
14.9 0.00528807 3.47229e-06
15 0.00435349 3.40004e-06
15.1 0.00326457 2.80473e-06
15.2 0.00218505 2.1517e-06
15.3 0.00128262 1.5858e-06
15.4 0.000653305 1.02832e-06
15.5 0.000284984 7.58667e-07
15.6 0.000105449 4.49383e-07
15.7 3.27183e-05 2.06677e-07
15.8 8.60878e-06 1.22594e-07
15.9 1.82488e-06 5.52695e-08
16 3.06743e-07 2.27843e-08
16.1 3.70562e-08 7.30507e-09
16.2 5.35351e-09 3.2832e-09
16.3 0 0
16.4 0 0
16.5 0 0
16.6 0 0
16.7 0 0
16.8 0 0
16.9 0 0
17 0 0
17.1 0 0
17.2 0 0
17.3 0 0
17.4 0 0
17.5 0 0
17.6 0 0
17.7 0 0
17.8 0 0
17.9 0 0
18 0 0
18.1 0 0
18.2 0 0
