-2.2 0.0100404
-2.1 0.0100603
-2 0.0100446
-1.9 0.0100335
-1.8 0.0100439
-1.7 0.0100173
-1.6 0.01001
-1.5 0.0100022
-1.4 0.00999128
-1.3 0.0100055
-1.2 0.0099914
-1.1 0.00994929
-1 0.00994043
-0.9 0.00992592
-0.8 0.00988314
-0.7 0.00984937
-0.6 0.00984642
-0.5 0.00982979
-0.4 0.00982661
-0.3 0.00986214
-0.2 0.00980524
-0.1 0.00976781
-4.44089e-16 0.0097644
0.1 0.00976162
0.2 0.00976507
0.3 0.00972057
0.4 0.00968765
0.5 0.00976604
0.6 0.00976816
0.7 0.00973615
0.8 0.00973024
0.9 0.00973261
1 0.00970614
1.1 0.00971812
1.2 0.00971172
1.3 0.00967714
1.4 0.00965842
1.5 0.00965358
1.6 0.00967138
1.7 0.00963742
1.8 0.00957723
1.9 0.00956915
2 0.00961783
2.1 0.00954097
2.2 0.00951954
2.3 0.00953264
2.4 0.00949798
2.5 0.00948393
2.6 0.00945605
2.7 0.00944217
2.8 0.00944464
2.9 0.00942084
3 0.0094364
3.1 0.00944875
3.2 0.00945281
3.3 0.00942135
3.4 0.00941017
3.5 0.00939093
3.6 0.00936346
3.7 0.00932879
3.8 0.00929039
3.9 0.00927534
4 0.00925872
4.1 0.00923872
4.2 0.00921929
4.3 0.00920965
4.4 0.0091815
4.5 0.0091154
4.6 0.00910064
4.7 0.00909012
4.8 0.00908535
4.9 0.00907415
5 0.00907169
5.1 0.00903766
5.2 0.00904697
5.3 0.0090306
5.4 0.00900655
5.5 0.00905462
5.6 0.00903849
5.7 0.00902566
5.8 0.00901283
5.9 0.00900787
6 0.00898288
6.1 0.00897475
6.2 0.00899177
6.3 0.00901349
6.4 0.0090272
6.5 0.00902003
6.6 0.00899552
6.7 0.00896135
6.8 0.00892353
6.9 0.00896864
7 0.0089238
7.1 0.00887695
7.2 0.0087992
7.3 0.00880448
7.4 0.00881622
7.5 0.00881176
7.6 0.0087871
7.7 0.00872001
7.8 0.00866863
7.9 0.0086423
8 0.00865325
8.1 0.00861747
8.2 0.00860777
8.3 0.00860663
8.4 0.00857325
8.5 0.00855076
8.6 0.00850939
8.7 0.00848927
8.8 0.00850671
8.9 0.00853331
9 0.00851026
9.1 0.0084866
9.2 0.00848155
9.3 0.00851001
9.4 0.0084642
9.5 0.00845482
9.6 0.00842967
9.7 0.00840199
9.8 0.00839696
9.9 0.00836676
10 0.00834215
10.1 0.00831752
10.2 0.00829609
10.3 0.00828584
10.4 0.00827932
10.5 0.00827112
10.6 0.00824646
10.7 0.00823423
10.8 0.00821623
10.9 0.00817833
11 0.0081631
11.1 0.00811212
11.2 0.00808533
11.3 0.00804052
11.4 0.0080083
11.5 0.00797996
11.6 0.00797177
11.7 0.00792742
11.8 0.0079139
11.9 0.00790678
12 0.00787596
12.1 0.00789081
12.2 0.00784995
12.3 0.00784116
12.4 0.00782171
12.5 0.00778181
12.6 0.00775346
12.7 0.00774131
12.8 0.0076924
12.9 0.0077059
13 0.00767081
13.1 0.00765856
13.2 0.00765917
13.3 0.0076253
13.4 0.00759138
13.5 0.0075704
13.6 0.0075239
13.7 0.00747027
13.8 0.00742602
13.9 0.00738644
14 0.00733512
14.1 0.00727624
14.2 0.00721362
14.3 0.00715652
14.4 0.00712495
14.5 0.00705646
14.6 0.00688067
14.7 0.00658465
14.8 0.00614198
14.9 0.00542747
15 0.00448582
15.1 0.00338488
15.2 0.00226262
15.3 0.00134775
15.4 0.000623521
15.5 0.000269448
15.6 0.000111988
15.7 5.09372e-05
15.8 2.15394e-05
15.9 1.14592e-05
16 7.88526e-06
16.1 3.95729e-06
16.2 2.58414e-06
16.3 2.5841e-06
16.4 2.58514e-06
16.5 2.58656e-06
16.6 2.59289e-06
16.7 4.19382e-06
16.8 5.19457e-06
16.9 2.59491e-06
17 2.59573e-06
17.1 2.59416e-06
17.2 2.59348e-06
17.3 4.57886e-06
17.4 4.67218e-06
17.5 5.39249e-06
17.6 4.48062e-06
17.7 1.36564e-06
17.8 0
17.9 0
18 0
18.1 0
18.2 0
