-2.2 3.71651 7.41725e-06
-2.1 3.71654 7.44721e-06
-2 3.71659 7.5135e-06
-1.9 3.74516 7.83638e-06
-1.8 3.74615 7.48716e-06
-1.7 3.74659 7.88927e-06
-1.6 3.77527 8.58773e-06
-1.5 3.77606 8.25385e-06
-1.4 3.77812 9.20351e-06
-1.3 3.80598 8.52888e-06
-1.2 3.80628 8.40321e-06
-1.1 3.81182 9.83288e-06
-1 3.8367 8.26628e-06
-0.9 3.83683 8.27223e-06
-0.8 3.84755 1.01507e-05
-0.7 3.86758 8.5404e-06
-0.6 3.8677 8.70795e-06
-0.5 3.8847 1.10433e-05
-0.4 3.89769 9.22492e-06
-0.3 3.89802 9.66543e-06
-0.2 3.92825 1.03909e-05
-0.1 3.92829 1.04915e-05
-4.44089e-16 3.94896 1.11438e-05
0.1 3.96005 1.08935e-05
0.2 3.96641 1.18564e-05
0.3 3.99695 1.15701e-05
0.4 3.99698 1.16677e-05
0.5 4.01014 1.23463e-05
0.6 4.02943 1.18351e-05
0.7 4.0295 1.18934e-05
0.8 4.05736 1.3458e-05
0.9 4.06226 1.26502e-05
1 4.07369 1.40811e-05
1.1 4.09536 1.25577e-05
1.2 4.09578 1.29719e-05
1.3 4.12441 1.46343e-05
1.4 4.12893 1.32244e-05
1.5 4.14425 1.60704e-05
1.6 4.16269 1.38658e-05
1.7 4.16652 1.60391e-05
1.8 4.1955 1.48761e-05
1.9 4.1973 1.43805e-05
2 4.22166 1.75737e-05
2.1 4.23151 1.47677e-05
2.2 4.24633 1.89587e-05
2.3 4.26621 1.51389e-05
2.4 4.27346 1.8278e-05
2.5 4.3001 1.63714e-05
2.6 4.30462 1.75347e-05
2.7 4.33187 1.83477e-05
2.8 4.33859 1.70518e-05
2.9 4.36278 2.04373e-05
3 4.37391 1.67193e-05
3.1 4.39437 2.12403e-05
3.2 4.40987 1.71177e-05
3.3 4.42739 2.19795e-05
3.4 4.44616 1.77693e-05
3.5 4.46206 2.25713e-05
3.6 4.48276 1.87025e-05
3.7 4.49824 2.34933e-05
3.8 4.51985 1.93571e-05
3.9 4.53584 2.39597e-05
4 4.55764 2.04375e-05
4.1 4.57475 2.48171e-05
4.2 4.59628 2.13228e-05
4.3 4.61493 2.51813e-05
4.4 4.63594 2.22901e-05
4.5 4.65635 2.67635e-05
4.6 4.67675 2.38835e-05
4.7 4.69892 2.66038e-05
4.8 4.71896 2.47116e-05
4.9 4.74253 2.62107e-05
5 4.7628 2.67532e-05
5.1 4.78708 2.6734e-05
5.2 4.8084 2.79638e-05
5.3 4.83269 2.73539e-05
5.4 4.85572 2.83777e-05
5.5 4.87971 2.82436e-05
5.6 4.9044 2.95758e-05
5.7 4.92859 3.02632e-05
5.8 4.9543 3.0376e-05
5.9 4.9795 3.13487e-05
6 5.00564 3.136e-05
6.1 5.0322 3.1943e-05
6.2 5.05893 3.2977e-05
6.3 5.0865 3.43295e-05
6.4 5.11432 3.51909e-05
6.5 5.14268 3.65425e-05
6.6 5.17166 3.82252e-05
6.7 5.20105 3.85067e-05
6.8 5.23105 3.91012e-05
6.9 5.26163 4.15664e-05
7 5.29276 4.31055e-05
7.1 5.32451 4.29369e-05
7.2 5.35689 4.37895e-05
7.3 5.38989 4.47205e-05
7.4 5.42357 4.63486e-05
7.5 5.45795 4.71862e-05
7.6 5.49303 4.87679e-05
7.7 5.52885 4.97491e-05
7.8 5.56544 5.12501e-05
7.9 5.60282 5.38589e-05
8 5.64101 5.53726e-05
8.1 5.68003 5.55519e-05
8.2 5.71994 5.5979e-05
8.3 5.76077 5.7729e-05
8.4 5.80255 5.88664e-05
8.5 5.84531 6.06799e-05
8.6 5.88908 6.21402e-05
8.7 5.93393 6.35331e-05
8.8 5.97989 6.5838e-05
8.9 6.02698 6.59403e-05
9 6.07528 6.99048e-05
9.1 6.12486 7.16591e-05
9.2 6.17573 7.32041e-05
9.3 6.22796 7.3661e-05
9.4 6.28163 7.60482e-05
9.5 6.3368 7.72192e-05
9.6 6.39352 7.96463e-05
9.7 6.45192 8.15217e-05
9.8 6.51202 8.48362e-05
9.9 6.5739 8.8804e-05
10 6.63771 9.5077e-05
10.1 6.70354 9.90413e-05
10.2 6.77145 0.000103411
10.3 6.84158 0.000106225
10.4 6.91407 0.000109464
10.5 6.98903 0.000115879
10.6 7.06662 0.000118885
10.7 7.14697 0.000126526
10.8 7.23026 0.000131317
10.9 7.31665 0.000136184
11 7.4064 0.000144683
11.1 7.49966 0.000150868
11.2 7.59675 0.000162296
11.3 7.69798 0.000199842
11.4 7.8049 0.00104085
11.5 7.91415 0.000785509
11.6 8.02848 0.000180819
11.7 8.14915 0.000193937
11.8 8.27649 0.000797398
11.9 8.40919 0.000667745
12 8.54991 0.00113706
12.1 8.69938 0.00158538
12.2 8.85549 0.00170569
12.3 9.01988 0.00157508
12.4 9.19872 0.002305
12.5 9.38571 0.00238195
12.6 9.57952 0.00159259
12.7 9.80472 0.00319415
12.8 10.0392 0.00359789
12.9 10.3007 0.00486666
13 10.5799 0.00587982
13.1 10.8862 0.00638987
13.2 11.2286 0.00687991
13.3 11.6367 0.00862303
13.4 12.0814 0.00875262
13.5 12.6022 0.0123238
13.6 13.2286 0.0161121
13.7 13.9511 0.0171264
13.8 14.8246 0.0169804
13.9 15.8689 0.0232295
14 17.1606 0.0296025
14.1 18.9609 0.030663
14.2 21.1395 0.0349217
14.3 24.2266 0.0450318
14.4 28.7939 0.0472844
14.5 36.1199 0.0556997
14.6 47.8464 0.071946
14.7 65.0426 0.0809884
14.8 87.9229 0.0969057
14.9 115.327 0.108073
15 144.414 0.122732
15.1 174.073 0.136726
15.2 203.345 0.144342
15.3 231.215 0.208326
15.4 257.472 0.302821
15.5 282.039 0.441988
15.6 306.149 0.609065
15.7 329.821 1.14783
15.8 347.671 2.27943
15.9 375.327 4.8686
16 400.398 21.1079
16.1 263.965 82.6666
16.2 29.9113 19.437
16.3 0 0
16.4 0 0
16.5 0 0
16.6 0 0
16.7 0 0
16.8 0 0
16.9 0 0
17 0 0
17.1 0 0
17.2 0 0
17.3 0 0
17.4 0 0
17.5 0 0
17.6 0 0
17.7 0 0
17.8 0 0
17.9 0 0
18 0 0
18.1 0 0
18.2 0 0
