-2.2 0.052086 2.18967e-05
-2.1 0.0519822 2.20102e-05
-2 0.0518776 2.18138e-05
-1.9 0.0520966 2.16588e-05
-1.8 0.0520048 2.17391e-05
-1.7 0.0519057 2.17201e-05
-1.6 0.0521242 2.22704e-05
-1.5 0.0520309 2.23015e-05
-1.4 0.0519494 2.22902e-05
-1.3 0.0521534 2.20755e-05
-1.2 0.052053 2.22498e-05
-1.1 0.0520099 2.24688e-05
-1 0.0521814 2.29611e-05
-0.9 0.0520792 2.29516e-05
-0.8 0.0520882 2.28113e-05
-0.7 0.0521985 2.28858e-05
-0.6 0.0520971 2.26913e-05
-0.5 0.0521828 2.28257e-05
-0.4 0.052222 2.31337e-05
-0.3 0.0521599 2.29193e-05
-0.2 0.0523821 2.32851e-05
-0.1 0.0522694 2.33263e-05
-4.44089e-16 0.052419 2.31222e-05
0.1 0.052445 2.31017e-05
0.2 0.0524056 2.24676e-05
0.3 0.0526942 2.32355e-05
0.4 0.0525916 2.32623e-05
0.5 0.0526497 2.34388e-05
0.6 0.0527878 2.39796e-05
0.7 0.0526824 2.39895e-05
0.8 0.0529261 2.34607e-05
0.9 0.0528845 2.34542e-05
1 0.0529223 2.32582e-05
1.1 0.0530891 2.32469e-05
1.2 0.0529881 2.31043e-05
1.3 0.0532371 2.39227e-05
1.4 0.0531886 2.43031e-05
1.5 0.0532687 2.43019e-05
1.6 0.0533879 2.43944e-05
1.7 0.0533247 2.44365e-05
1.8 0.0535651 2.44861e-05
1.9 0.0534787 2.42588e-05
2 0.0536618 2.39653e-05
2.1 0.0536725 2.35788e-05
2.2 0.0537396 2.37208e-05
2.3 0.0538755 2.43171e-05
2.4 0.0538538 2.42822e-05
2.5 0.0540542 2.48086e-05
2.6 0.0539963 2.47518e-05
2.7 0.0542009 2.46335e-05
2.8 0.0541723 2.48581e-05
2.9 0.0543455 2.52855e-05
3 0.0543659 2.56352e-05
3.1 0.0544884 2.52153e-05
3.2 0.0545524 2.49339e-05
3.3 0.0546316 2.53783e-05
3.4 0.0547297 2.59143e-05
3.5 0.0548012 2.59245e-05
3.6 0.0549242 2.61869e-05
3.7 0.0549789 2.59468e-05
3.8 0.0551075 2.60357e-05
3.9 0.0551683 2.6293e-05
4 0.0552891 2.63159e-05
4.1 0.0553646 2.64024e-05
4.2 0.0554908 2.64674e-05
4.3 0.0555756 2.6404e-05
4.4 0.0556866 2.63856e-05
4.5 0.0557831 2.64096e-05
4.6 0.0558833 2.62374e-05
4.7 0.0560016 2.58535e-05
4.8 0.0560997 2.56747e-05
4.9 0.0562248 2.5362e-05
5 0.0563126 2.53762e-05
5.1 0.0564422 2.58217e-05
5.2 0.0565423 2.57199e-05
5.3 0.0566713 2.60561e-05
5.4 0.056787 2.55594e-05
5.5 0.0569052 2.50168e-05
5.6 0.0570243 2.59513e-05
5.7 0.057143 2.63511e-05
5.8 0.0572768 2.66538e-05
5.9 0.0574092 2.66866e-05
6 0.0575405 2.63982e-05
6.1 0.0576688 2.61878e-05
6.2 0.0578005 2.64856e-05
6.3 0.0579256 2.80701e-05
6.4 0.0580626 2.80093e-05
6.5 0.0581983 2.7603e-05
6.6 0.058334 2.81003e-05
6.7 0.0584686 2.81124e-05
6.8 0.0586124 2.86542e-05
6.9 0.0587615 2.88468e-05
7 0.0589038 2.87836e-05
7.1 0.0590506 2.89938e-05
7.2 0.0592076 2.89261e-05
7.3 0.0593691 2.81627e-05
7.4 0.0595342 2.84545e-05
7.5 0.0597151 2.95187e-05
7.6 0.0599114 2.87949e-05
7.7 0.0601307 2.89993e-05
7.8 0.06036 2.91452e-05
7.9 0.0605844 2.87609e-05
8 0.0608218 2.84111e-05
8.1 0.0610624 2.91783e-05
8.2 0.0613167 2.85186e-05
8.3 0.0615637 2.83511e-05
8.4 0.0618194 2.75808e-05
8.5 0.0620841 2.78655e-05
8.6 0.0623622 2.78391e-05
8.7 0.062634 2.72981e-05
8.8 0.0629208 2.78223e-05
8.9 0.0632243 2.91232e-05
9 0.0635332 2.93045e-05
9.1 0.0638468 2.90746e-05
9.2 0.0641763 2.95072e-05
9.3 0.0645054 3.00321e-05
9.4 0.0648534 2.96542e-05
9.5 0.0652109 3.03212e-05
9.6 0.0655702 2.98405e-05
9.7 0.0659422 2.986e-05
9.8 0.0663282 3.0003e-05
9.9 0.0667272 3.01597e-05
10 0.0671389 3.08782e-05
10.1 0.0675726 3.1541e-05
10.2 0.0680181 3.1825e-05
10.3 0.0684821 3.31328e-05
10.4 0.0689682 3.3427e-05
10.5 0.069468 3.42052e-05
10.6 0.069977 3.47334e-05
10.7 0.0705095 3.58342e-05
10.8 0.0710625 3.61737e-05
10.9 0.0716307 3.68642e-05
11 0.0722227 3.72281e-05
11.1 0.0728371 3.79968e-05
11.2 0.0734839 3.95109e-05
11.3 0.0741678 3.82804e-05
11.4 0.0748852 3.72542e-05
11.5 0.0756314 3.83699e-05
11.6 0.076411 3.97525e-05
11.7 0.0772222 4.02826e-05
11.8 0.0780816 4.05588e-05
11.9 0.0789797 4.07126e-05
12 0.0799173 4.1403e-05
12.1 0.0809072 4.32122e-05
12.2 0.0819662 4.35464e-05
12.3 0.0830823 4.32489e-05
12.4 0.084264 4.35481e-05
12.5 0.0855243 4.50184e-05
12.6 0.0868543 4.68951e-05
12.7 0.0882606 4.83804e-05
12.8 0.0897673 4.88588e-05
12.9 0.0913863 4.97791e-05
13 0.0931452 5.12132e-05
13.1 0.0950472 5.16685e-05
13.2 0.097117 5.40924e-05
13.3 0.0993735 5.47953e-05
13.4 0.10184 5.71327e-05
13.5 0.104546 5.88441e-05
13.6 0.107558 5.9553e-05
13.7 0.110936 6.20728e-05
13.8 0.114724 6.59512e-05
13.9 0.119013 6.92262e-05
14 0.12391 7.25097e-05
14.1 0.129604 7.23734e-05
14.2 0.136216 7.70594e-05
14.3 0.144173 8.26161e-05
14.4 0.153985 8.75359e-05
14.5 0.166175 9.89488e-05
14.6 0.18074 0.000103221
14.7 0.196269 0.000119834
14.8 0.208946 0.000138861
14.9 0.212096 0.000139104
15 0.199181 0.000161378
15.1 0.168781 0.000153808
15.2 0.126222 0.000130481
15.3 0.0817043 0.000100726
15.4 0.0454137 6.94888e-05
15.5 0.0214103 5.2811e-05
15.6 0.00850497 3.56373e-05
15.7 0.00280578 1.6345e-05
15.8 0.000778676 9.44026e-06
15.9 0.000176254 4.72911e-06
16 3.14942e-05 2.13557e-06
16.1 4.06291e-06 6.56137e-07
16.2 5.39275e-07 3.07578e-07
16.3 0 0
16.4 0 0
16.5 0 0
16.6 0 0
16.7 0 0
16.8 0 0
16.9 0 0
17 0 0
17.1 0 0
17.2 0 0
17.3 0 0
17.4 0 0
17.5 0 0
17.6 0 0
17.7 0 0
17.8 0 0
17.9 0 0
18 0 0
18.1 0 0
18.2 0 0
