-2.2 6.37761 0.023683
-2.1 6.9355 0.0314574
-2 7.22781 0.0339147
-1.9 7.4163 0.0352792
-1.8 7.54353 0.0309926
-1.7 7.66723 0.0380808
-1.6 7.79939 0.0347242
-1.5 7.84549 0.0336486
-1.4 7.98648 0.0346302
-1.3 8.13467 0.0374802
-1.2 8.22095 0.0337787
-1.1 8.23451 0.0406157
-1 8.3174 0.036134
-0.9 8.40916 0.0340864
-0.8 8.46695 0.0346681
-0.7 8.57998 0.0391844
-0.6 8.54201 0.0409084
-0.5 8.63294 0.038294
-0.4 8.69475 0.0367777
-0.3 8.73825 0.0364571
-0.2 8.82473 0.0349574
-0.1 8.79023 0.0363214
-4.44089e-16 8.87323 0.0346388
0.1 8.90534 0.032847
0.2 8.96589 0.0398099
0.3 9.1255 0.0352451
0.4 9.0947 0.0425944
0.5 9.11929 0.0329189
0.6 9.15247 0.0352794
0.7 9.22011 0.0332453
0.8 9.30803 0.0332242
0.9 9.30392 0.0363207
1 9.30689 0.0377821
1.1 9.36078 0.035978
1.2 9.41341 0.0321422
1.3 9.41424 0.0329565
1.4 9.44004 0.0373566
1.5 9.56525 0.0424117
1.6 9.64245 0.0423862
1.7 9.64377 0.0385931
1.8 9.67474 0.0354215
1.9 9.66358 0.0373788
2 9.63758 0.0365798
2.1 9.64886 0.0338098
2.2 9.7605 0.0379771
2.3 9.7422 0.0373732
2.4 9.69752 0.036231
2.5 9.78113 0.0387842
2.6 9.80311 0.0345428
2.7 9.92965 0.0409306
2.8 9.85564 0.0366099
2.9 9.95299 0.0334688
3 9.99158 0.0405094
3.1 9.9938 0.0363585
3.2 10.0375 0.031793
3.3 10.0486 0.032226
3.4 10.1028 0.0359685
3.5 10.0587 0.0359649
3.6 10.2072 0.0379966
3.7 10.1291 0.0347179
3.8 10.2329 0.0351844
3.9 10.2584 0.0295124
4 10.2807 0.0308946
4.1 10.2694 0.0366775
4.2 10.3182 0.0345955
4.3 10.3594 0.0374246
4.4 10.3636 0.0328911
4.5 10.3751 0.0337265
4.6 10.4179 0.0360783
4.7 10.4988 0.0345704
4.8 10.5188 0.033235
4.9 10.5064 0.0339543
5 10.5305 0.0349734
5.1 10.6072 0.0364399
5.2 10.6179 0.0307415
5.3 10.6147 0.032671
5.4 10.6504 0.0313422
5.5 10.7139 0.0342686
5.6 10.739 0.0367042
5.7 10.7329 0.0374853
5.8 10.7463 0.0331961
5.9 10.754 0.034676
6 10.7753 0.0302266
6.1 10.8438 0.0358072
6.2 10.813 0.0341328
6.3 10.825 0.0322276
6.4 10.847 0.0316921
6.5 10.9256 0.0369975
6.6 10.9394 0.0347288
6.7 10.9779 0.033435
6.8 11.0596 0.028237
6.9 11.0391 0.0316084
7 11.0641 0.0307624
7.1 11.0888 0.0382345
7.2 11.1491 0.0324456
7.3 11.1981 0.0342202
7.4 11.2064 0.0373288
7.5 11.2276 0.0336735
7.6 11.2594 0.0305158
7.7 11.2769 0.0323413
7.8 11.2588 0.033075
7.9 11.3787 0.032743
8 11.4425 0.0312398
8.1 11.454 0.0340669
8.2 11.4926 0.0338636
8.3 11.5189 0.030291
8.4 11.6038 0.0326005
8.5 11.6076 0.0342481
8.6 11.6389 0.0311316
8.7 11.6794 0.0344313
8.8 11.7916 0.0331625
8.9 11.8042 0.029868
9 11.822 0.0337904
9.1 11.8931 0.0329151
9.2 11.9884 0.0326103
9.3 12.0626 0.0269165
9.4 12.0967 0.0311837
9.5 12.0639 0.0328791
9.6 12.1971 0.0290834
9.7 12.2894 0.0290752
9.8 12.2583 0.0300559
9.9 12.377 0.034348
10 12.4206 0.0350761
10.1 12.4856 0.0322964
10.2 12.5461 0.0336109
10.3 12.5528 0.0286867
10.4 12.6713 0.0286646
10.5 12.6975 0.0330822
10.6 12.79 0.0292413
10.7 12.902 0.0258896
10.8 12.9407 0.0290112
10.9 13.0166 0.0291036
11 13.0925 0.0265353
11.1 13.1342 0.0300981
11.2 13.2578 0.030365
11.3 13.3676 0.0272241
11.4 13.4675 0.027836
11.5 13.4866 0.030777
11.6 13.665 0.0303128
11.7 13.7626 0.0253685
11.8 13.8565 0.024338
11.9 13.9953 0.0286972
12 14.0906 0.0321071
12.1 14.2611 0.0304187
12.2 14.4026 0.0256227
12.3 14.5071 0.0258339
12.4 14.6167 0.0245003
12.5 14.7938 0.0260748
12.6 14.9814 0.027889
12.7 15.1606 0.0268799
12.8 15.3793 0.0290034
12.9 15.6135 0.0243706
13 15.8397 0.0256286
13.1 16.0902 0.0262109
13.2 16.3603 0.0235682
13.3 16.7537 0.0240336
13.4 17.0849 0.0219791
13.5 17.4764 0.0204392
13.6 17.9669 0.0212934
13.7 18.507 0.0189678
13.8 19.1705 0.0197013
13.9 19.9305 0.021012
14 20.8222 0.0222785
14.1 21.987 0.0213417
14.2 23.3826 0.0210528
14.3 25.3263 0.0244292
14.4 28.0077 0.0228909
14.5 32.0406 0.026372
14.6 37.9813 0.0313764
14.7 46.1901 0.0342832
14.8 56.5613 0.0404423
14.9 68.4368 0.0418798
15 80.5828 0.0489034
15.1 92.487 0.0489458
15.2 103.816 0.0530784
15.3 114.137 0.0693308
15.4 123.537 0.104825
15.5 131.999 0.151785
15.6 139.604 0.199025
15.7 144.749 0.392234
15.8 142.256 0.782404
15.9 120.899 1.23368
16 86.8495 1.74332
16.1 73.3255 1.9952
16.2 68.9429 2.04205
16.3 69.4061 1.98603
16.4 69.9477 1.80623
16.5 75.7294 1.8198
16.6 71.0643 1.82421
16.7 67.4234 1.9581
16.8 66.193 1.77839
16.9 69.9982 1.97836
17 67.1996 2.10568
17.1 67.4916 1.9615
17.2 68.1756 2.10824
17.3 69.9191 1.92591
17.4 68.5397 2.06396
17.5 70.2718 1.7108
17.6 69.7308 1.99425
17.7 66.1437 2.17989
17.8 72.1816 1.69155
17.9 67.6873 2.03769
18 69.1766 2.10005
18.1 66.8212 2.06178
18.2 64.5439 1.94815
