-2.2 3.82831
-2.1 3.92048
-2 3.87447
-1.9 3.8713
-1.8 4.07148
-1.7 3.97476
-1.6 4.03734
-1.5 3.99171
-1.4 4.05082
-1.3 4.10161
-1.2 4.15682
-1.1 4.07035
-1 4.10338
-0.9 4.19152
-0.8 4.22146
-0.7 4.00758
-0.6 4.02172
-0.5 4.0683
-0.4 4.22878
-0.3 4.18382
-0.2 4.35015
-0.1 4.20924
-4.44089e-16 4.1706
0.1 4.31128
0.2 4.3264
0.3 4.30215
0.4 4.19511
0.5 4.42666
0.6 4.37682
0.7 4.4216
0.8 4.47969
0.9 4.37399
1 4.44573
1.1 4.45701
1.2 4.46905
1.3 4.63688
1.4 4.5684
1.5 4.60178
1.6 4.8644
1.7 4.78534
1.8 4.71399
1.9 4.67133
2 4.85982
2.1 4.80711
2.2 4.80961
2.3 4.87881
2.4 4.93021
2.5 4.77475
2.6 4.71619
2.7 4.72787
2.8 4.83737
2.9 4.69549
3 4.84706
3.1 4.78206
3.2 4.81726
3.3 4.87529
3.4 5.15052
3.5 5.09983
3.6 5.1028
3.7 5.04557
3.8 5.19674
3.9 5.1447
4 5.30771
4.1 5.29929
4.2 5.3252
4.3 5.2093
4.4 5.18736
4.5 5.06801
4.6 5.13682
4.7 5.22629
4.8 5.23528
4.9 5.27525
5 5.34141
5.1 5.31207
5.2 5.31965
5.3 5.48984
5.4 5.34309
5.5 5.37018
5.6 5.4228
5.7 5.53627
5.8 5.62327
5.9 5.45739
6 5.5511
6.1 5.6315
6.2 5.64076
6.3 5.65543
6.4 5.84536
6.5 5.7352
6.6 5.81487
6.7 5.96837
6.8 5.80435
6.9 5.97431
7 6.016
7.1 6.2014
7.2 5.92108
7.3 5.86856
7.4 6.19407
7.5 6.07285
7.6 6.05093
7.7 6.09677
7.8 6.11238
7.9 6.16653
8 6.30355
8.1 6.32771
8.2 6.52337
8.3 6.41301
8.4 6.40651
8.5 6.41733
8.6 6.47507
8.7 6.29758
8.8 6.41739
8.9 6.65207
9 6.63593
9.1 6.58462
9.2 6.64073
9.3 6.85448
9.4 6.73977
9.5 6.8535
9.6 7.02348
9.7 6.99818
9.8 7.13961
9.9 7.13981
10 7.189
10.1 7.2694
10.2 7.25271
10.3 7.51443
10.4 7.38825
10.5 7.5596
10.6 7.72394
10.7 7.71103
10.8 7.81463
10.9 7.80154
11 8.06168
11.1 8.19818
11.2 8.38599
11.3 8.36048
11.4 8.3637
11.5 8.44857
11.6 8.68235
11.7 8.58803
11.8 8.814
11.9 8.89108
12 8.97915
12.1 9.17322
12.2 9.27582
12.3 9.56787
12.4 9.71516
12.5 9.96315
12.6 10.0244
12.7 10.3599
12.8 10.4657
12.9 10.9171
13 11.003
13.1 11.5002
13.2 11.6592
13.3 12.0312
13.4 12.4957
13.5 12.8716
13.6 13.1222
13.7 13.6643
13.8 14.4105
13.9 14.9823
14 15.9758
14.1 16.6154
14.2 17.5733
14.3 18.7839
14.4 20.8409
14.5 23.2071
14.6 27.1684
14.7 31.7756
14.8 37.9981
14.9 46.301
15 55.598
15.1 65.9596
15.2 77.3144
15.3 91.6527
15.4 105.924
15.5 106.947
15.6 97.9639
15.7 108.832
15.8 96.0297
15.9 64.9478
16 79.5099
16.1 40.3588
16.2 4.82122
16.3 4.85619
16.4 4.87337
16.5 4.89665
16.6 4.92611
16.7 20.171
16.8 65.6794
16.9 5.00078
17 5.0213
17.1 5.06684
17.2 5.08768
17.3 15.1934
17.4 30.7731
17.5 41.107
17.6 94.278
17.7 184.658
17.8 0
17.9 0
18 0
18.1 0
18.2 0
