-7.23 0 0
-7.13 8.29626 0
-7.03 8.29365 0
-6.93 8.51906 0
-6.83 8.54284 0
-6.73 8.54288 0
-6.63 8.70461 0
-6.53 8.46454 0
-6.43 8.65992 0
-6.33 8.72139 0
-6.23 8.55143 0
-6.13 8.74349 0
-6.03 8.7076 0
-5.93 8.76003 0
-5.83 8.76866 0
-5.73 8.73096 0
-5.63 8.92045 0
-5.53 8.87334 0
-5.43 8.95872 0
-5.33 9.0617 0
-5.23 9.13086 0
-5.13 9.17204 0
-5.03 9.23585 0
-4.93 9.20231 0
-4.83 9.35553 0
-4.73 9.27595 0
-4.63 9.36751 0
-4.53 9.41266 0
-4.43 9.51984 0
-4.33 9.53308 0
-4.23 9.70642 0
-4.13 9.92204 0
-4.03 9.81327 0
-3.93 10.0116 0
-3.83 10.1271 0
-3.73 10.3235 0
-3.63 10.1932 0
-3.53 10.4835 0
-3.43 10.3505 0
-3.33 10.6514 0
-3.23 10.7086 0
-3.13 10.8534 0
-3.03 11.1227 0
-2.93 11.2389 0
-2.83 11.3516 0
-2.73 11.6023 0
-2.63 12.1073 0
-2.53 12.7334 0
-2.43 13.2281 0
-2.33 14.631 0
-2.23 17.9275 0
-2.13 20.607 0
-2.03 20.2927 0
-1.93 19.4992 0
-1.83 19.4321 0
-1.73 19.5677 0
-1.63 19.2703 0
-1.53 19.6957 0
-1.43 21.0071 0
-1.33 19.7113 0
-1.23 19.9814 0
-1.13 21.0913 0
-1.03 21.3494 0
-0.93 20.92 0
-0.83 22.0871 0
-0.73 23.2388 0
-0.63 21.7542 0
-0.53 21.0098 0
-0.43 22.4958 0
-0.33 24.0471 0
-0.23 24.1956 0
-0.13 22.3697 0
-0.03 24.1745 0
0.07 24.0037 0
0.17 24.3301 0
0.27 25.0578 0
0.37 24.7331 0
0.47 27.519 0
0.57 27.0212 0
0.67 25.8754 0
0.77 26.6685 0
0.87 28.2741 0
0.97 29.2658 0
1.07 28.8322 0
1.17 30.0286 0
1.27 29.7802 0
1.37 31.6857 0
1.47 33.5498 0
1.57 33.8165 0
1.67 32.7956 0
1.77 34.9524 0
1.87 37.161 0
1.97 37.9695 0
2.07 39.8494 0
2.17 41.0149 0
2.27 44.0724 0
2.37 48.0808 0
2.47 51.7648 0
2.57 55.1709 0
2.67 62.1928 0
2.77 71.945 0
2.87 82.2702 0
2.97 94.9431 0
3.07 105.494 0
3.17 117.651 0
3.27 125.387 0
3.37 134.032 0
3.47 137.362 0
3.57 147.427 0
3.67 141.034 0
3.77 151.25 0
3.87 134.194 0
3.97 0 0
4.07 0 0
4.17 0 0
4.27 0 0
4.37 0 0
4.47 0 0
4.57 0 0
4.67 0 0
4.77 0 0
4.87 0 0
4.97 0 0
5.07 0 0
5.17 0 0
5.27 0 0
5.37 0 0
5.47 0 0
5.57 0 0
5.67 0 0
5.77 0 0
5.87 0 0
5.97 0 0
6.07 0 0
6.17 0 0
6.27 0 0
6.37 0 0
6.47 0 0
6.57 0 0
6.67 0 0
6.77 0 0
6.87 0 0
6.97 0 0
7.07 0 0
7.17 0 0
7.27 0 0
7.37 0 0
7.47 0 0
7.57 0 0
7.67 0 0
7.77 0 0
7.87 0 0
7.97 0 0
8.07 0 0
8.17 0 0
8.27 0 0
8.37 0 0
8.47 0 0
8.57 0 0
8.67 0 0
8.77 0 0
8.87 0 0
8.97 0 0
9.07 0 0
9.17 0 0
9.27 0 0
9.37 0 0
9.47 0 0
9.57 0 0
9.67 0 0
9.77 0 0
9.87 0 0
9.97 0 0
10.07 0 0
10.17 0 0
10.27 0 0
10.37 0 0
10.47 0 0
10.57 0 0
10.67 0 0
10.77 0 0
10.87 0 0
10.97 0 0
11.07 0 0
11.17 0 0
11.27 0 0
11.37 0 0
11.47 0 0
11.57 0 0
11.67 0 0
11.77 0 0
11.87 0 0
11.97 0 0
12.07 0 0
12.17 0 0
12.27 0 0
12.37 0 0
12.47 0 0
12.57 0 0
12.67 0 0
12.77 0 0
12.87 0 0
12.97 0 0
13.07 0 0
13.17 0 0
