-7.23 0 0
-7.13 0.00945736 0
-7.03 0.00944834 0
-6.93 0.00947177 0
-6.83 0.00949707 0
-6.73 0.00952739 0
-6.63 0.00958226 0
-6.53 0.00954287 0
-6.43 0.00953996 0
-6.33 0.00960331 0
-6.23 0.00961549 0
-6.13 0.00961391 0
-6.03 0.00962218 0
-5.93 0.0096157 0
-5.83 0.00964195 0
-5.73 0.0096326 0
-5.63 0.00963944 0
-5.53 0.00963731 0
-5.43 0.00959187 0
-5.33 0.0095784 0
-5.23 0.00965703 0
-5.13 0.00968799 0
-5.03 0.0096556 0
-4.93 0.00965153 0
-4.83 0.00964049 0
-4.73 0.00964986 0
-4.63 0.0096513 0
-4.53 0.00964586 0
-4.43 0.00960883 0
-4.33 0.00964452 0
-4.23 0.00961838 0
-4.13 0.00963201 0
-4.03 0.00956254 0
-3.93 0.00957879 0
-3.83 0.00957988 0
-3.73 0.0095592 0
-3.63 0.0094988 0
-3.53 0.00951984 0
-3.43 0.00956577 0
-3.33 0.0095334 0
-3.23 0.00954716 0
-3.13 0.0094723 0
-3.03 0.00941781 0
-2.93 0.00942226 0
-2.83 0.00935223 0
-2.73 0.00930172 0
-2.63 0.00933399 0
-2.53 0.00930471 0
-2.43 0.00928072 0
-2.33 0.0092296 0
-2.23 0.0091646 0
-2.13 0.00907863 0
-2.03 0.0090249 0
-1.93 0.0089681 0
-1.83 0.00889195 0
-1.73 0.00886864 0
-1.63 0.00879538 0
-1.53 0.00870177 0
-1.43 0.00859878 0
-1.33 0.00856068 0
-1.23 0.00847344 0
-1.13 0.0083796 0
-1.03 0.00833572 0
-0.93 0.00825958 0
-0.83 0.00813763 0
-0.73 0.00803068 0
-0.63 0.00799799 0
-0.53 0.00787403 0
-0.43 0.00781548 0
-0.33 0.00768204 0
-0.23 0.00756403 0
-0.13 0.00750888 0
-0.03 0.00742186 0
0.07 0.00733017 0
0.17 0.00721763 0
0.27 0.0071079 0
0.37 0.00702847 0
0.47 0.00688194 0
0.57 0.00675095 0
0.67 0.00662928 0
0.77 0.00649405 0
0.87 0.00636669 0
0.97 0.00621565 0
1.07 0.0060857 0
1.17 0.00593264 0
1.27 0.00579712 0
1.37 0.00566562 0
1.47 0.005501 0
1.57 0.0053182 0
1.67 0.00520033 0
1.77 0.00503572 0
1.87 0.004884 0
1.97 0.00466069 0
2.07 0.00442196 0
2.17 0.00418817 0
2.27 0.00399299 0
2.37 0.00374033 0
2.47 0.00350258 0
2.57 0.00326144 0
2.67 0.00295657 0
2.77 0.00260851 0
2.87 0.00224268 0
2.97 0.00179525 0
3.07 0.00137027 0
3.17 0.00103302 0
3.27 0.000842651 0
3.37 0.000737938 0
3.47 0.00068384 0
3.57 0.000664308 0
3.67 0.000635238 0
3.77 0.000617226 0
3.87 0.000601962 0
3.97 0.000592535 0
4.07 0.000600637 0
4.17 0.000602578 0
4.27 0.000548041 0
4.37 0.000525791 0
4.47 0.000518935 0
4.57 0.000515925 0
4.67 0.000488353 0
4.77 0.000507468 0
4.87 0.000474836 0
4.97 0.000473995 0
5.07 0.000489142 0
5.17 0.00047957 0
5.27 0.000454039 0
5.37 0.000441951 0
5.47 0.000459051 0
5.57 0.000453354 0
5.67 0.000451478 0
5.77 0.000434694 0
5.87 0.000425928 0
5.97 0.000429455 0
6.07 0.000413906 0
6.17 0.000407642 0
6.27 0.000404396 0
6.37 0.000419355 0
6.47 0.000397992 0
6.57 0.000390148 0
6.67 0.000389698 0
6.77 0.000397437 0
6.87 0.00039591 0
6.97 0.00037894 0
7.07 0.00037836 0
7.17 0.000375728 0
7.27 0.000385543 0
7.37 0.000378016 0
7.47 0.000378556 0
7.57 0.000370783 0
7.67 0.000369558 0
7.77 0.000356127 0
7.87 0.000347083 0
7.97 0.000345462 0
8.07 0.000335092 0
8.17 0.000335418 0
8.27 0.00034683 0
8.37 0.000327181 0
8.47 0.000325503 0
8.57 0.000293261 0
8.67 0.000279645 0
8.77 0.000270497 0
8.87 0.000266934 0
8.97 0.000259999 0
9.07 0.000258066 0
9.17 0.000254048 0
9.27 0.000251438 0
9.37 0.00024604 0
9.47 0.000238284 0
9.57 0.000255578 0
9.67 0.000237345 0
9.77 0.000237514 0
9.87 0.000227343 0
9.97 0.000232283 0
10.07 0.000225562 0
10.17 0.000210175 0
10.27 0.000208253 0
10.37 0.000206406 0
10.47 0.000208478 0
10.57 0.000206373 0
10.67 0.000193097 0
10.77 0.000188294 0
10.87 0.000188047 0
10.97 0.000198414 0
11.07 0.000207287 0
11.17 0.000199795 0
11.27 0.000187442 0
11.37 0.000189618 0
11.47 0.000173175 0
11.57 0.000154666 0
11.67 0.00014683 0
11.77 0.000144063 0
11.87 0.000143896 0
11.97 0.000134472 0
12.07 0.000140461 0
12.17 0.000146464 0
12.27 0.000135402 0
12.37 0.000135987 0
12.47 0.000138374 0
12.57 0.000133371 0
12.67 0.000128382 0
12.77 0.000129363 0
12.87 0.000121699 0
12.97 0.000115471 0
13.07 0.000109642 0
13.17 0.000108791 0
