-7.23 0 0
-7.13 0.000204494 0
-7.03 6.95882e-05 0
-6.93 8.9355e-05 0
-6.83 0.000178007 0
-6.73 0.00012232 0
-6.63 9.3264e-05 0
-6.53 9.32858e-05 0
-6.43 0.000115635 0
-6.33 3.60746e-05 0
-6.23 6.13328e-05 0
-6.13 4.03513e-05 0
-6.03 0.000135095 0
-5.93 9.55612e-05 0
-5.83 5.29218e-05 0
-5.73 0.000130921 0
-5.63 0.000104111 0
-5.53 9.57867e-05 0
-5.43 7.12012e-05 0
-5.33 0.000111869 0
-5.23 0.000117102 0
-5.13 8.8648e-05 0
-5.03 0.000153377 0
-4.93 0.000236674 0
-4.83 0.000167625 0
-4.73 0.000149779 0
-4.63 0.000166118 0
-4.53 4.35931e-05 0
-4.43 8.64235e-05 0
-4.33 9.83747e-05 0
-4.23 0.000130162 0
-4.13 9.97005e-05 0
-4.03 7.08977e-05 0
-3.93 0.000147965 0
-3.83 0.000228329 0
-3.73 0.000130456 0
-3.63 0.000167668 0
-3.53 0.000135314 0
-3.43 8.33372e-05 0
-3.33 0.000110358 0
-3.23 0.000166589 0
-3.13 0.000104859 0
-3.03 6.18372e-05 0
-2.93 0.000138528 0
-2.83 9.2072e-05 0
-2.73 3.88722e-05 0
-2.63 5.46841e-05 0
-2.53 0.000108986 0
-2.43 0.000149595 0
-2.33 0.000128337 0
-2.23 0.000332122 0
-2.13 0.000162081 0
-2.03 6.03214e-05 0
-1.93 7.48368e-05 0
-1.83 6.06794e-05 0
-1.73 0.000176822 0
-1.63 2.95918e-05 0
-1.53 5.87742e-05 0
-1.43 9.12441e-05 0
-1.33 8.6769e-05 0
-1.23 0.000123352 0
-1.13 0.000128936 0
-1.03 9.29305e-05 0
-0.93 0.000115072 0
-0.83 0.000211141 0
-0.73 0.000159682 0
-0.63 0.000152354 0
-0.53 0.00010408 0
-0.43 0.000198264 0
-0.33 0.000108071 0
-0.23 3.91719e-05 0
-0.13 8.84223e-05 0
-0.03 9.40808e-05 0
0.07 0.000151878 0
0.17 8.04431e-05 0
0.27 3.94449e-05 0
0.37 0.000151579 0
0.47 7.36615e-05 0
0.57 2.77266e-05 0
0.67 7.89354e-05 0
0.77 5.56987e-05 0
0.87 4.66583e-05 0
0.97 0.000108343 0
1.07 8.25566e-05 0
1.17 0.000172077 0
1.27 0.000169466 0
1.37 0.000296141 0
1.47 0.000211485 0
1.57 0.000235246 0
1.67 0.000216915 0
1.77 0.000184524 0
1.87 0.000120379 0
1.97 6.90831e-05 0
2.07 3.24712e-05 0
2.17 4.08267e-05 0
2.27 5.28202e-05 0
2.37 4.22415e-05 0
2.47 0 0
2.57 0 0
2.67 9.19144e-06 0
2.77 8.06227e-10 0
2.87 4.79503e-09 0
2.97 0 0
3.07 0 0
3.17 3.09123e-09 0
3.27 1.36485e-23 0
3.37 2.09461e-09 0
3.47 9.49165e-24 0
3.57 2.13733e-09 0
3.67 2.85377e-23 0
3.77 0 0
3.87 1.97943e-09 0
3.97 1.62017e-05 0
4.07 2.87991e-19 0
4.17 0 0
4.27 0 0
4.37 0 0
4.47 3.47048e-05 0
4.57 6.1664e-19 0
4.67 4.34982e-09 0
4.77 3.88775e-23 0
4.87 1.93746e-05 0
4.97 1.46275e-09 0
5.07 2.60562e-23 0
5.17 3.1073e-09 0
5.27 1.97571e-05 0
5.37 0 0
5.47 0 0
5.57 0 0
5.67 0 0
5.77 0 0
5.87 2.95552e-09 0
5.97 0 0
6.07 2.49749e-09 0
6.17 4.42542e-23 0
6.27 0 0
6.37 1.45772e-05 0
6.47 1.78852e-09 0
6.57 3.16397e-23 0
6.67 0 0
6.77 1.27776e-09 0
6.87 0 0
6.97 4.10011e-09 0
7.07 7.27919e-23 0
7.17 3.7015e-09 0
7.27 3.26736e-23 0
7.37 1.79881e-09 0
7.47 3.72019e-10 0
7.57 7.52061e-10 0
7.67 1.33383e-23 0
7.77 5.46472e-07 0
7.87 7.32838e-06 0
7.97 1.6476e-09 0
8.07 2.93649e-23 0
8.17 0 0
8.27 0 0
8.37 0 0
8.47 1.39416e-09 0
8.57 2.48154e-23 0
8.67 0 0
8.77 0 0
8.87 0 0
8.97 0 0
9.07 3.14506e-09 0
9.17 2.28077e-09 0
9.27 4.05319e-23 0
9.37 0 0
9.47 0 0
9.57 0 0
9.67 0 0
9.77 0 0
9.87 0 0
9.97 1.94143e-09 0
10.07 3.4328e-23 0
10.17 0 0
10.27 0 0
10.37 0 0
10.47 0 0
10.57 0 0
10.67 0 0
10.77 0 0
10.87 0 0
10.97 0 0
11.07 3.05023e-09 0
11.17 0 0
11.27 0 0
11.37 0 0
11.47 3.96931e-09 0
11.57 2.07773e-09 0
11.67 0 0
11.77 8.04099e-06 0
11.87 4.78868e-06 0
11.97 0 0
12.07 2.43358e-05 0
12.17 8.67362e-19 0
12.27 0 0
12.37 0 0
12.47 0 0
12.57 0 0
12.67 0 0
12.77 0 0
12.87 0 0
12.97 0 0
13.07 0 0
13.17 0 0
