-7.23 0 0
-7.13 2.02954e-06 0
-7.03 4.49052e-07 0
-6.93 6.92014e-07 0
-6.83 1.35985e-06 0
-6.73 1.18758e-06 0
-6.63 8.17105e-07 0
-6.53 4.72977e-07 0
-6.43 8.55593e-07 0
-6.33 2.18698e-07 0
-6.23 3.1975e-07 0
-6.13 2.16591e-07 0
-6.03 2.0603e-06 0
-5.93 7.78195e-07 0
-5.83 4.00172e-07 0
-5.73 8.57255e-07 0
-5.63 8.00374e-07 0
-5.53 6.11912e-07 0
-5.43 2.95661e-07 0
-5.33 7.96468e-07 0
-5.23 8.264e-07 0
-5.13 6.92786e-07 0
-5.03 1.59064e-06 0
-4.93 1.94607e-06 0
-4.83 1.62134e-06 0
-4.73 1.27494e-06 0
-4.63 1.44597e-06 0
-4.53 3.21475e-07 0
-4.43 5.5286e-07 0
-4.33 1.08306e-06 0
-4.23 1.15724e-06 0
-4.13 7.52071e-07 0
-4.03 5.19433e-07 0
-3.93 1.4713e-06 0
-3.83 2.05363e-06 0
-3.73 1.33974e-06 0
-3.63 1.60501e-06 0
-3.53 8.55971e-07 0
-3.43 6.85827e-07 0
-3.33 8.10807e-07 0
-3.23 1.1782e-06 0
-3.13 5.95916e-07 0
-3.03 5.50863e-07 0
-2.93 1.22787e-06 0
-2.83 8.51262e-07 0
-2.73 1.8864e-07 0
-2.63 3.39583e-07 0
-2.53 9.61061e-07 0
-2.43 1.36645e-06 0
-2.33 1.03268e-06 0
-2.23 3.34645e-06 0
-2.13 1.64056e-06 0
-2.03 5.36457e-07 0
-1.93 4.90358e-07 0
-1.83 6.15589e-07 0
-1.73 1.69652e-06 0
-1.63 3.9571e-07 0
-1.53 6.29431e-07 0
-1.43 6.42644e-07 0
-1.33 7.07565e-07 0
-1.23 1.02085e-06 0
-1.13 1.00905e-06 0
-1.03 7.32017e-07 0
-0.93 1.37327e-06 0
-0.83 1.78913e-06 0
-0.73 1.92055e-06 0
-0.63 1.67537e-06 0
-0.53 1.14987e-06 0
-0.43 1.7166e-06 0
-0.33 9.72279e-07 0
-0.23 3.54484e-07 0
-0.13 1.13414e-06 0
-0.03 1.09442e-06 0
0.07 8.91306e-07 0
0.17 1.01159e-06 0
0.27 3.02942e-07 0
0.37 1.08634e-06 0
0.47 6.63142e-07 0
0.57 1.5702e-07 0
0.67 5.74532e-07 0
0.77 4.56013e-07 0
0.87 3.96448e-07 0
0.97 8.92628e-07 0
1.07 8.24003e-07 0
1.17 1.74359e-06 0
1.27 1.9934e-06 0
1.37 3.45417e-06 0
1.47 2.69129e-06 0
1.57 2.47479e-06 0
1.67 2.25297e-06 0
1.77 1.79477e-06 0
1.87 9.78599e-07 0
1.97 5.38706e-07 0
2.07 4.62082e-07 0
2.17 6.88434e-07 0
2.27 5.05632e-07 0
2.37 2.94491e-07 0
2.47 0 0
2.57 0 0
2.67 3.33582e-08 0
2.77 2.59451e-11 0
2.87 1.05199e-10 0
2.97 0 0
3.07 0 0
3.17 5.08029e-11 0
3.27 2.26182e-25 0
3.37 4.18191e-11 0
3.47 1.87599e-25 0
3.57 4.22434e-11 0
3.67 5.62224e-25 0
3.77 0 0
3.87 4.06531e-11 0
3.97 8.68983e-08 0
4.07 1.54848e-21 0
4.17 0 0
4.27 0 0
4.37 0 0
4.47 2.24609e-07 0
4.57 3.99694e-21 0
4.67 8.50383e-11 0
4.77 7.49632e-25 0
4.87 1.18006e-07 0
4.97 3.49469e-11 0
5.07 6.20385e-25 0
5.17 5.09348e-11 0
5.27 1.23966e-07 0
5.37 0 0
5.47 0 0
5.57 0 0
5.67 0 0
5.77 0 0
5.87 4.96752e-11 0
5.97 0 0
6.07 6.45173e-11 0
6.17 1.1503e-24 0
6.27 0 0
6.37 7.26306e-08 0
6.47 3.8643e-11 0
6.57 6.85009e-25 0
6.67 0 0
6.77 3.26625e-11 0
6.87 0 0
6.97 8.25472e-11 0
7.07 1.46049e-24 0
7.17 7.83933e-11 0
7.27 6.97934e-25 0
7.37 3.8754e-11 0
7.47 1.76238e-11 0
7.57 2.50584e-11 0
7.67 4.45902e-25 0
7.77 7.95973e-10 0
7.87 2.28068e-08 0
7.97 3.70894e-11 0
8.07 6.5916e-25 0
8.17 0 0
8.27 0 0
8.37 0 0
8.47 3.41178e-11 0
8.57 6.07461e-25 0
8.67 0 0
8.77 0 0
8.87 0 0
8.97 0 0
9.07 5.12433e-11 0
9.17 4.36379e-11 0
9.27 7.75482e-25 0
9.37 0 0
9.47 0 0
9.57 0 0
9.67 0 0
9.77 0 0
9.87 0 0
9.97 4.0261e-11 0
10.07 7.17321e-25 0
10.17 0 0
10.27 0 0
10.37 0 0
10.47 0 0
10.57 0 0
10.67 0 0
10.77 0 0
10.87 0 0
10.97 0 0
11.07 5.04648e-11 0
11.17 0 0
11.27 0 0
11.37 0 0
11.47 8.05972e-11 0
11.57 4.16503e-11 0
11.67 0 0
11.77 4.61961e-08 0
11.87 1.1402e-08 0
11.97 0 0
12.07 2.34907e-07 0
12.17 8.33798e-21 0
12.27 0 0
12.37 0 0
12.47 0 0
12.57 0 0
12.67 0 0
12.77 0 0
12.87 0 0
12.97 0 0
13.07 0 0
13.17 0 0
