-7.23 0 0
-7.13 6.77735 0
-7.03 6.81713 0
-6.93 6.86462 0
-6.83 6.88722 0
-6.73 6.93336 0
-6.63 6.96717 0
-6.53 6.9981 0
-6.43 7.04194 0
-6.33 7.08194 0
-6.23 7.11966 0
-6.13 7.16585 0
-6.03 7.19567 0
-5.93 7.24258 0
-5.83 7.28144 0
-5.73 7.33633 0
-5.63 7.38251 0
-5.53 7.43183 0
-5.43 7.48135 0
-5.33 7.52447 0
-5.23 7.58973 0
-5.13 7.63564 0
-5.03 7.69318 0
-4.93 7.73777 0
-4.83 7.79786 0
-4.73 7.85668 0
-4.63 7.91788 0
-4.53 7.96804 0
-4.43 8.03618 0
-4.33 8.10106 0
-4.23 8.19189 0
-4.13 8.25581 0
-4.03 8.32323 0
-3.93 8.40378 0
-3.83 8.49672 0
-3.73 8.56858 0
-3.63 8.64221 0
-3.53 8.7449 0
-3.43 8.81586 0
-3.33 8.93245 0
-3.23 9.05063 0
-3.13 9.15553 0
-3.03 9.27683 0
-2.93 9.40754 0
-2.83 9.5366 0
-2.73 9.67672 0
-2.63 9.87774 0
-2.53 10.0766 0
-2.43 10.3091 0
-2.33 10.614 0
-2.23 10.9962 0
-2.13 11.2157 0
-2.03 11.2403 0
-1.93 11.2531 0
-1.83 11.3327 0
-1.73 11.4293 0
-1.63 11.5322 0
-1.53 11.6987 0
-1.43 11.8595 0
-1.33 11.8686 0
-1.23 12.0655 0
-1.13 12.2515 0
-1.03 12.3769 0
-0.93 12.4924 0
-0.83 12.7578 0
-0.73 12.9097 0
-0.63 12.9104 0
-0.53 13.0424 0
-0.43 13.3665 0
-0.33 13.6083 0
-0.23 13.7022 0
-0.13 13.7628 0
-0.03 14.1145 0
0.07 14.2693 0
0.17 14.5184 0
0.27 14.7705 0
0.37 15.0817 0
0.47 15.5011 0
0.57 15.6124 0
0.67 15.7866 0
0.77 16.212 0
0.87 16.6294 0
0.97 17.0237 0
1.07 17.295 0
1.17 17.7504 0
1.27 18.1512 0
1.37 18.8458 0
1.47 19.4348 0
1.57 19.772 0
1.67 20.2714 0
1.77 21.1562 0
1.87 22.0959 0
1.97 22.9216 0
2.07 24.0307 0
2.17 25.3735 0
2.27 27.0897 0
2.37 29.1995 0
2.47 31.4176 0
2.57 34.0347 0
2.67 38.002 0
2.77 43.0807 0
2.87 48.9317 0
2.97 55.741 0
3.07 62.4659 0
3.17 69.7068 0
3.27 76.0461 0
3.37 80.6105 0
3.47 85.3292 0
3.57 90.1957 0
3.67 80.3914 0
3.77 79.963 0
3.87 88.8741 0
3.97 0 0
4.07 0 0
4.17 0 0
4.27 0 0
4.37 0 0
4.47 0 0
4.57 0 0
4.67 0 0
4.77 0 0
4.87 0 0
4.97 0 0
5.07 0 0
5.17 0 0
5.27 0 0
5.37 0 0
5.47 0 0
5.57 0 0
5.67 0 0
5.77 0 0
5.87 0 0
5.97 0 0
6.07 0 0
6.17 0 0
6.27 0 0
6.37 0 0
6.47 0 0
6.57 0 0
6.67 0 0
6.77 0 0
6.87 0 0
6.97 0 0
7.07 0 0
7.17 0 0
7.27 0 0
7.37 0 0
7.47 0 0
7.57 0 0
7.67 0 0
7.77 0 0
7.87 0 0
7.97 0 0
8.07 0 0
8.17 0 0
8.27 0 0
8.37 0 0
8.47 0 0
8.57 0 0
8.67 0 0
8.77 0 0
8.87 0 0
8.97 0 0
9.07 0 0
9.17 0 0
9.27 0 0
9.37 0 0
9.47 0 0
9.57 0 0
9.67 0 0
9.77 0 0
9.87 0 0
9.97 0 0
10.07 0 0
10.17 0 0
10.27 0 0
10.37 0 0
10.47 0 0
10.57 0 0
10.67 0 0
10.77 0 0
10.87 0 0
10.97 0 0
11.07 0 0
11.17 0 0
11.27 0 0
11.37 0 0
11.47 0 0
11.57 0 0
11.67 0 0
11.77 0 0
11.87 0 0
11.97 0 0
12.07 0 0
12.17 0 0
12.27 0 0
12.37 0 0
12.47 0 0
12.57 0 0
12.67 0 0
12.77 0 0
12.87 0 0
12.97 0 0
13.07 0 0
13.17 0 0
