-7.23 0 0
-7.13 0.00102857 0
-7.03 0.000540893 0
-6.93 0.000410025 0
-6.83 0.000852767 0
-6.73 0.000914634 0
-6.63 0.000559604 0
-6.53 0.000750496 0
-6.43 0.000748295 0
-6.33 0.000652005 0
-6.23 0.000607923 0
-6.13 0.000657658 0
-6.03 0.000631692 0
-5.93 0.000699689 0
-5.83 0.000286419 0
-5.73 0.000589774 0
-5.63 0.000652705 0
-5.53 0.000622661 0
-5.43 0.000696496 0
-5.33 0.000469245 0
-5.23 0.000718397 0
-5.13 0.000669622 0
-5.03 0.00081317 0
-4.93 0.000883064 0
-4.83 0.000384755 0
-4.73 0.000550013 0
-4.63 0.000334575 0
-4.53 0.000417033 0
-4.43 0.000493929 0
-4.33 0.00111994 0
-4.23 0.000722899 0
-4.13 0.000831656 0
-4.03 0.000525589 0
-3.93 0.0011039 0
-3.83 0.000699672 0
-3.73 0.000319146 0
-3.63 0.000945227 0
-3.53 0.000543378 0
-3.43 0.00080266 0
-3.33 0.000692069 0
-3.23 0.000784483 0
-3.13 0.000749388 0
-3.03 0.00104134 0
-2.93 0.000708239 0
-2.83 0.000736729 0
-2.73 0.00043033 0
-2.63 0.000755006 0
-2.53 0.000688072 0
-2.43 0.000819581 0
-2.33 0.000870853 0
-2.23 0.000812365 0
-2.13 0.000640054 0
-2.03 0.000683954 0
-1.93 0.000891884 0
-1.83 0.000493397 0
-1.73 0.00100219 0
-1.63 0.000474156 0
-1.53 0.000751121 0
-1.43 0.000585735 0
-1.33 0.000890757 0
-1.23 0.000837242 0
-1.13 0.000843531 0
-1.03 0.000537667 0
-0.93 0.000727739 0
-0.83 0.000866815 0
-0.73 0.000781658 0
-0.63 0.000708479 0
-0.53 0.000587024 0
-0.43 0.000719813 0
-0.33 0.000837049 0
-0.23 0.00069844 0
-0.13 0.000342158 0
-0.03 0.000688622 0
0.07 0.000690825 0
0.17 0.000629697 0
0.27 0.000614233 0
0.37 0.000693759 0
0.47 0.000949872 0
0.57 0.000603731 0
0.67 0.000662109 0
0.77 0.000441617 0
0.87 0.000775999 0
0.97 0.000534036 0
1.07 0.000556661 0
1.17 0.00101686 0
1.27 0.000884306 0
1.37 0.000867657 0
1.47 0.000754234 0
1.57 0.000532307 0
1.67 0.000628591 0
1.77 0.000766298 0
1.87 0.000598582 0
1.97 0.000361184 0
2.07 0.000517025 0
2.17 0.00040909 0
2.27 0.000396964 0
2.37 0.000472121 0
2.47 0.000332183 0
2.57 0.000370726 0
2.67 0.000192147 0
2.77 0.000139293 0
2.87 9.32195e-05 0
2.97 6.36468e-05 0
3.07 1.15911e-05 0
3.17 9.73629e-05 0
3.27 2.42256e-05 0
3.37 6.48877e-06 0
3.47 7.99214e-06 0
3.57 1.06726e-19 0
3.67 0 0
3.77 6.2931e-07 0
3.87 0 0
3.97 0 0
4.07 0 0
4.17 5.21377e-06 0
4.27 5.69651e-07 0
4.37 0 0
4.47 1.24244e-05 0
4.57 9.41807e-06 0
4.67 1.67713e-19 0
4.77 0 0
4.87 0 0
4.97 0 0
5.07 0 0
5.17 6.75128e-05 0
5.27 3.27125e-06 0
5.37 0 0
5.47 0 0
5.57 0 0
5.67 0.000138616 0
5.77 1.24683e-18 0
5.87 0 0
5.97 0 0
6.07 0 0
6.17 0 0
6.27 0 0
6.37 0 0
6.47 0 0
6.57 0 0
6.67 0 0
6.77 0 0
6.87 0 0
6.97 0 0
7.07 0 0
7.17 2.11185e-05 0
7.27 1.86347e-19 0
7.37 0 0
7.47 0 0
7.57 0 0
7.67 0 0
7.77 0 0
7.87 3.05846e-05 0
7.97 0 0
8.07 0 0
8.17 0 0
8.27 0 0
8.37 6.29266e-05 0
8.47 2.54149e-06 0
8.57 4.48927e-20 0
8.67 0 0
8.77 1.35742e-05 0
8.87 5.93202e-05 0
8.97 1.40796e-05 0
9.07 2.08392e-05 0
9.17 0 0
9.27 0 0
9.37 0 0
9.47 0 0
9.57 1.01755e-06 0
9.67 0 0
9.77 0 0
9.87 0 0
9.97 1.40842e-05 0
10.07 3.33874e-05 0
10.17 0 0
10.27 0 0
10.37 0 0
10.47 0 0
10.57 0 0
10.67 0 0
10.77 0 0
10.87 0 0
10.97 0 0
11.07 0 0
11.17 0 0
11.27 0 0
11.37 0 0
11.47 0 0
11.57 0 0
11.67 0 0
11.77 3.49403e-06 0
11.87 6.18334e-20 0
11.97 0 0
12.07 0 0
12.17 0 0
12.27 0 0
12.37 0 0
12.47 0 0
12.57 0 0
12.67 0 0
12.77 0 0
12.87 0 0
12.97 0 0
13.07 0 0
13.17 0 0
