-7.23 0 0
-7.13 0.058288 0
-7.03 0.057386 0
-6.93 0.058176 0
-6.83 0.0588726 0
-6.73 0.0590372 0
-6.63 0.0589342 0
-6.53 0.0592714 0
-6.43 0.059648 0
-6.33 0.0599762 0
-6.23 0.0599673 0
-6.13 0.0604322 0
-6.03 0.0608499 0
-5.93 0.0611919 0
-5.83 0.0608166 0
-5.73 0.0616906 0
-5.63 0.0621955 0
-5.53 0.0625138 0
-5.43 0.062493 0
-5.33 0.0625484 0
-5.23 0.0634255 0
-5.13 0.0637087 0
-5.03 0.0642622 0
-4.93 0.0645716 0
-4.83 0.0642774 0
-4.73 0.0651144 0
-4.63 0.065381 0
-4.53 0.0656033 0
-4.43 0.0663359 0
-4.33 0.0673442 0
-4.23 0.067837 0
-4.13 0.0680502 0
-4.03 0.0682566 0
-3.93 0.069701 0
-3.83 0.0692887 0
-3.73 0.0689292 0
-3.63 0.0700537 0
-3.53 0.0701966 0
-3.43 0.0710416 0
-3.33 0.0720809 0
-3.23 0.0726399 0
-3.13 0.0731815 0
-3.03 0.0744287 0
-2.93 0.0748384 0
-2.83 0.0755584 0
-2.73 0.0758662 0
-2.63 0.0775985 0
-2.53 0.0788716 0
-2.43 0.0806221 0
-2.33 0.0827957 0
-2.23 0.085531 0
-2.13 0.0857616 0
-2.03 0.0849795 0
-1.93 0.0841403 0
-1.83 0.0837515 0
-1.73 0.0845447 0
-1.63 0.0835971 0
-1.53 0.0846279 0
-1.43 0.084776 0
-1.33 0.0845345 0
-1.23 0.085263 0
-1.13 0.0855274 0
-1.03 0.0851479 0
-0.93 0.0852423 0
-0.83 0.0867006 0
-0.73 0.0863694 0
-0.63 0.0848242 0
-0.53 0.0846915 0
-0.43 0.085845 0
-0.33 0.086386 0
-0.23 0.0854192 0
-0.13 0.0843969 0
-0.03 0.0854275 0
0.07 0.0852494 0
0.17 0.0852987 0
0.27 0.0852176 0
0.37 0.0860306 0
0.47 0.0869417 0
0.57 0.0857742 0
0.67 0.0851755 0
0.77 0.085445 0
0.87 0.0861468 0
0.97 0.0858272 0
1.07 0.0855679 0
1.17 0.0866412 0
1.27 0.0862719 0
1.37 0.087539 0
1.47 0.0876069 0
1.57 0.0858749 0
1.67 0.0857094 0
1.77 0.0866081 0
1.87 0.0870366 0
1.97 0.0861842 0
2.07 0.0859414 0
2.17 0.0858411 0
2.27 0.0861362 0
2.37 0.0863281 0
2.47 0.0849451 0
2.57 0.0839771 0
2.67 0.0835225 0
2.77 0.0802449 0
2.87 0.0721015 0
2.97 0.0583223 0
3.07 0.0404817 0
3.17 0.0239738 0
3.27 0.011705 0
3.37 0.00456653 0
3.47 0.00160724 0
3.57 0.000456807 0
3.67 0.000155757 0
3.77 4.8395e-05 0
3.87 3.60572e-05 0
3.97 0.000108579 0
4.07 6.02692e-05 0
4.17 7.98647e-05 0
4.27 3.78122e-05 0
4.37 5.80825e-05 0
4.47 9.74746e-05 0
4.57 3.60937e-05 0
4.67 1.55536e-05 0
4.77 1.36406e-05 0
4.87 7.81244e-05 0
4.97 9.03514e-05 0
5.07 4.26211e-05 0
5.17 9.83525e-05 0
5.27 8.37871e-05 0
5.37 3.17313e-05 0
5.47 4.20146e-05 0
5.57 3.34281e-05 0
5.67 0.000164501 0
5.77 1.64203e-05 0
5.87 1.15515e-05 0
5.97 6.14436e-05 0
6.07 5.99314e-05 0
6.17 2.84591e-05 0
6.27 4.73853e-05 0
6.37 6.07751e-05 0
6.47 3.65081e-05 0
6.57 4.2394e-05 0
6.67 4.2993e-05 0
6.77 2.08769e-05 0
6.87 8.52022e-05 0
6.97 1.94844e-05 0
7.07 1.32611e-05 0
7.17 4.05889e-05 0
7.27 2.51586e-05 0
7.37 3.08575e-05 0
7.47 2.46671e-05 0
7.57 5.41201e-05 0
7.67 1.88845e-05 0
7.77 4.40181e-05 0
7.87 0.000135876 0
7.97 2.54354e-05 0
8.07 1.94267e-05 0
8.17 2.61751e-05 0
8.27 2.60917e-05 0
8.37 8.52695e-05 0
8.47 5.51824e-05 0
8.57 6.9801e-06 0
8.67 1.76267e-05 0
8.77 4.32291e-05 0
8.87 7.72412e-05 0
8.97 3.67579e-05 0
9.07 6.57779e-05 0
9.17 2.5113e-05 0
9.27 1.78414e-05 0
9.37 2.4149e-05 0
9.47 2.42141e-05 0
9.57 7.20993e-05 0
9.67 3.02725e-05 0
9.77 3.41632e-06 0
9.87 6.53728e-06 0
9.97 2.92688e-05 0
10.07 5.41243e-05 0
10.17 1.33358e-05 0
10.27 1.10354e-05 0
10.37 3.29232e-05 0
10.47 2.24921e-05 0
10.57 1.21239e-05 0
10.67 3.70619e-06 0
10.77 4.17848e-06 0
10.87 2.06138e-06 0
10.97 3.11755e-06 0
11.07 7.48263e-06 0
11.17 1.82401e-05 0
11.27 1.24165e-05 0
11.37 1.31753e-05 0
11.47 3.62012e-05 0
11.57 1.99729e-05 0
11.67 3.0148e-06 0
11.77 1.91081e-05 0
11.87 8.31611e-06 0
11.97 4.2557e-06 0
12.07 5.2841e-05 0
12.17 1.45263e-05 0
12.27 1.63607e-05 0
12.37 1.19178e-05 0
12.47 8.40057e-07 0
12.57 4.12516e-06 0
12.67 2.62617e-05 0
12.77 1.17971e-05 0
12.87 1.88271e-05 0
12.97 5.44451e-05 0
13.07 1.2134e-05 0
13.17 1.74194e-05 0
