-7.23 0 0
-7.13 0.0516088 0
-7.03 0.0514045 0
-6.93 0.0523176 0
-6.83 0.0526249 0
-6.73 0.0527349 0
-6.63 0.0529199 0
-6.53 0.0531298 0
-6.43 0.0535168 0
-6.33 0.0538722 0
-6.23 0.0540131 0
-6.13 0.0544323 0
-6.03 0.0547612 0
-5.93 0.0550793 0
-5.83 0.0552983 0
-5.73 0.0557222 0
-5.63 0.0560274 0
-5.53 0.0564326 0
-5.43 0.0564588 0
-5.33 0.056671 0
-5.23 0.0571941 0
-5.13 0.057618 0
-5.03 0.0579156 0
-4.93 0.0580861 0
-4.83 0.0584424 0
-4.73 0.0591283 0
-4.63 0.0596182 0
-4.53 0.0598836 0
-4.43 0.0605 0
-4.33 0.0607426 0
-4.23 0.0615006 0
-4.13 0.0618606 0
-4.03 0.0624493 0
-3.93 0.0629465 0
-3.83 0.0630332 0
-3.73 0.0632596 0
-3.63 0.063683 0
-3.53 0.0642982 0
-3.43 0.0649812 0
-3.33 0.0659794 0
-3.23 0.0664563 0
-3.13 0.0671398 0
-3.03 0.0680549 0
-2.93 0.0686984 0
-2.83 0.0697618 0
-2.73 0.0704824 0
-2.63 0.0717804 0
-2.53 0.0731944 0
-2.43 0.0747322 0
-2.33 0.0770151 0
-2.23 0.0794745 0
-2.13 0.0802524 0
-2.03 0.0794821 0
-1.93 0.078663 0
-1.83 0.0787256 0
-1.73 0.0787809 0
-1.63 0.0787108 0
-1.53 0.0794355 0
-1.43 0.079686 0
-1.33 0.0791806 0
-1.23 0.0801065 0
-1.13 0.0803944 0
-1.03 0.0803582 0
-0.93 0.0804298 0
-0.83 0.0816333 0
-0.73 0.0814041 0
-0.63 0.0800837 0
-0.53 0.0802104 0
-0.43 0.0812516 0
-0.33 0.0817034 0
-0.23 0.0811679 0
-0.13 0.0804254 0
-0.03 0.0812955 0
0.07 0.0810328 0
0.17 0.0813538 0
0.27 0.0814222 0
0.37 0.0819674 0
0.47 0.0829221 0
0.57 0.0821905 0
0.67 0.0815127 0
0.77 0.0822462 0
0.87 0.0827616 0
0.97 0.0827794 0
1.07 0.0826574 0
1.17 0.0832672 0
1.27 0.0831248 0
1.37 0.0843849 0
1.47 0.0848416 0
1.57 0.083483 0
1.67 0.0833395 0
1.77 0.0843386 0
1.87 0.0852419 0
1.97 0.0849039 0
2.07 0.0848211 0
2.17 0.0849587 0
2.27 0.0854229 0
2.37 0.0856489 0
2.47 0.0846702 0
2.57 0.083721 0
2.67 0.0835687 0
2.77 0.0804992 0
2.87 0.0725249 0
2.97 0.0588105 0
3.07 0.0409149 0
3.17 0.0241617 0
3.27 0.011843 0
3.37 0.00461473 0
3.47 0.0016018 0
3.57 0.000456034 0
3.67 0.000142859 0
3.77 3.75234e-05 0
3.87 2.95204e-05 0
3.97 3.0316e-05 0
4.07 5.53818e-05 0
4.17 3.50524e-05 0
4.27 2.91555e-05 0
4.37 4.70224e-05 0
4.47 2.91995e-05 0
4.57 1.60572e-05 0
4.67 6.56829e-06 0
4.77 6.82097e-06 0
4.87 3.94882e-05 0
4.97 7.83889e-05 0
5.07 3.20317e-05 0
5.17 2.67076e-05 0
5.27 5.04713e-05 0
5.37 2.97042e-05 0
5.47 3.94961e-05 0
5.57 1.71364e-05 0
5.67 2.19407e-05 0
5.77 1.21795e-05 0
5.87 7.19589e-06 0
5.97 5.11659e-05 0
6.07 5.58666e-05 0
6.17 1.74809e-05 0
6.27 3.56009e-05 0
6.37 3.25585e-05 0
6.47 2.60423e-05 0
6.57 3.42469e-05 0
6.67 3.41386e-05 0
6.77 1.20254e-05 0
6.87 4.40959e-05 0
6.97 5.79053e-07 0
7.07 6.41059e-06 0
7.17 1.22371e-05 0
7.27 1.29017e-05 0
7.37 1.95507e-05 0
7.47 2.02856e-05 0
7.57 3.86497e-05 0
7.67 1.25301e-05 0
7.77 3.00721e-05 0
7.87 6.61068e-05 0
7.97 1.55722e-05 0
8.07 4.38085e-06 0
8.17 7.12999e-06 0
8.27 9.10014e-06 0
8.37 1.87382e-05 0
8.47 2.50954e-05 0
8.57 5.08536e-06 0
8.67 1.31817e-05 0
8.77 1.9658e-05 0
8.87 1.48075e-05 0
8.97 1.69109e-05 0
9.07 3.48304e-05 0
9.17 1.93047e-05 0
9.27 1.63746e-05 0
9.37 2.36172e-05 0
9.47 2.14907e-05 0
9.57 4.37625e-05 0
9.67 2.89082e-05 0
9.77 1.77984e-06 0
9.87 4.21461e-06 0
9.97 8.99894e-08 0
10.07 4.57229e-06 0
10.17 5.84138e-06 0
10.27 4.72321e-06 0
10.37 2.91827e-05 0
10.47 1.81711e-05 0
10.57 1.13854e-05 0
10.67 1.88605e-06 0
10.77 2.56821e-06 0
10.87 6.22924e-07 0
10.97 1.02822e-07 0
11.07 2.16356e-06 0
11.17 1.53068e-05 0
11.27 7.74323e-06 0
11.37 1.02414e-05 0
11.47 3.15966e-05 0
11.57 1.86637e-05 0
11.67 0 0
11.77 3.29229e-06 0
11.87 9.76802e-07 0
11.97 1.01276e-06 0
12.07 2.22025e-05 0
12.17 1.1405e-05 0
12.27 1.46805e-05 0
12.37 8.73003e-06 0
12.47 8.57701e-07 0
12.57 1.52466e-20 0
12.67 1.84926e-05 0
12.77 1.08174e-05 0
12.87 1.73068e-05 0
12.97 5.32583e-05 0
13.07 1.13733e-05 0
13.17 1.64149e-05 0
