-7.23 0 0
-7.13 0.00809571 0
-7.03 0.00807759 0
-6.93 0.00808224 0
-6.83 0.00806953 0
-6.73 0.00805581 0
-6.63 0.00804328 0
-6.53 0.00803261 0
-6.43 0.00801941 0
-6.33 0.0080178 0
-6.23 0.00799773 0
-6.13 0.00798987 0
-6.03 0.00797483 0
-5.93 0.00796091 0
-5.83 0.00794564 0
-5.73 0.00793768 0
-5.63 0.00793248 0
-5.53 0.00792233 0
-5.43 0.00790328 0
-5.33 0.00788954 0
-5.23 0.00788082 0
-5.13 0.00787351 0
-5.03 0.00785604 0
-4.93 0.00783709 0
-4.83 0.00782674 0
-4.73 0.00782221 0
-4.63 0.00780645 0
-4.53 0.00779072 0
-4.43 0.00777632 0
-4.33 0.0077618 0
-4.23 0.00775102 0
-4.13 0.00774017 0
-4.03 0.00771958 0
-3.93 0.00770615 0
-3.83 0.00767521 0
-3.73 0.00765922 0
-3.63 0.00763919 0
-3.53 0.00762327 0
-3.43 0.00761134 0
-3.33 0.00760399 0
-3.23 0.00757985 0
-3.13 0.00756162 0
-3.03 0.00754792 0
-2.93 0.00752895 0
-2.83 0.00750823 0
-2.73 0.0074888 0
-2.63 0.00747637 0
-2.53 0.00746046 0
-2.43 0.00744109 0
-2.33 0.00741714 0
-2.23 0.00738562 0
-2.13 0.00732015 0
-2.03 0.00724198 0
-1.93 0.00717295 0
-1.83 0.00711871 0
-1.73 0.00706015 0
-1.63 0.00700141 0
-1.53 0.00694884 0
-1.43 0.00687983 0
-1.33 0.00681423 0
-1.23 0.00676178 0
-1.13 0.00668802 0
-1.03 0.00662452 0
-0.93 0.00655566 0
-0.83 0.00649377 0
-0.73 0.00641386 0
-0.63 0.00632403 0
-0.53 0.006257 0
-0.43 0.00618713 0
-0.33 0.00610754 0
-0.23 0.00601955 0
-0.13 0.00593533 0
-0.03 0.0058572 0
0.07 0.00577417 0
0.17 0.00568977 0
0.27 0.00560147 0
0.37 0.00552076 0
0.47 0.00542188 0
0.57 0.00531711 0
0.67 0.00522077 0
0.77 0.00513481 0
0.87 0.00503642 0
0.97 0.00492978 0
1.07 0.00483344 0
1.17 0.00472996 0
1.27 0.0046198 0
1.37 0.00451511 0
1.47 0.00439323 0
1.57 0.00425028 0
1.67 0.00412986 0
1.77 0.00400858 0
1.87 0.00387269 0
1.97 0.00370751 0
2.07 0.00352847 0
2.17 0.00334452 0
2.27 0.0031472 0
2.37 0.00292485 0
2.47 0.00269173 0
2.57 0.00245903 0
2.67 0.00219589 0
2.77 0.00186933 0
2.87 0.00148186 0
2.97 0.00105303 0
3.07 0.0006545 0
3.17 0.000346323 0
3.27 0.000155728 0
3.37 5.71335e-05 0
3.47 1.88688e-05 0
3.57 5.08378e-06 0
3.67 1.81546e-06 0
3.77 6.32925e-07 0
3.87 5.04849e-07 0
3.97 8.20487e-07 0
4.07 9.70297e-07 0
4.17 4.90809e-07 0
4.27 3.01375e-07 0
4.37 6.62031e-07 0
4.47 2.01922e-07 0
4.57 9.27546e-08 0
4.67 1.79085e-08 0
4.77 2.13253e-08 0
4.87 5.86723e-07 0
4.97 1.05274e-06 0
5.07 3.88686e-07 0
5.17 5.13392e-07 0
5.27 5.96576e-07 0
5.37 4.35753e-07 0
5.47 4.79933e-07 0
5.57 1.05907e-07 0
5.67 2.48894e-07 0
5.77 5.35283e-08 0
5.87 2.13645e-08 0
5.97 4.70002e-07 0
6.07 4.69026e-07 0
6.17 1.41742e-07 0
6.27 6.01669e-07 0
6.37 4.67606e-07 0
6.47 2.34668e-07 0
6.57 4.84546e-07 0
6.67 2.49281e-07 0
6.77 4.04019e-08 0
6.87 6.3332e-07 0
6.97 8.67704e-10 0
7.07 1.60575e-08 0
7.17 1.36058e-07 0
7.27 7.81751e-08 0
7.37 2.59711e-07 0
7.47 4.21068e-07 0
7.57 5.92598e-07 0
7.67 3.44975e-07 0
7.77 5.81633e-07 0
7.87 6.71475e-07 0
7.97 1.05747e-07 0
8.07 2.6369e-07 0
8.17 2.67809e-07 0
8.27 3.19946e-07 0
8.37 9.84836e-07 0
8.47 5.66563e-07 0
8.57 2.6588e-07 0
8.67 4.96491e-07 0
8.77 5.68641e-07 0
8.87 5.54061e-07 0
8.97 6.12984e-07 0
9.07 7.81383e-07 0
9.17 5.54005e-07 0
9.27 5.40492e-07 0
9.37 5.3752e-07 0
9.47 3.30142e-07 0
9.57 5.55216e-07 0
9.67 2.38525e-07 0
9.77 2.87206e-09 0
9.87 1.11927e-08 0
9.97 3.32445e-10 0
10.07 3.88102e-08 0
10.17 2.09933e-08 0
10.27 3.78158e-08 0
10.37 5.25345e-07 0
10.47 2.70947e-07 0
10.57 6.85234e-08 0
10.67 3.97526e-09 0
10.77 6.46105e-09 0
10.87 8.98489e-10 0
10.97 2.90289e-10 0
11.07 2.47761e-08 0
11.17 3.12044e-07 0
11.27 2.78362e-07 0
11.37 2.85359e-07 0
11.47 4.30381e-07 0
11.57 1.84479e-07 0
11.67 0 0
11.77 9.58904e-09 0
11.87 1.52382e-09 0
11.97 8.84006e-09 0
12.07 1.35132e-07 0
12.17 2.01995e-07 0
12.27 1.15961e-07 0
12.37 3.09318e-08 0
12.47 1.22278e-09 0
12.57 2.17135e-23 0
12.67 3.15357e-07 0
12.77 3.54055e-07 0
12.87 5.30345e-07 0
12.97 9.29775e-07 0
13.07 2.81021e-07 0
13.17 3.10656e-07 0
