1.09967 0
3.099 7.88461e-12
5.09833 2.45346e-11
7.09767 7.97148e-12
9.097 1.56903e-11
11.0963 7.6054e-12
13.0957 7.39305e-12
15.095 0
17.0943 2.11905e-11
19.0937 6.879e-12
21.093 6.72926e-12
23.0923 3.98695e-11
25.0917 2.59279e-11
27.091 0
29.0903 6.23562e-12
31.0897 1.22113e-11
33.089 1.20887e-11
35.0883 2.96631e-11
37.0877 3.51978e-11
39.087 0
41.0863 5.73482e-12
43.0857 2.26879e-11
45.085 3.92918e-11
47.0843 2.23836e-11
49.0837 5.54657e-12
51.083 2.20519e-11
53.0823 5.47425e-11
55.0817 1.08971e-11
57.081 1.6307e-11
59.0803 5.98722e-11
61.0797 1.63899e-11
63.079 1.64492e-11
65.0783 6.04995e-11
67.0777 1.66024e-11
69.077 6.71061e-11
71.0763 1.69987e-11
73.0757 6.30149e-11
75.075 2.31896e-11
77.0743 6.48191e-11
79.0737 2.4002e-11
81.073 6.08302e-11
83.0723 6.86866e-11
85.0717 5.10644e-11
87.071 5.87515e-11
89.0703 8.05464e-11
91.0697 6.90169e-11
93.069 7.06398e-11
95.0683 7.24127e-11
97.0677 9.69338e-11
99.067 1.07825e-10
101.066 1.03293e-10
103.066 1.39722e-10
105.065 1.27793e-10
107.064 1.14421e-10
109.064 1.361e-10
111.063 1.78629e-10
113.062 1.55683e-10
115.062 1.81098e-10
117.061 1.7704e-10
119.06 2.04932e-10
121.06 1.78964e-10
123.059 1.96715e-10
125.058 2.16174e-10
127.058 2.11872e-10
129.057 2.0711e-10
131.056 1.61285e-10
133.056 2.37125e-10
135.055 1.88187e-10
137.054 2.54545e-10
139.054 2.49033e-10
141.053 2.58432e-10
143.052 2.51401e-10
145.052 2.44335e-10
147.051 2.53973e-10
149.05 2.25374e-10
151.05 2.34585e-10
153.049 1.01177e-10
155.048 8.46624e-11
157.048 1.09686e-10
159.047 1.14377e-10
161.046 1.42807e-10
163.046 1.54849e-10
165.045 1.41439e-10
167.044 1.86637e-10
169.044 1.7073e-10
171.043 1.86754e-10
173.042 2.469e-10
175.042 2.26216e-10
177.041 2.99478e-10
179.04 2.72487e-10
181.04 3.57967e-10
183.039 3.1089e-10
185.038 0
187.038 0
189.037 0
191.036 0
193.036 0
195.035 0
197.034 0
199.034 0
201.033 0
203.032 0
205.032 0
207.031 0
209.03 0
211.03 0
213.029 0
215.028 0
217.028 0
219.027 0
221.026 0
223.026 0
225.025 0
227.024 0
229.024 0
231.023 0
233.022 0
235.022 0
237.021 0
239.02 0
241.02 0
243.019 0
245.018 0
247.018 0
249.017 0
251.016 0
253.016 0
255.015 0
257.014 0
259.014 0
261.013 0
263.012 0
265.012 0
267.011 0
269.01 0
271.01 0
273.009 0
275.008 0
277.008 0
279.007 0
281.006 0
283.006 0
285.005 0
287.004 0
289.004 0
291.003 0
293.002 0
295.002 0
297.001 0
299 0
