1.09967 0
3.099 0
5.09833 0
7.09767 0
9.097 2.17151e-09
11.0963 0
13.0957 1.90096e-09
15.095 1.7836e-09
17.0943 0
19.0937 0
21.093 1.47868e-09
23.0923 0
25.0917 0
27.091 1.24083e-09
29.0903 2.3413e-09
31.0897 0
33.089 0
35.0883 9.97456e-10
37.0877 0
39.087 9.02485e-10
41.0863 1.72492e-09
43.0857 0
45.085 7.91028e-10
47.0843 7.66964e-10
49.0837 1.47052e-09
51.083 7.12026e-10
53.0823 0
55.0817 1.97177e-09
57.081 0
59.0803 6.05216e-10
61.0797 1.78936e-09
63.079 5.82078e-10
65.0783 0
67.0777 1.6244e-09
69.077 5.26347e-10
71.0763 1.5582e-09
73.0757 5.04957e-10
75.075 1.49138e-09
77.0743 4.83676e-10
79.0737 1.42061e-09
81.073 1.43267e-09
83.0723 0
85.0717 1.35956e-09
87.071 1.35288e-09
89.0703 4.45378e-10
91.0697 8.52846e-10
93.069 1.26561e-09
95.0683 1.24937e-09
97.0677 1.2318e-09
99.067 1.20866e-09
101.066 1.18717e-09
103.066 1.16056e-09
105.065 1.5185e-09
107.064 1.49442e-09
109.064 1.46618e-09
111.063 1.43799e-09
113.062 1.4102e-09
115.062 1.38223e-09
117.061 2.03964e-09
119.06 1.67614e-09
121.06 1.9823e-09
123.059 2.2564e-09
125.058 2.68845e-09
127.058 3.43095e-09
129.057 2.46026e-09
131.056 3.02441e-09
133.056 2.68137e-09
135.055 1.75305e-09
137.054 1.7234e-09
139.054 1.6999e-09
141.053 1.95483e-09
143.052 1.65168e-09
145.052 1.89574e-09
147.051 1.6006e-09
149.05 2.09661e-09
151.05 2.07295e-09
153.049 2.0382e-09
155.048 2.26854e-09
157.048 1.98138e-09
159.047 0
161.046 0
163.046 0
165.045 0
167.044 0
169.044 0
171.043 0
173.042 0
175.042 0
177.041 0
179.04 0
181.04 0
183.039 0
185.038 0
187.038 0
189.037 0
191.036 0
193.036 0
195.035 0
197.034 0
199.034 0
201.033 0
203.032 0
205.032 0
207.031 0
209.03 0
211.03 0
213.029 0
215.028 0
217.028 0
219.027 0
221.026 0
223.026 0
225.025 0
227.024 0
229.024 0
231.023 0
233.022 0
235.022 0
237.021 0
239.02 0
241.02 0
243.019 0
245.018 0
247.018 0
249.017 0
251.016 0
253.016 0
255.015 0
257.014 0
259.014 0
261.013 0
263.012 0
265.012 0
267.011 0
269.01 0
271.01 0
273.009 0
275.008 0
277.008 0
279.007 0
281.006 0
283.006 0
285.005 0
287.004 0
289.004 0
291.003 0
293.002 0
295.002 0
297.001 0
299 0
