1 0
3 0
5 0
7 0
9 0
11 3.84668e-08
13 8.9207e-05
15 0.000491359
17 0.000849303
19 0.000506063
21 0.000258233
23 0.000164062
25 0.000116515
27 8.50236e-05
29 6.30075e-05
31 4.81027e-05
33 3.76444e-05
35 3.01081e-05
37 2.47421e-05
39 2.07446e-05
41 1.76337e-05
43 1.50802e-05
45 1.30302e-05
47 1.13416e-05
49 9.90935e-06
51 8.77293e-06
53 7.72187e-06
55 6.89321e-06
57 6.15173e-06
59 5.50995e-06
61 4.93657e-06
63 4.4489e-06
65 4.03262e-06
67 3.64916e-06
69 3.33815e-06
71 3.05423e-06
73 2.77857e-06
75 2.54777e-06
77 2.34614e-06
79 2.16382e-06
81 2.01038e-06
83 1.849e-06
85 1.71145e-06
87 1.58132e-06
89 1.47129e-06
91 1.36111e-06
93 1.27699e-06
95 1.20592e-06
97 1.12255e-06
99 1.04679e-06
101 9.81363e-07
103 9.25635e-07
105 8.65828e-07
107 8.07994e-07
109 7.61169e-07
111 7.15301e-07
113 6.76779e-07
115 6.41176e-07
117 6.1538e-07
119 5.84631e-07
121 5.53263e-07
123 5.22385e-07
125 4.96396e-07
127 4.70282e-07
129 4.45448e-07
131 4.23294e-07
133 3.99152e-07
135 3.79443e-07
137 3.62496e-07
139 3.44447e-07
141 3.297e-07
143 3.14065e-07
145 2.99682e-07
147 2.84927e-07
149 2.72507e-07
151 2.60311e-07
153 2.48947e-07
155 2.40898e-07
157 2.41466e-07
159 2.35276e-07
161 2.22555e-07
163 2.17325e-07
165 2.05462e-07
167 1.96706e-07
169 1.90033e-07
171 1.81005e-07
173 1.72811e-07
175 1.66781e-07
177 1.60432e-07
179 1.53493e-07
181 1.47281e-07
183 1.4288e-07
185 1.35999e-07
187 1.30822e-07
189 1.26601e-07
191 1.22675e-07
193 1.18906e-07
195 1.16675e-07
197 1.13711e-07
199 1.08869e-07
201 1.06043e-07
203 1.01528e-07
205 9.92042e-08
207 9.57268e-08
209 9.2432e-08
211 8.97228e-08
213 8.65789e-08
215 8.3888e-08
217 8.17639e-08
219 7.89283e-08
221 7.62271e-08
223 7.42228e-08
225 7.12949e-08
227 7.10476e-08
229 6.6601e-08
231 6.64366e-08
233 6.31234e-08
235 6.20094e-08
237 6.00091e-08
239 5.8451e-08
241 5.67173e-08
243 5.55126e-08
245 5.34481e-08
247 5.24951e-08
249 5.09745e-08
251 4.97271e-08
253 4.81925e-08
255 4.73274e-08
257 4.61952e-08
259 4.54456e-08
261 4.45223e-08
263 4.3208e-08
265 4.20554e-08
267 4.10934e-08
269 4.01888e-08
271 3.91929e-08
273 3.7635e-08
275 3.79908e-08
277 3.56383e-08
279 3.61701e-08
281 3.47701e-08
283 3.39699e-08
285 3.32924e-08
287 3.20838e-08
289 3.22366e-08
291 3.08555e-08
293 2.94821e-08
295 3.07224e-08
297 2.85498e-08
299 2.76778e-08
301 2.81816e-08
303 2.72862e-08
305 2.62698e-08
307 2.63082e-08
309 2.53586e-08
311 2.4363e-08
313 2.47532e-08
315 2.39679e-08
317 2.29427e-08
319 2.25873e-08
321 2.28799e-08
323 2.19026e-08
325 2.09598e-08
327 2.10705e-08
329 2.10707e-08
331 2.00542e-08
333 1.99173e-08
335 1.96599e-08
337 1.93961e-08
339 1.85814e-08
341 1.83174e-08
343 1.80502e-08
345 1.78184e-08
347 1.70186e-08
349 1.68468e-08
351 1.65985e-08
353 1.62791e-08
355 1.60544e-08
357 1.53923e-08
359 1.54797e-08
361 1.52708e-08
363 1.52497e-08
365 1.47649e-08
367 1.47244e-08
369 1.44117e-08
371 1.4237e-08
373 1.37628e-08
375 1.38894e-08
377 1.33315e-08
379 1.29801e-08
381 1.30257e-08
383 1.22481e-08
385 1.27736e-08
387 1.19779e-08
389 1.19341e-08
391 1.15696e-08
393 1.17103e-08
395 1.12057e-08
397 1.14388e-08
399 1.06221e-08
401 1.07856e-08
403 1.01961e-08
405 1.07651e-08
407 1.04188e-08
409 1.03259e-08
411 1.07431e-08
413 9.71291e-09
415 1.00526e-08
417 9.97157e-09
419 9.4206e-09
421 9.38118e-09
423 9.00559e-09
425 9.37975e-09
427 9.15719e-09
429 8.87047e-09
431 8.50348e-09
433 8.44685e-09
435 8.14813e-09
437 8.23421e-09
439 7.87998e-09
441 8.25775e-09
443 7.90131e-09
445 7.77903e-09
447 7.27439e-09
449 7.45866e-09
451 7.09262e-09
453 6.93702e-09
455 7.34468e-09
457 7.00776e-09
459 6.79935e-09
461 6.95885e-09
463 6.64367e-09
465 6.83415e-09
467 6.826e-09
469 6.34705e-09
471 6.91165e-09
473 6.67308e-09
475 6.68636e-09
477 6.3822e-09
479 6.28803e-09
481 5.8824e-09
483 6.23297e-09
485 5.79928e-09
487 5.43659e-09
489 5.99468e-09
491 5.79902e-09
493 5.69249e-09
495 5.50763e-09
497 5.59997e-09
499 5.10417e-09
501 5.10881e-09
503 5.01464e-09
505 4.92228e-09
507 5.11604e-09
509 4.92294e-09
511 4.76883e-09
513 4.87205e-09
515 4.66017e-09
517 4.75678e-09
519 4.57567e-09
521 4.23607e-09
523 4.38069e-09
525 4.11716e-09
527 4.46809e-09
529 4.03405e-09
531 4.1749e-09
533 4.00945e-09
535 4.12793e-09
537 3.98814e-09
539 3.83171e-09
541 3.92968e-09
543 3.84437e-09
545 3.96092e-09
547 3.9158e-09
549 3.88209e-09
551 3.83104e-09
553 3.90798e-09
555 3.64883e-09
557 3.71498e-09
559 3.58382e-09
561 3.60206e-09
563 3.63647e-09
565 3.55966e-09
567 3.37182e-09
569 3.33095e-09
571 3.3495e-09
573 2.94623e-09
575 3.0855e-09
577 3.32199e-09
579 3.10731e-09
581 3.06656e-09
583 2.92721e-09
585 2.96086e-09
587 2.99752e-09
589 2.8484e-09
591 2.93379e-09
593 2.99273e-09
595 2.92086e-09
597 2.90871e-09
599 2.95686e-09
601 2.68129e-09
603 2.74865e-09
605 2.82377e-09
607 2.71208e-09
609 2.84536e-09
611 2.70529e-09
613 2.69947e-09
615 2.61529e-09
617 2.63309e-09
619 2.57379e-09
621 2.53302e-09
623 2.60188e-09
625 2.43333e-09
627 2.47546e-09
629 2.3655e-09
631 2.21614e-09
633 2.23496e-09
635 2.20613e-09
637 2.21873e-09
639 2.23642e-09
641 2.22008e-09
643 2.07263e-09
645 2.18913e-09
647 2.08217e-09
649 2.1629e-09
651 2.03276e-09
653 2.04791e-09
655 2.01324e-09
657 2.0672e-09
659 2.20383e-09
661 2.20214e-09
663 2.17076e-09
665 2.12268e-09
667 2.02459e-09
669 2.06981e-09
671 2.165e-09
673 2.04748e-09
675 1.9652e-09
677 1.90589e-09
679 1.93835e-09
681 1.97908e-09
683 2.01308e-09
685 1.86593e-09
687 1.88063e-09
689 1.87791e-09
691 1.91484e-09
693 1.85155e-09
695 1.84356e-09
697 1.7071e-09
699 1.64339e-09
701 1.66219e-09
703 1.66465e-09
705 1.95263e-09
707 2.09322e-09
709 2.2752e-09
711 2.19252e-09
713 2.14942e-09
715 2.19735e-09
717 2.15256e-09
719 1.95639e-09
721 1.97955e-09
723 1.86424e-09
725 1.82324e-09
727 1.78122e-09
729 1.92418e-09
731 1.87652e-09
733 2.0768e-09
735 2.13037e-09
737 2.15943e-09
739 2.43974e-09
741 2.38925e-09
743 2.34817e-09
745 2.56231e-09
747 2.35016e-09
749 2.40704e-09
751 2.21658e-09
753 2.36256e-09
755 2.22581e-09
757 2.31973e-09
759 2.2694e-09
761 2.17916e-09
763 2.11294e-09
765 2.17436e-09
767 2.2801e-09
769 2.21886e-09
771 2.18679e-09
773 2.18848e-09
775 2.08578e-09
777 2.32167e-09
779 2.12495e-09
781 2.14012e-09
783 2.30087e-09
785 2.10844e-09
787 2.25957e-09
789 2.11397e-09
791 2.10275e-09
793 2.07047e-09
795 2.04878e-09
797 2.09634e-09
799 2.22645e-09
801 2.02412e-09
803 2.24636e-09
805 2.5492e-09
807 2.55959e-09
809 2.61791e-09
811 2.6991e-09
813 2.77056e-09
815 3.84231e-09
817 4.70975e-09
819 5.86508e-09
821 7.13088e-09
823 1.50283e-08
825 1.6922e-10
827 0
829 0
831 0
833 0
835 0
837 0
839 0
841 0
843 0
845 0
847 0
849 0
851 0
853 0
855 0
857 0
859 0
861 0
863 0
865 0
867 0
869 0
871 0
873 0
875 0
877 0
879 0
881 0
883 0
885 0
887 0
889 0
891 0
893 0
895 0
897 0
899 0
901 0
903 0
905 0
907 0
909 0
911 0
913 0
915 0
917 0
919 0
921 0
923 0
925 0
927 0
929 0
931 0
933 0
935 0
937 0
939 0
941 0
943 0
945 0
947 0
949 0
951 0
953 0
955 0
957 0
959 0
961 0
963 0
965 0
967 0
969 0
971 0
973 0
975 0
977 0
979 0
981 0
983 0
985 0
987 0
989 0
991 0
993 0
995 0
997 0
999 0
1001 0
1003 0
1005 0
1007 0
1009 0
1011 0
1013 0
1015 0
1017 0
1019 0
1021 0
1023 0
1025 0
1027 0
1029 0
1031 0
1033 0
1035 0
1037 0
1039 0
1041 0
1043 0
1045 0
1047 0
1049 0
1051 0
1053 0
1055 0
1057 0
1059 0
1061 0
1063 0
1065 0
1067 0
1069 0
1071 0
1073 0
1075 0
1077 0
1079 0
1081 0
1083 0
1085 0
1087 0
1089 0
1091 0
1093 0
1095 0
1097 0
1099 0
1101 0
1103 0
1105 0
1107 0
1109 0
1111 0
1113 0
1115 0
1117 0
1119 0
1121 0
1123 0
1125 0
1127 0
1129 0
1131 0
1133 0
1135 0
1137 0
1139 0
1141 0
1143 0
1145 0
1147 0
1149 0
1151 0
1153 0
1155 0
1157 0
1159 0
1161 0
1163 0
1165 0
1167 0
1169 0
1171 0
1173 0
1175 0
1177 0
1179 0
1181 0
1183 0
1185 0
1187 0
1189 0
1191 0
1193 0
1195 0
1197 0
1199 0
1201 0
1203 0
1205 0
1207 0
1209 0
1211 0
1213 0
1215 0
1217 0
1219 0
1221 0
1223 0
1225 0
1227 0
1229 0
1231 0
1233 0
1235 0
1237 0
1239 0
1241 0
1243 0
1245 0
1247 0
1249 0
1251 0
1253 0
1255 0
1257 0
1259 0
1261 0
1263 0
1265 0
1267 0
1269 0
1271 0
1273 0
1275 0
1277 0
1279 0
1281 0
1283 0
1285 0
1287 0
1289 0
1291 0
1293 0
1295 0
1297 0
1299 0
1301 0
1303 0
1305 0
1307 0
1309 0
1311 0
1313 0
1315 0
1317 0
1319 0
1321 0
1323 0
1325 0
1327 0
1329 0
1331 0
1333 0
1335 0
1337 0
1339 0
1341 0
1343 0
1345 0
1347 0
1349 0
1351 0
1353 0
1355 0
1357 0
1359 0
1361 0
1363 0
1365 0
1367 0
1369 0
1371 0
1373 0
1375 0
1377 0
1379 0
1381 0
1383 0
1385 0
1387 0
1389 0
1391 0
1393 0
1395 0
1397 0
1399 0
1401 0
1403 0
1405 0
1407 0
1409 0
1411 0
1413 0
1415 0
1417 0
1419 0
1421 0
1423 0
1425 0
1427 0
1429 0
1431 0
1433 0
1435 0
1437 0
1439 0
1441 0
1443 0
1445 0
1447 0
1449 0
1451 0
1453 0
1455 0
1457 0
1459 0
1461 0
1463 0
1465 0
1467 0
1469 0
1471 0
1473 0
1475 0
1477 0
1479 0
1481 0
1483 0
1485 0
1487 0
1489 0
1491 0
1493 0
1495 0
1497 0
1499 0
1501 0
1503 0
1505 0
1507 0
1509 0
1511 0
1513 0
1515 0
1517 0
1519 0
1521 0
1523 0
1525 0
1527 0
1529 0
1531 0
1533 0
1535 0
1537 0
1539 0
1541 0
1543 0
1545 0
1547 0
1549 0
1551 0
1553 0
1555 0
1557 0
1559 0
1561 0
1563 0
1565 0
1567 0
1569 0
1571 0
1573 0
1575 0
1577 0
1579 0
1581 0
1583 0
1585 0
1587 0
1589 0
1591 0
1593 0
1595 0
1597 0
1599 0
1601 0
1603 0
1605 0
1607 0
1609 0
1611 0
1613 0
1615 0
1617 0
1619 0
1621 0
1623 0
1625 0
1627 0
1629 0
1631 0
1633 0
1635 0
1637 0
1639 0
1641 0
1643 0
1645 0
1647 0
1649 0
1651 0
1653 0
1655 0
1657 0
1659 0
1661 0
1663 0
1665 0
1667 0
1669 0
1671 0
1673 0
1675 0
1677 0
1679 0
1681 0
1683 0
1685 0
1687 0
1689 0
1691 0
1693 0
1695 0
1697 0
1699 0
1701 0
1703 0
1705 0
1707 0
1709 0
1711 0
1713 0
1715 0
1717 0
1719 0
1721 0
1723 0
1725 0
1727 0
1729 0
1731 0
1733 0
1735 0
1737 0
1739 0
1741 0
1743 0
1745 0
1747 0
1749 0
1751 0
1753 0
1755 0
1757 0
1759 0
1761 0
1763 0
1765 0
1767 0
1769 0
1771 0
1773 0
1775 0
1777 0
1779 0
1781 0
1783 0
1785 0
1787 0
1789 0
1791 0
1793 0
1795 0
1797 0
1799 0
1801 0
1803 0
1805 0
1807 0
1809 0
1811 0
1813 0
1815 0
1817 0
1819 0
1821 0
1823 0
1825 0
1827 0
1829 0
1831 0
1833 0
1835 0
1837 0
1839 0
1841 0
1843 0
1845 0
1847 0
1849 0
1851 0
1853 0
1855 0
1857 0
1859 0
1861 0
1863 0
1865 0
1867 0
1869 0
1871 0
1873 0
1875 0
1877 0
1879 0
1881 0
1883 0
1885 0
1887 0
1889 0
1891 0
1893 0
1895 0
1897 0
1899 0
1901 0
1903 0
1905 0
1907 0
1909 0
1911 0
1913 0
1915 0
1917 0
1919 0
1921 0
1923 0
1925 0
1927 0
1929 0
1931 0
1933 0
1935 0
1937 0
1939 0
1941 0
1943 0
1945 0
1947 0
1949 0
1951 0
1953 0
1955 0
1957 0
1959 0
1961 0
1963 0
1965 0
1967 0
1969 0
1971 0
1973 0
1975 0
1977 0
1979 0
1981 0
1983 0
1985 0
1987 0
1989 0
1991 0
1993 0
1995 0
1997 0
1999 0
