1.09967 1.37399e-08
3.099 3.21105e-09
5.09833 4.54293e-09
7.09767 1.42347e-09
9.097 5.37049e-09
11.0963 1.26635e-09
13.0957 8.38428e-09
15.095 7.93256e-09
17.0943 5.37022e-09
19.0937 3.05666e-09
21.093 3.87707e-09
23.0923 2.77011e-09
25.0917 7.04623e-09
27.091 8.42848e-09
29.0903 3.23482e-09
31.0897 3.10822e-09
33.089 6.74454e-09
35.0883 7.90617e-09
37.0877 3.45004e-09
39.087 1.98788e-09
41.0863 1.15379e-08
43.0857 4.34758e-09
45.085 3.01334e-09
47.0843 9.33518e-09
49.0837 5.68543e-09
51.083 6.66188e-09
53.0823 6.45363e-09
55.0817 5.82643e-09
57.081 7.18522e-09
59.0803 6.06538e-09
61.0797 7.87115e-09
63.079 7.30006e-09
65.0783 6.63539e-09
67.0777 8.90152e-09
69.077 5.52042e-09
71.0763 8.05955e-09
73.0757 9.29185e-09
75.075 9.62424e-09
77.0743 8.19129e-09
79.0737 6.72756e-09
81.073 1.03011e-08
83.0723 8.90303e-09
85.0717 1.07335e-08
87.071 1.05471e-08
89.0703 9.97302e-09
91.0697 1.01551e-08
93.069 1.1438e-08
95.0683 1.05035e-08
97.0677 1.0672e-08
99.067 1.08223e-08
101.066 1.16598e-08
103.066 1.14585e-08
105.065 1.06067e-08
107.064 1.13936e-08
109.064 1.05551e-08
111.063 1.03799e-08
113.062 9.28254e-09
115.062 8.52279e-09
117.061 8.99636e-09
119.06 8.55391e-09
121.06 9.27885e-09
123.059 9.69399e-09
125.058 1.01017e-08
127.058 9.4074e-09
129.057 8.73122e-09
131.056 7.5229e-09
133.056 9.24198e-09
135.055 9.40479e-09
137.054 8.21227e-09
139.054 8.35467e-09
141.053 8.23525e-09
143.052 8.62947e-09
145.052 8.9864e-09
147.051 9.04046e-09
149.05 9.11891e-09
151.05 1.0307e-08
153.049 9.61506e-09
155.048 1.02618e-08
157.048 1.01293e-08
159.047 7.77195e-09
161.046 6.1149e-09
163.046 5.72257e-09
165.045 5.25875e-09
167.044 4.37151e-09
169.044 2.65449e-09
171.043 1.98449e-09
173.042 2.06556e-09
175.042 2.58686e-09
177.041 2.25544e-09
179.04 2.81585e-09
181.04 3.62787e-09
183.039 2.54717e-09
185.038 3.1823e-09
187.038 2.77521e-09
189.037 3.47068e-09
191.036 3.02793e-09
193.036 6.82557e-11
195.035 0
197.034 0
199.034 0
201.033 0
203.032 0
205.032 0
207.031 0
209.03 0
211.03 0
213.029 0
215.028 0
217.028 0
219.027 0
221.026 0
223.026 0
225.025 0
227.024 0
229.024 0
231.023 0
233.022 0
235.022 0
237.021 0
239.02 0
241.02 0
243.019 0
245.018 0
247.018 0
249.017 0
251.016 0
253.016 0
255.015 0
257.014 0
259.014 0
261.013 0
263.012 0
265.012 0
267.011 0
269.01 0
271.01 0
273.009 0
275.008 0
277.008 0
279.007 0
281.006 0
283.006 0
285.005 0
287.004 0
289.004 0
291.003 0
293.002 0
295.002 0
297.001 0
299 0
