1 0
3 0
5 0
7 0
9 0
11 0
13 0
15 0
17 0
19 0
21 5.16577e-09
23 8.09079e-06
25 8.14206e-05
27 0.000194098
29 0.000383175
31 0.000490602
33 0.000410258
35 0.000279041
37 0.000186742
39 0.00013594
41 0.000107061
43 8.71358e-05
45 7.23347e-05
47 6.02361e-05
49 5.01384e-05
51 4.23757e-05
53 3.61185e-05
55 3.11998e-05
57 2.69129e-05
59 2.34328e-05
61 2.05827e-05
63 1.82174e-05
65 1.62743e-05
67 1.46191e-05
69 1.32301e-05
71 1.20756e-05
73 1.10102e-05
75 1.01299e-05
77 9.31595e-06
79 8.50544e-06
81 7.87348e-06
83 7.2693e-06
85 6.74114e-06
87 6.26095e-06
89 5.77118e-06
91 5.40992e-06
93 5.01353e-06
95 4.67749e-06
97 4.40156e-06
99 4.12665e-06
101 3.85427e-06
103 3.63312e-06
105 3.40952e-06
107 3.22155e-06
109 3.02164e-06
111 2.8635e-06
113 2.69308e-06
115 2.5542e-06
117 2.41921e-06
119 2.28584e-06
121 2.16439e-06
123 2.05205e-06
125 1.94957e-06
127 1.84897e-06
129 1.75506e-06
131 1.66812e-06
133 1.59459e-06
135 1.52213e-06
137 1.44784e-06
139 1.38152e-06
141 1.3168e-06
143 1.26533e-06
145 1.21142e-06
147 1.15714e-06
149 1.10815e-06
151 1.05798e-06
153 1.0114e-06
155 9.73254e-07
157 9.35241e-07
159 8.97476e-07
161 8.60102e-07
163 8.21497e-07
165 7.92811e-07
167 7.6322e-07
169 7.39793e-07
171 7.04116e-07
173 6.78858e-07
175 6.57431e-07
177 6.34664e-07
179 6.06715e-07
181 5.88022e-07
183 5.67904e-07
185 5.46807e-07
187 5.26719e-07
189 5.11566e-07
191 4.90989e-07
193 4.7371e-07
195 4.64207e-07
197 4.42931e-07
199 4.2926e-07
201 4.1749e-07
203 4.04652e-07
205 3.87377e-07
207 3.8243e-07
209 3.64522e-07
211 3.56169e-07
213 3.4612e-07
215 3.3314e-07
217 3.25083e-07
219 3.13343e-07
221 3.06109e-07
223 2.97667e-07
225 2.86757e-07
227 2.80636e-07
229 2.71066e-07
231 2.63811e-07
233 2.57397e-07
235 2.49095e-07
237 2.44938e-07
239 2.34947e-07
241 2.31183e-07
243 2.23779e-07
245 2.18582e-07
247 2.11909e-07
249 2.06092e-07
251 2.01851e-07
253 1.94587e-07
255 1.91696e-07
257 1.85047e-07
259 1.81628e-07
261 1.74807e-07
263 1.732e-07
265 1.66888e-07
267 1.64959e-07
269 1.62071e-07
271 1.60353e-07
273 1.56049e-07
275 1.56335e-07
277 1.50458e-07
279 1.49042e-07
281 1.42478e-07
283 1.39285e-07
285 1.34436e-07
287 1.33862e-07
289 1.29071e-07
291 1.27882e-07
293 1.22518e-07
295 1.19581e-07
297 1.18215e-07
299 1.16344e-07
301 1.1073e-07
303 1.09265e-07
305 1.07885e-07
307 1.03935e-07
309 1.0224e-07
311 1.00135e-07
313 9.77286e-08
315 9.46304e-08
317 9.35481e-08
319 9.04149e-08
321 8.97823e-08
323 8.67633e-08
325 8.60761e-08
327 8.43991e-08
329 8.26784e-08
331 8.16977e-08
333 7.9299e-08
335 7.86083e-08
337 7.60971e-08
339 7.51232e-08
341 7.35451e-08
343 7.1872e-08
345 7.08431e-08
347 6.89894e-08
349 6.8392e-08
351 6.7014e-08
353 6.53195e-08
355 6.44026e-08
357 6.33832e-08
359 6.20487e-08
361 6.11231e-08
363 5.92991e-08
365 5.88295e-08
367 5.7339e-08
369 5.69696e-08
371 5.59532e-08
373 5.44747e-08
375 5.47183e-08
377 5.15168e-08
379 5.25708e-08
381 5.10809e-08
383 4.94123e-08
385 5.00563e-08
387 4.81608e-08
389 4.7112e-08
391 4.76925e-08
393 4.52698e-08
395 4.53161e-08
397 4.47316e-08
399 4.39885e-08
401 4.28355e-08
403 4.21889e-08
405 4.17464e-08
407 4.10847e-08
409 4.05035e-08
411 3.93327e-08
413 3.98165e-08
415 3.82225e-08
417 3.79012e-08
419 3.7557e-08
421 3.70437e-08
423 3.54991e-08
425 3.58628e-08
427 3.54094e-08
429 3.41515e-08
431 3.37251e-08
433 3.38425e-08
435 3.29652e-08
437 3.26909e-08
439 3.18884e-08
441 3.17222e-08
443 3.13436e-08
445 3.05676e-08
447 2.9705e-08
449 3.07646e-08
451 2.89039e-08
453 2.90275e-08
455 2.85048e-08
457 2.8143e-08
459 2.81482e-08
461 2.74978e-08
463 2.6573e-08
465 2.64699e-08
467 2.6806e-08
469 2.64312e-08
471 2.49597e-08
473 2.48718e-08
475 2.53963e-08
477 2.49006e-08
479 2.4018e-08
481 2.31805e-08
483 2.4301e-08
485 2.32916e-08
487 2.29197e-08
489 2.20721e-08
491 2.25531e-08
493 2.24745e-08
495 2.18015e-08
497 2.10903e-08
499 2.13095e-08
501 2.11782e-08
503 2.06844e-08
505 2.02877e-08
507 2.00671e-08
509 2.02354e-08
511 2.00434e-08
513 1.93949e-08
515 1.90544e-08
517 1.87599e-08
519 1.91057e-08
521 1.91689e-08
523 1.81418e-08
525 1.80377e-08
527 1.77753e-08
529 1.78085e-08
531 1.79083e-08
533 1.75189e-08
535 1.64668e-08
537 1.73291e-08
539 1.68903e-08
541 1.6659e-08
543 1.64437e-08
545 1.60048e-08
547 1.60033e-08
549 1.60615e-08
551 1.59116e-08
553 1.54933e-08
555 1.54537e-08
557 1.52703e-08
559 1.4591e-08
561 1.54485e-08
563 1.45183e-08
565 1.48945e-08
567 1.43206e-08
569 1.42068e-08
571 1.4169e-08
573 1.40758e-08
575 1.38422e-08
577 1.39028e-08
579 1.36675e-08
581 1.33592e-08
583 1.3357e-08
585 1.3402e-08
587 1.28387e-08
589 1.37821e-08
591 1.23155e-08
593 1.28079e-08
595 1.2453e-08
597 1.26485e-08
599 1.21686e-08
601 1.27782e-08
603 1.21216e-08
605 1.20751e-08
607 1.17818e-08
609 1.21262e-08
611 1.17705e-08
613 1.17861e-08
615 1.17264e-08
617 1.12466e-08
619 1.16204e-08
621 1.13073e-08
623 1.15215e-08
625 1.10255e-08
627 1.09269e-08
629 1.08969e-08
631 1.09917e-08
633 1.10119e-08
635 1.09347e-08
637 1.04492e-08
639 1.05366e-08
641 1.04128e-08
643 1.04811e-08
645 1.0251e-08
647 1.05956e-08
649 1.03925e-08
651 1.01571e-08
653 1.00148e-08
655 9.91626e-09
657 9.8483e-09
659 9.92025e-09
661 1.00884e-08
663 9.925e-09
665 9.83998e-09
667 9.61956e-09
669 9.90373e-09
671 9.41618e-09
673 9.4791e-09
675 9.71336e-09
677 9.7373e-09
679 9.45031e-09
681 9.44709e-09
683 9.05393e-09
685 9.57587e-09
687 9.00822e-09
689 9.2087e-09
691 9.59664e-09
693 9.34052e-09
695 9.47842e-09
697 9.26265e-09
699 9.27171e-09
701 9.1016e-09
703 9.57861e-09
705 9.7122e-09
707 9.70408e-09
709 9.79208e-09
711 9.83597e-09
713 9.87623e-09
715 1.01902e-08
717 1.01895e-08
719 1.05487e-08
721 1.08975e-08
723 1.09904e-08
725 1.12843e-08
727 1.12731e-08
729 1.22933e-08
731 1.2619e-08
733 1.31862e-08
735 1.4528e-08
737 1.53504e-08
739 1.7627e-08
741 2.10601e-08
743 2.76192e-08
745 5.06783e-08
747 1.5504e-10
749 4.71859e-11
751 4.70441e-11
753 1.98868e-10
755 2.59745e-11
757 4.54522e-11
759 1.94795e-10
761 7.14248e-11
763 1.41335e-10
765 5.12285e-11
767 6.91671e-11
769 1.62619e-10
771 2.50183e-11
773 1.62608e-10
775 1.18109e-10
777 7.3342e-11
779 1.32946e-10
781 1.14471e-10
783 9.03715e-11
785 1.80707e-10
787 7.18413e-11
789 8.84363e-11
791 2.21255e-10
793 4.06238e-11
795 6.96408e-11
797 2.20529e-10
799 4.03178e-11
801 1.13736e-10
803 1.68642e-10
805 6.14953e-11
807 1.1181e-10
809 1.45353e-10
811 6.11116e-11
813 1.31768e-10
815 1.19482e-10
817 1.23898e-10
819 1.07722e-10
821 1.18494e-10
823 1.23533e-10
825 1.06153e-10
827 9.96658e-11
829 1.3511e-10
831 8.30328e-11
833 1.1936e-10
835 2.33162e-10
837 6.18269e-11
839 1.36947e-10
841 1.85349e-10
843 1.20004e-10
845 1.30005e-10
847 1.35005e-10
849 1.54152e-10
851 1.4206e-10
853 1.55219e-10
855 1.30102e-10
857 1.6862e-10
859 1.44532e-10
861 1.87275e-10
863 1.28182e-10
865 1.59713e-10
867 1.81232e-10
869 1.81035e-10
871 1.2092e-10
873 2.18419e-10
875 1.79542e-10
877 1.14273e-10
879 2.33692e-10
881 1.39745e-10
883 1.47594e-10
885 2.32572e-10
887 1.91869e-10
889 9.8205e-11
891 2.23869e-10
893 1.22007e-10
895 1.9392e-10
897 2.02539e-10
899 1.72373e-10
901 1.76058e-10
903 2.16322e-10
905 1.35434e-10
907 1.86989e-10
909 1.95148e-10
911 1.49475e-10
913 1.74336e-10
915 1.73101e-10
917 1.63359e-10
919 1.77639e-10
921 2.13844e-10
923 1.40202e-10
925 1.78544e-10
927 1.97446e-10
929 1.88403e-10
931 1.59108e-10
933 1.65608e-10
935 1.98667e-10
937 1.44047e-10
939 1.56452e-10
941 2.77619e-10
943 1.69618e-10
945 1.43888e-10
947 2.15643e-10
949 2.24543e-10
951 1.08722e-10
953 1.98681e-10
955 2.42022e-10
957 1.6919e-10
959 1.38647e-10
961 1.91445e-10
963 2.36275e-10
965 1.94967e-10
967 1.18867e-10
969 2.22855e-10
971 2.09923e-10
973 1.85473e-10
975 1.31411e-10
977 2.66436e-10
979 1.91314e-10
981 1.84523e-10
983 1.88816e-10
985 1.9567e-10
987 2.20907e-10
989 1.70911e-10
991 1.47776e-10
993 2.18302e-10
995 2.52467e-10
997 1.74853e-10
999 1.6004e-10
1001 1.7755e-10
1003 2.79201e-10
1005 1.61148e-10
1007 1.56511e-10
1009 2.11705e-10
1011 1.94568e-10
1013 1.91817e-10
1015 1.42085e-10
1017 2.47538e-10
1019 2.21022e-10
1021 1.64711e-10
1023 1.63432e-10
1025 2.23191e-10
1027 1.77739e-10
1029 1.76078e-10
1031 1.63063e-10
1033 2.62641e-10
1035 1.69592e-10
1037 2.01138e-10
1039 1.52137e-10
1041 2.30042e-10
1043 2.27e-10
1045 1.58605e-10
1047 1.55838e-10
1049 2.16016e-10
1051 2.35978e-10
1053 1.42573e-10
1055 1.25519e-10
1057 2.05146e-10
1059 2.49661e-10
1061 1.93121e-10
1063 1.88624e-10
1065 1.24987e-10
1067 2.61033e-10
1069 2.29412e-10
1071 2.22493e-10
1073 1.05232e-10
1075 2.01031e-10
1077 2.53797e-10
1079 2.7739e-10
1081 1.15206e-10
1083 1.64199e-10
1085 2.06595e-10
1087 2.42793e-10
1089 2.14184e-10
1091 1.28977e-10
1093 2.16061e-10
1095 1.64451e-10
1097 2.42733e-10
1099 1.89689e-10
1101 1.44786e-10
1103 2.04464e-10
1105 1.6861e-10
1107 3.0284e-10
1109 1.78609e-10
1111 1.39028e-10
1113 2.06985e-10
1115 1.73861e-10
1117 2.10916e-10
1119 2.09214e-10
1121 1.36163e-10
1123 2.05195e-10
1125 1.82935e-10
1127 2.7e-10
1129 1.89761e-10
1131 1.80218e-10
1133 1.78756e-10
1135 2.11972e-10
1137 3.07881e-10
1139 1.60977e-10
1141 1.81478e-10
1143 2.36668e-10
1145 1.79278e-10
1147 2.57391e-10
1149 1.7027e-10
1151 2.0551e-10
1153 1.69325e-10
1155 2.0111e-10
1157 2.50496e-10
1159 2.08256e-10
1161 2.16734e-10
1163 1.48624e-10
1165 2.14027e-10
1167 2.37541e-10
1169 2.04405e-10
1171 2.06789e-10
1173 2.23986e-10
1175 1.74192e-10
1177 1.74832e-10
1179 1.97966e-10
1181 2.38993e-10
1183 2.38993e-10
1185 2.00878e-10
1187 2.12537e-10
1189 1.85318e-10
1191 2.50268e-10
1193 1.68182e-10
1195 2.34788e-10
1197 1.6305e-10
1199 1.76791e-10
1201 2.74013e-10
1203 1.88336e-10
1205 2.39598e-10
1207 1.79781e-10
1209 1.97189e-10
1211 2.14311e-10
1213 2.1491e-10
1215 1.75346e-10
1217 2.34025e-10
1219 1.69153e-10
1221 1.95769e-10
1223 1.94376e-10
1225 2.40477e-10
1227 1.61905e-10
1229 2.58564e-10
1231 1.57265e-10
1233 1.84764e-10
1235 2.40356e-10
1237 2.35163e-10
1239 1.18254e-10
1241 2.38549e-10
1243 2.39251e-10
1245 1.70091e-10
1247 2.27093e-10
1249 2.26709e-10
1251 1.13409e-10
1253 2.34858e-10
1255 1.97743e-10
1257 1.2791e-10
1259 2.54382e-10
1261 2.30898e-10
1263 1.40857e-10
1265 1.70766e-10
1267 1.8571e-10
1269 2.22958e-10
1271 1.44658e-10
1273 2.59348e-10
1275 1.83521e-10
1277 1.33649e-10
1279 1.95424e-10
1281 1.5297e-10
1283 1.4965e-10
1285 2.12081e-10
1287 2.54067e-10
1289 1.54489e-10
1291 1.49427e-10
1293 1.88974e-10
1295 1.40308e-10
1297 1.81237e-10
1299 2.25424e-10
1301 2.54279e-10
1303 1.50866e-10
1305 1.41442e-10
1307 1.85248e-10
1309 1.38132e-10
1311 1.8419e-10
1313 2.2832e-10
1315 2.52314e-10
1317 1.9399e-10
1319 1.26972e-10
1321 1.55215e-10
1323 1.71196e-10
1325 1.70447e-10
1327 1.77545e-10
1329 2.77764e-10
1331 1.72207e-10
1333 1.33304e-10
1335 1.55509e-10
1337 2.10388e-10
1339 9.03597e-11
1341 1.86454e-10
1343 2.46614e-10
1345 1.92732e-10
1347 1.33813e-10
1349 1.15614e-10
1351 2.32776e-10
1353 1.20786e-10
1355 1.63041e-10
1357 2.36069e-10
1359 1.94381e-10
1361 1.77266e-10
1363 1.27612e-10
1365 2.26011e-10
1367 1.68364e-10
1369 1.08736e-10
1371 1.94601e-10
1373 2.09561e-10
1375 1.98575e-10
1377 2.17643e-10
1379 1.56544e-10
1381 1.89148e-10
1383 1.44702e-10
1385 1.66087e-10
1387 1.89286e-10
1389 1.7289e-10
1391 1.70519e-10
1393 1.63702e-10
1395 2.00068e-10
1397 1.57766e-10
1399 1.65943e-10
1401 1.35738e-10
1403 2.34935e-10
1405 1.82072e-10
1407 2.03268e-10
1409 1.54562e-10
1411 1.61471e-10
1413 1.88746e-10
1415 1.77273e-10
1417 9.50186e-11
1419 2.68385e-10
1421 1.83302e-10
1423 1.69664e-10
1425 1.4673e-10
1427 2.09241e-10
1429 2.34747e-10
1431 1.71888e-10
1433 9.70932e-11
1435 2.06927e-10
1437 2.19691e-10
1439 1.32863e-10
1441 1.16852e-10
1443 1.7005e-10
1445 1.89412e-10
1447 2.20319e-10
1449 1.64236e-10
1451 1.52392e-10
1453 2.46364e-10
1455 1.54665e-10
1457 1.53801e-10
1459 1.15211e-10
1461 1.88439e-10
1463 1.66104e-10
1465 2.10279e-10
1467 1.44098e-10
1469 2.26457e-10
1471 1.37739e-10
1473 1.86292e-10
1475 1.32395e-10
1477 1.51996e-10
1479 1.68369e-10
1481 1.67083e-10
1483 2.06032e-10
1485 1.63576e-10
1487 1.65195e-10
1489 1.75061e-10
1491 1.83026e-10
1493 1.6971e-10
1495 1.33962e-10
1497 1.63289e-10
1499 1.88914e-10
1501 1.992e-10
1503 1.06736e-10
1505 1.68196e-10
1507 2.1419e-10
1509 2.15737e-10
1511 1.41719e-10
1513 1.39245e-10
1515 2.01255e-10
1517 1.39988e-10
1519 2.05897e-10
1521 1.07893e-10
1523 1.31811e-10
1525 1.49546e-10
1527 1.81584e-10
1529 2.69596e-10
1531 1.3972e-10
1533 1.53489e-10
1535 1.43439e-10
1537 1.82834e-10
1539 1.98959e-10
1541 9.92284e-11
1543 1.03879e-10
1545 1.81961e-10
1547 1.98596e-10
1549 1.88021e-10
1551 1.72201e-10
1553 1.27304e-10
1555 1.20337e-10
1557 2.16352e-10
1559 1.63004e-10
1561 1.22759e-10
1563 1.25279e-10
1565 2.0422e-10
1567 1.94702e-10
1569 1.74372e-10
1571 1.71853e-10
1573 1.7121e-10
1575 1.57264e-10
1577 1.36247e-10
1579 1.31126e-10
1581 1.59401e-10
1583 1.59678e-10
1585 1.29971e-10
1587 1.97651e-10
1589 1.85481e-10
1591 1.77374e-10
1593 1.11726e-10
1595 1.86286e-10
1597 1.25578e-10
1599 1.29116e-10
1601 1.29672e-10
1603 1.92712e-10
1605 1.34288e-10
1607 1.69226e-10
1609 1.82027e-10
1611 1.85541e-10
1613 1.55144e-10
1615 1.13201e-10
1617 1.65399e-10
1619 1.41775e-10
1621 1.21642e-10
1623 1.93917e-10
1625 1.39688e-10
1627 1.5402e-10
1629 1.53143e-10
1631 2.48155e-10
1633 1.52187e-10
1635 1.4713e-10
1637 1.39368e-10
1639 1.3793e-10
1641 1.50532e-10
1643 1.33548e-10
1645 1.50916e-10
1647 1.42871e-10
1649 1.42727e-10
1651 1.81384e-10
1653 2.0685e-10
1655 1.46032e-10
1657 1.93941e-10
1659 1.72885e-10
1661 1.18519e-10
1663 1.43498e-10
1665 1.47095e-10
1667 1.27097e-10
1669 1.95028e-10
1671 7.71991e-11
1673 1.99935e-10
1675 1.69694e-10
1677 1.55704e-10
1679 1.49765e-10
1681 1.64637e-10
1683 1.28421e-10
1685 1.53411e-10
1687 1.42262e-10
1689 1.21017e-10
1691 1.42031e-10
1693 1.68183e-10
1695 1.07187e-10
1697 1.3233e-10
1699 2.23439e-10
1701 1.56997e-10
1703 1.85329e-10
1705 1.16466e-10
1707 1.59468e-10
1709 1.39433e-10
1711 1.43979e-10
1713 9.89015e-11
1715 1.83392e-10
1717 1.29858e-10
1719 1.08956e-10
1721 1.42238e-10
1723 1.50059e-10
1725 1.91999e-10
1727 1.75041e-10
1729 1.43666e-10
1731 1.73599e-10
1733 1.45126e-10
1735 1.2091e-10
1737 1.09559e-10
1739 1.91354e-10
1741 1.34416e-10
1743 1.3025e-10
1745 1.16963e-10
1747 1.92487e-10
1749 1.32355e-10
1751 1.98606e-10
1753 1.69824e-10
1755 1.72575e-10
1757 1.31564e-10
1759 1.88083e-10
1761 8.11033e-11
1763 1.38389e-10
1765 1.58014e-10
1767 1.55832e-10
1769 1.02743e-10
1771 1.09745e-10
1773 1.45946e-10
1775 1.47693e-10
1777 1.81563e-10
1779 1.41108e-10
1781 2.13172e-10
1783 1.48163e-10
1785 1.2524e-10
1787 1.42131e-10
1789 1.36544e-10
1791 1.78326e-10
1793 1.53564e-10
1795 1.4012e-10
1797 1.47215e-10
1799 9.97759e-11
1801 1.31513e-10
1803 1.35142e-10
1805 1.55711e-10
1807 1.65954e-10
1809 1.93061e-10
1811 1.06808e-10
1813 1.33895e-10
1815 9.72353e-11
1817 1.11986e-10
1819 1.78594e-10
1821 1.26191e-10
1823 1.57515e-10
1825 1.01049e-10
1827 1.02694e-10
1829 1.46424e-10
1831 1.84008e-10
1833 1.47108e-10
1835 1.31093e-10
1837 1.89713e-10
1839 1.37925e-10
1841 1.30408e-10
1843 1.38402e-10
1845 7.51881e-11
1847 2.08388e-10
1849 1.26159e-10
1851 1.46249e-10
1853 1.21746e-10
1855 9.85709e-11
1857 1.18341e-10
1859 1.52225e-10
1861 1.52397e-10
1863 1.46613e-10
1865 1.23021e-10
1867 2.40177e-10
1869 8.66263e-11
1871 1.08793e-10
1873 1.34024e-10
1875 1.52987e-10
1877 1.32584e-10
1879 1.39827e-10
1881 1.42244e-10
1883 1.14946e-10
1885 8.6088e-11
1887 1.26493e-10
1889 1.28244e-10
1891 1.67189e-10
1893 1.38943e-10
1895 1.49516e-10
1897 1.73881e-10
1899 1.10013e-10
1901 1.11353e-10
1903 9.92206e-11
1905 1.24528e-10
1907 1.34061e-10
1909 1.82651e-10
1911 1.31854e-10
1913 9.94431e-11
1915 1.3747e-10
1917 1.47384e-10
1919 7.82749e-11
1921 1.39915e-10
1923 1.5833e-10
1925 1.38649e-10
1927 1.70117e-10
1929 1.04125e-10
1931 1.11256e-10
1933 1.20565e-10
1935 1.2116e-10
1937 1.42917e-10
1939 1.05116e-10
1941 1.69002e-10
1943 1.35336e-10
1945 1.46762e-10
1947 1.36812e-10
1949 8.94992e-11
1951 1.40184e-10
1953 1.74801e-10
1955 1.34991e-10
1957 1.32255e-10
1959 1.53416e-10
1961 1.18349e-10
1963 1.00081e-10
1965 1.30716e-10
1967 1.18921e-10
1969 1.15071e-10
1971 1.72833e-10
1973 1.28172e-10
1975 1.21621e-10
1977 1.21157e-10
1979 1.29844e-10
1981 1.2522e-10
1983 1.10274e-10
1985 1.61369e-10
1987 1.59876e-10
1989 1.29755e-10
1991 1.63731e-10
1993 1.43543e-10
1995 6.81072e-11
1997 1.4286e-10
1999 8.3109e-11
