1 0
3 0
5 0
7 0
9 0
11 0
13 5.34788e-08
15 3.26489e-05
17 0.000172995
19 0.000383659
21 0.000326663
23 0.000175515
25 0.000105546
27 7.49441e-05
29 5.5666e-05
31 4.18545e-05
33 3.20882e-05
35 2.50153e-05
37 2.00603e-05
39 1.64732e-05
41 1.37421e-05
43 1.16482e-05
45 9.95069e-06
47 8.62069e-06
49 7.4924e-06
51 6.59236e-06
53 5.83391e-06
55 5.18012e-06
57 4.6194e-06
59 4.15208e-06
61 3.72636e-06
63 3.36098e-06
65 3.0402e-06
67 2.75387e-06
69 2.50754e-06
71 2.29762e-06
73 2.0919e-06
75 1.92217e-06
77 1.76023e-06
79 1.62449e-06
81 1.50668e-06
83 1.39299e-06
85 1.28414e-06
87 1.19527e-06
89 1.10388e-06
91 1.03092e-06
93 9.68689e-07
95 9.00856e-07
97 8.40677e-07
99 7.88008e-07
101 7.3879e-07
103 6.91273e-07
105 6.47872e-07
107 6.08798e-07
109 5.77011e-07
111 5.48493e-07
113 5.17471e-07
115 4.87938e-07
117 4.60914e-07
119 4.35333e-07
121 4.11729e-07
123 3.8998e-07
125 3.69502e-07
127 3.50606e-07
129 3.32815e-07
131 3.16193e-07
133 3.00645e-07
135 2.8804e-07
137 2.7705e-07
139 2.65852e-07
141 2.53586e-07
143 2.41996e-07
145 2.3105e-07
147 2.201e-07
149 2.10122e-07
151 2.01149e-07
153 1.92834e-07
155 1.85494e-07
157 1.78859e-07
159 1.70993e-07
161 1.63884e-07
163 1.57907e-07
165 1.51761e-07
167 1.45548e-07
169 1.39112e-07
171 1.34321e-07
173 1.29674e-07
175 1.24251e-07
177 1.19134e-07
179 1.15384e-07
181 1.11445e-07
183 1.09057e-07
185 1.07724e-07
187 1.05538e-07
189 1.01337e-07
191 9.74718e-08
193 9.43328e-08
195 9.02767e-08
197 8.69021e-08
199 8.44566e-08
201 8.09339e-08
203 7.81308e-08
205 7.58982e-08
207 7.26599e-08
209 7.05796e-08
211 6.81964e-08
213 6.55739e-08
215 6.38562e-08
217 6.1405e-08
219 5.95892e-08
221 5.7764e-08
223 5.56683e-08
225 5.45456e-08
227 5.39309e-08
229 5.2751e-08
231 5.13042e-08
233 4.97713e-08
235 4.85574e-08
237 4.67932e-08
239 4.59354e-08
241 4.42349e-08
243 4.31934e-08
245 4.19155e-08
247 4.08345e-08
249 3.96802e-08
251 3.86087e-08
253 3.7668e-08
255 3.64454e-08
257 3.57942e-08
259 3.45491e-08
261 3.39543e-08
263 3.27135e-08
265 3.22993e-08
267 3.10947e-08
269 3.05901e-08
271 2.95399e-08
273 2.91304e-08
275 2.81151e-08
277 2.76893e-08
279 2.67475e-08
281 2.63906e-08
283 2.55222e-08
285 2.50381e-08
287 2.44136e-08
289 2.37974e-08
291 2.33446e-08
293 2.27031e-08
295 2.22788e-08
297 2.15872e-08
299 2.13329e-08
301 2.10177e-08
303 2.05937e-08
305 2.0164e-08
307 1.9763e-08
309 1.93273e-08
311 1.89198e-08
313 1.84638e-08
315 1.8048e-08
317 1.77789e-08
319 1.72655e-08
321 1.69086e-08
323 1.67648e-08
325 1.64643e-08
327 1.61195e-08
329 1.58463e-08
331 1.55653e-08
333 1.51354e-08
335 1.48752e-08
337 1.45659e-08
339 1.42621e-08
341 1.4012e-08
343 1.36873e-08
345 1.34264e-08
347 1.31883e-08
349 1.29171e-08
351 1.27698e-08
353 1.25131e-08
355 1.23294e-08
357 1.20658e-08
359 1.18357e-08
361 1.16231e-08
363 1.13832e-08
365 1.11758e-08
367 1.09684e-08
369 1.07381e-08
371 1.05769e-08
373 1.03345e-08
375 1.0164e-08
377 9.97138e-09
379 9.78045e-09
381 9.66521e-09
383 9.54133e-09
385 9.37192e-09
387 9.26349e-09
389 9.06196e-09
391 8.9728e-09
393 8.75963e-09
395 8.57816e-09
397 8.43957e-09
399 8.34377e-09
401 8.16474e-09
403 8.05025e-09
405 7.85434e-09
407 7.73108e-09
409 7.67835e-09
411 7.45916e-09
413 7.35998e-09
415 7.25759e-09
417 7.07066e-09
419 7.01804e-09
421 6.9202e-09
423 6.8294e-09
425 6.77226e-09
427 6.63634e-09
429 6.55707e-09
431 6.50261e-09
433 6.38803e-09
435 6.23364e-09
437 6.19228e-09
439 6.04986e-09
441 5.95625e-09
443 5.89528e-09
445 5.74681e-09
447 5.71013e-09
449 5.59388e-09
451 5.53088e-09
453 5.38999e-09
455 5.36316e-09
457 5.25597e-09
459 5.14439e-09
461 5.13526e-09
463 5.02762e-09
465 4.93285e-09
467 4.84346e-09
469 4.82974e-09
471 4.68197e-09
473 4.62311e-09
475 4.63265e-09
477 4.42468e-09
479 4.31236e-09
481 4.28929e-09
483 4.21908e-09
485 4.12863e-09
487 4.06697e-09
489 4.0566e-09
491 3.98989e-09
493 3.90886e-09
495 3.86968e-09
497 3.80348e-09
499 3.75303e-09
501 3.70549e-09
503 3.65252e-09
505 3.55862e-09
507 3.55175e-09
509 3.52979e-09
511 3.45794e-09
513 3.39495e-09
515 3.37547e-09
517 3.34181e-09
519 3.23936e-09
521 3.20773e-09
523 3.17919e-09
525 3.1417e-09
527 3.08259e-09
529 3.07547e-09
531 3.02703e-09
533 2.98278e-09
535 2.94769e-09
537 2.90171e-09
539 2.8646e-09
541 2.80905e-09
543 2.75551e-09
545 2.74948e-09
547 2.74136e-09
549 2.63435e-09
551 2.62149e-09
553 2.57551e-09
555 2.56137e-09
557 2.47669e-09
559 2.45885e-09
561 2.41373e-09
563 2.39821e-09
565 2.33329e-09
567 2.31469e-09
569 2.31074e-09
571 2.30862e-09
573 2.22448e-09
575 2.2183e-09
577 2.20905e-09
579 2.18843e-09
581 2.13757e-09
583 2.10185e-09
585 2.10348e-09
587 2.0632e-09
589 2.03479e-09
591 2.01961e-09
593 1.98758e-09
595 1.99255e-09
597 1.95399e-09
599 1.91649e-09
601 1.90357e-09
603 1.88027e-09
605 1.87609e-09
607 1.83583e-09
609 1.82702e-09
611 1.79563e-09
613 1.77747e-09
615 1.74584e-09
617 1.7368e-09
619 1.71368e-09
621 1.71351e-09
623 1.68587e-09
625 1.65813e-09
627 1.63866e-09
629 1.62109e-09
631 1.63237e-09
633 1.58069e-09
635 1.56798e-09
637 1.56595e-09
639 1.54162e-09
641 1.52967e-09
643 1.50446e-09
645 1.48247e-09
647 1.45867e-09
649 1.45841e-09
651 1.45183e-09
653 1.42192e-09
655 1.41401e-09
657 1.39914e-09
659 1.38163e-09
661 1.35879e-09
663 1.36638e-09
665 1.34042e-09
667 1.33554e-09
669 1.32154e-09
671 1.33049e-09
673 1.33277e-09
675 1.31616e-09
677 1.31168e-09
679 1.28889e-09
681 1.26345e-09
683 1.24889e-09
685 1.25167e-09
687 1.24431e-09
689 1.22764e-09
691 1.20406e-09
693 1.19379e-09
695 1.1803e-09
697 1.1785e-09
699 1.16674e-09
701 1.14096e-09
703 1.14662e-09
705 1.12811e-09
707 1.12346e-09
709 1.09627e-09
711 1.0956e-09
713 1.08173e-09
715 1.08968e-09
717 1.06907e-09
719 1.03298e-09
721 9.71801e-10
723 9.81241e-10
725 1.01253e-09
727 1.01824e-09
729 9.94826e-10
731 9.90259e-10
733 9.89445e-10
735 9.71496e-10
737 9.70324e-10
739 9.53276e-10
741 9.37436e-10
743 9.37043e-10
745 9.26233e-10
747 9.3299e-10
749 9.49576e-10
751 9.31588e-10
753 9.32208e-10
755 9.21192e-10
757 9.34319e-10
759 9.60498e-10
761 9.57369e-10
763 9.29035e-10
765 9.08222e-10
767 8.71106e-10
769 8.66158e-10
771 8.72523e-10
773 8.85777e-10
775 8.94616e-10
777 8.88344e-10
779 8.75579e-10
781 8.71077e-10
783 8.60007e-10
785 8.54864e-10
787 8.5028e-10
789 8.3791e-10
791 8.37649e-10
793 8.262e-10
795 8.16716e-10
797 8.21994e-10
799 7.90343e-10
801 7.90944e-10
803 7.91956e-10
805 7.77701e-10
807 7.62705e-10
809 7.7059e-10
811 7.39163e-10
813 7.36221e-10
815 7.1146e-10
817 7.13808e-10
819 6.92665e-10
821 6.94055e-10
823 6.93914e-10
825 6.93199e-10
827 7.01686e-10
829 6.9039e-10
831 6.82002e-10
833 6.90408e-10
835 6.78273e-10
837 6.77724e-10
839 6.62344e-10
841 6.65497e-10
843 6.55055e-10
845 6.57339e-10
847 6.51221e-10
849 6.37255e-10
851 6.39538e-10
853 6.26527e-10
855 6.26296e-10
857 6.29049e-10
859 6.96949e-10
861 7.65145e-10
863 7.568e-10
865 7.40296e-10
867 7.38634e-10
869 7.30859e-10
871 7.19204e-10
873 7.13963e-10
875 7.08953e-10
877 6.98266e-10
879 6.88275e-10
881 6.93402e-10
883 6.91598e-10
885 6.96646e-10
887 6.83204e-10
889 6.75137e-10
891 6.82702e-10
893 6.7355e-10
895 6.55567e-10
897 6.66064e-10
899 6.60147e-10
901 6.43972e-10
903 6.44471e-10
905 6.38832e-10
907 6.35059e-10
909 6.2817e-10
911 6.09759e-10
913 6.14581e-10
915 6.023e-10
917 6.00372e-10
919 5.95868e-10
921 5.83035e-10
923 5.72952e-10
925 5.69709e-10
927 5.70829e-10
929 5.56373e-10
931 5.52611e-10
933 5.45651e-10
935 5.42363e-10
937 5.45044e-10
939 5.40086e-10
941 5.37578e-10
943 5.37421e-10
945 5.30948e-10
947 5.1884e-10
949 5.16404e-10
951 5.11136e-10
953 5.13282e-10
955 5.20534e-10
957 5.11733e-10
959 5.16325e-10
961 5.09508e-10
963 5.02373e-10
965 5.03339e-10
967 5.00131e-10
969 5.01792e-10
971 4.93497e-10
973 5.00398e-10
975 5.64853e-10
977 5.65313e-10
979 5.57384e-10
981 5.91111e-10
983 8.38793e-10
985 9.56712e-10
987 9.79707e-10
989 1.00124e-09
991 1.01286e-09
993 1.01414e-09
995 1.01241e-09
997 9.84084e-10
999 9.34546e-10
1001 8.97069e-10
1003 8.78277e-10
1005 8.52593e-10
1007 8.45113e-10
1009 8.4586e-10
1011 8.41461e-10
1013 8.66139e-10
1015 8.49247e-10
1017 8.5224e-10
1019 8.43899e-10
1021 8.45144e-10
1023 8.37732e-10
1025 8.22885e-10
1027 8.19783e-10
1029 8.14358e-10
1031 8.04536e-10
1033 8.03253e-10
1035 7.97347e-10
1037 7.90919e-10
1039 7.81546e-10
1041 7.73335e-10
1043 7.71802e-10
1045 7.61144e-10
1047 7.55065e-10
1049 7.58306e-10
1051 7.60451e-10
1053 7.47039e-10
1055 7.47231e-10
1057 7.46018e-10
1059 7.46352e-10
1061 7.5458e-10
1063 7.69475e-10
1065 7.85371e-10
1067 8.60025e-10
1069 8.53257e-10
1071 8.53621e-10
1073 8.51754e-10
1075 8.48886e-10
1077 8.4701e-10
1079 8.42378e-10
1081 8.49089e-10
1083 8.44464e-10
1085 8.41879e-10
1087 9.05715e-10
1089 9.20133e-10
1091 9.74892e-10
1093 1.35755e-09
1095 1.56899e-09
1097 1.67033e-09
1099 1.69336e-09
1101 1.68376e-09
1103 1.82083e-09
1105 2.36975e-09
1107 2.65131e-09
1109 4.88621e-09
1111 4.08579e-09
1113 0
1115 0
1117 0
1119 0
1121 0
1123 0
1125 0
1127 0
1129 0
1131 0
1133 0
1135 0
1137 0
1139 0
1141 0
1143 0
1145 0
1147 0
1149 0
1151 0
1153 0
1155 0
1157 0
1159 0
1161 0
1163 0
1165 0
1167 0
1169 0
1171 0
1173 0
1175 0
1177 0
1179 0
1181 0
1183 0
1185 0
1187 0
1189 0
1191 0
1193 0
1195 0
1197 0
1199 0
1201 0
1203 0
1205 0
1207 0
1209 0
1211 0
1213 0
1215 0
1217 0
1219 0
1221 0
1223 0
1225 0
1227 0
1229 0
1231 0
1233 0
1235 0
1237 0
1239 0
1241 0
1243 0
1245 0
1247 0
1249 0
1251 0
1253 0
1255 0
1257 0
1259 0
1261 0
1263 0
1265 0
1267 0
1269 0
1271 0
1273 0
1275 0
1277 0
1279 0
1281 0
1283 0
1285 0
1287 0
1289 0
1291 0
1293 0
1295 0
1297 0
1299 0
1301 0
1303 0
1305 0
1307 0
1309 0
1311 0
1313 0
1315 0
1317 0
1319 0
1321 0
1323 0
1325 0
1327 0
1329 0
1331 0
1333 0
1335 0
1337 0
1339 0
1341 0
1343 0
1345 0
1347 0
1349 0
1351 0
1353 0
1355 0
1357 0
1359 0
1361 0
1363 0
1365 0
1367 0
1369 0
1371 0
1373 0
1375 0
1377 0
1379 0
1381 0
1383 0
1385 0
1387 0
1389 0
1391 0
1393 0
1395 0
1397 0
1399 0
1401 0
1403 0
1405 0
1407 0
1409 0
1411 0
1413 0
1415 0
1417 0
1419 0
1421 0
1423 0
1425 0
1427 0
1429 0
1431 0
1433 0
1435 0
1437 0
1439 0
1441 0
1443 0
1445 0
1447 0
1449 0
1451 0
1453 0
1455 0
1457 0
1459 0
1461 0
1463 0
1465 0
1467 0
1469 0
1471 0
1473 0
1475 0
1477 0
1479 0
1481 0
1483 0
1485 0
1487 0
1489 0
1491 0
1493 0
1495 0
1497 0
1499 0
1501 0
1503 0
1505 0
1507 0
1509 0
1511 0
1513 0
1515 0
1517 0
1519 0
1521 0
1523 0
1525 0
1527 0
1529 0
1531 0
1533 0
1535 0
1537 0
1539 0
1541 0
1543 0
1545 0
1547 0
1549 0
1551 0
1553 0
1555 0
1557 0
1559 0
1561 0
1563 0
1565 0
1567 0
1569 0
1571 0
1573 0
1575 0
1577 0
1579 0
1581 0
1583 0
1585 0
1587 0
1589 0
1591 0
1593 0
1595 0
1597 0
1599 0
1601 0
1603 0
1605 0
1607 0
1609 0
1611 0
1613 0
1615 0
1617 0
1619 0
1621 0
1623 0
1625 0
1627 0
1629 0
1631 0
1633 0
1635 0
1637 0
1639 0
1641 0
1643 0
1645 0
1647 0
1649 0
1651 0
1653 0
1655 0
1657 0
1659 0
1661 0
1663 0
1665 0
1667 0
1669 0
1671 0
1673 0
1675 0
1677 0
1679 0
1681 0
1683 0
1685 0
1687 0
1689 0
1691 0
1693 0
1695 0
1697 0
1699 0
1701 0
1703 0
1705 0
1707 0
1709 0
1711 0
1713 0
1715 0
1717 0
1719 0
1721 0
1723 0
1725 0
1727 0
1729 0
1731 0
1733 0
1735 0
1737 0
1739 0
1741 0
1743 0
1745 0
1747 0
1749 0
1751 0
1753 0
1755 0
1757 0
1759 0
1761 0
1763 0
1765 0
1767 0
1769 0
1771 0
1773 0
1775 0
1777 0
1779 0
1781 0
1783 0
1785 0
1787 0
1789 0
1791 0
1793 0
1795 0
1797 0
1799 0
1801 0
1803 0
1805 0
1807 0
1809 0
1811 0
1813 0
1815 0
1817 0
1819 0
1821 0
1823 0
1825 0
1827 0
1829 0
1831 0
1833 0
1835 0
1837 0
1839 0
1841 0
1843 0
1845 0
1847 0
1849 0
1851 0
1853 0
1855 0
1857 0
1859 0
1861 0
1863 0
1865 0
1867 0
1869 0
1871 0
1873 0
1875 0
1877 0
1879 0
1881 0
1883 0
1885 0
1887 0
1889 0
1891 0
1893 0
1895 0
1897 0
1899 0
1901 0
1903 0
1905 0
1907 0
1909 0
1911 0
1913 0
1915 0
1917 0
1919 0
1921 0
1923 0
1925 0
1927 0
1929 0
1931 0
1933 0
1935 0
1937 0
1939 0
1941 0
1943 0
1945 0
1947 0
1949 0
1951 0
1953 0
1955 0
1957 0
1959 0
1961 0
1963 0
1965 0
1967 0
1969 0
1971 0
1973 0
1975 0
1977 0
1979 0
1981 0
1983 0
1985 0
1987 0
1989 0
1991 0
1993 0
1995 0
1997 0
1999 0
