-4.32 9.43399
-4.22 12.2498
-4.12 12.5128
-4.02 14.9218
-3.92 12.4827
-3.82 13.4385
-3.72 13.8896
-3.62 13.8312
-3.52 14.1472
-3.42 14.2287
-3.32 14.8914
-3.22 14.1752
-3.12 15.0087
-3.02 16.0784
-2.92 16.2389
-2.82 16.8448
-2.72 18.4409
-2.62 21.5505
-2.52 22.9671
-2.42 21.0042
-2.32 21.5739
-2.22 20.3037
-2.12 21.1003
-2.02 21.5543
-1.92 23.1146
-1.82 22.0386
-1.72 22.3491
-1.62 23.4577
-1.52 23.3036
-1.42 22.679
-1.32 22.3497
-1.22 24.356
-1.12 23.6939
-1.02 23.46
-0.92 25.0108
-0.82 26.6958
-0.72 25.9488
-0.62 24.7722
-0.52 25.613
-0.42 27.505
-0.32 26.2686
-0.22 27.4404
-0.12 26.5908
-0.02 28.1957
0.08 27.7595
0.18 27.0081
0.28 26.9263
0.38 30.4721
0.48 29.1848
0.58 29.0626
0.68 28.1278
0.78 30.5064
0.88 29.8367
0.98 31.8755
1.08 31.0754
1.18 31.0633
1.28 32.9192
1.38 33.0898
1.48 34.2193
1.58 35.4229
1.68 34.7275
1.78 36.245
1.88 39.6064
1.98 39.4797
2.08 39.7412
2.18 41.8149
2.28 43.537
2.38 46.9348
2.48 49.3754
2.58 52.0163
2.68 57.443
2.78 67.3275
2.88 77.5068
2.98 86.8814
3.08 91.4925
3.18 98.2842
3.28 95.8886
3.38 96.1931
3.48 96.443
3.58 103.633
3.68 113.461
3.78 114.147
3.88 136.293
3.98 137.623
4.08 144.534
4.18 178.466
4.28 0
4.38 0
4.48 0
4.58 0
4.68 0
4.78 0
4.88 0
4.98 0
5.08 0
5.18 0
5.28 0
5.38 0
5.48 0
5.58 0
5.68 0
5.78 0
5.88 0
5.98 0
6.08 0
6.18 0
6.28 0
6.38 0
6.48 0
6.58 0
6.68 0
6.78 0
6.88 0
6.98 0
7.08 0
7.18 0
7.28 0
7.38 0
7.48 0
7.58 0
7.68 0
7.78 0
7.88 0
7.98 0
8.08 0
8.18 0
8.28 0
8.38 0
8.48 0
8.58 0
8.68 0
8.78 0
8.88 0
8.98 0
9.08 0
9.18 0
9.28 0
9.38 0
9.48 0
9.58 0
9.68 0
9.78 0
9.88 0
9.98 0
10.08 0
10.18 0
10.28 0
10.38 0
10.48 0
10.58 0
10.68 0
10.78 0
10.88 0
10.98 0
11.08 0
11.18 0
11.28 0
11.38 0
11.48 0
11.58 0
11.68 0
11.78 0
11.88 0
11.98 0
12.08 0
12.18 0
12.28 0
12.38 0
12.48 0
12.58 0
12.68 0
12.78 0
12.88 0
12.98 0
13.08 0
13.18 0
13.28 0
13.38 0
13.48 0
13.58 0
13.68 0
13.78 0
13.88 0
13.98 0
14.08 0
14.18 0
14.28 0
14.38 0
14.48 0
14.58 0
14.68 0
14.78 0
14.88 0
14.98 0
15.08 0
15.18 0
15.28 0
15.38 0
15.48 0
15.58 0
15.68 0
15.78 0
15.88 0
15.98 0
16.08 0
