-4.32 6.65657
-4.22 6.74496
-4.12 6.83828
-4.02 6.94375
-3.92 7.13654
-3.82 7.17246
-3.72 7.31083
-3.62 7.48007
-3.52 7.69224
-3.42 7.82437
-3.32 8.12779
-3.22 8.30587
-3.12 8.62799
-3.02 9.1047
-2.92 9.84648
-2.82 11.5935
-2.72 16.5898
-2.62 21.815
-2.52 23.7576
-2.42 20.6767
-2.32 20.1909
-2.22 20.1839
-2.12 20.5828
-2.02 20.4374
-1.92 21.8023
-1.82 21.1994
-1.72 21.4753
-1.62 23.3026
-1.52 23.7999
-1.42 22.6397
-1.32 22.8062
-1.22 24.6473
-1.12 23.7582
-1.02 21.1919
-0.92 24.4194
-0.82 25.7541
-0.72 25.8553
-0.62 25.3582
-0.52 26.194
-0.42 27.0949
-0.32 26.2203
-0.22 24.7494
-0.12 26.5676
-0.02 29.0896
0.08 29.1317
0.18 28.5421
0.28 27.3949
0.38 29.6896
0.48 30.6066
0.58 31.4272
0.68 30.5394
0.78 32.2067
0.88 33.572
0.98 35.1766
1.08 33.9654
1.18 33.628
1.28 37.3236
1.38 37.7917
1.48 39.0994
1.58 39.9734
1.68 40.6042
1.78 43.6836
1.88 46.1834
1.98 48.5302
2.08 49.3386
2.18 50.9961
2.28 56.604
2.38 61.5946
2.48 65.8645
2.58 70.2143
2.68 82.2627
2.78 100.466
2.88 122.238
2.98 141.094
3.08 149.239
3.18 164.089
3.28 158.114
3.38 159.968
3.48 159.676
3.58 174.165
3.68 201.221
3.78 199.187
3.88 248.991
3.98 233.35
4.08 272.853
4.18 595.997
4.28 0
4.38 0
4.48 0
4.58 0
4.68 0
4.78 0
4.88 0
4.98 0
5.08 0
5.18 0
5.28 0
5.38 0
5.48 0
5.58 0
5.68 0
5.78 0
5.88 0
5.98 0
6.08 0
6.18 0
6.28 0
6.38 0
6.48 0
6.58 0
6.68 0
6.78 0
6.88 0
6.98 0
7.08 0
7.18 0
7.28 0
7.38 0
7.48 0
7.58 0
7.68 0
7.78 0
7.88 0
7.98 0
8.08 0
8.18 0
8.28 0
8.38 0
8.48 0
8.58 0
8.68 0
8.78 0
8.88 0
8.98 0
9.08 0
9.18 0
9.28 0
9.38 0
9.48 0
9.58 0
9.68 0
9.78 0
9.88 0
9.98 0
10.08 0
10.18 0
10.28 0
10.38 0
10.48 0
10.58 0
10.68 0
10.78 0
10.88 0
10.98 0
11.08 0
11.18 0
11.28 0
11.38 0
11.48 0
11.58 0
11.68 0
11.78 0
11.88 0
11.98 0
12.08 0
12.18 0
12.28 0
12.38 0
12.48 0
12.58 0
12.68 0
12.78 0
12.88 0
12.98 0
13.08 0
13.18 0
13.28 0
13.38 0
13.48 0
13.58 0
13.68 0
13.78 0
13.88 0
13.98 0
14.08 0
14.18 0
14.28 0
14.38 0
14.48 0
14.58 0
14.68 0
14.78 0
14.88 0
14.98 0
15.08 0
15.18 0
15.28 0
15.38 0
15.48 0
15.58 0
15.68 0
15.78 0
15.88 0
15.98 0
16.08 0
