-4.32 0.0571516
-4.22 0.0582372
-4.12 0.0583686
-4.02 0.0594572
-3.92 0.0597603
-3.82 0.0607334
-3.72 0.061071
-3.62 0.0617817
-3.52 0.0625718
-3.42 0.0634167
-3.32 0.0640208
-3.22 0.0646874
-3.12 0.0658198
-3.02 0.0666434
-2.92 0.0674069
-2.82 0.0693514
-2.72 0.0711069
-2.62 0.0722042
-2.52 0.0721653
-2.42 0.071156
-2.32 0.0711548
-2.22 0.0714258
-2.12 0.0711683
-2.02 0.0719764
-1.92 0.0719468
-1.82 0.0718042
-1.72 0.0715877
-1.62 0.0716771
-1.52 0.0725485
-1.42 0.0720833
-1.32 0.072326
-1.22 0.0721227
-1.12 0.0718876
-1.02 0.0717658
-0.92 0.0722108
-0.82 0.0725598
-0.72 0.0723179
-0.62 0.0715718
-0.52 0.0718534
-0.42 0.0724678
-0.32 0.0727212
-0.22 0.071961
-0.12 0.071989
-0.02 0.0721352
0.08 0.0725145
0.18 0.0723768
0.28 0.0720298
0.38 0.0724637
0.48 0.0726817
0.58 0.0732967
0.68 0.0726498
0.78 0.0725101
0.88 0.0728484
0.98 0.0723254
1.08 0.0721755
1.18 0.0716418
1.28 0.071488
1.38 0.0724138
1.48 0.0727707
1.58 0.0722047
1.68 0.0714468
1.78 0.0718542
1.88 0.072773
1.98 0.0723787
2.08 0.0718144
2.18 0.0708738
2.28 0.0714202
2.38 0.072506
2.48 0.0726079
2.58 0.0721659
2.68 0.0723378
2.78 0.0724782
2.88 0.0716232
2.98 0.0648856
3.08 0.0536111
3.18 0.0404027
3.28 0.0275222
3.38 0.0173728
3.48 0.0123346
3.58 0.00821233
3.68 0.00544372
3.78 0.00323673
3.88 0.00171194
3.98 0.00088978
4.08 0.000380752
4.18 0.000199094
4.28 0
4.38 0
4.48 0
4.58 0
4.68 0
4.78 0
4.88 0
4.98 0
5.08 0
5.18 0
5.28 0
5.38 0
5.48 0
5.58 0
5.68 0
5.78 0
5.88 0
5.98 0
6.08 0
6.18 0
6.28 0
6.38 0
6.48 0
6.58 0
6.68 0
6.78 0
6.88 0
6.98 0
7.08 0
7.18 0
7.28 0
7.38 0
7.48 0
7.58 0
7.68 0
7.78 0
7.88 0
7.98 0
8.08 0
8.18 0
8.28 0
8.38 0
8.48 0
8.58 0
8.68 0
8.78 0
8.88 0
8.98 0
9.08 0
9.18 0
9.28 0
9.38 0
9.48 0
9.58 0
9.68 0
9.78 0
9.88 0
9.98 0
10.08 0
10.18 0
10.28 0
10.38 0
10.48 0
10.58 0
10.68 0
10.78 0
10.88 0
10.98 0
11.08 0
11.18 0
11.28 0
11.38 0
11.48 0
11.58 0
11.68 0
11.78 0
11.88 0
11.98 0
12.08 0
12.18 0
12.28 0
12.38 0
12.48 0
12.58 0
12.68 0
12.78 0
12.88 0
12.98 0
13.08 0
13.18 0
13.28 0
13.38 0
13.48 0
13.58 0
13.68 0
13.78 0
13.88 0
13.98 0
14.08 0
14.18 0
14.28 0
14.38 0
14.48 0
14.58 0
14.68 0
14.78 0
14.88 0
14.98 0
15.08 0
15.18 0
15.28 0
15.38 0
15.48 0
15.58 0
15.68 0
15.78 0
15.88 0
15.98 0
16.08 0
