-4.32 7.45544
-4.22 8.13143
-4.12 8.13681
-4.02 8.57904
-3.92 8.60805
-3.82 8.78754
-3.72 9.31505
-3.62 9.41207
-3.52 9.5743
-3.42 9.71157
-3.32 10.4889
-3.22 10.418
-3.12 10.5012
-3.02 11.5416
-2.92 12.5698
-2.82 13.7572
-2.72 18.6683
-2.62 23.4581
-2.52 25.7439
-2.42 23.0715
-2.32 22.3737
-2.22 22.1541
-2.12 22.6715
-2.02 22.4245
-1.92 24.5279
-1.82 23.3263
-1.72 23.6278
-1.62 25.1463
-1.52 25.8625
-1.42 24.6251
-1.32 25.0222
-1.22 26.3811
-1.12 26.0322
-1.02 23.8776
-0.92 26.5323
-0.82 28.4162
-0.72 28.1283
-0.62 27.7343
-0.52 28.6556
-0.42 29.6293
-0.32 29.1517
-0.22 28.0729
-0.12 28.9617
-0.02 31.7969
0.08 31.449
0.18 30.7851
0.28 29.5959
0.38 32.636
0.48 33.2721
0.58 33.6414
0.68 32.8773
0.78 34.3832
0.88 36.1492
0.98 37.7973
1.08 36.3317
1.18 36.0655
1.28 39.7087
1.38 39.7746
1.48 41.7242
1.58 42.4596
1.68 42.6187
1.78 45.8641
1.88 48.6459
1.98 50.4992
2.08 51.0508
2.18 52.9249
2.28 58.1112
2.38 62.9275
2.48 67.479
2.58 71.6564
2.68 83.0865
2.78 101.391
2.88 122.769
2.98 141.462
3.08 149.618
3.18 164.244
3.28 158.486
3.38 160.178
3.48 160.336
3.58 174.759
3.68 201.494
3.78 199.187
3.88 248.991
3.98 233.35
4.08 272.853
4.18 595.997
4.28 0
4.38 0
4.48 0
4.58 0
4.68 0
4.78 0
4.88 0
4.98 0
5.08 0
5.18 0
5.28 0
5.38 0
5.48 0
5.58 0
5.68 0
5.78 0
5.88 0
5.98 0
6.08 0
6.18 0
6.28 0
6.38 0
6.48 0
6.58 0
6.68 0
6.78 0
6.88 0
6.98 0
7.08 0
7.18 0
7.28 0
7.38 0
7.48 0
7.58 0
7.68 0
7.78 0
7.88 0
7.98 0
8.08 0
8.18 0
8.28 0
8.38 0
8.48 0
8.58 0
8.68 0
8.78 0
8.88 0
8.98 0
9.08 0
9.18 0
9.28 0
9.38 0
9.48 0
9.58 0
9.68 0
9.78 0
9.88 0
9.98 0
10.08 0
10.18 0
10.28 0
10.38 0
10.48 0
10.58 0
10.68 0
10.78 0
10.88 0
10.98 0
11.08 0
11.18 0
11.28 0
11.38 0
11.48 0
11.58 0
11.68 0
11.78 0
11.88 0
11.98 0
12.08 0
12.18 0
12.28 0
12.38 0
12.48 0
12.58 0
12.68 0
12.78 0
12.88 0
12.98 0
13.08 0
13.18 0
13.28 0
13.38 0
13.48 0
13.58 0
13.68 0
13.78 0
13.88 0
13.98 0
14.08 0
14.18 0
14.28 0
14.38 0
14.48 0
14.58 0
14.68 0
14.78 0
14.88 0
14.98 0
15.08 0
15.18 0
15.28 0
15.38 0
15.48 0
15.58 0
15.68 0
15.78 0
15.88 0
15.98 0
16.08 0
