-4.32 3.34369e-07
-4.22 8.91094e-07
-4.12 9.62771e-07
-4.02 4.45188e-07
-3.92 7.79857e-07
-3.82 8.59729e-08
-3.72 7.84819e-07
-3.62 1.12841e-06
-3.52 9.88568e-07
-3.42 1.54636e-06
-3.32 1.13947e-06
-3.22 9.42825e-07
-3.12 9.54753e-07
-3.02 3.70432e-07
-2.92 4.16071e-07
-2.82 3.40946e-07
-2.72 7.23228e-07
-2.62 4.70581e-07
-2.52 7.91587e-07
-2.42 6.6372e-07
-2.32 7.8352e-07
-2.22 5.78255e-07
-2.12 6.22942e-07
-2.02 2.62942e-07
-1.92 2.905e-07
-1.82 4.02435e-07
-1.72 6.0427e-07
-1.62 3.27324e-07
-1.52 4.48468e-07
-1.42 4.10978e-07
-1.32 4.20908e-07
-1.22 1.54021e-07
-1.12 1.4547e-07
-1.02 5.41526e-07
-0.92 4.32971e-07
-0.82 3.20221e-07
-0.72 4.29169e-07
-0.62 1.07909e-06
-0.52 4.90828e-07
-0.42 9.37545e-07
-0.32 4.97841e-07
-0.22 4.29549e-07
-0.12 1.46822e-07
-0.02 1.55789e-07
0.08 1.7137e-07
0.18 2.97448e-07
0.28 3.69413e-08
0.38 1.92068e-07
0.48 8.43211e-09
0.58 1.53683e-07
0.68 5.25741e-08
0.78 3.75998e-07
0.88 1.49987e-07
0.98 4.30201e-08
1.08 2.71163e-08
1.18 1.7637e-07
1.28 0
1.38 1.60346e-07
1.48 4.40364e-08
1.58 9.51274e-08
1.68 6.30167e-07
1.78 4.18269e-07
1.88 6.9922e-07
1.98 3.42221e-07
2.08 2.37436e-07
2.18 1.13504e-07
2.28 2.14919e-07
2.38 5.65379e-08
2.48 1.35162e-07
2.58 2.14136e-08
2.68 1.29649e-08
2.78 8.53299e-09
2.88 1.39445e-08
2.98 0
3.08 4.93515e-09
3.18 0
3.28 0
3.38 0
3.48 0
3.58 0
3.68 0
3.78 0
3.88 0
3.98 0
4.08 0
4.18 0
4.28 0
4.38 0
4.48 0
4.58 0
4.68 0
4.78 0
4.88 0
4.98 0
5.08 0
5.18 0
5.28 0
5.38 0
5.48 0
5.58 0
5.68 0
5.78 0
5.88 0
5.98 0
6.08 0
6.18 0
6.28 0
6.38 0
6.48 0
6.58 0
6.68 0
6.78 0
6.88 0
6.98 0
7.08 0
7.18 0
7.28 0
7.38 0
7.48 0
7.58 0
7.68 0
7.78 0
7.88 0
7.98 0
8.08 0
8.18 0
8.28 0
8.38 0
8.48 0
8.58 0
8.68 0
8.78 0
8.88 0
8.98 0
9.08 0
9.18 0
9.28 0
9.38 0
9.48 0
9.58 0
9.68 0
9.78 0
9.88 0
9.98 0
10.08 0
10.18 0
10.28 0
10.38 0
10.48 0
10.58 0
10.68 0
10.78 0
10.88 0
10.98 0
11.08 0
11.18 0
11.28 0
11.38 0
11.48 0
11.58 0
11.68 0
11.78 0
11.88 0
11.98 0
12.08 0
12.18 0
12.28 0
12.38 0
12.48 0
12.58 0
12.68 0
12.78 0
12.88 0
12.98 0
13.08 0
13.18 0
13.28 0
13.38 0
13.48 0
13.58 0
13.68 0
13.78 0
13.88 0
13.98 0
14.08 0
14.18 0
14.28 0
14.38 0
14.48 0
14.58 0
14.68 0
14.78 0
14.88 0
14.98 0
15.08 0
15.18 0
15.28 0
15.38 0
15.48 0
15.58 0
15.68 0
15.78 0
15.88 0
15.98 0
16.08 0
