-4.32 0.0127545
-4.22 0.0127761
-4.12 0.0127909
-4.02 0.012792
-3.92 0.0128042
-3.82 0.0127846
-3.72 0.0127977
-3.62 0.012778
-3.52 0.0127832
-3.42 0.0127934
-3.32 0.012751
-3.22 0.0127446
-3.12 0.0127251
-3.02 0.0127094
-2.92 0.0127018
-2.82 0.0126767
-2.72 0.0126322
-2.62 0.0125624
-2.52 0.0124881
-2.42 0.0123828
-2.32 0.0123064
-2.22 0.0122297
-2.12 0.0121389
-2.02 0.0120492
-1.92 0.0119784
-1.82 0.011886
-1.72 0.0117886
-1.62 0.0117144
-1.52 0.0116276
-1.42 0.0115234
-1.32 0.0114281
-1.22 0.0113024
-1.12 0.0111949
-1.02 0.0110842
-0.92 0.0109825
-0.82 0.0108688
-0.72 0.0107619
-0.62 0.0106384
-0.52 0.0105238
-0.42 0.0104127
-0.32 0.0102924
-0.22 0.0101915
-0.12 0.0100723
-0.02 0.00995228
0.08 0.00982705
0.18 0.00967534
0.28 0.0095615
0.38 0.00944745
0.48 0.00931036
0.58 0.0091544
0.68 0.00900219
0.78 0.00885696
0.88 0.00868721
0.98 0.00853635
1.08 0.00836686
1.18 0.00819986
1.28 0.00804248
1.38 0.00787321
1.48 0.00769829
1.58 0.00753267
1.68 0.00732402
1.78 0.00715081
1.88 0.00691633
1.98 0.0066685
2.08 0.0064038
2.18 0.00614331
2.28 0.00587095
2.38 0.00556734
2.48 0.0052654
2.58 0.00494714
2.68 0.00461205
2.78 0.00419422
2.88 0.00370408
2.98 0.00310077
3.08 0.00243831
3.18 0.0018284
3.28 0.00133902
3.38 0.00102291
3.48 0.00081118
3.58 0.000658427
3.68 0.000575944
3.78 0.000490981
3.88 0.000453147
3.98 0.000390794
4.08 0.000357124
4.18 0.000342314
4.28 0.000331532
4.38 0.000317078
4.48 0.000311842
4.58 0.000313195
4.68 0.000322051
4.78 0.00032003
4.88 0.000306722
4.98 0.000300876
5.08 0.000312475
5.18 0.000307601
5.28 0.000292372
5.38 0.000286262
5.48 0.00028339
5.58 0.000253776
5.68 0.000246098
5.78 0.00024128
5.88 0.000246067
5.98 0.000233925
6.08 0.000235671
6.18 0.000220556
6.28 0.000233924
6.38 0.000225991
6.48 0.000237949
6.58 0.000224223
6.68 0.000207156
6.78 0.000203595
6.88 0.000193083
6.98 0.000196988
7.08 0.000183221
7.18 0.000179091
7.28 0.000171577
7.38 0.000181123
7.48 0.000199282
7.58 0.000185285
7.68 0.000184372
7.78 0.00017206
7.88 0.000178144
7.98 0.00016985
8.08 0.000160589
8.18 0.000162706
8.28 0.000158422
8.38 0.000145773
8.48 0.000142565
8.58 0.000153072
8.68 0.000146693
8.78 0.000133783
8.88 0.000142424
8.98 0.00014191
9.08 0.00013666
9.18 0.00013681
9.28 0.000133032
9.38 0.000131109
9.48 0.000128102
9.58 0.000129913
9.68 0.00013206
9.78 0.000121888
9.88 0.000117271
9.98 0.000114122
10.08 0.00011277
10.18 0.000107334
10.28 0.00010408
10.38 0.000103604
10.48 0.000100908
10.58 9.41706e-05
10.68 0.000100695
10.78 9.1571e-05
10.88 9.16427e-05
10.98 8.64623e-05
11.08 8.58308e-05
11.18 8.17092e-05
11.28 8.51983e-05
11.38 7.87254e-05
11.48 7.63606e-05
11.58 7.42086e-05
11.68 7.06004e-05
11.78 6.68061e-05
11.88 6.88425e-05
11.98 7.12479e-05
12.08 7.0046e-05
12.18 7.84416e-05
12.28 7.84278e-05
12.38 7.52578e-05
12.48 6.84605e-05
12.58 6.55703e-05
12.68 6.73514e-05
12.78 6.48863e-05
12.88 5.71734e-05
12.98 5.92248e-05
13.08 6.01898e-05
13.18 5.81302e-05
13.28 5.80972e-05
13.38 6.18892e-05
13.48 5.62456e-05
13.58 5.04018e-05
13.68 5.04592e-05
13.78 4.52627e-05
13.88 4.68794e-05
13.98 4.24284e-05
14.08 4.60636e-05
14.18 6.89513e-05
14.28 5.22269e-05
14.38 5.44184e-05
14.48 4.95302e-05
14.58 4.21714e-05
14.68 3.90007e-05
14.78 4.4185e-05
14.88 4.4746e-05
14.98 3.35773e-05
15.08 3.10649e-05
15.18 3.19475e-05
15.28 3.04832e-05
15.38 2.74794e-05
15.48 2.65097e-05
15.58 2.57345e-05
15.68 2.73388e-05
15.78 2.64806e-05
15.88 2.61751e-05
15.98 2.64296e-05
16.08 2.78478e-05
