-4.32 6.56523
-4.22 6.66221
-4.12 6.73515
-4.02 6.88307
-3.92 6.94978
-3.82 7.07366
-3.72 7.16372
-3.62 7.29081
-3.52 7.38551
-3.42 7.51085
-3.32 7.64737
-3.22 7.77257
-3.12 7.92965
-3.02 8.08335
-2.92 8.23883
-2.82 8.58068
-2.72 8.9388
-2.62 9.31102
-2.52 9.40285
-2.42 9.31933
-2.32 9.33059
-2.22 9.48997
-2.12 9.5535
-2.02 9.78341
-1.92 9.86719
-1.82 9.96061
-1.72 10.0168
-1.62 10.1523
-1.52 10.3922
-1.42 10.47
-1.32 10.6271
-1.22 10.7455
-1.12 10.7887
-1.02 10.8796
-0.92 11.0509
-0.82 11.3781
-0.72 11.4907
-0.62 11.3977
-0.52 11.6182
-0.42 11.9263
-0.32 12.1466
-0.22 12.2004
-0.12 12.322
-0.02 12.6307
0.08 12.8973
0.18 13.1384
0.28 13.2026
0.38 13.5617
0.48 13.8638
0.58 14.3327
0.68 14.5338
0.78 14.827
0.88 15.0706
0.98 15.4559
1.08 15.7114
1.18 16.0085
1.28 16.2555
1.38 16.9444
1.48 17.6313
1.58 18.1314
1.68 18.3348
1.78 19.0915
1.88 20.4551
1.98 21.4151
2.08 22.3476
2.18 23.2588
2.28 24.778
2.38 26.7191
2.48 28.6942
2.58 30.8228
2.68 34.0774
2.78 38.7009
2.88 45.4681
2.98 52.599
3.08 59.2587
3.18 64.3202
3.28 67.5185
3.38 64.4517
3.48 67.9985
3.58 71.1382
3.68 79.3144
3.78 87.0488
3.88 84.8385
3.98 101.298
4.08 96.7537
4.18 171.927
4.28 0
4.38 0
4.48 0
4.58 0
4.68 0
4.78 0
4.88 0
4.98 0
5.08 0
5.18 0
5.28 0
5.38 0
5.48 0
5.58 0
5.68 0
5.78 0
5.88 0
5.98 0
6.08 0
6.18 0
6.28 0
6.38 0
6.48 0
6.58 0
6.68 0
6.78 0
6.88 0
6.98 0
7.08 0
7.18 0
7.28 0
7.38 0
7.48 0
7.58 0
7.68 0
7.78 0
7.88 0
7.98 0
8.08 0
8.18 0
8.28 0
8.38 0
8.48 0
8.58 0
8.68 0
8.78 0
8.88 0
8.98 0
9.08 0
9.18 0
9.28 0
9.38 0
9.48 0
9.58 0
9.68 0
9.78 0
9.88 0
9.98 0
10.08 0
10.18 0
10.28 0
10.38 0
10.48 0
10.58 0
10.68 0
10.78 0
10.88 0
10.98 0
11.08 0
11.18 0
11.28 0
11.38 0
11.48 0
11.58 0
11.68 0
11.78 0
11.88 0
11.98 0
12.08 0
12.18 0
12.28 0
12.38 0
12.48 0
12.58 0
12.68 0
12.78 0
12.88 0
12.98 0
13.08 0
13.18 0
13.28 0
13.38 0
13.48 0
13.58 0
13.68 0
13.78 0
13.88 0
13.98 0
14.08 0
14.18 0
14.28 0
14.38 0
14.48 0
14.58 0
14.68 0
14.78 0
14.88 0
14.98 0
15.08 0
15.18 0
15.28 0
15.38 0
15.48 0
15.58 0
15.68 0
15.78 0
15.88 0
15.98 0
16.08 0
