-4.32 9.34768
-4.22 9.79172
-4.12 9.83902
-4.02 10.1752
-3.92 10.2648
-3.82 10.4561
-3.72 10.8179
-3.62 10.935
-3.52 11.1233
-3.42 11.2975
-3.32 11.8729
-3.22 11.9409
-3.12 12.1299
-3.02 12.8976
-2.92 13.7161
-2.82 14.7391
-2.72 17.8664
-2.62 20.691
-2.52 21.773
-2.42 20.2871
-2.32 19.928
-2.22 19.8539
-2.12 20.1676
-2.02 20.1712
-1.92 21.335
-1.82 20.7459
-1.72 21.0518
-1.62 21.921
-1.52 22.3473
-1.42 21.6576
-1.32 21.9996
-1.22 22.8477
-1.12 22.5459
-1.02 21.4952
-0.92 23.1679
-0.82 24.2419
-0.72 24.135
-0.62 23.9751
-0.52 24.5602
-0.42 25.1961
-0.32 24.8785
-0.22 24.3534
-0.12 25.0905
-0.02 26.7254
0.08 26.5904
0.18 26.1997
0.28 25.7612
0.38 27.5593
0.48 27.9922
0.58 28.2721
0.68 28.0028
0.78 28.9928
0.88 30.1451
0.98 31.0925
1.08 30.4063
1.18 30.4343
1.28 32.7207
1.38 32.8598
1.48 34.1457
1.58 34.7306
1.68 35.0341
1.78 38.6026
1.88 43.0799
1.98 44.5152
2.08 45.1509
2.18 46.8479
2.28 49.075
2.38 48.7443
2.48 51.7143
2.58 54.6753
2.68 61.8277
2.78 72.4012
2.88 84.2701
2.98 94.2281
3.08 98.8239
3.18 105.92
3.28 103.14
3.38 104.184
3.48 104.762
3.58 112.557
3.68 126.05
3.78 125.884
3.88 149.207
3.98 143.364
4.08 163.732
4.18 306.988
4.28 0
4.38 0
4.48 0
4.58 0
4.68 0
4.78 0
4.88 0
4.98 0
5.08 0
5.18 0
5.28 0
5.38 0
5.48 0
5.58 0
5.68 0
5.78 0
5.88 0
5.98 0
6.08 0
6.18 0
6.28 0
6.38 0
6.48 0
6.58 0
6.68 0
6.78 0
6.88 0
6.98 0
7.08 0
7.18 0
7.28 0
7.38 0
7.48 0
7.58 0
7.68 0
7.78 0
7.88 0
7.98 0
8.08 0
8.18 0
8.28 0
8.38 0
8.48 0
8.58 0
8.68 0
8.78 0
8.88 0
8.98 0
9.08 0
9.18 0
9.28 0
9.38 0
9.48 0
9.58 0
9.68 0
9.78 0
9.88 0
9.98 0
10.08 0
10.18 0
10.28 0
10.38 0
10.48 0
10.58 0
10.68 0
10.78 0
10.88 0
10.98 0
11.08 0
11.18 0
11.28 0
11.38 0
11.48 0
11.58 0
11.68 0
11.78 0
11.88 0
11.98 0
12.08 0
12.18 0
12.28 0
12.38 0
12.48 0
12.58 0
12.68 0
12.78 0
12.88 0
12.98 0
13.08 0
13.18 0
13.28 0
13.38 0
13.48 0
13.58 0
13.68 0
13.78 0
13.88 0
13.98 0
14.08 0
14.18 0
14.28 0
14.38 0
14.48 0
14.58 0
14.68 0
14.78 0
14.88 0
14.98 0
15.08 0
15.18 0
15.28 0
15.38 0
15.48 0
15.58 0
15.68 0
15.78 0
15.88 0
15.98 0
16.08 0
