-4.32 9.04327
-4.22 9.45461
-4.12 9.50319
-4.02 9.81784
-3.92 9.90754
-3.82 10.0909
-3.72 10.4274
-3.62 10.5411
-3.52 10.7229
-3.42 10.8914
-3.32 11.4288
-3.22 11.5012
-3.12 11.6883
-3.02 12.4068
-2.92 13.1769
-2.82 14.1441
-2.72 17.0271
-2.62 19.6121
-2.52 20.5797
-2.42 19.2279
-2.32 18.9038
-2.22 18.8419
-2.12 19.1304
-2.02 19.1475
-1.92 20.2061
-1.82 19.6782
-1.72 19.97
-1.62 20.7637
-1.52 21.154
-1.42 20.5282
-1.32 20.8499
-1.22 21.6303
-1.12 21.3473
-1.02 20.4065
-0.92 21.9466
-0.82 22.9274
-0.72 22.8352
-0.62 22.6972
-0.52 23.2369
-0.42 23.8246
-0.32 23.5325
-0.22 23.064
-0.12 23.7576
-0.02 25.2516
0.08 25.1339
0.18 24.7788
0.28 24.4013
0.38 26.0487
0.48 26.451
0.58 26.714
0.68 26.4842
0.78 27.4014
0.88 28.4654
0.98 29.3326
1.08 28.7209
1.18 28.7657
1.28 30.8694
1.38 31.0081
1.48 32.1969
1.58 32.7481
1.68 33.047
1.78 35.0819
1.88 36.5912
1.98 37.8077
2.08 38.3508
2.18 39.7938
2.28 42.8309
2.38 45.7535
2.48 48.5029
2.58 51.2621
2.68 57.8423
2.78 67.4981
2.88 78.2899
2.98 87.309
3.08 91.4917
3.18 97.8631
3.28 95.3692
3.38 96.3299
3.48 96.8941
3.58 103.97
3.68 116.118
3.78 116.059
3.88 136.927
3.98 131.813
4.08 150.178
4.18 277.668
4.28 0
4.38 0
4.48 0
4.58 0
4.68 0
4.78 0
4.88 0
4.98 0
5.08 0
5.18 0
5.28 0
5.38 0
5.48 0
5.58 0
5.68 0
5.78 0
5.88 0
5.98 0
6.08 0
6.18 0
6.28 0
6.38 0
6.48 0
6.58 0
6.68 0
6.78 0
6.88 0
6.98 0
7.08 0
7.18 0
7.28 0
7.38 0
7.48 0
7.58 0
7.68 0
7.78 0
7.88 0
7.98 0
8.08 0
8.18 0
8.28 0
8.38 0
8.48 0
8.58 0
8.68 0
8.78 0
8.88 0
8.98 0
9.08 0
9.18 0
9.28 0
9.38 0
9.48 0
9.58 0
9.68 0
9.78 0
9.88 0
9.98 0
10.08 0
10.18 0
10.28 0
10.38 0
10.48 0
10.58 0
10.68 0
10.78 0
10.88 0
10.98 0
11.08 0
11.18 0
11.28 0
11.38 0
11.48 0
11.58 0
11.68 0
11.78 0
11.88 0
11.98 0
12.08 0
12.18 0
12.28 0
12.38 0
12.48 0
12.58 0
12.68 0
12.78 0
12.88 0
12.98 0
13.08 0
13.18 0
13.28 0
13.38 0
13.48 0
13.58 0
13.68 0
13.78 0
13.88 0
13.98 0
14.08 0
14.18 0
14.28 0
14.38 0
14.48 0
14.58 0
14.68 0
14.78 0
14.88 0
14.98 0
15.08 0
15.18 0
15.28 0
15.38 0
15.48 0
15.58 0
15.68 0
15.78 0
15.88 0
15.98 0
16.08 0
