-4.32 9.92494e-08
-4.22 3.25861e-07
-4.12 3.0524e-07
-4.02 2.63466e-07
-3.92 2.32419e-07
-3.82 2.75853e-07
-3.72 2.78504e-07
-3.62 2.72077e-07
-3.52 2.58683e-07
-3.42 2.41885e-07
-3.32 2.67049e-07
-3.22 2.80813e-07
-3.12 2.65442e-07
-3.02 2.78696e-07
-2.92 2.97574e-07
-2.82 2.65492e-07
-2.72 2.60066e-07
-2.62 2.91284e-07
-2.52 2.76353e-07
-2.42 2.67075e-07
-2.32 2.54879e-07
-2.22 2.82954e-07
-2.12 2.6894e-07
-2.02 2.48757e-07
-1.92 2.26766e-07
-1.82 2.51084e-07
-1.72 2.51266e-07
-1.62 2.49297e-07
-1.52 2.291e-07
-1.42 2.39134e-07
-1.32 2.44354e-07
-1.22 2.37781e-07
-1.12 2.28991e-07
-1.02 2.35183e-07
-0.92 2.27053e-07
-0.82 2.19748e-07
-0.72 2.1573e-07
-0.62 2.22755e-07
-0.52 2.29573e-07
-0.42 2.08021e-07
-0.32 2.0679e-07
-0.22 2.0605e-07
-0.12 2.03905e-07
-0.02 1.89075e-07
0.08 2.10588e-07
0.18 2.11115e-07
0.28 2.0032e-07
0.38 2.01637e-07
0.48 2.0491e-07
0.58 1.9962e-07
0.68 1.86979e-07
0.78 2.06819e-07
0.88 1.80142e-07
0.98 1.85309e-07
1.08 2.00006e-07
1.18 1.91416e-07
1.28 1.6413e-07
1.38 1.70989e-07
1.48 1.71768e-07
1.58 1.74591e-07
1.68 1.83065e-07
1.78 1.59446e-07
1.88 1.61182e-07
1.98 1.68195e-07
2.08 1.60741e-07
2.18 1.52243e-07
2.28 1.47058e-07
2.38 1.44565e-07
2.48 1.3589e-07
2.58 1.26615e-07
2.68 1.21381e-07
2.78 9.52435e-08
2.88 7.62775e-08
2.98 5.373e-08
3.08 3.99144e-08
3.18 2.05543e-08
3.28 1.34819e-08
3.38 1.01881e-08
3.48 6.01092e-09
3.58 3.43548e-09
3.68 1.42239e-09
3.78 5.3063e-10
3.88 4.02594e-10
3.98 0
4.08 4.27544e-11
4.18 4.23114e-11
4.28 0
4.38 0
4.48 0
4.58 0
4.68 0
4.78 0
4.88 0
4.98 0
5.08 0
5.18 0
5.28 0
5.38 0
5.48 0
5.58 0
5.68 0
5.78 0
5.88 0
5.98 0
6.08 0
6.18 0
6.28 0
6.38 0
6.48 0
6.58 0
6.68 0
6.78 0
6.88 0
6.98 0
7.08 0
7.18 0
7.28 0
7.38 0
7.48 0
7.58 0
7.68 0
7.78 0
7.88 0
7.98 0
8.08 0
8.18 0
8.28 0
8.38 0
8.48 0
8.58 0
8.68 0
8.78 0
8.88 0
8.98 0
9.08 0
9.18 0
9.28 0
9.38 0
9.48 0
9.58 0
9.68 0
9.78 0
9.88 0
9.98 0
10.08 0
10.18 0
10.28 0
10.38 0
10.48 0
10.58 0
10.68 0
10.78 0
10.88 0
10.98 0
11.08 0
11.18 0
11.28 0
11.38 0
11.48 0
11.58 0
11.68 0
11.78 0
11.88 0
11.98 0
12.08 0
12.18 0
12.28 0
12.38 0
12.48 0
12.58 0
12.68 0
12.78 0
12.88 0
12.98 0
13.08 0
13.18 0
13.28 0
13.38 0
13.48 0
13.58 0
13.68 0
13.78 0
13.88 0
13.98 0
14.08 0
14.18 0
14.28 0
14.38 0
14.48 0
14.58 0
14.68 0
14.78 0
14.88 0
14.98 0
15.08 0
15.18 0
15.28 0
15.38 0
15.48 0
15.58 0
15.68 0
15.78 0
15.88 0
15.98 0
16.08 0
