-4.32 0.0914018
-4.22 0.0924863
-4.12 0.0930688
-4.02 0.0941325
-3.92 0.0950365
-3.82 0.0958477
-3.72 0.096874
-3.62 0.0980515
-3.52 0.0987103
-3.42 0.0999441
-3.32 0.101227
-3.22 0.102679
-3.12 0.103861
-3.02 0.104962
-2.92 0.106832
-2.82 0.108792
-2.72 0.11141
-2.62 0.113371
-2.52 0.115237
-2.42 0.115683
-2.32 0.114949
-2.22 0.114425
-2.12 0.113596
-2.02 0.114527
-1.92 0.114866
-1.82 0.114692
-1.72 0.114316
-1.62 0.114457
-1.52 0.115769
-1.42 0.115248
-1.32 0.114795
-1.22 0.115404
-1.12 0.115276
-1.02 0.114961
-0.92 0.115099
-0.82 0.11567
-0.72 0.116132
-0.62 0.116068
-0.52 0.116141
-0.42 0.116624
-0.32 0.116851
-0.22 0.115736
-0.12 0.115436
-0.02 0.116823
0.08 0.116612
0.18 0.116079
0.28 0.115397
0.38 0.116271
0.48 0.116739
0.58 0.116716
0.68 0.11591
0.78 0.115886
0.88 0.116615
0.98 0.11747
1.08 0.117003
1.18 0.116209
1.28 0.116954
1.38 0.117638
1.48 0.11794
1.58 0.116238
1.68 0.115866
1.78 0.116247
1.88 0.118195
1.98 0.118878
2.08 0.117103
2.18 0.116451
2.28 0.117516
2.38 0.118698
2.48 0.118426
2.58 0.116386
2.68 0.115229
2.78 0.11834
2.88 0.11962
2.98 0.107317
3.08 0.0861027
3.18 0.0592228
3.28 0.0374966
3.38 0.0234214
3.48 0.017008
3.58 0.0127169
3.68 0.00812172
3.78 0.00418965
3.88 0.00165684
3.98 0.000551943
4.08 9.41271e-05
4.18 3.38244e-05
4.28 1.01178e-05
4.38 1.90963e-05
4.48 2.88e-06
4.58 0
4.68 0
4.78 0
4.88 0
4.98 0
5.08 0
5.18 0
5.28 0
5.38 0
5.48 0
5.58 0
5.68 0
5.78 0
5.88 0
5.98 0
6.08 0
6.18 0
6.28 0
6.38 0
6.48 0
6.58 0
6.68 0
6.78 0
6.88 0
6.98 0
7.08 0
7.18 0
7.28 0
7.38 0
7.48 0
7.58 0
7.68 0
7.78 0
7.88 0
7.98 0
8.08 0
8.18 0
8.28 0
8.38 0
8.48 0
8.58 0
8.68 0
8.78 0
8.88 0
8.98 0
9.08 0
9.18 0
9.28 0
9.38 0
9.48 0
9.58 0
9.68 0
9.78 0
9.88 0
9.98 0
10.08 0
10.18 0
10.28 0
10.38 0
10.48 0
10.58 0
10.68 0
10.78 0
10.88 0
10.98 0
11.08 0
11.18 0
11.28 0
11.38 0
11.48 0
11.58 0
11.68 0
11.78 0
11.88 0
11.98 0
12.08 0
12.18 0
12.28 0
12.38 0
12.48 0
12.58 0
12.68 0
12.78 0
12.88 0
12.98 0
13.08 0
13.18 0
13.28 0
13.38 0
13.48 0
13.58 0
13.68 0
13.78 0
13.88 0
13.98 0
14.08 0
14.18 0
14.28 0
14.38 0
14.48 0
14.58 0
14.68 0
14.78 0
14.88 0
14.98 0
15.08 0
15.18 0
15.28 0
15.38 0
15.48 0
15.58 0
15.68 0
15.78 0
15.88 0
15.98 0
16.08 0
