-4.32 2.41166e-08
-4.22 8.72452e-08
-4.12 4.1164e-08
-4.02 8.42967e-08
-3.92 3.16645e-08
-3.82 9.06202e-08
-3.72 8.08229e-08
-3.62 3.41062e-08
-3.52 9.72988e-08
-3.42 1.02562e-07
-3.32 4.92796e-08
-3.22 3.51859e-08
-3.12 6.03155e-08
-3.02 2.8213e-08
-2.92 5.45943e-08
-2.82 7.97104e-08
-2.72 7.27982e-08
-2.62 2.7308e-08
-2.52 9.6526e-08
-2.42 5.62727e-08
-2.32 6.04393e-08
-2.22 8.64035e-08
-2.12 6.8554e-08
-2.02 3.81177e-08
-1.92 6.54468e-08
-1.82 7.8934e-08
-1.72 7.37166e-08
-1.62 7.54603e-08
-1.52 4.97403e-08
-1.42 8.71358e-08
-1.32 3.26687e-08
-1.22 4.75375e-08
-1.12 6.79348e-08
-1.02 3.56049e-08
-0.92 2.58688e-08
-0.82 7.29971e-08
-0.72 5.77629e-08
-0.62 6.04939e-08
-0.52 6.0988e-08
-0.42 3.34599e-08
-0.32 5.59753e-08
-0.22 5.67881e-08
-0.12 4.37107e-08
-0.02 2.50467e-08
0.08 4.87402e-08
0.18 4.8198e-08
0.28 5.45735e-08
0.38 5.48552e-08
0.48 2.65305e-08
0.58 4.28255e-08
0.68 3.29722e-08
0.78 6.14609e-08
0.88 4.54814e-08
0.98 3.69161e-08
1.08 2.91114e-08
1.18 2.83959e-08
1.28 3.79904e-08
1.38 3.26328e-08
1.48 2.0321e-08
1.58 3.53445e-08
1.68 4.18723e-08
1.78 1.65534e-08
1.88 2.15583e-08
1.98 2.6134e-08
2.08 1.92919e-08
2.18 1.87187e-08
2.28 1.15311e-08
2.38 1.30612e-08
2.48 7.6448e-09
2.58 1.18849e-08
2.68 9.53819e-09
2.78 6.61803e-09
2.88 4.86009e-09
2.98 2.45466e-09
3.08 8.39948e-09
3.18 2.44326e-09
3.28 1.17282e-09
3.38 8.28745e-10
3.48 0
3.58 6.5972e-10
3.68 0
3.78 0
3.88 0
3.98 0
4.08 0
4.18 0
4.28 0
4.38 0
4.48 0
4.58 0
4.68 0
4.78 0
4.88 0
4.98 0
5.08 0
5.18 0
5.28 0
5.38 0
5.48 0
5.58 0
5.68 0
5.78 0
5.88 0
5.98 0
6.08 0
6.18 0
6.28 0
6.38 0
6.48 0
6.58 0
6.68 0
6.78 0
6.88 0
6.98 0
7.08 0
7.18 0
7.28 0
7.38 0
7.48 0
7.58 0
7.68 0
7.78 0
7.88 0
7.98 0
8.08 0
8.18 0
8.28 0
8.38 0
8.48 0
8.58 0
8.68 0
8.78 0
8.88 0
8.98 0
9.08 0
9.18 0
9.28 0
9.38 0
9.48 0
9.58 0
9.68 0
9.78 0
9.88 0
9.98 0
10.08 0
10.18 0
10.28 0
10.38 0
10.48 0
10.58 0
10.68 0
10.78 0
10.88 0
10.98 0
11.08 0
11.18 0
11.28 0
11.38 0
11.48 0
11.58 0
11.68 0
11.78 0
11.88 0
11.98 0
12.08 0
12.18 0
12.28 0
12.38 0
12.48 0
12.58 0
12.68 0
12.78 0
12.88 0
12.98 0
13.08 0
13.18 0
13.28 0
13.38 0
13.48 0
13.58 0
13.68 0
13.78 0
13.88 0
13.98 0
14.08 0
14.18 0
14.28 0
14.38 0
14.48 0
14.58 0
14.68 0
14.78 0
14.88 0
14.98 0
15.08 0
15.18 0
15.28 0
15.38 0
15.48 0
15.58 0
15.68 0
15.78 0
15.88 0
15.98 0
16.08 0
