-4.32 4.92779e-08
-4.22 1.64227e-07
-4.12 3.88819e-08
-4.02 6.46563e-08
-3.92 5.3898e-08
-3.82 8.47632e-08
-3.72 2.74629e-07
-3.62 4.45782e-08
-3.52 8.35128e-08
-3.42 2.03078e-07
-3.32 3.51506e-08
-3.22 2.51021e-08
-3.12 1.07275e-07
-3.02 2.60592e-07
-2.92 4.82938e-08
-2.82 1.17581e-07
-2.72 2.65517e-07
-2.62 1.42002e-08
-2.52 1.1219e-07
-2.42 3.3555e-07
-2.32 1.29773e-07
-2.22 8.88951e-08
-2.12 5.6489e-08
-2.02 2.43893e-07
-1.92 5.24934e-08
-1.82 1.93452e-08
-1.72 3.62e-08
-1.62 6.48339e-08
-1.52 6.53948e-08
-1.42 6.09026e-08
-1.32 1.69591e-08
-1.22 1.60412e-07
-1.12 1.67227e-08
-1.02 3.59741e-08
-0.92 1.90068e-07
-0.82 9.57057e-09
-0.72 1.36659e-08
-0.62 4.99809e-09
-0.52 4.28114e-08
-0.42 5.86697e-08
-0.32 1.50269e-07
-0.22 3.7369e-08
-0.12 0
-0.02 1.99522e-08
0.08 2.18406e-08
0.18 7.05807e-08
0.28 1.05275e-07
0.38 8.48686e-08
0.48 1.62194e-07
0.58 9.19766e-09
0.68 4.75865e-10
0.78 3.47253e-08
0.88 3.62172e-08
0.98 1.30545e-07
1.08 8.22271e-09
1.18 1.74818e-08
1.28 1.61078e-08
1.38 7.63747e-08
1.48 0
1.58 4.05159e-08
1.68 0
1.78 3.31142e-08
1.88 3.63892e-10
1.98 0
2.08 1.03361e-08
2.18 1.63891e-08
2.28 0
2.38 8.04716e-09
2.48 0
2.58 3.83671e-09
2.68 0
2.78 0
2.88 0
2.98 5.58975e-09
3.08 3.22799e-10
3.18 0
3.28 0
3.38 0
3.48 0
3.58 0
3.68 0
3.78 0
3.88 0
3.98 0
4.08 0
4.18 0
4.28 0
4.38 0
4.48 0
4.58 0
4.68 0
4.78 0
4.88 0
4.98 0
5.08 0
5.18 0
5.28 0
5.38 0
5.48 0
5.58 0
5.68 0
5.78 0
5.88 0
5.98 0
6.08 0
6.18 0
6.28 0
6.38 0
6.48 0
6.58 0
6.68 0
6.78 0
6.88 0
6.98 0
7.08 0
7.18 0
7.28 0
7.38 0
7.48 0
7.58 0
7.68 0
7.78 0
7.88 0
7.98 0
8.08 0
8.18 0
8.28 0
8.38 0
8.48 0
8.58 0
8.68 0
8.78 0
8.88 0
8.98 0
9.08 0
9.18 0
9.28 0
9.38 0
9.48 0
9.58 0
9.68 0
9.78 0
9.88 0
9.98 0
10.08 0
10.18 0
10.28 0
10.38 0
10.48 0
10.58 0
10.68 0
10.78 0
10.88 0
10.98 0
11.08 0
11.18 0
11.28 0
11.38 0
11.48 0
11.58 0
11.68 0
11.78 0
11.88 0
11.98 0
12.08 0
12.18 0
12.28 0
12.38 0
12.48 0
12.58 0
12.68 0
12.78 0
12.88 0
12.98 0
13.08 0
13.18 0
13.28 0
13.38 0
13.48 0
13.58 0
13.68 0
13.78 0
13.88 0
13.98 0
14.08 0
14.18 0
14.28 0
14.38 0
14.48 0
14.58 0
14.68 0
14.78 0
14.88 0
14.98 0
15.08 0
15.18 0
15.28 0
15.38 0
15.48 0
15.58 0
15.68 0
15.78 0
15.88 0
15.98 0
16.08 0
