-10.2 0.0703784 3.51468e-05
-10.1 0.0708742 3.56143e-05
-10 0.0714463 4.18648e-05
-9.9 0.0719292 4.17754e-05
-9.8 0.0722404 3.73907e-05
-9.7 0.0726804 4.10381e-05
-9.6 0.0730013 4.50604e-05
-9.5 0.0732839 4.46033e-05
-9.4 0.073648 4.27107e-05
-9.3 0.0739366 4.27069e-05
-9.2 0.074245 4.40511e-05
-9.1 0.0745745 4.28272e-05
-9 0.0748203 4.35924e-05
-8.9 0.0752194 4.52785e-05
-8.8 0.0753718 4.26433e-05
-8.7 0.075724 4.18468e-05
-8.6 0.0759988 4.24231e-05
-8.5 0.0762107 4.42761e-05
-8.4 0.0765313 4.18676e-05
-8.3 0.0768262 4.58525e-05
-8.2 0.0771339 4.76917e-05
-8.1 0.0773481 4.90209e-05
-8 0.0775959 4.66836e-05
-7.9 0.0779282 4.49608e-05
-7.8 0.078186 4.75679e-05
-7.7 0.0784875 4.86852e-05
-7.6 0.0787121 4.71222e-05
-7.5 0.0790513 4.69032e-05
-7.4 0.0793106 4.50405e-05
-7.3 0.079634 4.89908e-05
-7.2 0.0799402 5.07354e-05
-7.1 0.0801589 5.19947e-05
-7 0.0805554 4.85682e-05
-6.9 0.0808731 4.48088e-05
-6.8 0.0811854 4.43921e-05
-6.7 0.0814379 4.82637e-05
-6.6 0.0818145 5.1267e-05
-6.5 0.0821102 5.26892e-05
-6.4 0.082494 4.91664e-05
-6.3 0.0828431 5.11443e-05
-6.2 0.0832582 4.67078e-05
-6.1 0.0836209 4.8211e-05
-6 0.08397 4.6284e-05
-5.9 0.0844257 4.81672e-05
-5.8 0.0848472 4.89022e-05
-5.7 0.0852803 4.94204e-05
-5.6 0.0857825 4.83054e-05
-5.5 0.0862779 4.63284e-05
-5.4 0.0868974 4.81652e-05
-5.3 0.0875045 5.20107e-05
-5.2 0.0882197 5.2646e-05
-5.1 0.0890127 5.58331e-05
-5 0.0900679 5.39271e-05
-4.9 0.0911632 5.76473e-05
-4.8 0.0920917 5.2996e-05
-4.7 0.0924512 5.07454e-05
-4.6 0.0923144 5.85298e-05
-4.5 0.0921934 5.40691e-05
-4.4 0.0922823 5.8976e-05
-4.3 0.0922413 5.94062e-05
-4.2 0.09196 5.9117e-05
-4.1 0.0918585 6.11131e-05
-4 0.0919604 6.33223e-05
-3.9 0.0919263 6.26515e-05
-3.8 0.0916217 6.2707e-05
-3.7 0.0914403 6.60636e-05
-3.6 0.0915735 7.02535e-05
-3.5 0.0915668 6.09271e-05
-3.4 0.0913085 6.31351e-05
-3.3 0.0911303 6.07707e-05
-3.2 0.091143 5.92363e-05
-3.1 0.0912205 5.70313e-05
-3 0.0910636 5.90305e-05
-2.9 0.090803 5.38505e-05
-2.8 0.0908209 6.15134e-05
-2.7 0.0909073 6.17666e-05
-2.6 0.0908008 6.3449e-05
-2.5 0.0905589 6.57303e-05
-2.4 0.0904624 6.38591e-05
-2.3 0.0904784 6.92033e-05
-2.2 0.0904881 6.39657e-05
-2.1 0.0902987 6.62306e-05
-2 0.0900779 6.92589e-05
-1.9 0.0901149 6.96782e-05
-1.8 0.0902874 6.94154e-05
-1.7 0.0902479 7.29817e-05
-1.6 0.089942 6.90847e-05
-1.5 0.0898331 6.55739e-05
-1.4 0.0900222 6.58533e-05
-1.3 0.090183 6.66936e-05
-1.2 0.0901371 6.95506e-05
-1.1 0.0899137 7.03095e-05
-1 0.0898536 6.59867e-05
-0.9 0.0900706 6.70203e-05
-0.8 0.0901364 6.92933e-05
-0.7 0.0900232 6.76928e-05
-0.6 0.0897308 6.81282e-05
-0.5 0.0897059 6.88752e-05
-0.4 0.0900063 6.76864e-05
-0.3 0.0904247 6.84863e-05
-0.2 0.0889423 7.516e-05
-0.1 0.0889869 7.23738e-05
0 0.0891953 6.58902e-05
0.1 0.0895792 7.13205e-05
0.2 0.0895202 7.4044e-05
0.3 0.090028 7.32474e-05
0.4 0.0898918 7.43026e-05
0.5 0.0902229 7.50788e-05
0.6 0.0905795 7.91378e-05
0.7 0.0905573 8.00083e-05
0.8 0.0902295 7.47698e-05
0.9 0.0900203 6.37744e-05
1 0.0903801 6.23479e-05
1.1 0.0908525 6.88777e-05
1.2 0.0909648 7.02712e-05
1.3 0.0905744 7.51268e-05
1.4 0.0903024 6.90668e-05
1.5 0.0905718 7.15157e-05
1.6 0.0911767 7.38242e-05
1.7 0.091489 7.43901e-05
1.8 0.0911398 7.54384e-05
1.9 0.0906716 6.96742e-05
2 0.0906931 7.28853e-05
2.1 0.09127 7.9143e-05
2.2 0.0918285 7.55192e-05
2.3 0.0916897 7.22287e-05
2.4 0.0911271 7.35386e-05
2.5 0.0908031 7.35858e-05
2.6 0.0912369 7.93158e-05
2.7 0.0919294 7.83352e-05
2.8 0.0921588 7.8066e-05
2.9 0.0916379 7.52202e-05
3 0.0908658 7.56156e-05
3.1 0.0908563 7.45467e-05
3.2 0.0916937 7.44903e-05
3.3 0.0923747 8.0724e-05
3.4 0.0921586 7.91603e-05
3.5 0.091151 7.67437e-05
3.6 0.0904903 7.83411e-05
3.7 0.0907888 8.21752e-05
3.8 0.0918754 8.58447e-05
3.9 0.0923039 8.87431e-05
4 0.0914095 8.75544e-05
4.1 0.0898207 8.65855e-05
4.2 0.0890644 8.89991e-05
4.3 0.0897627 8.53721e-05
4.4 0.0913152 8.7615e-05
4.5 0.0922352 8.53333e-05
4.6 0.0923593 8.24573e-05
4.7 0.0924906 9.50998e-05
4.8 0.0935913 9.47218e-05
4.9 0.0946585 0.000104239
5 0.0923505 0.000105148
5.1 0.0827461 9.85455e-05
5.2 0.0653497 9.29951e-05
5.3 0.0442526 8.78377e-05
5.4 0.0250986 6.78785e-05
5.5 0.0119102 3.58792e-05
5.6 0.00464884 2.53044e-05
5.7 0.0015321 1.55251e-05
5.8 0.000491874 9.0762e-06
5.9 0.000194106 4.8553e-06
6 0.000129278 3.7407e-06
6.1 0.000123078 3.85852e-06
6.2 0.000121078 3.70093e-06
6.3 0.000118116 3.7122e-06
6.4 0.000117997 4.02215e-06
6.5 0.000109953 4.042e-06
6.6 0.000113164 3.87697e-06
6.7 0.000109273 4.05566e-06
6.8 0.000111242 4.65146e-06
6.9 0.000113159 3.81695e-06
7 0.000109578 4.11559e-06
7.1 0.000108041 4.22507e-06
7.2 0.000107238 3.73024e-06
7.3 0.000104416 3.76268e-06
7.4 0.000106542 3.65163e-06
7.5 0.000110015 4.26376e-06
7.6 9.94018e-05 3.99331e-06
7.7 0.000106552 4.02099e-06
7.8 0.000105576 3.7157e-06
7.9 9.65914e-05 3.36963e-06
8 9.88449e-05 3.42831e-06
8.1 9.62375e-05 3.8383e-06
8.2 8.86396e-05 3.61054e-06
8.3 8.80406e-05 3.10256e-06
8.4 9.44572e-05 3.31365e-06
8.5 9.31701e-05 3.22376e-06
8.6 9.36713e-05 3.22189e-06
8.7 9.45814e-05 3.30165e-06
8.8 8.82361e-05 2.90673e-06
8.9 8.98804e-05 3.03759e-06
9 8.84465e-05 3.30881e-06
9.1 8.43195e-05 2.94909e-06
9.2 9.28072e-05 3.67555e-06
9.3 8.85587e-05 3.11253e-06
9.4 8.38078e-05 3.48734e-06
9.5 8.30755e-05 3.20416e-06
9.6 7.65036e-05 3.27795e-06
9.7 7.68366e-05 3.32375e-06
9.8 7.54955e-05 3.42035e-06
9.9 7.9078e-05 3.07363e-06
10 8.04721e-05 3.0763e-06
10.1 8.05144e-05 3.27565e-06
10.2 7.61241e-05 3.57868e-06
