-10.2 0.011653 5.50051e-06
-10.1 0.0116843 5.44974e-06
-10 0.0117041 5.61011e-06
-9.9 0.0117218 5.51917e-06
-9.8 0.011735 5.86108e-06
-9.7 0.0117465 5.55743e-06
-9.6 0.0117572 5.59231e-06
-9.5 0.011765 5.46644e-06
-9.4 0.0117708 5.47918e-06
-9.3 0.0117797 5.5541e-06
-9.2 0.0117855 5.82503e-06
-9.1 0.0117886 5.73269e-06
-9 0.011795 5.74103e-06
-8.9 0.0117957 5.57252e-06
-8.8 0.0117994 5.60441e-06
-8.7 0.0118006 5.45409e-06
-8.6 0.0117992 5.43462e-06
-8.5 0.0117981 5.69185e-06
-8.4 0.0117942 5.87746e-06
-8.3 0.0117929 5.55482e-06
-8.2 0.0117898 5.73973e-06
-8.1 0.0117855 5.58731e-06
-8 0.0117829 5.8098e-06
-7.9 0.0117796 5.77996e-06
-7.8 0.0117734 5.92957e-06
-7.7 0.0117677 5.92462e-06
-7.6 0.0117623 5.98825e-06
-7.5 0.0117587 5.8617e-06
-7.4 0.0117516 5.90217e-06
-7.3 0.0117463 6.23921e-06
-7.2 0.0117386 6.05977e-06
-7.1 0.0117293 5.67272e-06
-7 0.0117202 5.5688e-06
-6.9 0.0117105 5.42074e-06
-6.8 0.0116984 5.34573e-06
-6.7 0.011692 5.06681e-06
-6.6 0.0116814 5.24703e-06
-6.5 0.0116717 5.01575e-06
-6.4 0.0116626 5.13225e-06
-6.3 0.0116511 5.22248e-06
-6.2 0.0116399 5.59961e-06
-6.1 0.0116291 5.52521e-06
-6 0.0116148 5.59761e-06
-5.9 0.011603 5.67182e-06
-5.8 0.0115902 5.56132e-06
-5.7 0.0115773 5.7168e-06
-5.6 0.0115626 5.36168e-06
-5.5 0.0115478 5.49434e-06
-5.4 0.0115336 5.67691e-06
-5.3 0.0115168 5.49821e-06
-5.2 0.0115055 5.31211e-06
-5.1 0.0114855 5.27504e-06
-5 0.011468 5.38869e-06
-4.9 0.0114445 5.37241e-06
-4.8 0.0114117 5.59124e-06
-4.7 0.0113744 5.51757e-06
-4.6 0.0113288 5.36025e-06
-4.5 0.011285 5.41202e-06
-4.4 0.0112419 5.40953e-06
-4.3 0.0111937 5.50842e-06
-4.2 0.0111443 5.60205e-06
-4.1 0.0111018 5.40426e-06
-4 0.0110568 5.21701e-06
-3.9 0.01101 5.24732e-06
-3.8 0.0109596 5.32009e-06
-3.7 0.0109077 5.21451e-06
-3.6 0.0108619 4.99065e-06
-3.5 0.0108096 4.97073e-06
-3.4 0.0107586 5.07105e-06
-3.3 0.0107043 4.93719e-06
-3.2 0.0106555 4.95907e-06
-3.1 0.010605 5.0066e-06
-3 0.0105516 4.94998e-06
-2.9 0.0104976 5.00909e-06
-2.8 0.0104484 4.96276e-06
-2.7 0.0103967 5.37857e-06
-2.6 0.0103407 5.19015e-06
-2.5 0.0102831 5.05976e-06
-2.4 0.0102347 4.95827e-06
-2.3 0.0101816 4.7771e-06
-2.2 0.0101259 4.63437e-06
-2.1 0.0100725 4.64277e-06
-2 0.0100189 4.81651e-06
-1.9 0.0099672 4.61424e-06
-1.8 0.00991707 4.63337e-06
-1.7 0.00986068 4.82512e-06
-1.6 0.00980472 4.62366e-06
-1.5 0.00974728 4.87758e-06
-1.4 0.00969215 4.89941e-06
-1.3 0.00963823 5.33119e-06
-1.2 0.00957839 5.15987e-06
-1.1 0.00951833 4.93501e-06
-1 0.00946189 4.79658e-06
-0.9 0.00940345 4.83463e-06
-0.8 0.00934301 4.99141e-06
-0.7 0.00927998 5.15261e-06
-0.6 0.00921959 4.94212e-06
-0.5 0.00916095 4.84194e-06
-0.4 0.00910175 4.89615e-06
-0.3 0.00904294 4.68065e-06
-0.2 0.00896272 4.38141e-06
-0.1 0.0088936 4.43593e-06
0 0.00882766 4.96344e-06
0.1 0.00875528 4.76613e-06
0.2 0.0086779 4.80932e-06
0.3 0.00859916 4.75349e-06
0.4 0.00853113 4.73059e-06
0.5 0.00846703 4.87149e-06
0.6 0.00839283 4.74855e-06
0.7 0.00831606 4.43121e-06
0.8 0.0082462 4.49084e-06
0.9 0.00817207 4.81208e-06
1 0.00810137 4.82214e-06
1.1 0.0080264 4.61531e-06
1.2 0.00794308 4.51876e-06
1.3 0.00786123 4.29241e-06
1.4 0.00778262 4.18017e-06
1.5 0.00770643 4.08337e-06
1.6 0.00762941 4.05303e-06
1.7 0.00753904 3.86815e-06
1.8 0.0074498 3.83914e-06
1.9 0.00736008 4.0059e-06
2 0.00727643 3.78613e-06
2.1 0.00719055 3.93397e-06
2.2 0.00709721 3.75419e-06
2.3 0.00699543 4.18493e-06
2.4 0.00689206 4.07833e-06
2.5 0.00679381 4.33678e-06
2.6 0.00670003 4.03592e-06
2.7 0.00660207 4.06535e-06
2.8 0.00649199 3.86089e-06
2.9 0.00637515 4.13308e-06
3 0.00625903 4.15407e-06
3.1 0.00615202 4.1308e-06
3.2 0.0060443 4.10049e-06
3.3 0.00592759 3.9313e-06
3.4 0.00579331 3.94749e-06
3.5 0.00565282 3.85446e-06
3.6 0.00552143 3.77407e-06
3.7 0.00539478 3.85948e-06
3.8 0.00526498 3.86152e-06
3.9 0.00511579 3.68081e-06
4 0.00494804 3.70068e-06
4.1 0.00478117 3.62435e-06
4.2 0.00462385 3.56658e-06
4.3 0.00447335 3.8036e-06
4.4 0.00431424 3.76067e-06
4.5 0.00413008 3.44857e-06
4.6 0.00392104 3.52606e-06
4.7 0.00369873 3.50045e-06
4.8 0.00345599 3.36603e-06
4.9 0.00316353 3.2779e-06
5 0.00278432 3.19896e-06
5.1 0.00230982 2.71478e-06
5.2 0.00179823 2.42352e-06
5.3 0.00133613 2.50829e-06
5.4 0.000992173 2.12532e-06
5.5 0.000782249 1.95897e-06
5.6 0.000673941 1.75444e-06
5.7 0.000627059 1.85982e-06
5.8 0.000606663 1.92913e-06
5.9 0.000598001 1.9053e-06
6 0.000589735 1.89462e-06
6.1 0.000582758 2.02874e-06
6.2 0.000576997 2.05268e-06
6.3 0.000569218 1.96653e-06
6.4 0.000560428 1.85475e-06
6.5 0.000552393 1.73002e-06
6.6 0.000546063 1.7472e-06
6.7 0.000537479 1.83957e-06
6.8 0.000531671 1.81583e-06
6.9 0.000524889 1.78401e-06
7 0.000519306 1.75585e-06
7.1 0.000512159 1.75576e-06
7.2 0.00050429 1.79863e-06
7.3 0.000498418 1.78772e-06
7.4 0.000493099 1.72931e-06
7.5 0.000484945 1.92479e-06
7.6 0.000478362 1.6773e-06
7.7 0.000472054 1.56341e-06
7.8 0.00046501 1.53409e-06
7.9 0.000456663 1.72863e-06
8 0.000450835 1.54722e-06
8.1 0.000444226 1.63893e-06
8.2 0.000436997 1.47315e-06
8.3 0.000430372 1.4886e-06
8.4 0.000424251 1.53979e-06
8.5 0.000418118 1.35974e-06
8.6 0.000413001 1.36287e-06
8.7 0.000406951 1.40123e-06
8.8 0.000400685 1.46736e-06
8.9 0.000394679 1.43871e-06
9 0.000389126 1.50987e-06
9.1 0.000384543 1.50703e-06
9.2 0.000376742 1.28337e-06
9.3 0.000371042 1.19788e-06
9.4 0.000366586 1.20055e-06
9.5 0.00035927 1.27893e-06
9.6 0.000352577 1.24992e-06
9.7 0.000348476 1.33773e-06
9.8 0.000340714 1.2704e-06
9.9 0.000335113 1.22847e-06
10 0.00032859 1.1493e-06
10.1 0.000321988 1.23438e-06
10.2 0.000315231 1.2188e-06
