-10.2 4.63521 0.00670882
-10.1 4.68606 0.00609511
-10 4.73181 0.00637237
-9.9 4.77596 0.00724162
-9.8 4.81449 0.00594474
-9.7 4.84035 0.00635253
-9.6 4.87791 0.00631353
-9.5 4.90021 0.00683131
-9.4 4.93205 0.0073135
-9.3 4.96653 0.006841
-9.2 4.99395 0.00758141
-9.1 5.03865 0.00639337
-9 5.05657 0.00753052
-8.9 5.10698 0.00755114
-8.8 5.10911 0.00630419
-8.7 5.13884 0.00667103
-8.6 5.18335 0.00734649
-8.5 5.19785 0.00672166
-8.4 5.23017 0.00661283
-8.3 5.27582 0.00790429
-8.2 5.29331 0.00717545
-8.1 5.3424 0.0070361
-8 5.36361 0.00775356
-7.9 5.38339 0.00715482
-7.8 5.42702 0.00724149
-7.7 5.46004 0.00728882
-7.6 5.50617 0.00730047
-7.5 5.53295 0.00674916
-7.4 5.57096 0.00652217
-7.3 5.61078 0.00756748
-7.2 5.63133 0.00676769
-7.1 5.67088 0.00666164
-7 5.69991 0.00750634
-6.9 5.73683 0.00791882
-6.8 5.77777 0.00735998
-6.7 5.80998 0.0070454
-6.6 5.86262 0.00830855
-6.5 5.90305 0.00684798
-6.4 5.95838 0.00769315
-6.3 6.00397 0.00726442
-6.2 6.04475 0.00787316
-6.1 6.08674 0.00753447
-6 6.15399 0.00817194
-5.9 6.21023 0.00639354
-5.8 6.25612 0.00791233
-5.7 6.31945 0.00742405
-5.6 6.39713 0.00750611
-5.5 6.48756 0.00749579
-5.4 6.56765 0.00798141
-5.3 6.66749 0.00783132
-5.2 6.76166 0.00831781
-5.1 6.87592 0.00818689
-5 7.01277 0.00801258
-4.9 7.09124 0.00929647
-4.8 7.09792 0.00789507
-4.7 7.12978 0.00845273
-4.6 7.18702 0.00950826
-4.5 7.23317 0.00925875
-4.4 7.24648 0.00899363
-4.3 7.26528 0.00865262
-4.2 7.32699 0.00935837
-4.1 7.35137 0.00784521
-4 7.37392 0.00910365
-3.9 7.41486 0.00977255
-3.8 7.4686 0.00895906
-3.7 7.51113 0.00865539
-3.6 7.54716 0.00928215
-3.5 7.574 0.00959359
-3.4 7.6179 0.00922327
-3.3 7.67694 0.0102483
-3.2 7.72564 0.00878931
-3.1 7.72747 0.00870945
-3 7.77554 0.00896273
-2.9 7.84523 0.00921131
-2.8 7.8875 0.00949127
-2.7 7.92024 0.00979554
-2.6 7.96105 0.00936535
-2.5 8.06405 0.00925891
-2.4 8.07909 0.00801915
-2.3 8.10522 0.00912702
-2.2 8.13126 0.00909202
-2.1 8.20127 0.010694
-2 8.27043 0.0102282
-1.9 8.29099 0.00973794
-1.8 8.3396 0.00932792
-1.7 8.37741 0.0104746
-1.6 8.46282 0.0106033
-1.5 8.53668 0.0100218
-1.4 8.56657 0.0102498
-1.3 8.59328 0.0103672
-1.2 8.67981 0.0116715
-1.1 8.77094 0.0103566
-1 8.85846 0.0105959
-0.9 8.87774 0.0120907
-0.8 8.92362 0.0100348
-0.7 8.99164 0.0115181
-0.6 9.1075 0.0108322
-0.5 9.17802 0.0116979
-0.4 9.24564 0.011574
-0.3 9.33173 0.011272
-0.2 9.44139 0.0114977
-0.1 9.61411 0.011348
0 9.69474 0.0119878
0.1 9.73762 0.0119305
0.2 9.84261 0.0110803
0.3 9.93179 0.0118303
0.4 10.0325 0.0112921
0.5 10.0686 0.0116601
0.6 10.1566 0.0120126
0.7 10.2576 0.0120992
0.8 10.4469 0.0108022
0.9 10.5836 0.0116529
1 10.6586 0.0129061
1.1 10.7154 0.0124383
1.2 10.8311 0.0140413
1.3 11.0319 0.0139485
1.4 11.2106 0.0135056
1.5 11.302 0.0131434
1.6 11.3761 0.0128164
1.7 11.4843 0.0113531
1.8 11.6835 0.0117353
1.9 11.9485 0.0147046
2 12.0972 0.0127026
2.1 12.163 0.0154849
2.2 12.2631 0.013453
2.3 12.4894 0.0122687
2.4 12.7792 0.0135863
2.5 13.0446 0.0146495
2.6 13.2011 0.0136882
2.7 13.2737 0.0136639
2.8 13.4676 0.0155059
2.9 13.8243 0.0153589
3 14.2162 0.0166484
3.1 14.4902 0.0155533
3.2 14.6384 0.0193914
3.3 14.8002 0.015726
3.4 15.1119 0.0156078
3.5 15.5995 0.0160368
3.6 16.0875 0.016211
3.7 16.386 0.0182726
3.8 16.5548 0.0181501
3.9 16.8456 0.0186984
4 17.3623 0.0190222
4.1 18.13 0.0204559
4.2 18.7735 0.0188532
4.3 19.1643 0.0212285
4.4 19.4863 0.0210408
4.5 19.9888 0.0222151
4.6 20.9266 0.0212222
4.7 22.1224 0.0239795
4.8 23.232 0.0267967
4.9 24.1828 0.0263609
5 25.1985 0.028405
5.1 26.8483 0.0301873
5.2 29.2158 0.0351253
5.3 32.0177 0.0369129
5.4 34.5028 0.0356817
5.5 36.4466 0.0380245
5.6 38.2976 0.0432943
5.7 41.5837 0.0566928
5.8 47.2539 0.0608359
5.9 55.4851 0.0607689
6 65.8597 0.0761743
6.1 77.3757 0.125061
6.2 89.4457 0.168715
6.3 100.967 0.259443
6.4 112.273 0.381593
6.5 120.469 0.676783
6.6 121.009 1.60756
6.7 104.833 2.69076
6.8 90.2455 3.18421
6.9 86.1056 3.98322
7 80.978 3.56269
7.1 82.1927 3.78721
7.2 85.266 3.55877
7.3 81.8591 4.30966
7.4 86.4145 4.52543
7.5 81.9225 4.14926
7.6 87.5983 4.16802
7.7 87.4569 4.31861
7.8 80.0008 3.6344
7.9 87.9934 4.35346
8 85.0141 5.3769
8.1 83.5722 4.34328
8.2 86.24 5.70655
8.3 83.0986 4.0642
8.4 83.9302 4.47894
8.5 88.1754 5.53029
8.6 76.4098 4.62128
8.7 78.0541 4.2886
8.8 78.7341 4.4014
8.9 77.7061 4.46142
9 78.7581 4.05428
9.1 75.6629 3.94119
9.2 79.4547 4.37305
9.3 84.5397 4.19508
9.4 90.2317 5.80867
9.5 80.7432 4.03598
9.6 80.7396 4.5622
9.7 91.8829 11.2587
9.8 84.7053 5.7659
9.9 85.6794 6.01321
10 80.0467 4.58
10.1 82.9192 5.37888
10.2 78.2289 7.06439
