-10.2 7.19887 0.0317478
-10.1 7.62704 0.0302047
-10 7.94785 0.032793
-9.9 8.14794 0.0376376
-9.8 8.2967 0.0353698
-9.7 8.43147 0.0372156
-9.6 8.58402 0.0359079
-9.5 8.67931 0.0407707
-9.4 8.7501 0.035822
-9.3 8.82358 0.0351331
-9.2 8.98662 0.0417374
-9.1 9.06324 0.0364341
-9 9.08439 0.0367962
-8.9 9.20965 0.0398613
-8.8 9.20247 0.0361318
-8.7 9.29353 0.0374326
-8.6 9.42928 0.0366393
-8.5 9.42336 0.0384916
-8.4 9.51822 0.0376186
-8.3 9.58674 0.0403675
-8.2 9.66028 0.0416881
-8.1 9.75185 0.0385747
-8 9.83132 0.0450231
-7.9 9.84764 0.0381163
-7.8 9.90892 0.0395538
-7.7 9.99612 0.0376062
-7.6 10.1037 0.0404593
-7.5 10.1328 0.0364622
-7.4 10.1742 0.0347717
-7.3 10.2785 0.0350198
-7.2 10.3164 0.0353481
-7.1 10.4295 0.0381915
-7 10.3976 0.0400161
-6.9 10.5472 0.0376893
-6.8 10.5419 0.0361488
-6.7 10.6492 0.0389417
-6.6 10.7155 0.0382921
-6.5 10.7123 0.040521
-6.4 10.8592 0.0379455
-6.3 10.9716 0.0357158
-6.2 11.0359 0.0365212
-6.1 11.1554 0.0359446
-6 11.2288 0.0417021
-5.9 11.3776 0.0332559
-5.8 11.4351 0.0358498
-5.7 11.6172 0.0368498
-5.6 11.8056 0.0363703
-5.5 12.1937 0.0386844
-5.4 12.5691 0.0390331
-5.3 13.0525 0.0388853
-5.2 13.5715 0.0372313
-5.1 14.3275 0.0397059
-5 15.2936 0.047828
-4.9 15.8862 0.052805
-4.8 15.8904 0.0505791
-4.7 15.8186 0.0481494
-4.6 16.0519 0.0479485
-4.5 16.2828 0.0507451
-4.4 16.0993 0.0484243
-4.3 15.9704 0.0538427
-4.2 16.276 0.0465599
-4.1 16.4501 0.0480745
-4 16.2846 0.0539225
-3.9 16.1822 0.0509277
-3.8 16.4113 0.0498638
-3.7 16.7003 0.0514589
-3.6 16.5218 0.0482016
-3.5 16.5076 0.0483503
-3.4 16.6677 0.0538423
-3.3 16.9104 0.0470829
-3.2 17.0074 0.0577745
-3.1 16.7797 0.0450021
-3 16.7849 0.0453056
-2.9 17.112 0.0540623
-2.8 17.2439 0.0542148
-2.7 17.0405 0.0452161
-2.6 17.087 0.0522812
-2.5 17.5635 0.0533735
-2.4 17.7449 0.0453619
-2.3 17.4231 0.048234
-2.2 17.3412 0.0496419
-2.1 17.515 0.0523051
-2 17.7996 0.0579911
-1.9 17.8219 0.0515977
-1.8 17.6838 0.0477326
-1.7 17.5503 0.0466371
-1.6 17.8516 0.0498897
-1.5 18.1924 0.0531993
-1.4 18.121 0.0501945
-1.3 17.8025 0.0515951
-1.2 17.9013 0.0515503
-1.1 18.5237 0.0527823
-1 18.659 0.0486571
-0.9 18.5434 0.0547818
-0.8 18.3526 0.0456438
-0.7 18.4713 0.0549394
-0.6 18.9897 0.0503029
-0.5 19.134 0.0577797
-0.4 19.085 0.0563979
-0.3 19.3299 0.0517927
-0.2 18.7723 0.0555731
-0.1 19.88 0.0505209
0 20.0491 0.0541736
0.1 19.6786 0.0501768
0.2 19.7369 0.0478354
0.3 20.3226 0.0547151
0.4 20.6655 0.062862
0.5 20.4453 0.0558031
0.6 20.2281 0.0604736
0.7 20.413 0.0565134
0.8 21.0646 0.0503271
0.9 21.5795 0.053234
1 21.5957 0.0626561
1.1 21.1878 0.0590462
1.2 21.1988 0.0570337
1.3 21.8479 0.0557838
1.4 22.5858 0.0541574
1.5 22.7218 0.0585044
1.6 22.4518 0.0553802
1.7 22.2525 0.0496373
1.8 22.714 0.0510449
1.9 23.7158 0.0582772
2 24.1795 0.0499349
2.1 23.8291 0.0612028
2.2 23.4495 0.0611303
2.3 23.7485 0.051279
2.4 24.7012 0.0531599
2.5 25.564 0.0618389
2.6 25.8569 0.0501467
2.7 25.2439 0.0582738
2.8 25.0583 0.0567218
2.9 25.9913 0.0553507
3 27.3499 0.065988
3.1 28.148 0.0609283
3.2 27.9246 0.0734009
3.3 27.3405 0.0590997
3.4 27.6326 0.0559549
3.5 28.918 0.0593945
3.6 30.5133 0.0607907
3.7 30.857 0.0647743
3.8 30.4366 0.0618825
3.9 30.1237 0.0631091
4 30.8324 0.0623495
4.1 32.8487 0.0649342
4.2 34.469 0.0594406
4.3 34.7419 0.0724044
4.4 34.3108 0.0619569
4.5 34.0992 0.0574675
4.6 35.4746 0.0660344
4.7 37.9347 0.0707068
4.8 40.0536 0.0683488
4.9 41.1963 0.0766105
5 41.661 0.0779816
5.1 43.724 0.0734585
5.2 47.7279 0.0797336
5.3 53.1171 0.0906652
5.4 57.2935 0.0800649
5.5 59.6883 0.0878674
5.6 60.5182 0.0894289
5.7 63.1993 0.101946
5.8 69.8217 0.105946
5.9 79.9502 0.0954379
6 91.9481 0.0975251
6.1 103.887 0.137651
6.2 115.426 0.166471
6.3 125.243 0.242282
6.4 134.075 0.308137
6.5 141.346 0.497962
6.6 141.806 0.917002
6.7 126.726 1.74058
6.8 99.5483 2.37297
6.9 79.2606 2.59645
7 70.863 2.39125
7.1 73.0892 2.53101
7.2 76.2347 2.60294
7.3 74.2154 2.79297
7.4 73.5702 3.07114
7.5 68.94 2.77451
7.6 73.1593 2.58647
7.7 75.7475 2.85224
7.8 69.211 2.56565
7.9 72.0053 2.96856
8 63.2929 2.76037
8.1 72.714 2.85119
8.2 73.6968 2.8671
8.3 72.376 2.86945
8.4 70.1813 2.6959
8.5 67.471 3.06484
8.6 66.957 2.81325
8.7 70.1388 3.07278
8.8 70.7548 2.60082
8.9 63.6299 2.62427
9 67.0343 3.1135
9.1 66.1493 2.84356
9.2 70.219 2.77409
9.3 70.8644 3.08119
9.4 67.0453 2.91003
9.5 65.2198 3.10812
9.6 68.8082 2.92013
9.7 69.8074 3.38849
9.8 65.08 3.09544
9.9 68.8968 3.09351
10 73.5094 2.99854
10.1 66.0168 3.04515
10.2 68.4409 3.21275
