-10.2 35.6168 0.660368
-10.1 35.3178 0.612094
-10 36.1758 0.632122
-9.9 36.5823 0.692654
-9.8 36.8788 0.621502
-9.7 37.7095 0.672525
-9.6 36.5643 0.564594
-9.5 37.4344 0.640013
-9.4 38.8317 0.717002
-9.3 37.097 0.55182
-9.2 36.4867 0.634133
-9.1 37.9418 0.596463
-9 37.827 0.631076
-8.9 38.8782 0.655737
-8.8 37.3904 0.659626
-8.7 38.288 0.583578
-8.6 37.5659 0.54059
-8.5 38.2122 0.638742
-8.4 37.9859 0.621155
-8.3 37.0849 0.522355
-8.2 37.4985 0.549756
-8.1 39.4762 0.627771
-8 38.3156 0.64728
-7.9 38.0562 0.553658
-7.8 37.1045 0.64342
-7.7 38.0242 0.627802
-7.6 38.1615 0.596108
-7.5 38.1899 0.616021
-7.4 38.6789 0.581675
-7.3 38.3039 0.597216
-7.2 38.0384 0.606812
-7.1 37.6119 0.61967
-7 38.889 0.597249
-6.9 38.4471 0.62168
-6.8 38.2524 0.611267
-6.7 38.0791 0.665273
-6.6 37.763 0.582181
-6.5 38.9253 0.589414
-6.4 37.457 0.548654
-6.3 37.5037 0.558554
-6.2 38.0604 0.595784
-6.1 38.6907 0.582017
-6 38.856 0.560115
-5.9 39.2916 0.597358
-5.8 39.2469 0.571335
-5.7 38.4864 0.555843
-5.6 38.3646 0.581047
-5.5 39.3374 0.590008
-5.4 38.1036 0.505692
-5.3 38.0084 0.519494
-5.2 39.4567 0.494233
-5.1 39.3661 0.541665
-5 38.8965 0.531205
-4.9 40.437 0.498219
-4.8 41.8284 0.543394
-4.7 41.8943 0.550086
-4.6 41.3928 0.581867
-4.5 41.4621 0.54735
-4.4 42.6711 0.463771
-4.3 42.1653 0.533854
-4.2 41.7795 0.544537
-4.1 42.5352 0.578604
-4 43.3435 0.540899
-3.9 42.8369 0.568622
-3.8 42.6748 0.542703
-3.7 41.7083 0.482215
-3.6 42.787 0.522464
-3.5 43.3165 0.487224
-3.4 41.7389 0.443079
-3.3 42.823 0.417291
-3.2 42.3515 0.592226
-3.1 42.3096 0.481066
-3 42.0338 0.483548
-2.9 42.012 0.537749
-2.8 42.1726 0.463708
-2.7 44.4306 0.589041
-2.6 43.5328 0.493657
-2.5 43.0738 0.572815
-2.4 42.2057 0.549476
-2.3 43.3611 0.483925
-2.2 43.0953 0.451672
-2.1 43.3843 0.552859
-2 42.4605 0.503332
-1.9 43.1309 0.534265
-1.8 43.4966 0.591282
-1.7 43.4973 0.461233
-1.6 42.818 0.463312
-1.5 43.2089 0.499505
-1.4 43.6648 0.444981
-1.3 44.3485 0.513037
-1.2 43.6914 0.569588
-1.1 43.1514 0.552483
-1 44.5793 0.44701
-0.9 44.7484 0.490966
-0.8 44.5574 0.522223
-0.7 44.1729 0.582675
-0.6 44.822 0.516759
-0.5 43.9048 0.523313
-0.4 44.4421 0.525348
-0.3 45.6453 0.481229
-0.2 53.0189 0.507741
-0.1 52.2817 0.558162
0 53.8501 0.528513
0.1 54.0043 0.600182
0.2 55.5277 0.558738
0.3 46.201 0.492487
0.4 44.5464 0.471478
0.5 46.2323 0.533535
0.6 45.8304 0.503665
0.7 46.0203 0.444465
0.8 46.0279 0.488833
0.9 45.8276 0.500039
1 46.2154 0.507771
1.1 47.5642 0.50956
1.2 47.1157 0.490072
1.3 47.5106 0.499296
1.4 46.245 0.472079
1.5 46.7535 0.444337
1.6 47.8225 0.528817
1.7 48.9263 0.535439
1.8 48.1529 0.484169
1.9 47.9396 0.478046
2 48.3197 0.491154
2.1 48.0863 0.455981
2.2 49.6783 0.494747
2.3 49.6097 0.48466
2.4 50.0385 0.471117
2.5 49.7309 0.490501
2.6 50.0031 0.44666
2.7 49.3344 0.40456
2.8 51.7605 0.484081
2.9 52.1002 0.448146
3 51.6276 0.468456
3.1 50.9483 0.442869
3.2 52.8336 0.432258
3.3 53.3271 0.440487
3.4 55.7557 0.453086
3.5 54.8747 0.42615
3.6 53.8912 0.428767
3.7 53.652 0.492647
3.8 55.2885 0.42425
3.9 57.4968 0.424616
4 58.5143 0.456307
4.1 59.1046 0.412856
4.2 57.9848 0.437071
4.3 58.339 0.392396
4.4 59.5461 0.371146
4.5 62.2181 0.361204
4.6 64.6356 0.364136
4.7 65.4722 0.289983
4.8 68.6956 0.314803
4.9 75.5812 0.298442
5 85.7955 0.257176
5.1 98.1552 0.252169
5.2 111.028 0.29265
5.3 123.135 0.277774
5.4 136.924 0.490471
5.5 150.964 0.912839
5.6 172.978 1.87712
5.7 230.07 6.04558
5.8 336.411 15.5275
5.9 584.291 33.979
6 624.678 49.7448
6.1 668.983 50.3129
6.2 734.73 57.9568
6.3 638.6 46.6367
6.4 741.752 54.8844
6.5 803.753 58.7754
6.6 685.507 48.6624
6.7 706.445 51.9134
6.8 720.283 62.7139
6.9 730.067 63.7718
7 720.523 56.033
7.1 786.801 56.0545
7.2 732.644 55.7384
7.3 624.164 46.6072
7.4 698.785 54.1308
7.5 714.85 55.6853
7.6 781.849 69.5224
7.7 689.895 54.7556
7.8 673.045 50.6812
7.9 691.198 57.2713
8 644.549 50.4694
8.1 654.079 64.5909
8.2 663.189 52.8223
8.3 699.057 52.8882
8.4 621.71 56.5014
8.5 680.445 56.468
8.6 615.369 42.5838
8.7 534.647 43.3106
8.8 701.936 59.8515
8.9 670.295 64.0743
9 646.515 49.7173
9.1 636.859 61.5893
9.2 763.698 77.5889
9.3 666.423 45.4038
9.4 723.672 56.9992
9.5 640.032 53.721
9.6 682.046 60.0924
9.7 738.566 62.3713
9.8 770.779 75.3087
9.9 666.318 52.1319
10 709.926 71.5576
10.1 758.677 72.6225
10.2 664.868 59.0464
