-10.2 7.27974 0.0226427
-10.1 7.7075 0.0261451
-10 8.01061 0.030321
-9.9 8.23558 0.0302747
-9.8 8.375 0.0311778
-9.7 8.51669 0.0263194
-9.6 8.65956 0.0322342
-9.5 8.74149 0.0311974
-9.4 8.82387 0.0307091
-9.3 8.96731 0.0294278
-9.2 9.01618 0.0306294
-9.1 9.1692 0.0312811
-9 9.22248 0.032219
-8.9 9.34388 0.0322142
-8.8 9.32779 0.0273755
-8.7 9.45713 0.0308565
-8.6 9.49895 0.0336922
-8.5 9.54483 0.0325427
-8.4 9.59856 0.0318142
-8.3 9.70801 0.0306448
-8.2 9.8273 0.03383
-8.1 9.80661 0.0319937
-8 9.8729 0.0306157
-7.9 9.93669 0.0330077
-7.8 10.0239 0.0328894
-7.7 10.0611 0.0358756
-7.6 10.0995 0.0338422
-7.5 10.1927 0.0306815
-7.4 10.241 0.0307903
-7.3 10.3343 0.0305187
-7.2 10.3587 0.0345442
-7.1 10.3641 0.0346356
-7 10.4895 0.0324086
-6.9 10.6348 0.0324044
-6.8 10.6635 0.0308624
-6.7 10.687 0.032374
-6.6 10.7578 0.0320063
-6.5 10.8512 0.0312742
-6.4 10.9143 0.0301845
-6.3 10.9845 0.0311461
-6.2 11.1082 0.0347182
-6.1 11.1858 0.0314661
-6 11.182 0.0311041
-5.9 11.3808 0.0322958
-5.8 11.4382 0.0352769
-5.7 11.543 0.0342013
-5.6 11.6421 0.0280303
-5.5 11.7675 0.0295021
-5.4 11.9438 0.0308536
-5.3 12.1282 0.0334653
-5.2 12.3541 0.0283149
-5.1 12.672 0.0339574
-5 13.3724 0.0316344
-4.9 14.4288 0.0355672
-4.8 15.7349 0.0396393
-4.7 16.6195 0.0391916
-4.6 16.6909 0.0435474
-4.5 16.4588 0.0394062
-4.4 16.7683 0.0341764
-4.3 17.0568 0.0432885
-4.2 16.9241 0.0408833
-4.1 16.7761 0.0441883
-4 17.071 0.0393413
-3.9 17.3802 0.0432378
-3.8 17.2163 0.044007
-3.7 16.9718 0.0424568
-3.6 17.241 0.0487148
-3.5 17.6209 0.0423373
-3.4 17.5518 0.0406755
-3.3 17.345 0.0429169
-3.2 17.4185 0.0440792
-3.1 17.8159 0.0406539
-3 17.8865 0.0444593
-2.9 17.6533 0.0379305
-2.8 17.7073 0.0456858
-2.7 18.0845 0.0401089
-2.6 18.3295 0.0437783
-2.5 18.1344 0.042359
-2.4 18.0728 0.0463059
-2.3 18.2547 0.0438806
-2.2 18.5423 0.0460362
-2.1 18.6173 0.0408511
-2 18.3011 0.0383116
-1.9 18.404 0.0373936
-1.8 18.8051 0.041994
-1.7 19.1467 0.0464879
-1.6 18.9003 0.0418946
-1.5 18.7036 0.040465
-1.4 18.8809 0.0479678
-1.3 19.4222 0.0446159
-1.2 19.6205 0.0450795
-1.1 19.4791 0.0449568
-1 19.3422 0.0395249
-0.9 19.7535 0.0475958
-0.8 20.111 0.0480616
-0.7 20.3013 0.0434781
-0.6 20.0506 0.0398235
-0.5 19.947 0.0445923
-0.4 20.3893 0.0459846
-0.3 21.3866 0.0433816
-0.2 23.4161 0.0452958
-0.1 23.6101 0.0465557
0 23.8082 0.0447474
0.1 24.6705 0.0486294
0.2 25.1079 0.0509776
0.3 21.6981 0.0445711
0.4 21.4571 0.0498014
0.5 21.7811 0.0464452
0.6 22.5931 0.0458415
0.7 23.0419 0.0477945
0.8 22.8681 0.0453795
0.9 22.4604 0.0412515
1 22.7652 0.0433641
1.1 23.6245 0.0560386
1.2 24.3637 0.0499444
1.3 24.2375 0.0425297
1.4 23.8061 0.0440565
1.5 23.9234 0.047666
1.6 24.8591 0.04895
1.7 25.8633 0.0518931
1.8 26.1019 0.0470829
1.9 25.5983 0.0493819
2 25.4366 0.0526697
2.1 26.1557 0.0541441
2.2 27.4419 0.0497529
2.3 28.196 0.0465298
2.4 27.9466 0.0513401
2.5 27.4572 0.0477848
2.6 27.9047 0.0499405
2.7 29.2238 0.0535122
2.8 30.5725 0.0505663
2.9 30.9852 0.0549483
3 30.3528 0.0522346
3.1 30.1905 0.0510644
3.2 31.3462 0.0490178
3.3 33.2726 0.0573536
3.4 34.6227 0.0563193
3.5 34.5135 0.0539928
3.6 34.0205 0.0621162
3.7 34.3814 0.0644876
3.8 36.518 0.0594951
3.9 39.0287 0.060509
4 40.3754 0.058666
4.1 39.9915 0.059818
4.2 39.5131 0.0588721
4.3 40.5026 0.0534789
4.4 43.4706 0.06024
4.5 46.8451 0.0576008
4.6 49.6086 0.0701476
4.7 52.5003 0.0585583
4.8 57.4341 0.0657
4.9 66.0656 0.0752638
5 78.16 0.0823558
5.1 91.7125 0.0842648
5.2 105.163 0.103419
5.3 117.871 0.110202
5.4 129.105 0.152375
5.5 139.359 0.215455
5.6 148.112 0.389087
5.7 151.47 0.712785
5.8 143.563 1.08149
5.9 111.175 1.88151
6 84.3655 2.17979
6.1 75.7167 2.18349
6.2 78.6068 2.52779
6.3 74.5168 2.41539
6.4 76.6343 2.41732
6.5 72.3071 2.60784
6.6 74.2508 2.46335
6.7 75.4729 2.60945
6.8 74.9452 2.63921
6.9 74.5455 2.36872
7 77.2979 2.54237
7.1 72.8471 2.3486
7.2 73.192 2.59502
7.3 72.2821 2.75333
7.4 72.1787 2.70426
7.5 80.5659 2.85163
7.6 67.0179 2.44346
7.7 74.3831 2.69908
7.8 77.1651 2.856
7.9 73.778 2.57911
8 78.091 2.56264
8.1 75.9524 2.49769
8.2 71.9804 2.75203
8.3 67.12 2.69443
8.4 70.7624 2.6774
8.5 74.9053 2.66836
8.6 71.5654 2.61315
8.7 74.8713 2.90242
8.8 70.1061 2.97262
8.9 69.1227 2.63327
9 71.2916 2.99852
9.1 70.1799 2.82418
9.2 75.3603 2.91943
9.3 75.2349 3.32615
9.4 71.7011 2.8901
9.5 74.6731 2.65568
9.6 66.3625 3.19793
9.7 71.0832 3.0085
9.8 63.9318 2.95278
9.9 68.1048 2.65614
10 71.5538 2.91511
10.1 74.2476 2.81416
10.2 69.8849 3.17453
