-10.2 0.0470704 3.29692e-05
-10.1 0.0474244 3.39754e-05
-10 0.04779 3.50192e-05
-9.9 0.0481102 3.83503e-05
-9.8 0.0483459 3.41134e-05
-9.7 0.0485758 3.55847e-05
-9.6 0.0488286 4.03044e-05
-9.5 0.0489645 3.45855e-05
-9.4 0.0492115 3.69848e-05
-9.3 0.0494438 3.96373e-05
-9.2 0.0496152 3.88889e-05
-9.1 0.0498826 3.43431e-05
-9 0.0500057 4.25034e-05
-8.9 0.0502788 4.32733e-05
-8.8 0.0503983 3.93514e-05
-8.7 0.0505688 3.80326e-05
-8.6 0.0508107 4.64685e-05
-8.5 0.0509387 4.41251e-05
-8.4 0.0511396 3.70763e-05
-8.3 0.0513842 3.87251e-05
-8.2 0.0515095 4.04788e-05
-8.1 0.0517769 3.76334e-05
-8 0.0519362 4.35984e-05
-7.9 0.0520753 4.08429e-05
-7.8 0.0523187 3.84409e-05
-7.7 0.0525091 4.2038e-05
-7.6 0.052757 4.33624e-05
-7.5 0.0529266 4.36539e-05
-7.4 0.0531705 4.43016e-05
-7.3 0.0533934 4.48248e-05
-7.2 0.0535465 4.19506e-05
-7.1 0.0537766 3.89532e-05
-7 0.0539547 4.34301e-05
-6.9 0.0541948 4.68814e-05
-6.8 0.0544006 4.50221e-05
-6.7 0.0545993 4.52809e-05
-6.6 0.0548639 4.64326e-05
-6.5 0.0551119 4.54763e-05
-6.4 0.0554595 4.58679e-05
-6.3 0.0557267 4.23761e-05
-6.2 0.0559834 4.58841e-05
-6.1 0.056254 4.61267e-05
-6 0.056603 4.74837e-05
-5.9 0.0569545 4.11935e-05
-5.8 0.057255 4.75626e-05
-5.7 0.0576429 4.42743e-05
-5.6 0.0580838 4.47434e-05
-5.5 0.0585816 4.55332e-05
-5.4 0.0590208 4.57965e-05
-5.3 0.0595949 4.91298e-05
-5.2 0.0600744 4.68133e-05
-5.1 0.0606341 4.90811e-05
-5 0.0611479 5.35597e-05
-4.9 0.0613449 4.89102e-05
-4.8 0.0612059 4.42564e-05
-4.7 0.0611966 5.07567e-05
-4.6 0.0612893 5.24382e-05
-4.5 0.061286 5.3214e-05
-4.4 0.0611759 5.23507e-05
-4.3 0.0611094 4.82762e-05
-4.2 0.061224 5.24487e-05
-4.1 0.0611475 4.95931e-05
-4 0.0610938 5.27563e-05
-3.9 0.0610687 5.01943e-05
-3.8 0.0611684 4.7793e-05
-3.7 0.0611526 4.55839e-05
-3.6 0.0610852 5.10432e-05
-3.5 0.0610771 5.12481e-05
-3.4 0.0610707 4.80218e-05
-3.3 0.0611243 4.99816e-05
-3.2 0.061082 5.17602e-05
-3.1 0.0609463 5.34681e-05
-3 0.0609531 4.91432e-05
-2.9 0.0610257 4.93941e-05
-2.8 0.0610076 5.32886e-05
-2.7 0.0609173 5.06576e-05
-2.6 0.0609554 5.24039e-05
-2.5 0.0611084 5.02278e-05
-2.4 0.0609701 4.85087e-05
-2.3 0.0608319 5.08049e-05
-2.2 0.060766 4.80276e-05
-2.1 0.0608262 5.31149e-05
-2 0.060842 5.26186e-05
-1.9 0.0607105 5.31476e-05
-1.8 0.0606661 5.25548e-05
-1.7 0.0606333 5.40068e-05
-1.6 0.0607596 5.51819e-05
-1.5 0.0608052 4.8416e-05
-1.4 0.0606597 5.65491e-05
-1.3 0.0605377 5.2584e-05
-1.2 0.0607119 5.3033e-05
-1.1 0.0608593 5.23832e-05
-1 0.060862 5.31368e-05
-0.9 0.0606844 6.03409e-05
-0.8 0.0606318 5.39759e-05
-0.7 0.0607164 5.73392e-05
-0.6 0.0608541 5.44301e-05
-0.5 0.0608294 5.7341e-05
-0.4 0.0607843 5.56772e-05
-0.3 0.0609143 5.66393e-05
-0.2 0.0603719 5.76002e-05
-0.1 0.0606846 5.34692e-05
0 0.060597 5.56515e-05
0.1 0.0604127 5.72195e-05
0.2 0.0605326 5.56911e-05
0.3 0.0612138 6.02401e-05
0.4 0.0611889 5.36274e-05
0.5 0.0609896 5.10395e-05
0.6 0.0609917 5.48471e-05
0.7 0.0611256 5.25978e-05
0.8 0.0614368 5.00879e-05
0.9 0.0614962 5.45747e-05
1 0.0613336 5.8759e-05
1.1 0.0611666 5.91044e-05
1.2 0.0612731 6.04457e-05
1.3 0.0616002 5.97177e-05
1.4 0.0617735 5.91742e-05
1.5 0.0615915 5.67392e-05
1.6 0.0613865 5.74185e-05
1.7 0.0614209 5.36274e-05
1.8 0.0617097 5.43365e-05
1.9 0.0620183 5.88598e-05
2 0.0619194 5.66573e-05
2.1 0.061599 6.4344e-05
2.2 0.0615023 6.25381e-05
2.3 0.0617852 5.76432e-05
2.4 0.0621805 5.75041e-05
2.5 0.0622982 5.74753e-05
2.6 0.0620817 5.74961e-05
2.7 0.0617369 5.76014e-05
2.8 0.0618258 5.75524e-05
2.9 0.0623107 6.11271e-05
3 0.0627166 5.64776e-05
3.1 0.0625913 5.56738e-05
3.2 0.0621395 6.12435e-05
3.3 0.0618727 6.2009e-05
3.4 0.0621179 6.04715e-05
3.5 0.0626044 6.17669e-05
3.6 0.0628465 6.82122e-05
3.7 0.0624444 6.41751e-05
3.8 0.061891 6.33356e-05
3.9 0.0617117 7.11929e-05
4 0.0621159 7.09958e-05
4.1 0.0627599 7.02232e-05
4.2 0.0627798 6.43209e-05
4.3 0.0621176 6.7031e-05
4.4 0.0614838 6.44789e-05
4.5 0.0613639 6.47726e-05
4.6 0.0620022 6.4211e-05
4.7 0.0627324 6.68908e-05
4.8 0.0627927 6.97087e-05
4.9 0.0623039 7.09726e-05
5 0.0619179 6.91398e-05
5.1 0.0623848 7.60535e-05
5.2 0.0631265 7.52864e-05
5.3 0.0630578 7.3775e-05
5.4 0.0610415 7.9743e-05
5.5 0.0575418 8.4121e-05
5.6 0.0538818 7.46278e-05
5.7 0.0513788 7.54151e-05
5.8 0.049347 7.7178e-05
5.9 0.0460055 7.56918e-05
6 0.0396839 6.88556e-05
6.1 0.0303287 5.19958e-05
6.2 0.0199327 5.52658e-05
6.3 0.0111192 4.4049e-05
6.4 0.00526356 2.95413e-05
6.5 0.00215803 1.88018e-05
6.6 0.000800097 1.18443e-05
6.7 0.000329139 7.35138e-06
6.8 0.000212718 6.94461e-06
6.9 0.00018093 6.0911e-06
7 0.000165571 5.40438e-06
7.1 0.000162775 5.65042e-06
7.2 0.000173859 6.31443e-06
7.3 0.000155842 5.36818e-06
7.4 0.000158475 5.74892e-06
7.5 0.000152409 5.56401e-06
7.6 0.000152525 6.56693e-06
7.7 0.000155093 5.17659e-06
7.8 0.00015284 5.3543e-06
7.9 0.000152695 5.81673e-06
8 0.000144603 5.90598e-06
8.1 0.000148495 4.8406e-06
8.2 0.000152957 5.21276e-06
8.3 0.000151689 5.78677e-06
8.4 0.000143529 5.33209e-06
8.5 0.000142174 5.47404e-06
8.6 0.00014133 5.3821e-06
8.7 0.00013602 5.10475e-06
8.8 0.000133053 4.96746e-06
8.9 0.00012812 4.61738e-06
9 0.000136282 4.74138e-06
9.1 0.000138428 5.21376e-06
9.2 0.000141707 5.85607e-06
9.3 0.000131177 5.01172e-06
9.4 0.000136387 6.0708e-06
9.5 0.000132897 6.0663e-06
9.6 0.000131107 4.53308e-06
9.7 0.000126614 5.2593e-06
9.8 0.000121871 5.00699e-06
9.9 0.000123133 4.69679e-06
10 0.000123786 5.06928e-06
10.1 0.000114847 5.04007e-06
10.2 0.000114175 4.73417e-06
