1 0
3 0
5 0
7 0
9 0
11 0
13 0
15 6.99972e-07
17 0.000115563
19 0.000673802
21 0.000792223
23 0.000480787
25 0.000277594
27 0.000188712
29 0.000140398
31 0.000106596
33 8.2043e-05
35 6.43737e-05
37 5.13303e-05
39 4.17255e-05
41 3.42344e-05
43 2.87074e-05
45 2.42846e-05
47 2.08679e-05
49 1.81549e-05
51 1.58683e-05
53 1.40373e-05
55 1.24006e-05
57 1.10403e-05
59 9.8918e-06
61 8.84904e-06
63 7.97857e-06
65 7.21215e-06
67 6.53683e-06
69 5.94692e-06
71 5.44617e-06
73 4.95872e-06
75 4.54702e-06
77 4.16831e-06
79 3.84508e-06
81 3.57063e-06
83 3.29508e-06
85 3.05034e-06
87 2.83215e-06
89 2.62561e-06
91 2.45391e-06
93 2.30473e-06
95 2.14524e-06
97 2.0072e-06
99 1.87548e-06
101 1.76163e-06
103 1.64562e-06
105 1.54378e-06
107 1.45126e-06
109 1.37919e-06
111 1.30525e-06
113 1.23831e-06
115 1.16476e-06
117 1.1035e-06
119 1.0459e-06
121 9.86805e-07
123 9.38776e-07
125 8.87762e-07
127 8.44159e-07
129 8.03155e-07
131 7.60157e-07
133 7.2521e-07
135 6.93015e-07
137 6.69115e-07
139 6.4178e-07
141 6.11251e-07
143 5.83992e-07
145 5.57734e-07
147 5.31665e-07
149 5.09087e-07
151 4.86807e-07
153 4.6708e-07
155 4.48823e-07
157 4.30559e-07
159 4.15063e-07
161 3.96535e-07
163 3.82477e-07
165 3.69613e-07
167 3.51039e-07
169 3.3856e-07
171 3.25271e-07
173 3.13889e-07
175 3.01916e-07
177 2.88941e-07
179 2.79433e-07
181 2.71274e-07
183 2.6378e-07
185 2.62719e-07
187 2.5642e-07
189 2.45542e-07
191 2.36863e-07
193 2.28684e-07
195 2.20172e-07
197 2.12301e-07
199 2.05063e-07
201 1.97538e-07
203 1.90781e-07
205 1.8479e-07
207 1.77682e-07
209 1.73051e-07
211 1.67333e-07
213 1.59444e-07
215 1.56315e-07
217 1.48701e-07
219 1.45392e-07
221 1.41741e-07
223 1.34782e-07
225 1.33898e-07
227 1.31964e-07
229 1.28849e-07
231 1.25346e-07
233 1.21692e-07
235 1.18007e-07
237 1.1518e-07
239 1.12187e-07
241 1.07841e-07
243 1.05876e-07
245 1.03235e-07
247 1.00315e-07
249 9.73334e-08
251 9.41017e-08
253 9.28054e-08
255 8.88395e-08
257 8.8116e-08
259 8.45434e-08
261 8.31239e-08
263 8.02053e-08
265 7.9318e-08
267 7.60764e-08
269 7.50744e-08
271 7.20968e-08
273 7.1066e-08
275 6.92503e-08
277 6.81413e-08
279 6.529e-08
281 6.47319e-08
283 6.2308e-08
285 6.15067e-08
287 6.0943e-08
289 5.7721e-08
291 5.78145e-08
293 5.50213e-08
295 5.52328e-08
297 5.32362e-08
299 5.18299e-08
301 5.17737e-08
303 5.05178e-08
305 4.98272e-08
307 4.83275e-08
309 4.75423e-08
311 4.71548e-08
313 4.43866e-08
315 4.49484e-08
317 4.42464e-08
319 4.16096e-08
321 4.15697e-08
323 4.19522e-08
325 3.9598e-08
327 4.02212e-08
329 3.91183e-08
331 3.78249e-08
333 3.78649e-08
335 3.67818e-08
337 3.56528e-08
339 3.48396e-08
341 3.47942e-08
343 3.36175e-08
345 3.26132e-08
347 3.28562e-08
349 3.19542e-08
351 3.08241e-08
353 3.12657e-08
355 3.01234e-08
357 3.01228e-08
359 2.87028e-08
361 2.90661e-08
363 2.74668e-08
365 2.81839e-08
367 2.67765e-08
369 2.62445e-08
371 2.61491e-08
373 2.57306e-08
375 2.47389e-08
377 2.44826e-08
379 2.40732e-08
381 2.40492e-08
383 2.34931e-08
385 2.30925e-08
387 2.23384e-08
389 2.29417e-08
391 2.2154e-08
393 2.15376e-08
395 2.07374e-08
397 2.09655e-08
399 2.08571e-08
401 2.0422e-08
403 1.94796e-08
405 1.91269e-08
407 1.90918e-08
409 1.90261e-08
411 1.92332e-08
413 1.77572e-08
415 1.75258e-08
417 1.72761e-08
419 1.72289e-08
421 1.79169e-08
423 1.69381e-08
425 1.63627e-08
427 1.61935e-08
429 1.58272e-08
431 1.62875e-08
433 1.65157e-08
435 1.5407e-08
437 1.51114e-08
439 1.44277e-08
441 1.47987e-08
443 1.50738e-08
445 1.48015e-08
447 1.39668e-08
449 1.37813e-08
451 1.33997e-08
453 1.31418e-08
455 1.33565e-08
457 1.37093e-08
459 1.29641e-08
461 1.28153e-08
463 1.24509e-08
465 1.17049e-08
467 1.21717e-08
469 1.17891e-08
471 1.23047e-08
473 1.16351e-08
475 1.15063e-08
477 1.10209e-08
479 1.03538e-08
481 1.04335e-08
483 1.0604e-08
485 1.01216e-08
487 1.07052e-08
489 1.01157e-08
491 9.85709e-09
493 9.69666e-09
495 9.30491e-09
497 9.31286e-09
499 9.54741e-09
501 9.2242e-09
503 9.04953e-09
505 9.30261e-09
507 9.05395e-09
509 8.7559e-09
511 8.49872e-09
513 7.95571e-09
515 8.53302e-09
517 8.24842e-09
519 8.31375e-09
521 7.83624e-09
523 8.06519e-09
525 8.07655e-09
527 7.91962e-09
529 7.56794e-09
531 7.07769e-09
533 7.25758e-09
535 7.56273e-09
537 7.12228e-09
539 7.17908e-09
541 6.97811e-09
543 7.23924e-09
545 6.97511e-09
547 6.97275e-09
549 6.65541e-09
551 6.32092e-09
553 6.07595e-09
555 6.49865e-09
557 6.06841e-09
559 6.0796e-09
561 6.46205e-09
563 5.90405e-09
565 6.0089e-09
567 6.01401e-09
569 6.06866e-09
571 5.60185e-09
573 5.63443e-09
575 5.51911e-09
577 5.51495e-09
579 5.31494e-09
581 5.32382e-09
583 5.33494e-09
585 5.44147e-09
587 5.40135e-09
589 5.25977e-09
591 5.05143e-09
593 5.25505e-09
595 5.12592e-09
597 5.09608e-09
599 4.69959e-09
601 4.72368e-09
603 4.79298e-09
605 4.72659e-09
607 4.47556e-09
609 4.85374e-09
611 4.68734e-09
613 4.47833e-09
615 4.45189e-09
617 4.42018e-09
619 4.84867e-09
621 4.26911e-09
623 4.32972e-09
625 4.23103e-09
627 4.57006e-09
629 4.02306e-09
631 3.85115e-09
633 4.18309e-09
635 3.87939e-09
637 3.98346e-09
639 3.85058e-09
641 4.12009e-09
643 3.99679e-09
645 3.57308e-09
647 3.8858e-09
649 3.82895e-09
651 3.86911e-09
653 3.84011e-09
655 3.61104e-09
657 3.59932e-09
659 3.74205e-09
661 3.75181e-09
663 3.32858e-09
665 3.39943e-09
667 3.2991e-09
669 3.44847e-09
671 3.53059e-09
673 3.2569e-09
675 3.567e-09
677 3.46107e-09
679 3.51521e-09
681 3.40167e-09
683 3.31006e-09
685 3.07987e-09
687 3.31526e-09
689 3.49379e-09
691 3.11337e-09
693 3.00715e-09
695 3.36554e-09
697 3.2389e-09
699 3.10461e-09
701 2.78049e-09
703 3.10681e-09
705 2.75035e-09
707 2.97413e-09
709 2.83445e-09
711 2.90734e-09
713 2.92337e-09
715 2.89375e-09
717 2.85757e-09
719 2.78393e-09
721 2.78845e-09
723 2.78057e-09
725 2.60038e-09
727 2.74322e-09
729 2.8212e-09
731 2.48632e-09
733 2.63111e-09
735 2.81095e-09
737 2.61545e-09
739 2.55609e-09
741 2.64217e-09
743 2.51216e-09
745 2.41513e-09
747 2.53135e-09
749 2.48306e-09
751 2.46653e-09
753 2.4185e-09
755 2.47937e-09
757 2.42625e-09
759 2.5462e-09
761 2.59202e-09
763 2.55965e-09
765 2.40055e-09
767 2.45233e-09
769 2.44836e-09
771 2.45712e-09
773 2.45392e-09
775 2.32925e-09
777 2.31818e-09
779 2.53312e-09
781 2.49003e-09
783 2.40647e-09
785 2.46338e-09
787 2.24853e-09
789 2.11725e-09
791 2.39978e-09
793 2.28865e-09
795 2.19114e-09
797 2.21648e-09
799 2.30886e-09
801 2.17354e-09
803 2.01147e-09
805 2.04006e-09
807 2.15877e-09
809 2.11613e-09
811 2.04e-09
813 1.95676e-09
815 2.08965e-09
817 2.13643e-09
819 1.87423e-09
821 2.01365e-09
823 1.89704e-09
825 2.06028e-09
827 1.86342e-09
829 1.98787e-09
831 1.89197e-09
833 2.03165e-09
835 2.02651e-09
837 1.87436e-09
839 1.91159e-09
841 1.73134e-09
843 1.94238e-09
845 1.88775e-09
847 1.82706e-09
849 1.63828e-09
851 1.87681e-09
853 1.79071e-09
855 1.80936e-09
857 1.76428e-09
859 1.83634e-09
861 2.11889e-09
863 2.01543e-09
865 2.01436e-09
867 2.0008e-09
869 2.07291e-09
871 2.08485e-09
873 2.11881e-09
875 1.89966e-09
877 1.92414e-09
879 1.99153e-09
881 2.00112e-09
883 2.03824e-09
885 1.90938e-09
887 1.8639e-09
889 2.02109e-09
891 1.89502e-09
893 1.84995e-09
895 1.94627e-09
897 1.8785e-09
899 1.72638e-09
901 1.82935e-09
903 1.93438e-09
905 1.81044e-09
907 1.86958e-09
909 1.78289e-09
911 1.71911e-09
913 1.56454e-09
915 1.56989e-09
917 1.77033e-09
919 1.53574e-09
921 1.62218e-09
923 1.63771e-09
925 1.68648e-09
927 1.80666e-09
929 1.57227e-09
931 1.52185e-09
933 1.56028e-09
935 1.62333e-09
937 1.67634e-09
939 1.67513e-09
941 1.4588e-09
943 1.45547e-09
945 1.58639e-09
947 1.43751e-09
949 1.53848e-09
951 1.5644e-09
953 1.49157e-09
955 1.47783e-09
957 1.49339e-09
959 1.42414e-09
961 1.52821e-09
963 1.56416e-09
965 1.51577e-09
967 1.36382e-09
969 1.50545e-09
971 1.48219e-09
973 1.35478e-09
975 1.70506e-09
977 1.59292e-09
979 1.43561e-09
981 1.58994e-09
983 2.22575e-09
985 2.62732e-09
987 2.70121e-09
989 2.71864e-09
991 2.65927e-09
993 2.64371e-09
995 2.82571e-09
997 2.79264e-09
999 2.4304e-09
1001 2.44356e-09
1003 2.34337e-09
1005 2.33456e-09
1007 2.43949e-09
1009 2.29769e-09
1011 2.28142e-09
1013 2.4738e-09
1015 2.30763e-09
1017 2.3954e-09
1019 2.20663e-09
1021 2.27905e-09
1023 2.22768e-09
1025 2.25256e-09
1027 2.17366e-09
1029 2.15389e-09
1031 2.04258e-09
1033 2.14953e-09
1035 2.1584e-09
1037 2.14126e-09
1039 2.21276e-09
1041 2.33043e-09
1043 2.16502e-09
1045 2.02719e-09
1047 2.03983e-09
1049 2.10534e-09
1051 2.04454e-09
1053 2.06183e-09
1055 1.99353e-09
1057 2.04912e-09
1059 2.13282e-09
1061 1.96831e-09
1063 2.05508e-09
1065 2.05668e-09
1067 2.48222e-09
1069 2.36779e-09
1071 2.36114e-09
1073 2.24004e-09
1075 2.37124e-09
1077 2.29949e-09
1079 2.36747e-09
1081 2.21267e-09
1083 2.24831e-09
1085 2.27455e-09
1087 2.3861e-09
1089 2.42836e-09
1091 2.517e-09
1093 3.61348e-09
1095 4.16236e-09
1097 4.18056e-09
1099 4.66824e-09
1101 4.24058e-09
1103 4.67986e-09
1105 6.13978e-09
1107 6.82035e-09
1109 1.23908e-08
1111 1.01341e-08
1113 2.08895e-10
1115 1.79217e-10
1117 2.01303e-10
1119 1.63075e-10
1121 1.51653e-10
1123 2.04888e-10
1125 1.68953e-10
1127 1.88751e-10
1129 1.66159e-10
1131 1.92138e-10
1133 1.82986e-10
1135 2.00361e-10
1137 1.60501e-10
1139 1.38323e-10
1141 1.92941e-10
1143 1.92684e-10
1145 1.44317e-10
1147 1.7857e-10
1149 1.97759e-10
1151 1.88834e-10
1153 2.12405e-10
1155 1.34184e-10
1157 1.53513e-10
1159 1.03636e-10
1161 2.32921e-10
1163 1.44192e-10
1165 1.4993e-10
1167 2.09655e-10
1169 2.13688e-10
1171 1.57946e-10
1173 2.08966e-10
1175 1.04334e-10
1177 1.70179e-10
1179 1.27427e-10
1181 1.58779e-10
1183 2.11007e-10
1185 1.72748e-10
1187 1.93654e-10
1189 1.80828e-10
1191 1.77987e-10
1193 2.20317e-10
1195 1.06893e-10
1197 1.48506e-10
1199 1.22891e-10
1201 1.66262e-10
1203 1.99259e-10
1205 1.53474e-10
1207 2.07183e-10
1209 1.6347e-10
1211 2.35708e-10
1213 2.00332e-10
1215 1.27712e-10
1217 9.63836e-11
1219 1.55589e-10
1221 1.37868e-10
1223 1.71647e-10
1225 1.42919e-10
1227 2.28438e-10
1229 1.38591e-10
1231 2.31929e-10
1233 2.06813e-10
1235 1.45419e-10
1237 1.04895e-10
1239 1.12864e-10
1241 1.32928e-10
1243 1.28774e-10
1245 1.60857e-10
1247 1.56687e-10
1249 1.68501e-10
1251 2.07857e-10
1253 2.29004e-10
1255 1.39168e-10
1257 1.76824e-10
1259 1.07196e-10
1261 1.19014e-10
1263 7.73084e-11
1265 1.40628e-10
1267 1.66067e-10
1269 1.18155e-10
1271 1.68844e-10
1273 2.03798e-10
1275 1.93857e-10
1277 1.80043e-10
1279 1.48613e-10
1281 1.44625e-10
1283 1.13274e-10
1285 1.17055e-10
1287 8.93329e-11
1289 1.31607e-10
1291 1.7773e-10
1293 1.31267e-10
1295 1.67845e-10
1297 1.90893e-10
1299 2.13897e-10
1301 1.34821e-10
1303 1.51904e-10
1305 1.03547e-10
1307 1.777e-10
1309 8.38124e-11
1311 6.85255e-11
1313 1.25548e-10
1315 1.9775e-10
1317 1.36842e-10
1319 1.29148e-10
1321 1.91619e-10
1323 2.04321e-10
1325 1.34049e-10
1327 1.24094e-10
1329 1.68911e-10
1331 1.89458e-10
1333 8.81319e-11
1335 1.03077e-10
1337 1.04902e-10
1339 8.79471e-11
1341 1.94223e-10
1343 9.68628e-11
1345 1.61442e-10
1347 1.61088e-10
1349 1.97927e-10
1351 1.53465e-10
1353 1.0719e-10
1355 1.40404e-10
1357 1.82813e-10
1359 1.10659e-10
1361 9.92966e-11
1363 8.06358e-11
1365 1.09634e-10
1367 1.29494e-10
1369 1.09406e-10
1371 1.67687e-10
1373 1.65813e-10
1375 1.93074e-10
1377 1.72864e-10
1379 1.14474e-10
1381 1.21267e-10
1383 1.58849e-10
1385 1.56685e-10
1387 8.45026e-11
1389 9.34724e-11
1391 8.44614e-11
1393 1.29348e-10
1395 8.4419e-11
1397 1.30508e-10
1399 1.50272e-10
1401 1.62311e-10
1403 2.15363e-10
1405 1.27808e-10
1407 1.04615e-10
1409 1.24063e-10
1411 1.22268e-10
1413 1.91338e-10
1415 8.32254e-11
1417 8.31203e-11
1419 1.12885e-10
1421 6.15382e-11
1423 1.05256e-10
1425 1.24303e-10
1427 1.46829e-10
1429 1.32822e-10
1431 1.79981e-10
1433 1.83445e-10
1435 1.25709e-10
1437 9.58397e-11
1439 1.26924e-10
1441 9.53838e-11
1443 1.57462e-10
1445 1.29523e-10
1447 4.65361e-11
1449 1.10296e-10
1451 6.89279e-11
1453 8.78731e-11
1455 1.01602e-10
1457 1.44392e-10
1459 1.0289e-10
1461 1.2327e-10
1463 2.10032e-10
1465 1.85704e-10
1467 1.07145e-10
1469 1.00267e-10
1471 1.12156e-10
1473 9.17579e-11
1475 1.15487e-10
1477 1.2042e-10
1479 8.80232e-11
1481 7.9393e-11
1483 7.41685e-11
1485 9.91997e-11
1487 7.88514e-11
1489 1.20663e-10
1491 1.07248e-10
1493 8.04352e-11
1495 1.3402e-10
1497 1.77401e-10
1499 1.7204e-10
1501 1.15018e-10
1503 1.1147e-10
1505 1.02927e-10
1507 8.44932e-11
1509 9.75598e-11
1511 7.93277e-11
1513 1.05769e-10
1515 1.05772e-10
1517 7.7603e-11
1519 8.56768e-11
1521 8.39106e-11
1523 5.25111e-11
1525 1.42613e-10
1527 1.3083e-10
1529 9.79544e-11
1531 1.43587e-10
1533 1.23989e-10
1535 1.80955e-10
1537 1.14042e-10
1539 9.75887e-11
1541 1.05535e-10
1543 8.42831e-11
1545 1.02223e-10
1547 6.46049e-11
1549 7.09386e-11
1551 1.4809e-10
1553 5.2376e-11
1555 1.20611e-10
1557 5.84085e-11
1559 8.1904e-11
1561 8.97669e-11
1563 1.00811e-10
1565 1.47034e-10
1567 1.08442e-10
1569 1.24201e-10
1571 1.19226e-10
1573 1.57187e-10
1575 1.15061e-10
1577 9.91778e-11
1579 7.70118e-11
1581 1.12384e-10
1583 4.90223e-11
1585 1.07303e-10
1587 1.00804e-10
1589 8.17956e-11
1591 9.42497e-11
1593 7.63095e-11
1595 7.9876e-11
1597 7.12263e-11
1599 1.22045e-10
1601 7.5016e-11
1603 1.06113e-10
1605 9.19791e-11
1607 1.21383e-10
1609 1.15003e-10
1611 1.21008e-10
1613 1.28602e-10
1615 1.22261e-10
1617 6.17789e-11
1619 1.03441e-10
1621 9.10698e-11
1623 7.41077e-11
1625 7.72014e-11
1627 1.10699e-10
1629 6.75562e-11
1631 8.75991e-11
1633 7.34962e-11
1635 8.73261e-11
1637 7.17413e-11
1639 9.44931e-11
1641 9.1398e-11
1643 7.61212e-11
1645 1.03405e-10
1647 8.95659e-11
1649 1.1223e-10
1651 1.38417e-10
1653 7.71404e-11
1655 1.29915e-10
1657 9.05288e-11
1659 6.02771e-11
1661 8.42645e-11
1663 6.91537e-11
1665 1.33901e-10
1667 5.63622e-11
1669 1.01866e-10
1671 7.78267e-11
1673 5.97581e-11
1675 7.01605e-11
1677 9.54089e-11
1679 9.53166e-11
1681 6.98753e-11
1683 9.7996e-11
1685 7.56377e-11
1687 5.18918e-11
1689 1.05632e-10
1691 8.28051e-11
1693 9.7472e-11
1695 9.88621e-11
1697 1.32628e-10
1699 9.27049e-11
1701 4.70695e-11
1703 8.22407e-11
1705 8.80032e-11
1707 9.66668e-11
1709 1.1553e-10
1711 7.76262e-11
1713 5.57381e-11
1715 9.90882e-11
1717 5.3031e-11
1719 6.31533e-11
1721 7.30311e-11
1723 1.15554e-10
1725 8.11798e-11
1727 9.70071e-11
1729 5.062e-11
1731 9.64821e-11
1733 7.35117e-11
1735 8.12813e-11
1737 7.11705e-11
1739 1.14992e-10
1741 6.83818e-11
1743 9.69498e-11
1745 9.74494e-11
1747 7.87561e-11
1749 3.43263e-11
1751 1.07152e-10
1753 7.9911e-11
1755 1.08236e-10
1757 1.15198e-10
1759 5.68095e-11
1761 6.63065e-11
1763 4.96345e-11
1765 6.23357e-11
1767 5.93183e-11
1769 7.9164e-11
1771 9.77301e-11
1773 6.49132e-11
1775 1.00111e-10
1777 6.47849e-11
1779 9.40798e-11
1781 5.46804e-11
1783 6.02454e-11
1785 5.74055e-11
1787 6.15491e-11
1789 9.50362e-11
1791 1.01114e-10
1793 6.55627e-11
1795 1.00364e-10
1797 4.90547e-11
1799 6.98346e-11
1801 7.64266e-11
1803 6.65109e-11
1805 8.16501e-11
1807 1.17301e-10
1809 1.04982e-10
1811 1.1406e-10
1813 2.20575e-11
1815 4.81984e-11
1817 6.05859e-11
1819 7.56397e-11
1821 6.96017e-11
1823 8.23829e-11
1825 7.121e-11
1827 8.47913e-11
1829 6.55133e-11
1831 8.73176e-11
1833 4.08962e-11
1835 5.99305e-11
1837 4.89925e-11
1839 6.79819e-11
1841 4.62048e-11
1843 8.01266e-11
1845 9.63241e-11
1847 6.50789e-11
1849 1.01733e-10
1851 9.85257e-11
1853 7.58579e-11
1855 6.49436e-11
1857 8.49874e-11
1859 1.05199e-10
1861 1.42723e-10
1863 9.55506e-11
1865 8.61042e-11
1867 1.28873e-10
1869 2.14401e-11
1871 1.00477e-10
1873 9.11683e-11
1875 3.73174e-11
1877 7.05588e-11
1879 8.938e-11
1881 9.57903e-11
1883 7.32032e-11
1885 1.06244e-10
1887 5.85332e-11
1889 8.50199e-11
1891 6.09574e-11
1893 1.11313e-10
1895 5.2884e-11
1897 8.33838e-11
1899 1.07995e-10
1901 9.34609e-11
1903 7.75017e-11
1905 8.42269e-11
1907 9.44639e-11
1909 5.24648e-11
1911 5.49695e-11
1913 8.12591e-11
1915 1.1006e-10
1917 1.178e-10
1919 1.20927e-10
1921 8.86776e-11
1923 1.04364e-10
1925 1.1192e-10
1927 6.60827e-11
1929 7.26947e-11
1931 7.52498e-11
1933 7.13744e-11
1935 8.17376e-11
1937 7.63585e-11
1939 7.76322e-11
1941 1.02015e-10
1943 8.24691e-11
1945 5.03113e-11
1947 8.09758e-11
1949 8.60309e-11
1951 7.42292e-11
1953 7.17177e-11
1955 6.0287e-11
1957 5.50154e-11
1959 1.15197e-10
1961 8.17947e-11
1963 7.02397e-11
1965 8.04123e-11
1967 6.10361e-11
1969 6.7392e-11
1971 9.15086e-11
1973 6.60276e-11
1975 8.86488e-11
1977 8.61154e-11
1979 9.99132e-11
1981 1.20108e-10
1983 6.95514e-11
1985 9.46693e-11
1987 8.5828e-11
1989 4.47799e-11
1991 7.54603e-11
1993 1.00357e-10
1995 8.05359e-11
1997 6.26387e-11
1999 8.38603e-11
