1.09967 0
3.099 0
5.09833 0
7.09767 0
9.097 0
11.0963 0
13.0957 0
15.095 0
17.0943 0
19.0937 0
21.093 4.72196e-12
23.0923 0
25.0917 3.06839e-12
27.091 0
29.0903 0
31.0897 0
33.089 1.22731e-11
35.0883 1.18089e-11
37.0877 4.82091e-11
39.087 9.62734e-11
41.0863 8.69882e-11
43.0857 4.38729e-11
45.085 6.75769e-11
47.0843 9.55114e-11
49.0837 9.28895e-11
51.083 1.00136e-10
53.0823 1.92425e-10
55.0817 2.38776e-10
57.081 6.04717e-10
59.0803 4.91893e-10
61.0797 5.68388e-10
63.079 5.79785e-10
65.0783 6.39368e-10
67.0777 5.60455e-10
69.077 6.46565e-10
71.0763 6.68661e-10
73.0757 5.95384e-10
75.075 5.933e-10
77.0743 5.85381e-10
79.0737 6.41037e-10
81.073 6.07299e-10
83.0723 5.8164e-10
85.0717 5.71581e-10
87.071 5.08325e-10
89.0703 5.81313e-10
91.0697 5.78e-10
93.069 5.33098e-10
95.0683 4.75747e-10
97.0677 4.44773e-10
99.067 4.90294e-10
101.066 5.78164e-10
103.066 3.44786e-10
105.065 4.46704e-10
107.064 5.53575e-10
109.064 3.77347e-10
111.063 3.56122e-10
113.062 5.10896e-10
115.062 3.73559e-10
117.061 3.75493e-10
119.06 4.0733e-10
121.06 4.34209e-10
123.059 3.85519e-10
125.058 3.396e-10
127.058 3.59776e-10
129.057 3.59554e-10
131.056 2.86474e-10
133.056 2.93142e-10
135.055 2.51037e-10
137.054 2.58074e-10
139.054 2.29631e-10
141.053 1.93553e-10
143.052 1.84702e-10
145.052 1.85989e-10
147.051 2.03611e-10
149.05 1.90592e-10
151.05 1.91714e-10
153.049 1.71059e-10
155.048 1.64e-10
157.048 1.3529e-10
159.047 9.88288e-11
161.046 7.76253e-11
163.046 5.66822e-11
165.045 4.20378e-11
167.044 1.43216e-11
169.044 0
171.043 0
173.042 0
175.042 0
177.041 0
179.04 0
181.04 0
183.039 0
185.038 0
187.038 0
189.037 0
191.036 0
193.036 0
195.035 0
197.034 0
199.034 0
201.033 0
203.032 0
205.032 0
207.031 0
209.03 0
211.03 0
213.029 0
215.028 0
217.028 0
219.027 0
221.026 0
223.026 0
225.025 0
227.024 0
229.024 0
231.023 0
233.022 0
235.022 0
237.021 0
239.02 0
241.02 0
243.019 0
245.018 0
247.018 0
249.017 0
251.016 0
253.016 0
255.015 0
257.014 0
259.014 0
261.013 0
263.012 0
265.012 0
267.011 0
269.01 0
271.01 0
273.009 0
275.008 0
277.008 0
279.007 0
281.006 0
283.006 0
285.005 0
287.004 0
289.004 0
291.003 0
293.002 0
295.002 0
297.001 0
299 0
