1.09967 1.14114e-09
3.099 1.25627e-09
5.09833 1.32525e-09
7.09767 3.72414e-09
9.097 4.58442e-09
11.0963 5.29203e-09
13.0957 3.90423e-09
15.095 4.54517e-09
17.0943 0
19.0937 2.3339e-09
21.093 2.17916e-09
23.0923 2.69255e-09
25.0917 2.49963e-09
27.091 4.04926e-09
29.0903 3.76369e-09
31.0897 1.00676e-09
33.089 2.33795e-09
35.0883 1.75375e-09
37.0877 2.04116e-09
39.087 2.6831e-09
41.0863 3.23028e-09
43.0857 1.67867e-09
45.085 1.58493e-09
47.0843 2.68446e-09
49.0837 3.09085e-09
51.083 1.0575e-09
53.0823 1.99564e-09
55.0817 2.82261e-09
57.081 1.77956e-09
59.0803 1.6886e-09
61.0797 2.8116e-09
63.079 1.7198e-09
65.0783 2.36577e-09
67.0777 1.9073e-09
69.077 1.49222e-09
71.0763 2.7045e-09
73.0757 1.3724e-09
75.075 2.34268e-09
77.0743 1.83414e-09
79.0737 2.17801e-09
81.073 2.10673e-09
83.0723 1.91051e-09
85.0717 1.97728e-09
87.071 2.04212e-09
89.0703 2.34043e-09
91.0697 1.58912e-09
93.069 2.09243e-09
95.0683 2.14989e-09
97.0677 2.20826e-09
99.067 2.15877e-09
101.066 2.41429e-09
103.066 1.87165e-09
105.065 2.11995e-09
107.064 2.45947e-09
109.064 1.76038e-09
111.063 2.27634e-09
113.062 1.6078e-09
115.062 2.19416e-09
117.061 1.54937e-09
119.06 2.1909e-09
121.06 2.24076e-09
123.059 1.95806e-09
125.058 1.92201e-09
127.058 2.04876e-09
129.057 1.85596e-09
131.056 2.05455e-09
133.056 1.79841e-09
135.055 1.77189e-09
137.054 1.52519e-09
139.054 1.49747e-09
141.053 1.54398e-09
143.052 1.7297e-09
145.052 1.56795e-09
147.051 1.74753e-09
149.05 1.72069e-09
151.05 1.56813e-09
153.049 1.47712e-09
155.048 1.45977e-09
157.048 8.73016e-10
159.047 6.16699e-10
161.046 6.70027e-10
163.046 6.22865e-10
165.045 3.22388e-10
167.044 3.36346e-10
169.044 4.21269e-10
171.043 3.66181e-10
173.042 4.5802e-10
175.042 3.97149e-10
177.041 4.95857e-10
179.04 4.32204e-10
181.04 4.47283e-10
183.039 5.60748e-10
185.038 4.88268e-10
187.038 6.10765e-10
189.037 5.3342e-10
191.036 5.51092e-10
193.036 5.71985e-10
195.035 7.20041e-10
197.034 4.98847e-10
199.034 0
201.033 0
203.032 0
205.032 0
207.031 0
209.03 0
211.03 0
213.029 0
215.028 0
217.028 0
219.027 0
221.026 0
223.026 0
225.025 0
227.024 0
229.024 0
231.023 0
233.022 0
235.022 0
237.021 0
239.02 0
241.02 0
243.019 0
245.018 0
247.018 0
249.017 0
251.016 0
253.016 0
255.015 0
257.014 0
259.014 0
261.013 0
263.012 0
265.012 0
267.011 0
269.01 0
271.01 0
273.009 0
275.008 0
277.008 0
279.007 0
281.006 0
283.006 0
285.005 0
287.004 0
289.004 0
291.003 0
293.002 0
295.002 0
297.001 0
299 0
