0.102705 2.53323e-09
0.108336 0
0.114275 2.3328e-09
0.12054 0
0.127149 2.15817e-09
0.13412 0
0.141474 1.98586e-09
0.14923 1.94013e-09
0.157412 0
0.166042 1.79352e-09
0.175145 1.76189e-09
0.184748 1.71395e-09
0.194877 0
0.205561 1.59481e-09
0.216831 1.56074e-09
0.228719 1.539e-09
0.241259 1.49351e-09
0.254486 2.97729e-09
0.268439 0
0.283156 2.84345e-09
0.29868 1.41828e-09
0.315056 1.36246e-09
0.332329 1.36708e-09
0.350549 0
0.369768 1.2906e-09
0.390041 1.28196e-09
0.411426 1.26852e-09
0.433983 1.24706e-09
0.457776 1.22798e-09
0.482874 1.20939e-09
0.509348 1.18142e-09
0.537274 0
0.56673 0
0.597802 0
0.630577 0
0.665149 0
0.701616 0
0.740083 0
0.780659 0
0.823459 0
0.868606 0
0.916228 0
0.966461 0
1.01945 0
1.07534 0
1.1343 0
1.19649 0
1.26208 0
1.33128 0
1.40427 0
1.48126 0
1.56247 0
1.64813 0
1.73849 0
1.83381 0
1.93435 0
2.0404 0
2.15227 0
2.27027 0
2.39474 0
2.52603 0
2.66452 0
2.81061 0
2.9647 0
3.12725 0
3.2987 0
3.47956 0
3.67033 0
3.87155 0
4.08382 0
4.30772 0
4.54389 0
4.79301 0
5.05579 0
5.33298 0
5.62537 0
5.93379 0
6.25911 0
6.60227 0
6.96425 0
7.34607 0
7.74883 0
8.17366 0
8.62179 0
9.09449 0
9.5931 0
10.1191 0
10.6738 0
11.259 0
11.8763 0
12.5275 0
13.2143 0
13.9388 0
14.703 0
15.5091 0
16.3594 0
17.2563 0
18.2024 0
19.2004 0
20.253 0
21.3634 0
22.5347 0
23.7702 0
25.0734 0
26.4481 0
27.8981 0
29.4277 0
31.0411 0
32.7429 0
34.5381 0
36.4317 0
38.4291 0
40.536 0
42.7584 0
45.1027 0
47.5755 0
50.1839 0
52.9353 0
55.8375 0
58.8988 0
62.128 0
65.5342 0
69.1272 0
72.9172 0
76.9149 0
81.1319 0
85.58 0
90.272 0
95.2212 0
100.442 0
105.949 0
111.757 0
117.885 0
124.348 0
131.165 0
138.356 0
145.942 0
153.943 0
162.384 0
171.286 0
180.677 0
190.583 0
201.032 0
212.054 0
223.68 0
235.943 0
248.879 0
262.524 0
276.917 0
292.1 0
