1 0
3 0
5 0
7 0
9 0
11 0
13 5.9019e-07
15 0.000177272
17 0.00123555
19 0.00155708
21 0.000970019
23 0.000539109
25 0.000353197
27 0.000258845
29 0.000197083
31 0.000152228
33 0.000119491
35 9.47404e-05
37 7.66405e-05
39 6.2873e-05
41 5.19716e-05
43 4.36156e-05
45 3.69819e-05
47 3.17278e-05
49 2.73266e-05
51 2.38809e-05
53 2.08314e-05
55 1.83457e-05
57 1.61898e-05
59 1.44018e-05
61 1.28147e-05
63 1.14637e-05
65 1.02959e-05
67 9.321e-06
69 8.55221e-06
71 7.76158e-06
73 7.10624e-06
75 6.44604e-06
77 5.92832e-06
79 5.47793e-06
81 5.04676e-06
83 4.64949e-06
85 4.30466e-06
87 3.96285e-06
89 3.69828e-06
91 3.42004e-06
93 3.19886e-06
95 3.01854e-06
97 2.80283e-06
99 2.61338e-06
101 2.44704e-06
103 2.29953e-06
105 2.15316e-06
107 2.01891e-06
109 1.89608e-06
111 1.78551e-06
113 1.67851e-06
115 1.5975e-06
117 1.53103e-06
119 1.45174e-06
121 1.37197e-06
123 1.29977e-06
125 1.22936e-06
127 1.16449e-06
129 1.10895e-06
131 1.05119e-06
133 9.9094e-07
135 9.38727e-07
137 8.98855e-07
139 8.52763e-07
141 8.14489e-07
143 7.75562e-07
145 7.42167e-07
147 7.09459e-07
149 6.74973e-07
151 6.45553e-07
153 6.20385e-07
155 5.95033e-07
157 5.77591e-07
159 5.57898e-07
161 5.33467e-07
163 5.04071e-07
165 4.92061e-07
167 4.68667e-07
169 4.48028e-07
171 4.35056e-07
173 4.25161e-07
175 4.11386e-07
177 3.95276e-07
179 3.7933e-07
181 3.64276e-07
183 3.5251e-07
185 3.34008e-07
187 3.25711e-07
189 3.137e-07
191 3.00957e-07
193 2.95335e-07
195 2.89171e-07
197 2.77995e-07
199 2.70068e-07
201 2.59146e-07
203 2.55707e-07
205 2.42656e-07
207 2.36829e-07
209 2.2816e-07
211 2.21603e-07
213 2.13972e-07
215 2.08327e-07
217 2.01351e-07
219 1.9374e-07
221 1.88764e-07
223 1.84045e-07
225 1.77909e-07
227 1.71867e-07
229 1.67574e-07
231 1.61386e-07
233 1.59585e-07
235 1.52332e-07
237 1.49394e-07
239 1.44126e-07
241 1.40444e-07
243 1.35837e-07
245 1.33631e-07
247 1.28983e-07
249 1.26089e-07
251 1.22223e-07
253 1.19154e-07
255 1.15244e-07
257 1.1554e-07
259 1.11792e-07
261 1.10248e-07
263 1.06568e-07
265 1.04283e-07
267 1.01473e-07
269 9.85287e-08
271 9.77541e-08
273 9.28861e-08
275 9.16771e-08
277 9.12403e-08
279 8.8619e-08
281 8.53439e-08
283 8.4578e-08
285 8.18425e-08
287 8.06501e-08
289 7.76145e-08
291 7.71246e-08
293 7.48349e-08
295 7.16033e-08
297 7.2062e-08
299 7.04267e-08
301 6.74174e-08
303 6.77073e-08
305 6.61887e-08
307 6.39618e-08
309 6.2654e-08
311 6.23752e-08
313 6.037e-08
315 5.79523e-08
317 5.76599e-08
319 5.65126e-08
321 5.55464e-08
323 5.32302e-08
325 5.22915e-08
327 5.25503e-08
329 5.1904e-08
331 5.04464e-08
333 4.82666e-08
335 4.87342e-08
337 4.71092e-08
339 4.7074e-08
341 4.48617e-08
343 4.49112e-08
345 4.35686e-08
347 4.23365e-08
349 4.19335e-08
351 4.09124e-08
353 4.07134e-08
355 3.94024e-08
357 3.83592e-08
359 3.77767e-08
361 3.67479e-08
363 3.88296e-08
365 3.65535e-08
367 3.62051e-08
369 3.5418e-08
371 3.4061e-08
373 3.54569e-08
375 3.41843e-08
377 3.28518e-08
379 3.25818e-08
381 3.07034e-08
383 3.10039e-08
385 3.11769e-08
387 3.07944e-08
389 2.93924e-08
391 2.88117e-08
393 2.71067e-08
395 2.8517e-08
397 2.76736e-08
399 2.77617e-08
401 2.62467e-08
403 2.56983e-08
405 2.43791e-08
407 2.65438e-08
409 2.60186e-08
411 2.73139e-08
413 2.44772e-08
415 2.42478e-08
417 2.34271e-08
419 2.34359e-08
421 2.40591e-08
423 2.36386e-08
425 2.29425e-08
427 2.15857e-08
429 2.13698e-08
431 2.07959e-08
433 2.10371e-08
435 2.08227e-08
437 2.07914e-08
439 2.06107e-08
441 1.86318e-08
443 1.94074e-08
445 1.82369e-08
447 1.89503e-08
449 1.79848e-08
451 1.82717e-08
453 1.81379e-08
455 1.7778e-08
457 1.64994e-08
459 1.69183e-08
461 1.61381e-08
463 1.72689e-08
465 1.66479e-08
467 1.70036e-08
469 1.7091e-08
471 1.67967e-08
473 1.60997e-08
475 1.60507e-08
477 1.52285e-08
479 1.53972e-08
481 1.54501e-08
483 1.4762e-08
485 1.48484e-08
487 1.4971e-08
489 1.3792e-08
491 1.39936e-08
493 1.36077e-08
495 1.35484e-08
497 1.33421e-08
499 1.3108e-08
501 1.27366e-08
503 1.26025e-08
505 1.27428e-08
507 1.24291e-08
509 1.20806e-08
511 1.15985e-08
513 1.18898e-08
515 1.13155e-08
517 1.13474e-08
519 1.11035e-08
521 1.07664e-08
523 1.08377e-08
525 1.09136e-08
527 1.05433e-08
529 1.05224e-08
531 1.01845e-08
533 9.85723e-09
535 9.96401e-09
537 9.83938e-09
539 9.12793e-09
541 9.40615e-09
543 9.50553e-09
545 9.76055e-09
547 1.01263e-08
549 9.76043e-09
551 9.69941e-09
553 9.85847e-09
555 8.9386e-09
557 9.10674e-09
559 8.97383e-09
561 8.97904e-09
563 8.33019e-09
565 8.68559e-09
567 7.96501e-09
569 8.18107e-09
571 8.26775e-09
573 8.23327e-09
575 7.8272e-09
577 7.89285e-09
579 7.61879e-09
581 7.49448e-09
583 7.60377e-09
585 7.33435e-09
587 7.45956e-09
589 7.06873e-09
591 7.07023e-09
593 7.11841e-09
595 6.77757e-09
597 6.82805e-09
599 7.32055e-09
601 7.76957e-09
603 6.65284e-09
605 6.76441e-09
607 6.89809e-09
609 6.79227e-09
611 6.76164e-09
613 6.63732e-09
615 6.77529e-09
617 6.56315e-09
619 6.44998e-09
621 5.95045e-09
623 6.0354e-09
625 5.85761e-09
627 5.81071e-09
629 6.07104e-09
631 6.00101e-09
633 5.47417e-09
635 5.21969e-09
637 5.68261e-09
639 5.41128e-09
641 5.45509e-09
643 5.52461e-09
645 5.32636e-09
647 5.41514e-09
649 5.15537e-09
651 5.06775e-09
653 4.87018e-09
655 4.92538e-09
657 4.74333e-09
659 5.41454e-09
661 5.57331e-09
663 5.21928e-09
665 5.29433e-09
667 5.17884e-09
669 5.28601e-09
671 4.97875e-09
673 5.10771e-09
675 4.8446e-09
677 5.13961e-09
679 4.8611e-09
681 4.91117e-09
683 4.95335e-09
685 4.58774e-09
687 4.66032e-09
689 4.48279e-09
691 4.38724e-09
693 4.3116e-09
695 4.46735e-09
697 4.54206e-09
699 4.30131e-09
701 4.20342e-09
703 4.07965e-09
705 5.08573e-09
707 5.34265e-09
709 5.58798e-09
711 5.32483e-09
713 5.53823e-09
715 5.50217e-09
717 5.30452e-09
719 4.80892e-09
721 4.94479e-09
723 4.58603e-09
725 4.53742e-09
727 4.51592e-09
729 4.66669e-09
731 4.36207e-09
733 4.76756e-09
735 4.86208e-09
737 5.36269e-09
739 6.23427e-09
741 6.30811e-09
743 6.12009e-09
745 5.94894e-09
747 5.83433e-09
749 6.00893e-09
751 5.73922e-09
753 5.66084e-09
755 5.76239e-09
757 5.74313e-09
759 5.68882e-09
761 5.54226e-09
763 5.50118e-09
765 5.27568e-09
767 4.96153e-09
769 5.35437e-09
771 5.20239e-09
773 5.3939e-09
775 5.36234e-09
777 5.43879e-09
779 5.3869e-09
781 5.36014e-09
783 5.41777e-09
785 5.4518e-09
787 5.33301e-09
789 5.3762e-09
791 5.1562e-09
793 5.06109e-09
795 5.29777e-09
797 5.36744e-09
799 5.36254e-09
801 5.35969e-09
803 5.8375e-09
805 6.35289e-09
807 6.33815e-09
809 6.13564e-09
811 6.30106e-09
813 6.99234e-09
815 9.21275e-09
817 1.16982e-08
819 1.48394e-08
821 1.73407e-08
823 3.72126e-08
825 4.06157e-10
827 0
829 0
831 0
833 0
835 0
837 0
839 0
841 0
843 0
845 0
847 0
849 0
851 0
853 0
855 0
857 0
859 0
861 0
863 0
865 0
867 0
869 0
871 0
873 0
875 0
877 0
879 0
881 0
883 0
885 0
887 0
889 0
891 0
893 0
895 0
897 0
899 0
901 0
903 0
905 0
907 0
909 0
911 0
913 0
915 0
917 0
919 0
921 0
923 0
925 0
927 0
929 0
931 0
933 0
935 0
937 0
939 0
941 0
943 0
945 0
947 0
949 0
951 0
953 0
955 0
957 0
959 0
961 0
963 0
965 0
967 0
969 0
971 0
973 0
975 0
977 0
979 0
981 0
983 0
985 0
987 0
989 0
991 0
993 0
995 0
997 0
999 0
1001 0
1003 0
1005 0
1007 0
1009 0
1011 0
1013 0
1015 0
1017 0
1019 0
1021 0
1023 0
1025 0
1027 0
1029 0
1031 0
1033 0
1035 0
1037 0
1039 0
1041 0
1043 0
1045 0
1047 0
1049 0
1051 0
1053 0
1055 0
1057 0
1059 0
1061 0
1063 0
1065 0
1067 0
1069 0
1071 0
1073 0
1075 0
1077 0
1079 0
1081 0
1083 0
1085 0
1087 0
1089 0
1091 0
1093 0
1095 0
1097 0
1099 0
1101 0
1103 0
1105 0
1107 0
1109 0
1111 0
1113 0
1115 0
1117 0
1119 0
1121 0
1123 0
1125 0
1127 0
1129 0
1131 0
1133 0
1135 0
1137 0
1139 0
1141 0
1143 0
1145 0
1147 0
1149 0
1151 0
1153 0
1155 0
1157 0
1159 0
1161 0
1163 0
1165 0
1167 0
1169 0
1171 0
1173 0
1175 0
1177 0
1179 0
1181 0
1183 0
1185 0
1187 0
1189 0
1191 0
1193 0
1195 0
1197 0
1199 0
1201 0
1203 0
1205 0
1207 0
1209 0
1211 0
1213 0
1215 0
1217 0
1219 0
1221 0
1223 0
1225 0
1227 0
1229 0
1231 0
1233 0
1235 0
1237 0
1239 0
1241 0
1243 0
1245 0
1247 0
1249 0
1251 0
1253 0
1255 0
1257 0
1259 0
1261 0
1263 0
1265 0
1267 0
1269 0
1271 0
1273 0
1275 0
1277 0
1279 0
1281 0
1283 0
1285 0
1287 0
1289 0
1291 0
1293 0
1295 0
1297 0
1299 0
1301 0
1303 0
1305 0
1307 0
1309 0
1311 0
1313 0
1315 0
1317 0
1319 0
1321 0
1323 0
1325 0
1327 0
1329 0
1331 0
1333 0
1335 0
1337 0
1339 0
1341 0
1343 0
1345 0
1347 0
1349 0
1351 0
1353 0
1355 0
1357 0
1359 0
1361 0
1363 0
1365 0
1367 0
1369 0
1371 0
1373 0
1375 0
1377 0
1379 0
1381 0
1383 0
1385 0
1387 0
1389 0
1391 0
1393 0
1395 0
1397 0
1399 0
1401 0
1403 0
1405 0
1407 0
1409 0
1411 0
1413 0
1415 0
1417 0
1419 0
1421 0
1423 0
1425 0
1427 0
1429 0
1431 0
1433 0
1435 0
1437 0
1439 0
1441 0
1443 0
1445 0
1447 0
1449 0
1451 0
1453 0
1455 0
1457 0
1459 0
1461 0
1463 0
1465 0
1467 0
1469 0
1471 0
1473 0
1475 0
1477 0
1479 0
1481 0
1483 0
1485 0
1487 0
1489 0
1491 0
1493 0
1495 0
1497 0
1499 0
1501 0
1503 0
1505 0
1507 0
1509 0
1511 0
1513 0
1515 0
1517 0
1519 0
1521 0
1523 0
1525 0
1527 0
1529 0
1531 0
1533 0
1535 0
1537 0
1539 0
1541 0
1543 0
1545 0
1547 0
1549 0
1551 0
1553 0
1555 0
1557 0
1559 0
1561 0
1563 0
1565 0
1567 0
1569 0
1571 0
1573 0
1575 0
1577 0
1579 0
1581 0
1583 0
1585 0
1587 0
1589 0
1591 0
1593 0
1595 0
1597 0
1599 0
1601 0
1603 0
1605 0
1607 0
1609 0
1611 0
1613 0
1615 0
1617 0
1619 0
1621 0
1623 0
1625 0
1627 0
1629 0
1631 0
1633 0
1635 0
1637 0
1639 0
1641 0
1643 0
1645 0
1647 0
1649 0
1651 0
1653 0
1655 0
1657 0
1659 0
1661 0
1663 0
1665 0
1667 0
1669 0
1671 0
1673 0
1675 0
1677 0
1679 0
1681 0
1683 0
1685 0
1687 0
1689 0
1691 0
1693 0
1695 0
1697 0
1699 0
1701 0
1703 0
1705 0
1707 0
1709 0
1711 0
1713 0
1715 0
1717 0
1719 0
1721 0
1723 0
1725 0
1727 0
1729 0
1731 0
1733 0
1735 0
1737 0
1739 0
1741 0
1743 0
1745 0
1747 0
1749 0
1751 0
1753 0
1755 0
1757 0
1759 0
1761 0
1763 0
1765 0
1767 0
1769 0
1771 0
1773 0
1775 0
1777 0
1779 0
1781 0
1783 0
1785 0
1787 0
1789 0
1791 0
1793 0
1795 0
1797 0
1799 0
1801 0
1803 0
1805 0
1807 0
1809 0
1811 0
1813 0
1815 0
1817 0
1819 0
1821 0
1823 0
1825 0
1827 0
1829 0
1831 0
1833 0
1835 0
1837 0
1839 0
1841 0
1843 0
1845 0
1847 0
1849 0
1851 0
1853 0
1855 0
1857 0
1859 0
1861 0
1863 0
1865 0
1867 0
1869 0
1871 0
1873 0
1875 0
1877 0
1879 0
1881 0
1883 0
1885 0
1887 0
1889 0
1891 0
1893 0
1895 0
1897 0
1899 0
1901 0
1903 0
1905 0
1907 0
1909 0
1911 0
1913 0
1915 0
1917 0
1919 0
1921 0
1923 0
1925 0
1927 0
1929 0
1931 0
1933 0
1935 0
1937 0
1939 0
1941 0
1943 0
1945 0
1947 0
1949 0
1951 0
1953 0
1955 0
1957 0
1959 0
1961 0
1963 0
1965 0
1967 0
1969 0
1971 0
1973 0
1975 0
1977 0
1979 0
1981 0
1983 0
1985 0
1987 0
1989 0
1991 0
1993 0
1995 0
1997 0
1999 0
