1 0
3 0
5 0
7 0
9 0
11 0
13 0
15 6.99972e-07
17 0.000115455
19 0.000673018
21 0.000790096
23 0.000478451
25 0.000275375
27 0.000186736
29 0.000138696
31 0.000105056
33 8.06607e-05
35 6.31585e-05
37 5.02214e-05
39 4.06978e-05
41 3.33169e-05
43 2.78906e-05
45 2.35591e-05
47 2.021e-05
49 1.75524e-05
51 1.53159e-05
53 1.35338e-05
55 1.19424e-05
57 1.06193e-05
59 9.50541e-06
61 8.49709e-06
63 7.65689e-06
65 6.90997e-06
67 6.25555e-06
69 5.68044e-06
71 5.19869e-06
73 4.72869e-06
75 4.331e-06
77 3.96828e-06
79 3.65613e-06
81 3.39577e-06
83 3.13256e-06
85 2.89706e-06
87 2.68676e-06
89 2.49089e-06
91 2.32522e-06
93 2.18091e-06
95 2.03001e-06
97 1.89923e-06
99 1.77248e-06
101 1.66421e-06
103 1.55395e-06
105 1.45736e-06
107 1.37019e-06
109 1.30104e-06
111 1.23008e-06
113 1.16663e-06
115 1.09614e-06
117 1.039e-06
119 9.83856e-07
121 9.27801e-07
123 8.82142e-07
125 8.3289e-07
127 7.91957e-07
129 7.53355e-07
131 7.11846e-07
133 6.79499e-07
135 6.48473e-07
137 6.26356e-07
139 6.00348e-07
141 5.71651e-07
143 5.46378e-07
145 5.21239e-07
147 4.96542e-07
149 4.75441e-07
151 4.5423e-07
153 4.36235e-07
155 4.18443e-07
157 4.01701e-07
159 3.87016e-07
161 3.69435e-07
163 3.56548e-07
165 3.44291e-07
167 3.27555e-07
169 3.15097e-07
171 3.02839e-07
173 2.9231e-07
175 2.80787e-07
177 2.6903e-07
179 2.60092e-07
181 2.52172e-07
183 2.45378e-07
185 2.44293e-07
187 2.38506e-07
189 2.2817e-07
191 2.20246e-07
193 2.12511e-07
195 2.04498e-07
197 1.97187e-07
199 1.9058e-07
201 1.8355e-07
203 1.77247e-07
205 1.71773e-07
207 1.64851e-07
209 1.60568e-07
211 1.55224e-07
213 1.48166e-07
215 1.45167e-07
217 1.37824e-07
219 1.35046e-07
221 1.31451e-07
223 1.25265e-07
225 1.24194e-07
227 1.22272e-07
229 1.19655e-07
231 1.16418e-07
233 1.12662e-07
235 1.0964e-07
237 1.06824e-07
239 1.04157e-07
241 9.98484e-08
243 9.84009e-08
245 9.59063e-08
247 9.28028e-08
249 9.02447e-08
251 8.72098e-08
253 8.60632e-08
255 8.23302e-08
257 8.1576e-08
259 7.85113e-08
261 7.68633e-08
263 7.44922e-08
265 7.32221e-08
267 7.06644e-08
269 6.95068e-08
271 6.67725e-08
273 6.57457e-08
275 6.40214e-08
277 6.34039e-08
279 6.01249e-08
281 6.01512e-08
283 5.74295e-08
285 5.71126e-08
287 5.64521e-08
289 5.32424e-08
291 5.37422e-08
293 5.07536e-08
295 5.11996e-08
297 4.9086e-08
299 4.80116e-08
301 4.79e-08
303 4.68001e-08
305 4.58095e-08
307 4.47519e-08
309 4.41304e-08
311 4.33606e-08
313 4.1166e-08
315 4.14761e-08
317 4.07736e-08
319 3.85383e-08
321 3.83424e-08
323 3.87364e-08
325 3.66757e-08
327 3.70041e-08
329 3.61436e-08
331 3.49596e-08
333 3.50852e-08
335 3.38447e-08
337 3.29971e-08
339 3.22122e-08
341 3.20726e-08
343 3.09366e-08
345 3.02111e-08
347 3.02568e-08
349 2.94659e-08
351 2.84452e-08
353 2.89606e-08
355 2.78077e-08
357 2.77314e-08
359 2.64413e-08
361 2.69822e-08
363 2.53288e-08
365 2.59537e-08
367 2.47111e-08
369 2.42387e-08
371 2.40981e-08
373 2.38447e-08
375 2.26881e-08
377 2.26942e-08
379 2.22048e-08
381 2.23331e-08
383 2.14768e-08
385 2.12801e-08
387 2.07602e-08
389 2.1066e-08
391 2.035e-08
393 1.99289e-08
395 1.92014e-08
397 1.92702e-08
399 1.92666e-08
401 1.88299e-08
403 1.80289e-08
405 1.76796e-08
407 1.74568e-08
409 1.76455e-08
411 1.76987e-08
413 1.64005e-08
415 1.61484e-08
417 1.59084e-08
419 1.57863e-08
421 1.6581e-08
423 1.55686e-08
425 1.50529e-08
427 1.49469e-08
429 1.44665e-08
431 1.50578e-08
433 1.51713e-08
435 1.42017e-08
437 1.38177e-08
439 1.32255e-08
441 1.35229e-08
443 1.3794e-08
445 1.36079e-08
447 1.27292e-08
449 1.2677e-08
451 1.23082e-08
453 1.19215e-08
455 1.22801e-08
457 1.24927e-08
459 1.19357e-08
461 1.16464e-08
463 1.13884e-08
465 1.07593e-08
467 1.107e-08
469 1.07666e-08
471 1.11993e-08
473 1.07151e-08
475 1.04542e-08
477 1.00869e-08
479 9.55956e-09
481 9.52349e-09
483 9.64517e-09
485 9.23296e-09
487 9.7985e-09
489 9.22639e-09
491 9.10668e-09
493 8.76381e-09
495 8.55814e-09
497 8.48118e-09
499 8.67863e-09
501 8.47643e-09
503 8.08044e-09
505 8.54336e-09
507 8.36378e-09
509 7.95696e-09
511 7.71915e-09
513 7.31229e-09
515 7.83075e-09
517 7.53165e-09
519 7.55728e-09
521 7.06408e-09
523 7.32389e-09
525 7.47122e-09
527 7.25786e-09
529 6.92238e-09
531 6.34904e-09
533 6.73706e-09
535 6.83845e-09
537 6.54115e-09
539 6.52455e-09
541 6.28344e-09
543 6.61224e-09
545 6.3068e-09
547 6.4323e-09
549 6.04037e-09
551 5.78457e-09
553 5.45018e-09
555 5.9355e-09
557 5.43111e-09
559 5.5529e-09
561 5.74288e-09
563 5.44732e-09
565 5.35324e-09
567 5.41372e-09
569 5.52083e-09
571 5.05899e-09
573 5.13574e-09
575 4.93621e-09
577 4.97148e-09
579 4.70446e-09
581 4.78956e-09
583 4.72646e-09
585 4.91141e-09
587 4.79342e-09
589 4.7823e-09
591 4.4136e-09
593 4.68638e-09
595 4.54735e-09
597 4.59685e-09
599 4.25477e-09
601 4.19254e-09
603 4.2878e-09
605 4.16764e-09
607 4.01826e-09
609 4.23561e-09
611 4.15371e-09
613 3.94897e-09
615 3.93999e-09
617 3.9724e-09
619 4.21883e-09
621 3.82726e-09
623 3.74412e-09
625 3.81009e-09
627 4.05883e-09
629 3.55859e-09
631 3.47598e-09
633 3.64209e-09
635 3.48498e-09
637 3.50359e-09
639 3.44024e-09
641 3.55195e-09
643 3.48348e-09
645 3.20043e-09
647 3.41346e-09
649 3.32873e-09
651 3.38662e-09
653 3.34754e-09
655 3.22464e-09
657 3.17233e-09
659 3.23797e-09
661 3.26928e-09
663 2.97444e-09
665 2.92478e-09
667 2.84042e-09
669 3.01883e-09
671 3.09617e-09
673 2.86751e-09
675 3.09966e-09
677 2.95731e-09
679 3.04015e-09
681 2.98408e-09
683 2.79179e-09
685 2.66744e-09
687 2.82995e-09
689 3.03955e-09
691 2.74458e-09
693 2.64762e-09
695 2.80154e-09
697 2.87252e-09
699 2.64534e-09
701 2.3238e-09
703 2.71651e-09
705 2.35797e-09
707 2.52838e-09
709 2.442e-09
711 2.47072e-09
713 2.49959e-09
715 2.47554e-09
717 2.41902e-09
719 2.38706e-09
721 2.2493e-09
723 2.37225e-09
725 2.26975e-09
727 2.25977e-09
729 2.35849e-09
731 2.13667e-09
733 2.14903e-09
735 2.41991e-09
737 2.2735e-09
739 2.168e-09
741 2.22358e-09
743 2.11386e-09
745 2.04189e-09
747 2.06313e-09
749 2.107e-09
751 2.12078e-09
753 2.08584e-09
755 2.07727e-09
757 2.01257e-09
759 2.22768e-09
761 2.16287e-09
763 2.10457e-09
765 2.06647e-09
767 2.03433e-09
769 2.02227e-09
771 2.0427e-09
773 2.07325e-09
775 1.90691e-09
777 1.87928e-09
779 2.12788e-09
781 2.13462e-09
783 2.01746e-09
785 2.03794e-09
787 1.83279e-09
789 1.79655e-09
791 1.94357e-09
793 1.87239e-09
795 1.83305e-09
797 1.86624e-09
799 1.91494e-09
801 1.7761e-09
803 1.68369e-09
805 1.67955e-09
807 1.7564e-09
809 1.65692e-09
811 1.72301e-09
813 1.59764e-09
815 1.67758e-09
817 1.7138e-09
819 1.52942e-09
821 1.65806e-09
823 1.51231e-09
825 1.68723e-09
827 1.48737e-09
829 1.61943e-09
831 1.63615e-09
833 1.60023e-09
835 1.61456e-09
837 1.54294e-09
839 1.55316e-09
841 1.4275e-09
843 1.53287e-09
845 1.45015e-09
847 1.46773e-09
849 1.37955e-09
851 1.5236e-09
853 1.43493e-09
855 1.46672e-09
857 1.39935e-09
859 1.57737e-09
861 1.71331e-09
863 1.56071e-09
865 1.68416e-09
867 1.61057e-09
869 1.7216e-09
871 1.67726e-09
873 1.66719e-09
875 1.60313e-09
877 1.5564e-09
879 1.6239e-09
881 1.64878e-09
883 1.61341e-09
885 1.55924e-09
887 1.50908e-09
889 1.70099e-09
891 1.57749e-09
893 1.45698e-09
895 1.50405e-09
897 1.46858e-09
899 1.42623e-09
901 1.54667e-09
903 1.52185e-09
905 1.43009e-09
907 1.46923e-09
909 1.50944e-09
911 1.4272e-09
913 1.28164e-09
915 1.20385e-09
917 1.34824e-09
919 1.23881e-09
921 1.3286e-09
923 1.32882e-09
925 1.29294e-09
927 1.40376e-09
929 1.27482e-09
931 1.26152e-09
933 1.23451e-09
935 1.32146e-09
937 1.28607e-09
939 1.23645e-09
941 1.22035e-09
943 1.22917e-09
945 1.24792e-09
947 1.13087e-09
949 1.15613e-09
951 1.20676e-09
953 1.17682e-09
955 1.21884e-09
957 1.10143e-09
959 1.12805e-09
961 1.16172e-09
963 1.18966e-09
965 1.23831e-09
967 1.09708e-09
969 1.14131e-09
971 1.21265e-09
973 1.03683e-09
975 1.32852e-09
977 1.32477e-09
979 1.18185e-09
981 1.23681e-09
983 1.80839e-09
985 2.21147e-09
987 2.25694e-09
989 2.33528e-09
991 2.28377e-09
993 2.26802e-09
995 2.35677e-09
997 2.35409e-09
999 2.07788e-09
1001 2.00677e-09
1003 2.0266e-09
1005 2.00575e-09
1007 2.0343e-09
1009 1.87865e-09
1011 1.90761e-09
1013 2.05893e-09
1015 1.90075e-09
1017 2.01919e-09
1019 1.83564e-09
1021 1.95267e-09
1023 1.84122e-09
1025 1.88142e-09
1027 1.84224e-09
1029 1.74056e-09
1031 1.74895e-09
1033 1.75474e-09
1035 1.80534e-09
1037 1.78903e-09
1039 1.83938e-09
1041 1.92907e-09
1043 1.83397e-09
1045 1.68984e-09
1047 1.72934e-09
1049 1.7524e-09
1051 1.69447e-09
1053 1.70078e-09
1055 1.64497e-09
1057 1.64895e-09
1059 1.73581e-09
1061 1.72538e-09
1063 1.69735e-09
1065 1.73005e-09
1067 2.09761e-09
1069 1.96983e-09
1071 1.99184e-09
1073 1.89709e-09
1075 1.94049e-09
1077 1.97868e-09
1079 1.96832e-09
1081 1.89996e-09
1083 1.87379e-09
1085 1.88915e-09
1087 2.04286e-09
1089 2.07863e-09
1091 2.08306e-09
1093 3.11582e-09
1095 3.67731e-09
1097 3.717e-09
1099 4.11471e-09
1101 3.68108e-09
1103 4.11687e-09
1105 5.47582e-09
1107 6.12139e-09
1109 1.11396e-08
1111 9.20723e-09
1113 0
1115 0
1117 0
1119 0
1121 0
1123 0
1125 0
1127 0
1129 0
1131 0
1133 0
1135 0
1137 0
1139 0
1141 0
1143 0
1145 0
1147 0
1149 0
1151 0
1153 0
1155 0
1157 0
1159 0
1161 0
1163 0
1165 0
1167 0
1169 0
1171 0
1173 0
1175 0
1177 0
1179 0
1181 0
1183 0
1185 0
1187 0
1189 0
1191 0
1193 0
1195 0
1197 0
1199 0
1201 0
1203 0
1205 0
1207 0
1209 0
1211 0
1213 0
1215 0
1217 0
1219 0
1221 0
1223 0
1225 0
1227 0
1229 0
1231 0
1233 0
1235 0
1237 0
1239 0
1241 0
1243 0
1245 0
1247 0
1249 0
1251 0
1253 0
1255 0
1257 0
1259 0
1261 0
1263 0
1265 0
1267 0
1269 0
1271 0
1273 0
1275 0
1277 0
1279 0
1281 0
1283 0
1285 0
1287 0
1289 0
1291 0
1293 0
1295 0
1297 0
1299 0
1301 0
1303 0
1305 0
1307 0
1309 0
1311 0
1313 0
1315 0
1317 0
1319 0
1321 0
1323 0
1325 0
1327 0
1329 0
1331 0
1333 0
1335 0
1337 0
1339 0
1341 0
1343 0
1345 0
1347 0
1349 0
1351 0
1353 0
1355 0
1357 0
1359 0
1361 0
1363 0
1365 0
1367 0
1369 0
1371 0
1373 0
1375 0
1377 0
1379 0
1381 0
1383 0
1385 0
1387 0
1389 0
1391 0
1393 0
1395 0
1397 0
1399 0
1401 0
1403 0
1405 0
1407 0
1409 0
1411 0
1413 0
1415 0
1417 0
1419 0
1421 0
1423 0
1425 0
1427 0
1429 0
1431 0
1433 0
1435 0
1437 0
1439 0
1441 0
1443 0
1445 0
1447 0
1449 0
1451 0
1453 0
1455 0
1457 0
1459 0
1461 0
1463 0
1465 0
1467 0
1469 0
1471 0
1473 0
1475 0
1477 0
1479 0
1481 0
1483 0
1485 0
1487 0
1489 0
1491 0
1493 0
1495 0
1497 0
1499 0
1501 0
1503 0
1505 0
1507 0
1509 0
1511 0
1513 0
1515 0
1517 0
1519 0
1521 0
1523 0
1525 0
1527 0
1529 0
1531 0
1533 0
1535 0
1537 0
1539 0
1541 0
1543 0
1545 0
1547 0
1549 0
1551 0
1553 0
1555 0
1557 0
1559 0
1561 0
1563 0
1565 0
1567 0
1569 0
1571 0
1573 0
1575 0
1577 0
1579 0
1581 0
1583 0
1585 0
1587 0
1589 0
1591 0
1593 0
1595 0
1597 0
1599 0
1601 0
1603 0
1605 0
1607 0
1609 0
1611 0
1613 0
1615 0
1617 0
1619 0
1621 0
1623 0
1625 0
1627 0
1629 0
1631 0
1633 0
1635 0
1637 0
1639 0
1641 0
1643 0
1645 0
1647 0
1649 0
1651 0
1653 0
1655 0
1657 0
1659 0
1661 0
1663 0
1665 0
1667 0
1669 0
1671 0
1673 0
1675 0
1677 0
1679 0
1681 0
1683 0
1685 0
1687 0
1689 0
1691 0
1693 0
1695 0
1697 0
1699 0
1701 0
1703 0
1705 0
1707 0
1709 0
1711 0
1713 0
1715 0
1717 0
1719 0
1721 0
1723 0
1725 0
1727 0
1729 0
1731 0
1733 0
1735 0
1737 0
1739 0
1741 0
1743 0
1745 0
1747 0
1749 0
1751 0
1753 0
1755 0
1757 0
1759 0
1761 0
1763 0
1765 0
1767 0
1769 0
1771 0
1773 0
1775 0
1777 0
1779 0
1781 0
1783 0
1785 0
1787 0
1789 0
1791 0
1793 0
1795 0
1797 0
1799 0
1801 0
1803 0
1805 0
1807 0
1809 0
1811 0
1813 0
1815 0
1817 0
1819 0
1821 0
1823 0
1825 0
1827 0
1829 0
1831 0
1833 0
1835 0
1837 0
1839 0
1841 0
1843 0
1845 0
1847 0
1849 0
1851 0
1853 0
1855 0
1857 0
1859 0
1861 0
1863 0
1865 0
1867 0
1869 0
1871 0
1873 0
1875 0
1877 0
1879 0
1881 0
1883 0
1885 0
1887 0
1889 0
1891 0
1893 0
1895 0
1897 0
1899 0
1901 0
1903 0
1905 0
1907 0
1909 0
1911 0
1913 0
1915 0
1917 0
1919 0
1921 0
1923 0
1925 0
1927 0
1929 0
1931 0
1933 0
1935 0
1937 0
1939 0
1941 0
1943 0
1945 0
1947 0
1949 0
1951 0
1953 0
1955 0
1957 0
1959 0
1961 0
1963 0
1965 0
1967 0
1969 0
1971 0
1973 0
1975 0
1977 0
1979 0
1981 0
1983 0
1985 0
1987 0
1989 0
1991 0
1993 0
1995 0
1997 0
1999 0
