1 0
3 0
5 0
7 0
9 0
11 0
13 0
15 0
17 0
19 0
21 0
23 0
25 5.82852e-07
27 2.50026e-05
29 0.000205113
31 0.000586622
33 0.000850692
35 0.000839409
37 0.0006756
39 0.000496569
41 0.000363354
43 0.000275115
45 0.000218649
47 0.000179883
49 0.000150638
51 0.000129544
53 0.000111693
55 9.6877e-05
57 8.42067e-05
59 7.33833e-05
61 6.44932e-05
63 5.65791e-05
65 5.01174e-05
67 4.44553e-05
69 3.98192e-05
71 3.59136e-05
73 3.20418e-05
75 2.91307e-05
77 2.64109e-05
79 2.40129e-05
81 2.20161e-05
83 2.01238e-05
85 1.84806e-05
87 1.69659e-05
89 1.56408e-05
91 1.45751e-05
93 1.34318e-05
95 1.24423e-05
97 1.16106e-05
99 1.0825e-05
101 1.00764e-05
103 9.40123e-06
105 8.82242e-06
107 8.30108e-06
109 7.75771e-06
111 7.3202e-06
113 6.85849e-06
115 6.45479e-06
117 6.09602e-06
119 5.78501e-06
121 5.46785e-06
123 5.18735e-06
125 4.91525e-06
127 4.66866e-06
129 4.4311e-06
131 4.20889e-06
133 4.01128e-06
135 3.80712e-06
137 3.62452e-06
139 3.45175e-06
141 3.2958e-06
143 3.15777e-06
145 3.00883e-06
147 2.88339e-06
149 2.75774e-06
151 2.6303e-06
153 2.52267e-06
155 2.41003e-06
157 2.32706e-06
159 2.22791e-06
161 2.13609e-06
163 2.04672e-06
165 1.96868e-06
167 1.89527e-06
169 1.82626e-06
171 1.74891e-06
173 1.67066e-06
175 1.63325e-06
177 1.56482e-06
179 1.49933e-06
181 1.45081e-06
183 1.40475e-06
185 1.35147e-06
187 1.29708e-06
189 1.2623e-06
191 1.21452e-06
193 1.17318e-06
195 1.13602e-06
197 1.10417e-06
199 1.05255e-06
201 1.03357e-06
203 9.9157e-07
205 9.5912e-07
207 9.41872e-07
209 8.9678e-07
211 8.77235e-07
213 8.49615e-07
215 8.21516e-07
217 7.97969e-07
219 7.76199e-07
221 7.49191e-07
223 7.33023e-07
225 7.08819e-07
227 6.95262e-07
229 6.65021e-07
231 6.5207e-07
233 6.31929e-07
235 6.13247e-07
237 6.02112e-07
239 5.76619e-07
241 5.6723e-07
243 5.48726e-07
245 5.36166e-07
247 5.22523e-07
249 5.08567e-07
251 4.94735e-07
253 4.78348e-07
255 4.72075e-07
257 4.55999e-07
259 4.48011e-07
261 4.31787e-07
263 4.28178e-07
265 4.10202e-07
267 4.065e-07
269 3.89598e-07
271 3.8588e-07
273 3.72207e-07
275 3.66153e-07
277 3.52702e-07
279 3.46803e-07
281 3.31942e-07
283 3.32793e-07
285 3.22658e-07
287 3.102e-07
289 3.04825e-07
291 3.00046e-07
293 2.88326e-07
295 2.95124e-07
297 2.88572e-07
299 2.79624e-07
301 2.73827e-07
303 2.73781e-07
305 2.60884e-07
307 2.55839e-07
309 2.54729e-07
311 2.41447e-07
313 2.41519e-07
315 2.33702e-07
317 2.28682e-07
319 2.22258e-07
321 2.21169e-07
323 2.12288e-07
325 2.11659e-07
327 2.07725e-07
329 2.03588e-07
331 2.00806e-07
333 1.94393e-07
335 1.93176e-07
337 1.85085e-07
339 1.86062e-07
341 1.8005e-07
343 1.77819e-07
345 1.73646e-07
347 1.70161e-07
349 1.67172e-07
351 1.65704e-07
353 1.59959e-07
355 1.58614e-07
357 1.55422e-07
359 1.5198e-07
361 1.51096e-07
363 1.45532e-07
365 1.46052e-07
367 1.40196e-07
369 1.40739e-07
371 1.35907e-07
373 1.34141e-07
375 1.32555e-07
377 1.29703e-07
379 1.28005e-07
381 1.25077e-07
383 1.24177e-07
385 1.21378e-07
387 1.17651e-07
389 1.18858e-07
391 1.15417e-07
393 1.11585e-07
395 1.12602e-07
397 1.08963e-07
399 1.06431e-07
401 1.07082e-07
403 1.03785e-07
405 1.02392e-07
407 1.01721e-07
409 9.85194e-08
411 9.76756e-08
413 9.7628e-08
415 9.38863e-08
417 9.32445e-08
419 9.25708e-08
421 9.01045e-08
423 8.80894e-08
425 8.8093e-08
427 8.56147e-08
429 8.56466e-08
431 8.30271e-08
433 8.21246e-08
435 8.20522e-08
437 8.01013e-08
439 7.82456e-08
441 7.68953e-08
443 7.82769e-08
445 7.48043e-08
447 7.38452e-08
449 7.30771e-08
451 7.29793e-08
453 7.05898e-08
455 7.10881e-08
457 6.85401e-08
459 6.89415e-08
461 6.67936e-08
463 6.6061e-08
465 6.59366e-08
467 6.44195e-08
469 6.31698e-08
471 6.31115e-08
473 6.33335e-08
475 5.95785e-08
477 5.99689e-08
479 6.02133e-08
481 5.89826e-08
483 5.74406e-08
485 5.66863e-08
487 5.69738e-08
489 5.56098e-08
491 5.54217e-08
493 5.35295e-08
495 5.35264e-08
497 5.30517e-08
499 5.28442e-08
501 5.14139e-08
503 5.07238e-08
505 5.03648e-08
507 5.0755e-08
509 4.8858e-08
511 4.90729e-08
513 4.67734e-08
515 4.79161e-08
517 4.72465e-08
519 4.68001e-08
521 4.50607e-08
523 4.5393e-08
525 4.46144e-08
527 4.41682e-08
529 4.47892e-08
531 4.21069e-08
533 4.40216e-08
535 4.15058e-08
537 4.12651e-08
539 4.21605e-08
541 4.0511e-08
543 4.06581e-08
545 4.04978e-08
547 3.83258e-08
549 3.97143e-08
551 3.91599e-08
553 3.80774e-08
555 3.82192e-08
557 3.68528e-08
559 3.66558e-08
561 3.70471e-08
563 3.75308e-08
565 3.559e-08
567 3.61111e-08
569 3.47945e-08
571 3.44484e-08
573 3.44724e-08
575 3.51272e-08
577 3.34398e-08
579 3.44652e-08
581 3.23678e-08
583 3.26389e-08
585 3.20675e-08
587 3.33298e-08
589 3.21171e-08
591 3.20534e-08
593 3.10989e-08
595 3.11713e-08
597 2.96391e-08
599 3.1198e-08
601 3.08521e-08
603 3.03254e-08
605 2.96892e-08
607 2.97346e-08
609 2.8061e-08
611 2.8841e-08
613 2.86851e-08
615 2.97352e-08
617 2.84499e-08
619 2.78918e-08
621 2.74868e-08
623 2.74546e-08
625 2.73312e-08
627 2.76523e-08
629 2.77879e-08
631 2.70612e-08
633 2.63385e-08
635 2.58395e-08
637 2.59205e-08
639 2.58552e-08
641 2.61112e-08
643 2.59422e-08
645 2.62089e-08
647 2.48093e-08
649 2.47546e-08
651 2.49876e-08
653 2.51944e-08
655 2.4847e-08
657 2.48344e-08
659 2.50142e-08
661 2.43309e-08
663 2.32358e-08
665 2.35306e-08
667 2.42075e-08
669 2.34002e-08
671 2.38864e-08
673 2.41873e-08
675 2.30337e-08
677 2.30208e-08
679 2.30384e-08
681 2.33533e-08
683 2.32452e-08
685 2.29676e-08
687 2.37041e-08
689 2.27968e-08
691 2.27616e-08
693 2.27365e-08
695 2.28407e-08
697 2.27939e-08
699 2.31132e-08
701 2.34146e-08
703 2.37627e-08
705 2.30506e-08
707 2.40001e-08
709 2.36734e-08
711 2.42582e-08
713 2.39643e-08
715 2.56539e-08
717 2.49815e-08
719 2.54231e-08
721 2.66419e-08
723 2.6469e-08
725 2.76624e-08
727 2.91129e-08
729 3.07595e-08
731 3.09297e-08
733 3.24843e-08
735 3.52356e-08
737 3.8637e-08
739 4.30701e-08
741 5.212e-08
743 6.71585e-08
745 1.25466e-07
747 3.23561e-10
749 2.15707e-10
751 3.2197e-10
753 2.13266e-10
755 3.6634e-10
757 3.11672e-10
759 2.59727e-10
761 3.11672e-10
763 3.10069e-10
765 2.55012e-10
767 3.52153e-10
769 2.50183e-10
771 3.00219e-10
773 3.0022e-10
775 2.48458e-10
777 3.43258e-10
779 2.30636e-10
781 3.37387e-10
783 3.25337e-10
785 2.40969e-10
787 3.34454e-10
789 2.70799e-10
791 1.40125e-10
793 4.64272e-10
795 2.66956e-10
797 2.32086e-10
799 3.69592e-10
801 2.62091e-10
803 2.69323e-10
805 3.57791e-10
807 2.57162e-10
809 3.13067e-10
811 2.67286e-10
813 2.96199e-10
815 2.60344e-10
817 2.69558e-10
819 3.33937e-10
821 2.58532e-10
823 2.58111e-10
825 3.2908e-10
827 3.35389e-10
829 2.4914e-10
831 3.21752e-10
833 2.90615e-10
835 3.73071e-10
837 2.76459e-10
839 2.84053e-10
841 4.01086e-10
843 2.30008e-10
845 3.60013e-10
847 4.00014e-10
849 2.38683e-10
851 3.44037e-10
853 4.2689e-10
855 2.69792e-10
857 2.98699e-10
859 5.01043e-10
861 3.45834e-10
863 2.56515e-10
865 4.88768e-10
867 3.347e-10
869 2.13528e-10
871 5.19895e-10
873 2.23428e-10
875 3.22945e-10
877 5.00527e-10
879 2.158e-10
881 3.84638e-10
883 4.57206e-10
885 2.86242e-10
887 3.83996e-10
889 4.14405e-10
891 2.80026e-10
893 4.40762e-10
895 2.67179e-10
897 4.19753e-10
899 3.81339e-10
901 3.28643e-10
903 4.4213e-10
905 3.35271e-10
907 3.48993e-10
909 5.64683e-10
911 2.32517e-10
913 4.89878e-10
915 5.52282e-10
917 3.29763e-10
919 4.34512e-10
921 5.15575e-10
923 3.84333e-10
925 2.41144e-10
927 6.12242e-10
929 5.49579e-10
931 2.42639e-10
933 5.36597e-10
935 5.03418e-10
937 3.11875e-10
939 5.98091e-10
941 3.85347e-10
943 4.33879e-10
945 4.08709e-10
947 4.8122e-10
949 4.33581e-10
951 3.10487e-10
953 5.29615e-10
955 4.05925e-10
957 3.10996e-10
959 4.54985e-10
961 4.90217e-10
963 5.18337e-10
965 2.7537e-10
967 5.13695e-10
969 4.73525e-10
971 4.28644e-10
973 3.10017e-10
975 5.72113e-10
977 6.06698e-10
979 3.37784e-10
981 3.62277e-10
983 6.11388e-10
985 4.89574e-10
987 3.07393e-10
989 4.45859e-10
991 5.6195e-10
993 6.06824e-10
995 2.15345e-10
997 6.84993e-10
999 4.91142e-10
1001 5.09817e-10
1003 2.05299e-10
1005 7.74717e-10
1007 3.86719e-10
1009 4.9638e-10
1011 2.29112e-10
1013 7.25382e-10
1015 5.24096e-10
1017 5.38272e-10
1019 2.38132e-10
1021 5.74656e-10
1023 6.01372e-10
1025 4.31913e-10
1027 3.75019e-10
1029 4.9119e-10
1031 5.81408e-10
1033 4.73754e-10
1035 4.33352e-10
1037 4.72689e-10
1039 5.66091e-10
1041 4.64315e-10
1043 4.92343e-10
1045 5.28563e-10
1047 5.04633e-10
1049 3.62475e-10
1051 4.72072e-10
1053 3.33707e-10
1055 6.62502e-10
1057 5.53017e-10
1059 4.05976e-10
1061 5.58349e-10
1063 6.13127e-10
1065 6.29754e-10
1067 4.09835e-10
1069 5.58631e-10
1071 4.78514e-10
1073 5.47414e-10
1075 5.68722e-10
1077 5.44198e-10
1079 4.92815e-10
1081 5.7373e-10
1083 5.81983e-10
1085 3.69526e-10
1087 5.63168e-10
1089 5.98487e-10
1091 3.91535e-10
1093 5.96869e-10
1095 4.65966e-10
1097 4.5628e-10
1099 7.10023e-10
1101 3.5998e-10
1103 5.01235e-10
1105 5.21353e-10
1107 5.29226e-10
1109 6.15143e-10
1111 4.97014e-10
1113 5.64324e-10
1115 5.43855e-10
1117 4.44159e-10
1119 5.40575e-10
1121 5.03621e-10
1123 5.16117e-10
1125 5.13403e-10
1127 5.10352e-10
1129 5.24882e-10
1131 5.75694e-10
1133 4.74767e-10
1135 4.95811e-10
1137 5.35969e-10
1139 5.27602e-10
1141 5.91232e-10
1143 4.73734e-10
1145 4.20754e-10
1147 4.8705e-10
1149 5.62744e-10
1151 5.61289e-10
1153 5.63604e-10
1155 4.09477e-10
1157 4.78477e-10
1159 5.10216e-10
1161 4.34904e-10
1163 6.19437e-10
1165 4.05348e-10
1167 6.16822e-10
1169 4.23835e-10
1171 3.92408e-10
1173 5.10987e-10
1175 5.39599e-10
1177 4.38684e-10
1179 6.88507e-10
1181 3.19155e-10
1183 4.40705e-10
1185 6.21227e-10
1187 4.65484e-10
1189 5.94531e-10
1191 5.16966e-10
1193 3.72063e-10
1195 4.31547e-10
1197 6.67063e-10
1199 3.87724e-10
1201 6.35488e-10
1203 5.04227e-10
1205 4.41791e-10
1207 4.71245e-10
1209 5.59348e-10
1211 3.69483e-10
1213 7.67329e-10
1215 2.75372e-10
1217 4.91001e-10
1219 4.6317e-10
1221 5.74921e-10
1223 4.07044e-10
1225 7.41074e-10
1227 2.78779e-10
1229 4.97639e-10
1231 4.65903e-10
1233 5.03512e-10
1235 6.07906e-10
1237 6.96988e-10
1239 2.99895e-10
1241 4.23599e-10
1243 4.59432e-10
1245 5.0159e-10
1247 6.0593e-10
1249 5.55742e-10
1251 4.42743e-10
1253 4.11306e-10
1255 5.67125e-10
1257 4.0596e-10
1259 6.50302e-10
1261 4.6565e-10
1263 5.45669e-10
1265 5.38351e-10
1267 4.07956e-10
1269 4.15378e-10
1271 4.99058e-10
1273 5.62641e-10
1275 5.09747e-10
1277 5.45926e-10
1279 6.2935e-10
1281 3.46996e-10
1283 4.78347e-10
1285 5.66953e-10
1287 4.40469e-10
1289 5.26921e-10
1291 5.75822e-10
1293 5.40746e-10
1295 3.69556e-10
1297 5.35878e-10
1299 4.6519e-10
1301 4.8406e-10
1303 6.02655e-10
1305 4.6872e-10
1307 6.14543e-10
1309 4.49848e-10
1311 5.17959e-10
1313 4.11304e-10
1315 5.20513e-10
1317 4.40777e-10
1319 5.08365e-10
1321 5.91286e-10
1323 5.27065e-10
1325 5.45424e-10
1327 4.34259e-10
1329 4.44147e-10
1331 5.57724e-10
1333 5.74155e-10
1335 4.04101e-10
1337 4.22544e-10
1339 6.86683e-10
1341 3.68992e-10
1343 5.20822e-10
1345 5.09298e-10
1347 5.49332e-10
1349 4.03069e-10
1351 4.44479e-10
1353 5.85118e-10
1355 3.56456e-10
1357 3.91276e-10
1359 5.01309e-10
1361 5.85988e-10
1363 5.29048e-10
1365 3.98214e-10
1367 5.14094e-10
1369 4.24612e-10
1371 5.10718e-10
1373 4.57657e-10
1375 5.45498e-10
1377 5.77628e-10
1379 5.6763e-10
1381 4.45793e-10
1383 4.39198e-10
1385 4.91403e-10
1387 4.93445e-10
1389 5.09046e-10
1391 4.91978e-10
1393 4.77526e-10
1395 5.58802e-10
1397 3.15589e-10
1399 4.47917e-10
1401 5.89572e-10
1403 3.59285e-10
1405 4.45259e-10
1407 5.76046e-10
1409 5.15163e-10
1411 4.64512e-10
1413 4.62272e-10
1415 3.93796e-10
1417 5.42355e-10
1419 3.41571e-10
1421 5.40302e-10
1423 4.31433e-10
1425 6.28029e-10
1427 5.15167e-10
1429 4.42554e-10
1431 3.1799e-10
1433 4.76289e-10
1435 4.93293e-10
1437 3.25505e-10
1439 5.33038e-10
1441 6.43923e-10
1443 4.52424e-10
1445 4.89062e-10
1447 3.29079e-10
1449 4.08906e-10
1451 5.8717e-10
1453 2.2625e-10
1455 4.21527e-10
1457 6.60264e-10
1459 5.77914e-10
1461 5.38784e-10
1463 4.79711e-10
1465 4.24958e-10
1467 4.03631e-10
1469 5.98619e-10
1471 2.79856e-10
1473 4.4529e-10
1475 5.60763e-10
1477 5.51294e-10
1479 5.23318e-10
1481 4.92554e-10
1483 4.19217e-10
1485 3.73455e-10
1487 5.46696e-10
1489 3.84189e-10
1491 3.17394e-10
1493 5.29784e-10
1495 6.08115e-10
1497 4.3857e-10
1499 5.8156e-10
1501 3.3963e-10
1503 5.22226e-10
1505 4.26502e-10
1507 4.35358e-10
1509 3.59886e-10
1511 5.07488e-10
1513 5.82526e-10
1515 5.34306e-10
1517 4.4722e-10
1519 3.53726e-10
1521 3.9829e-10
1523 4.37068e-10
1525 5.75283e-10
1527 3.34435e-10
1529 4.89862e-10
1531 5.35964e-10
1533 5.60291e-10
1535 5.79794e-10
1537 3.83594e-10
1539 4.25248e-10
1541 3.84533e-10
1543 5.11472e-10
1545 2.94707e-10
1547 5.01155e-10
1549 3.32171e-10
1551 5.53057e-10
1553 6.20006e-10
1555 5.1949e-10
1557 3.78298e-10
1559 5.19178e-10
1561 3.69031e-10
1563 4.79984e-10
1565 3.95983e-10
1567 4.50771e-10
1569 4.54013e-10
1571 4.41581e-10
1573 7.16836e-10
1575 4.3016e-10
1577 4.17322e-10
1579 3.0989e-10
1581 4.55088e-10
1583 4.77286e-10
1585 3.88689e-10
1587 3.42479e-10
1589 5.14432e-10
1591 5.54838e-10
1593 5.17323e-10
1595 6.47576e-10
1597 3.39544e-10
1599 2.93282e-10
1601 3.52611e-10
1603 4.47711e-10
1605 4.71788e-10
1607 2.77818e-10
1609 3.30571e-10
1611 5.02082e-10
1613 5.5341e-10
1615 4.7078e-10
1617 5.1835e-10
1619 4.19567e-10
1621 3.94649e-10
1623 2.6521e-10
1625 5.36557e-10
1627 4.94487e-10
1629 3.07754e-10
1631 3.00995e-10
1633 6.35521e-10
1635 4.08943e-10
1637 5.36175e-10
1639 4.79253e-10
1641 5.0694e-10
1643 3.42322e-10
1645 3.23929e-10
1647 4.03434e-10
1649 4.13558e-10
1651 4.10586e-10
1653 3.38214e-10
1655 4.5238e-10
1657 4.95651e-10
1659 5.15336e-10
1661 4.34662e-10
1663 5.07338e-10
1665 4.29734e-10
1667 3.20453e-10
1669 2.94787e-10
1671 3.73195e-10
1673 5.1287e-10
1675 3.54968e-10
1677 2.85566e-10
1679 6.14573e-10
1681 3.64183e-10
1683 4.56029e-10
1685 4.63699e-10
1687 4.90925e-10
1689 4.00306e-10
1691 3.06173e-10
1693 4.59365e-10
1695 3.60247e-10
1697 4.31468e-10
1699 4.31761e-10
1701 4.25887e-10
1703 5.10485e-10
1705 3.99682e-10
1707 4.32431e-10
1709 3.99595e-10
1711 5.58942e-10
1713 3.9099e-10
1715 4.08764e-10
1717 3.33819e-10
1719 3.94157e-10
1721 3.32478e-10
1723 3.54818e-10
1725 5.14121e-10
1727 3.55631e-10
1729 5.36591e-10
1731 3.58962e-10
1733 5.31594e-10
1735 4.69393e-10
1737 4.40252e-10
1739 3.24788e-10
1741 4.04769e-10
1743 2.69678e-10
1745 4.44665e-10
1747 2.80085e-10
1749 4.83968e-10
1751 4.4336e-10
1753 3.80663e-10
1755 4.41173e-10
1757 5.23836e-10
1759 5.22041e-10
1761 4.97783e-10
1763 3.92112e-10
1765 3.73267e-10
1767 4.05262e-10
1769 2.69395e-10
1771 4.18933e-10
1773 3.10257e-10
1775 5.29338e-10
1777 4.89363e-10
1779 3.20384e-10
1781 5.17384e-10
1783 3.89443e-10
1785 4.40876e-10
1787 5.35593e-10
1789 4.48208e-10
1791 3.94422e-10
1793 3.97613e-10
1795 2.87377e-10
1797 3.11729e-10
1799 4.55734e-10
1801 3.45775e-10
1803 3.35953e-10
1805 4.87814e-10
1807 4.50048e-10
1809 4.63008e-10
1811 4.04708e-10
1813 4.60625e-10
1815 5.5723e-10
1817 4.17808e-10
1819 3.08903e-10
1821 3.93756e-10
1823 2.33655e-10
1825 4.92548e-10
1827 3.68932e-10
1829 3.25787e-10
1831 2.95759e-10
1833 5.24966e-10
1835 4.80231e-10
1837 4.34925e-10
1839 4.09639e-10
1841 3.22478e-10
1843 5.97103e-10
1845 4.28562e-10
1847 3.36439e-10
1849 3.60662e-10
1851 3.10548e-10
1853 3.71455e-10
1855 4.4565e-10
1857 2.91344e-10
1859 3.77764e-10
1861 3.411e-10
1863 5.98639e-10
1865 4.25539e-10
1867 3.40673e-10
1869 4.37085e-10
1871 3.73044e-10
1873 4.02092e-10
1875 4.58452e-10
1877 3.44983e-10
1879 3.50959e-10
1881 3.64107e-10
1883 3.12051e-10
1885 2.92402e-10
1887 5.19861e-10
1889 3.21942e-10
1891 4.359e-10
1893 6.48162e-10
1895 3.53655e-10
1897 2.86649e-10
1899 5.22699e-10
1901 3.30593e-10
1903 4.75161e-10
1905 4.54731e-10
1907 3.01633e-10
1909 3.5627e-10
1911 3.65671e-10
1913 3.13639e-10
1915 3.64082e-10
1917 3.57626e-10
1919 5.18931e-10
1921 4.27371e-10
1923 4.87108e-10
1925 3.95571e-10
1927 3.6251e-10
1929 3.47585e-10
1931 4.29224e-10
1933 3.49294e-10
1935 3.40327e-10
1937 5.12188e-10
1939 2.42261e-10
1941 3.01262e-10
1943 3.47335e-10
1945 3.48515e-10
1947 3.73901e-10
1949 3.73842e-10
1951 4.80308e-10
1953 4.11396e-10
1955 4.86585e-10
1957 3.12507e-10
1959 4.67575e-10
1961 3.41622e-10
1963 3.47768e-10
1965 3.24664e-10
1967 4.45509e-10
1969 4.60956e-10
1971 3.23332e-10
1973 2.84264e-10
1975 2.72559e-10
1977 4.1877e-10
1979 3.26157e-10
1981 2.71109e-10
1983 4.8963e-10
1985 4.49577e-10
1987 4.46515e-10
1989 2.49188e-10
1991 3.97845e-10
1993 3.71099e-10
1995 3.67629e-10
1997 3.61518e-10
1999 3.60348e-10
