1 0
3 0
5 0
7 0
9 0
11 0
13 0
15 0
17 0
19 0
21 0
23 2.01481e-09
25 1.15361e-06
27 3.06562e-05
29 0.000152447
31 0.000277839
33 0.000283386
35 0.000213637
37 0.000145303
39 0.000101489
41 7.71055e-05
43 6.19957e-05
45 5.14207e-05
47 4.30441e-05
49 3.60923e-05
51 3.0496e-05
53 2.58763e-05
55 2.20717e-05
57 1.89647e-05
59 1.64346e-05
61 1.43477e-05
63 1.26222e-05
65 1.11623e-05
67 9.93909e-06
69 8.91413e-06
71 8.03837e-06
73 7.24418e-06
75 6.59362e-06
77 6.0202e-06
79 5.4838e-06
81 5.05087e-06
83 4.62749e-06
85 4.28199e-06
87 3.95468e-06
89 3.6556e-06
91 3.40788e-06
93 3.15933e-06
95 2.93904e-06
97 2.75038e-06
99 2.57318e-06
101 2.4005e-06
103 2.24852e-06
105 2.11268e-06
107 1.98685e-06
109 1.87067e-06
111 1.76197e-06
113 1.65976e-06
115 1.56564e-06
117 1.47927e-06
119 1.39839e-06
121 1.32472e-06
123 1.25511e-06
125 1.19108e-06
127 1.13032e-06
129 1.07402e-06
131 1.02133e-06
133 9.71514e-07
135 9.24049e-07
137 8.80031e-07
139 8.38838e-07
141 8.00782e-07
143 7.64929e-07
145 7.31876e-07
147 7.00651e-07
149 6.69829e-07
151 6.39805e-07
153 6.11237e-07
155 5.86114e-07
157 5.63473e-07
159 5.41207e-07
161 5.18779e-07
163 4.96043e-07
165 4.76889e-07
167 4.60302e-07
169 4.43388e-07
171 4.23664e-07
173 4.08233e-07
175 3.94841e-07
177 3.80422e-07
179 3.64582e-07
181 3.52046e-07
183 3.41707e-07
185 3.27473e-07
187 3.15731e-07
189 3.06767e-07
191 2.95531e-07
193 2.83858e-07
195 2.76923e-07
197 2.6661e-07
199 2.56791e-07
201 2.50488e-07
203 2.41226e-07
205 2.32951e-07
207 2.27606e-07
209 2.18504e-07
211 2.12592e-07
213 2.06906e-07
215 1.9872e-07
217 1.94646e-07
219 1.87752e-07
221 1.81944e-07
223 1.78128e-07
225 1.71011e-07
227 1.67862e-07
229 1.61596e-07
231 1.57619e-07
233 1.53663e-07
235 1.48254e-07
237 1.45841e-07
239 1.39996e-07
241 1.37793e-07
243 1.32757e-07
245 1.30113e-07
247 1.26283e-07
249 1.22923e-07
251 1.2009e-07
253 1.16247e-07
255 1.14255e-07
257 1.10221e-07
259 1.08662e-07
261 1.04652e-07
263 1.03311e-07
265 9.94367e-08
267 9.80851e-08
269 9.65231e-08
271 9.52569e-08
273 9.35721e-08
275 9.26585e-08
277 8.93536e-08
279 8.80791e-08
281 8.45558e-08
283 8.33716e-08
285 8.03539e-08
287 7.95588e-08
289 7.66098e-08
291 7.5523e-08
293 7.29109e-08
295 7.20058e-08
297 6.96932e-08
299 6.8383e-08
301 6.65157e-08
303 6.51232e-08
305 6.35328e-08
307 6.2022e-08
309 6.07988e-08
311 5.90574e-08
313 5.8264e-08
315 5.62533e-08
317 5.5734e-08
319 5.38395e-08
321 5.31909e-08
323 5.16793e-08
325 5.09595e-08
327 5.02926e-08
329 4.91094e-08
331 4.86279e-08
333 4.71055e-08
335 4.6533e-08
337 4.51803e-08
339 4.44982e-08
341 4.35991e-08
343 4.26816e-08
345 4.212e-08
347 4.10137e-08
349 4.04911e-08
351 3.95655e-08
353 3.89207e-08
355 3.81977e-08
357 3.73826e-08
359 3.68648e-08
361 3.60657e-08
363 3.54487e-08
365 3.49006e-08
367 3.41318e-08
369 3.37062e-08
371 3.29503e-08
373 3.23921e-08
375 3.1956e-08
377 3.121e-08
379 3.08637e-08
381 3.0205e-08
383 2.97359e-08
385 2.92379e-08
387 2.86668e-08
389 2.82898e-08
391 2.77524e-08
393 2.72579e-08
395 2.6882e-08
397 2.63658e-08
399 2.59643e-08
401 2.55311e-08
403 2.51222e-08
405 2.47719e-08
407 2.43091e-08
409 2.38772e-08
411 2.36022e-08
413 2.31584e-08
415 2.27871e-08
417 2.24752e-08
419 2.20981e-08
421 2.17813e-08
423 2.14095e-08
425 2.10805e-08
427 2.07814e-08
429 2.04221e-08
431 2.01386e-08
433 1.98508e-08
435 1.95476e-08
437 1.92257e-08
439 1.89636e-08
441 1.86941e-08
443 1.84143e-08
445 1.81301e-08
447 1.78821e-08
449 1.76208e-08
451 1.73632e-08
453 1.71548e-08
455 1.68479e-08
457 1.6631e-08
459 1.64348e-08
461 1.62183e-08
463 1.59073e-08
465 1.57515e-08
467 1.55444e-08
469 1.53571e-08
471 1.50899e-08
473 1.48562e-08
475 1.47459e-08
477 1.45261e-08
479 1.43292e-08
481 1.40385e-08
483 1.39718e-08
485 1.37839e-08
487 1.35903e-08
489 1.33579e-08
491 1.32491e-08
493 1.30718e-08
495 1.2892e-08
497 1.26936e-08
499 1.25506e-08
501 1.24685e-08
503 1.22874e-08
505 1.20659e-08
507 1.19372e-08
509 1.18314e-08
511 1.16701e-08
513 1.1531e-08
515 1.13355e-08
517 1.12302e-08
519 1.11403e-08
521 1.09985e-08
523 1.08243e-08
525 1.06929e-08
527 1.0626e-08
529 1.04807e-08
531 1.0336e-08
533 1.02145e-08
535 1.01332e-08
537 1.00256e-08
539 9.89339e-09
541 9.79377e-09
543 9.67556e-09
545 9.59013e-09
547 9.44459e-09
549 9.39178e-09
551 9.2836e-09
553 9.15632e-09
555 9.07316e-09
557 8.96197e-09
559 8.85553e-09
561 8.84695e-09
563 8.68353e-09
565 8.60393e-09
567 8.52394e-09
569 8.42635e-09
571 8.3253e-09
573 8.29281e-09
575 8.18528e-09
577 8.08643e-09
579 8.03847e-09
581 7.92266e-09
583 7.84657e-09
585 7.79171e-09
587 7.72107e-09
589 7.63169e-09
591 7.56612e-09
593 7.4861e-09
595 7.40946e-09
597 7.39441e-09
599 7.31698e-09
601 7.21402e-09
603 7.19317e-09
605 7.1004e-09
607 7.03891e-09
609 7.01877e-09
611 6.93455e-09
613 6.92582e-09
615 6.78e-09
617 6.75567e-09
619 6.70304e-09
621 6.62994e-09
623 6.62215e-09
625 6.57066e-09
627 6.50145e-09
629 6.43137e-09
631 6.39097e-09
633 6.3048e-09
635 6.28707e-09
637 6.2763e-09
639 6.19437e-09
641 6.16333e-09
643 6.11037e-09
645 6.04316e-09
647 5.99512e-09
649 5.93952e-09
651 5.96732e-09
653 5.91569e-09
655 5.83263e-09
657 5.87654e-09
659 5.76833e-09
661 5.76329e-09
663 5.75341e-09
665 5.68907e-09
667 5.72292e-09
669 5.60814e-09
671 5.65274e-09
673 5.60134e-09
675 5.53748e-09
677 5.56425e-09
679 5.50948e-09
681 5.51738e-09
683 5.47115e-09
685 5.46065e-09
687 5.45684e-09
689 5.4143e-09
691 5.44072e-09
693 5.40286e-09
695 5.44543e-09
697 5.44388e-09
699 5.47202e-09
701 5.43241e-09
703 5.55301e-09
705 5.54998e-09
707 5.61564e-09
709 5.66767e-09
711 5.7728e-09
713 5.74571e-09
715 5.96325e-09
717 5.946e-09
719 6.13912e-09
721 6.25521e-09
723 6.38255e-09
725 6.65315e-09
727 6.68907e-09
729 7.13257e-09
731 7.35389e-09
733 7.77218e-09
735 8.3985e-09
737 9.16108e-09
739 1.0194e-08
741 1.2355e-08
743 1.62195e-08
745 2.97718e-08
747 0
749 0
751 0
753 0
755 0
757 0
759 0
761 0
763 0
765 0
767 0
769 0
771 0
773 0
775 0
777 0
779 0
781 0
783 0
785 0
787 0
789 0
791 0
793 0
795 0
797 0
799 0
801 0
803 0
805 0
807 0
809 0
811 0
813 0
815 0
817 0
819 0
821 0
823 0
825 0
827 0
829 0
831 0
833 0
835 0
837 0
839 0
841 0
843 0
845 0
847 0
849 0
851 0
853 0
855 0
857 0
859 0
861 0
863 0
865 0
867 0
869 0
871 0
873 0
875 0
877 0
879 0
881 0
883 0
885 0
887 0
889 0
891 0
893 0
895 0
897 0
899 0
901 0
903 0
905 0
907 0
909 0
911 0
913 0
915 0
917 0
919 0
921 0
923 0
925 0
927 0
929 0
931 0
933 0
935 0
937 0
939 0
941 0
943 0
945 0
947 0
949 0
951 0
953 0
955 0
957 0
959 0
961 0
963 0
965 0
967 0
969 0
971 0
973 0
975 0
977 0
979 0
981 0
983 0
985 0
987 0
989 0
991 0
993 0
995 0
997 0
999 0
1001 0
1003 0
1005 0
1007 0
1009 0
1011 0
1013 0
1015 0
1017 0
1019 0
1021 0
1023 0
1025 0
1027 0
1029 0
1031 0
1033 0
1035 0
1037 0
1039 0
1041 0
1043 0
1045 0
1047 0
1049 0
1051 0
1053 0
1055 0
1057 0
1059 0
1061 0
1063 0
1065 0
1067 0
1069 0
1071 0
1073 0
1075 0
1077 0
1079 0
1081 0
1083 0
1085 0
1087 0
1089 0
1091 0
1093 0
1095 0
1097 0
1099 0
1101 0
1103 0
1105 0
1107 0
1109 0
1111 0
1113 0
1115 0
1117 0
1119 0
1121 0
1123 0
1125 0
1127 0
1129 0
1131 0
1133 0
1135 0
1137 0
1139 0
1141 0
1143 0
1145 0
1147 0
1149 0
1151 0
1153 0
1155 0
1157 0
1159 0
1161 0
1163 0
1165 0
1167 0
1169 0
1171 0
1173 0
1175 0
1177 0
1179 0
1181 0
1183 0
1185 0
1187 0
1189 0
1191 0
1193 0
1195 0
1197 0
1199 0
1201 0
1203 0
1205 0
1207 0
1209 0
1211 0
1213 0
1215 0
1217 0
1219 0
1221 0
1223 0
1225 0
1227 0
1229 0
1231 0
1233 0
1235 0
1237 0
1239 0
1241 0
1243 0
1245 0
1247 0
1249 0
1251 0
1253 0
1255 0
1257 0
1259 0
1261 0
1263 0
1265 0
1267 0
1269 0
1271 0
1273 0
1275 0
1277 0
1279 0
1281 0
1283 0
1285 0
1287 0
1289 0
1291 0
1293 0
1295 0
1297 0
1299 0
1301 0
1303 0
1305 0
1307 0
1309 0
1311 0
1313 0
1315 0
1317 0
1319 0
1321 0
1323 0
1325 0
1327 0
1329 0
1331 0
1333 0
1335 0
1337 0
1339 0
1341 0
1343 0
1345 0
1347 0
1349 0
1351 0
1353 0
1355 0
1357 0
1359 0
1361 0
1363 0
1365 0
1367 0
1369 0
1371 0
1373 0
1375 0
1377 0
1379 0
1381 0
1383 0
1385 0
1387 0
1389 0
1391 0
1393 0
1395 0
1397 0
1399 0
1401 0
1403 0
1405 0
1407 0
1409 0
1411 0
1413 0
1415 0
1417 0
1419 0
1421 0
1423 0
1425 0
1427 0
1429 0
1431 0
1433 0
1435 0
1437 0
1439 0
1441 0
1443 0
1445 0
1447 0
1449 0
1451 0
1453 0
1455 0
1457 0
1459 0
1461 0
1463 0
1465 0
1467 0
1469 0
1471 0
1473 0
1475 0
1477 0
1479 0
1481 0
1483 0
1485 0
1487 0
1489 0
1491 0
1493 0
1495 0
1497 0
1499 0
1501 0
1503 0
1505 0
1507 0
1509 0
1511 0
1513 0
1515 0
1517 0
1519 0
1521 0
1523 0
1525 0
1527 0
1529 0
1531 0
1533 0
1535 0
1537 0
1539 0
1541 0
1543 0
1545 0
1547 0
1549 0
1551 0
1553 0
1555 0
1557 0
1559 0
1561 0
1563 0
1565 0
1567 0
1569 0
1571 0
1573 0
1575 0
1577 0
1579 0
1581 0
1583 0
1585 0
1587 0
1589 0
1591 0
1593 0
1595 0
1597 0
1599 0
1601 0
1603 0
1605 0
1607 0
1609 0
1611 0
1613 0
1615 0
1617 0
1619 0
1621 0
1623 0
1625 0
1627 0
1629 0
1631 0
1633 0
1635 0
1637 0
1639 0
1641 0
1643 0
1645 0
1647 0
1649 0
1651 0
1653 0
1655 0
1657 0
1659 0
1661 0
1663 0
1665 0
1667 0
1669 0
1671 0
1673 0
1675 0
1677 0
1679 0
1681 0
1683 0
1685 0
1687 0
1689 0
1691 0
1693 0
1695 0
1697 0
1699 0
1701 0
1703 0
1705 0
1707 0
1709 0
1711 0
1713 0
1715 0
1717 0
1719 0
1721 0
1723 0
1725 0
1727 0
1729 0
1731 0
1733 0
1735 0
1737 0
1739 0
1741 0
1743 0
1745 0
1747 0
1749 0
1751 0
1753 0
1755 0
1757 0
1759 0
1761 0
1763 0
1765 0
1767 0
1769 0
1771 0
1773 0
1775 0
1777 0
1779 0
1781 0
1783 0
1785 0
1787 0
1789 0
1791 0
1793 0
1795 0
1797 0
1799 0
1801 0
1803 0
1805 0
1807 0
1809 0
1811 0
1813 0
1815 0
1817 0
1819 0
1821 0
1823 0
1825 0
1827 0
1829 0
1831 0
1833 0
1835 0
1837 0
1839 0
1841 0
1843 0
1845 0
1847 0
1849 0
1851 0
1853 0
1855 0
1857 0
1859 0
1861 0
1863 0
1865 0
1867 0
1869 0
1871 0
1873 0
1875 0
1877 0
1879 0
1881 0
1883 0
1885 0
1887 0
1889 0
1891 0
1893 0
1895 0
1897 0
1899 0
1901 0
1903 0
1905 0
1907 0
1909 0
1911 0
1913 0
1915 0
1917 0
1919 0
1921 0
1923 0
1925 0
1927 0
1929 0
1931 0
1933 0
1935 0
1937 0
1939 0
1941 0
1943 0
1945 0
1947 0
1949 0
1951 0
1953 0
1955 0
1957 0
1959 0
1961 0
1963 0
1965 0
1967 0
1969 0
1971 0
1973 0
1975 0
1977 0
1979 0
1981 0
1983 0
1985 0
1987 0
1989 0
1991 0
1993 0
1995 0
1997 0
1999 0
