-7.23 6.90451
-7.13 6.92895
-7.03 6.96778
-6.93 7.00366
-6.83 7.04067
-6.73 7.08162
-6.63 7.11705
-6.53 7.16259
-6.43 7.19931
-6.33 7.2444
-6.23 7.28749
-6.13 7.33092
-6.03 7.38069
-5.93 7.42584
-5.83 7.47876
-5.73 7.55412
-5.63 7.60083
-5.53 7.65623
-5.43 7.69792
-5.33 7.7338
-5.23 7.795
-5.13 7.87873
-5.03 7.94151
-4.93 7.99788
-4.83 8.07493
-4.73 8.14275
-4.63 8.24407
-4.53 8.31565
-4.43 8.36169
-4.33 8.42866
-4.23 8.51137
-4.13 8.68361
-4.03 8.75723
-3.93 8.94327
-3.83 9.02741
-3.73 9.08236
-3.63 9.21025
-3.53 9.272
-3.43 9.41413
-3.33 9.54804
-3.23 9.70866
-3.13 9.91442
-3.03 10.1564
-2.93 10.2321
-2.83 10.4369
-2.73 10.8009
-2.63 11.0627
-2.53 11.3774
-2.43 11.8634
-2.33 12.7801
-2.23 14.9143
-2.13 18.1872
-2.03 20.4877
-1.93 20.13
-1.83 18.8437
-1.73 19.1158
-1.63 19.4094
-1.53 18.6745
-1.43 19.9706
-1.33 20.3557
-1.23 19.6583
-1.13 20.4307
-1.03 21.1476
-0.93 20.2279
-0.83 20.6856
-0.73 21.8965
-0.63 22.246
-0.53 22.5971
-0.43 21.907
-0.33 22.5619
-0.23 23.2361
-0.13 22.7316
-0.03 22.4683
0.07 22.9011
0.17 24.7317
0.27 25.0598
0.37 24.7449
0.47 25.1234
0.57 26.5683
0.67 26.3032
0.77 26.0315
0.87 26.4126
0.97 28.0817
1.07 29.373
1.17 29.529
1.27 28.8926
1.37 29.8633
1.47 31.2051
1.57 32.9007
1.67 33.1028
1.77 33.6917
1.87 34.7073
1.97 36.5572
2.07 38.0266
2.17 39.0479
2.27 40.5124
2.37 44.7086
2.47 48.9877
2.57 51.4399
2.67 54.7476
2.77 60.9175
2.87 69.7959
2.97 83.2002
3.07 95.0179
3.17 106.406
3.27 119.797
3.37 128.549
3.47 134.638
3.57 145.474
3.67 159.078
3.77 169.97
3.87 174.429
3.97 0
4.07 0
4.17 0
4.27 0
4.37 0
4.47 0
4.57 0
4.67 0
4.77 0
4.87 0
4.97 0
5.07 0
5.17 0
5.27 0
5.37 0
5.47 0
5.57 0
5.67 0
5.77 0
5.87 0
5.97 0
6.07 0
6.17 0
6.27 0
6.37 0
6.47 0
6.57 0
6.67 0
6.77 0
6.87 0
6.97 0
7.07 0
7.17 0
7.27 0
7.37 0
7.47 0
7.57 0
7.67 0
7.77 0
7.87 0
7.97 0
8.07 0
8.17 0
8.27 0
8.37 0
8.47 0
8.57 0
8.67 0
8.77 0
8.87 0
8.97 0
9.07 0
9.17 0
9.27 0
9.37 0
9.47 0
9.57 0
9.67 0
9.77 0
9.87 0
9.97 0
10.07 0
10.17 0
10.27 0
10.37 0
10.47 0
10.57 0
10.67 0
10.77 0
10.87 0
10.97 0
11.07 0
11.17 0
11.27 0
11.37 0
11.47 0
11.57 0
11.67 0
11.77 0
11.87 0
11.97 0
12.07 0
12.17 0
12.27 0
12.37 0
12.47 0
12.57 0
12.67 0
12.77 0
12.87 0
12.97 0
13.07 0
13.17 0
