-7.23 0.00208383
-7.13 0.000515526
-7.03 0.000171001
-6.93 0.000574118
-6.83 0.000127561
-6.73 0.000408732
-6.63 0.000286929
-6.53 0.000326547
-6.43 0.000380664
-6.33 0.000268054
-6.23 0.000376037
-6.13 0.000227652
-6.03 0.000337515
-5.93 0.000430633
-5.83 0.000235224
-5.73 0.000263432
-5.63 0.000292187
-5.53 0.000486162
-5.43 0.000323948
-5.33 0.000307549
-5.23 0.000419702
-5.13 0.000349052
-5.03 0.0003273
-4.93 0.000355987
-4.83 0.000335029
-4.73 0.000367568
-4.63 0.000292102
-4.53 0.000487274
-4.43 0.000280844
-4.33 0.000523631
-4.23 0.000402137
-4.13 0.000278593
-4.03 0.000266749
-3.93 0.000245877
-3.83 0.000353457
-3.73 0.000281694
-3.63 0.000339604
-3.53 0.000276484
-3.43 0.00028263
-3.33 0.000435268
-3.23 0.000345838
-3.13 0.000374272
-3.03 0.000403361
-2.93 0.00039184
-2.83 0.000271677
-2.73 0.000172822
-2.63 0.000343142
-2.53 0.000377612
-2.43 0.000351719
-2.33 0.000205351
-2.23 0.000389299
-2.13 0.000389984
-2.03 0.000299886
-1.93 0.000322583
-1.83 0.000306997
-1.73 0.00040049
-1.63 0.000259951
-1.53 0.000342185
-1.43 0.0003751
-1.33 0.000289491
-1.23 0.000263283
-1.13 0.000321226
-1.03 0.00030518
-0.93 0.000451364
-0.83 0.000317976
-0.73 0.000284281
-0.63 0.000254084
-0.53 0.000349231
-0.43 0.000162674
-0.33 0.00029053
-0.23 0.000297279
-0.13 0.000220552
-0.03 0.000240125
0.07 0.000289815
0.17 0.000233816
0.27 0.000508333
0.37 0.000200674
0.47 0.00024979
0.57 0.000234039
0.67 0.000190799
0.77 0.000185986
0.87 0.000117011
0.97 0.000184941
1.07 0.000193015
1.17 0.000304482
1.27 0.000245129
1.37 0.000282505
1.47 0.000161922
1.57 0.00018394
1.67 0.000183735
1.77 0.000184187
1.87 0.000189512
1.97 0.000192831
2.07 0.000237234
2.17 0.000115249
2.27 9.67553e-05
2.37 7.2901e-05
2.47 4.81165e-05
2.57 0.00010614
2.67 3.99299e-05
2.77 9.45329e-05
2.87 3.46117e-05
2.97 1.56316e-05
3.07 1.93932e-05
3.17 8.40689e-06
3.27 1.46656e-06
3.37 3.82566e-06
3.47 0
3.57 0
3.67 0
3.77 0
3.87 0
3.97 0
4.07 0
4.17 0
4.27 0
4.37 0
4.47 0
4.57 0
4.67 0
4.77 0
4.87 0
4.97 0
5.07 0
5.17 0
5.27 0
5.37 0
5.47 0
5.57 0
5.67 0
5.77 0
5.87 0
5.97 0
6.07 0
6.17 0
6.27 0
6.37 0
6.47 0
6.57 0
6.67 0
6.77 0
6.87 0
6.97 0
7.07 0
7.17 0
7.27 0
7.37 0
7.47 0
7.57 0
7.67 0
7.77 0
7.87 0
7.97 0
8.07 0
8.17 0
8.27 0
8.37 0
8.47 0
8.57 0
8.67 0
8.77 0
8.87 0
8.97 0
9.07 0
9.17 0
9.27 0
9.37 0
9.47 0
9.57 0
9.67 0
9.77 0
9.87 0
9.97 0
10.07 0
10.17 0
10.27 0
10.37 0
10.47 0
10.57 0
10.67 0
10.77 0
10.87 0
10.97 0
11.07 0
11.17 0
11.27 0
11.37 0
11.47 0
11.57 0
11.67 0
11.77 0
11.87 0
11.97 0
12.07 0
12.17 0
12.27 0
12.37 0
12.47 0
12.57 0
12.67 0
12.77 0
12.87 0
12.97 0
13.07 0
13.17 0
