-7.23 2.52622e-08
-7.13 4.51338e-08
-7.03 9.11784e-09
-6.93 1.49507e-07
-6.83 9.8888e-09
-6.73 2.48182e-08
-6.63 4.92648e-08
-6.53 5.11199e-08
-6.43 4.85924e-08
-6.33 2.78206e-08
-6.23 5.23333e-08
-6.13 1.81261e-08
-6.03 5.33891e-08
-5.93 5.20234e-08
-5.83 3.60445e-08
-5.73 3.72343e-08
-5.63 4.17176e-08
-5.53 6.71585e-08
-5.43 7.86265e-08
-5.33 3.36807e-08
-5.23 1.10203e-07
-5.13 4.80519e-08
-5.03 5.03247e-08
-4.93 2.42553e-08
-4.83 4.31007e-08
-4.73 5.47861e-08
-4.63 3.36312e-08
-4.53 4.99821e-08
-4.43 3.3652e-08
-4.33 5.58169e-08
-4.23 5.91075e-08
-4.13 3.60433e-08
-4.03 2.21172e-08
-3.93 4.73084e-08
-3.83 8.26773e-08
-3.73 2.40259e-08
-3.63 3.20033e-08
-3.53 4.99508e-08
-3.43 2.77186e-08
-3.33 8.29722e-08
-3.23 5.65132e-08
-3.13 3.76258e-08
-3.03 5.07603e-08
-2.93 5.66998e-08
-2.83 7.02435e-08
-2.73 2.04413e-08
-2.63 8.60928e-08
-2.53 7.4687e-08
-2.43 1.3465e-08
-2.33 1.73066e-08
-2.23 2.34401e-08
-2.13 5.16249e-08
-2.03 3.71848e-08
-1.93 3.19297e-08
-1.83 5.23242e-08
-1.73 1.1377e-07
-1.63 1.50537e-08
-1.53 3.14888e-08
-1.43 8.12396e-08
-1.33 6.33639e-08
-1.23 4.24196e-08
-1.13 5.56918e-08
-1.03 2.51692e-08
-0.93 6.08934e-08
-0.83 4.43215e-08
-0.73 2.80118e-08
-0.63 4.41699e-08
-0.53 2.71425e-08
-0.43 2.59906e-08
-0.33 4.23055e-08
-0.23 3.97394e-08
-0.13 3.0917e-08
-0.03 3.22584e-08
0.07 1.79876e-08
0.17 4.32077e-08
0.27 9.28006e-08
0.37 4.43749e-08
0.47 7.96583e-08
0.57 4.07067e-08
0.67 2.41156e-08
0.77 1.24867e-08
0.87 1.64463e-08
0.97 2.16952e-08
1.07 1.49591e-08
1.17 1.17133e-08
1.27 3.888e-08
1.37 3.42832e-08
1.47 1.47145e-08
1.57 1.56375e-08
1.67 9.00847e-09
1.77 1.6316e-08
1.87 2.53457e-08
1.97 1.00204e-08
2.07 2.12027e-08
2.17 1.24151e-08
2.27 1.17827e-08
2.37 7.55277e-09
2.47 5.96864e-09
2.57 4.86713e-09
2.67 5.92135e-09
2.77 1.16669e-08
2.87 3.54311e-09
2.97 2.1716e-09
3.07 1.16639e-09
3.17 7.73045e-10
3.27 0
3.37 6.94908e-10
3.47 0
3.57 0
3.67 0
3.77 0
3.87 0
3.97 0
4.07 0
4.17 0
4.27 0
4.37 0
4.47 0
4.57 0
4.67 0
4.77 0
4.87 0
4.97 0
5.07 0
5.17 0
5.27 0
5.37 0
5.47 0
5.57 0
5.67 0
5.77 0
5.87 0
5.97 0
6.07 0
6.17 0
6.27 0
6.37 0
6.47 0
6.57 0
6.67 0
6.77 0
6.87 0
6.97 0
7.07 0
7.17 0
7.27 0
7.37 0
7.47 0
7.57 0
7.67 0
7.77 0
7.87 0
7.97 0
8.07 0
8.17 0
8.27 0
8.37 0
8.47 0
8.57 0
8.67 0
8.77 0
8.87 0
8.97 0
9.07 0
9.17 0
9.27 0
9.37 0
9.47 0
9.57 0
9.67 0
9.77 0
9.87 0
9.97 0
10.07 0
10.17 0
10.27 0
10.37 0
10.47 0
10.57 0
10.67 0
10.77 0
10.87 0
10.97 0
11.07 0
11.17 0
11.27 0
11.37 0
11.47 0
11.57 0
11.67 0
11.77 0
11.87 0
11.97 0
12.07 0
12.17 0
12.27 0
12.37 0
12.47 0
12.57 0
12.67 0
12.77 0
12.87 0
12.97 0
13.07 0
13.17 0
