-7.23 7.57548
-7.13 8.47982
-7.03 8.42141
-6.93 8.99095
-6.83 8.82745
-6.73 9.03475
-6.63 9.0305
-6.53 9.18385
-6.43 9.44869
-6.33 9.23364
-6.23 9.99476
-6.13 9.87187
-6.03 9.6621
-5.93 10.3676
-5.83 10.028
-5.73 10.3571
-5.63 10.2527
-5.53 9.89726
-5.43 10.4656
-5.33 10.4995
-5.23 10.1685
-5.13 10.655
-5.03 10.6217
-4.93 10.945
-4.83 10.8153
-4.73 10.8964
-4.63 10.8992
-4.53 11.166
-4.43 11.1577
-4.33 11.2731
-4.23 11.5099
-4.13 11.8402
-4.03 12.0036
-3.93 12.1608
-3.83 11.942
-3.73 12.0518
-3.63 12.2349
-3.53 11.9023
-3.43 12.5027
-3.33 12.4371
-3.23 12.8213
-3.13 12.8164
-3.03 13.0693
-2.93 13.4077
-2.83 13.5691
-2.73 13.6197
-2.63 14.055
-2.53 14.8153
-2.43 15.3505
-2.33 16.7388
-2.23 20.5639
-2.13 23.1912
-2.03 23.4022
-1.93 21.7176
-1.83 22.1369
-1.73 22.3122
-1.63 21.6512
-1.53 23.0213
-1.43 23.1122
-1.33 22.5121
-1.23 23.2154
-1.13 24.2401
-1.03 23.0187
-0.93 23.5609
-0.83 24.9146
-0.73 25.2447
-0.63 25.7316
-0.53 24.6675
-0.43 25.6044
-0.33 26.6269
-0.23 25.587
-0.13 25.3435
-0.03 25.939
0.07 27.5748
0.17 28.0992
0.27 27.4998
0.37 28.2286
0.47 29.5795
0.57 29.595
0.67 28.9591
0.77 29.7293
0.87 31.3987
0.97 32.5366
1.07 32.5416
1.17 32.0993
1.27 32.9931
1.37 34.655
1.47 36.3355
1.57 36.1474
1.67 37.143
1.77 38.2481
1.87 42.1275
1.97 46.2413
2.07 46.9928
2.17 49.3469
2.27 54.3108
2.37 57.7636
2.47 56.4728
2.57 60.7096
2.67 68.8641
2.77 80.3505
2.87 94.4729
2.97 107.757
3.07 120.835
3.17 133.994
3.27 141.921
3.37 156.703
3.47 159.58
3.57 177.585
3.67 220.385
3.77 0
3.87 0
3.97 0
4.07 0
4.17 0
4.27 0
4.37 0
4.47 0
4.57 0
4.67 0
4.77 0
4.87 0
4.97 0
5.07 0
5.17 0
5.27 0
5.37 0
5.47 0
5.57 0
5.67 0
5.77 0
5.87 0
5.97 0
6.07 0
6.17 0
6.27 0
6.37 0
6.47 0
6.57 0
6.67 0
6.77 0
6.87 0
6.97 0
7.07 0
7.17 0
7.27 0
7.37 0
7.47 0
7.57 0
7.67 0
7.77 0
7.87 0
7.97 0
8.07 0
8.17 0
8.27 0
8.37 0
8.47 0
8.57 0
8.67 0
8.77 0
8.87 0
8.97 0
9.07 0
9.17 0
9.27 0
9.37 0
9.47 0
9.57 0
9.67 0
9.77 0
9.87 0
9.97 0
10.07 0
10.17 0
10.27 0
10.37 0
10.47 0
10.57 0
10.67 0
10.77 0
10.87 0
10.97 0
11.07 0
11.17 0
11.27 0
11.37 0
11.47 0
11.57 0
11.67 0
11.77 0
11.87 0
11.97 0
12.07 0
12.17 0
12.27 0
12.37 0
12.47 0
12.57 0
12.67 0
12.77 0
12.87 0
12.97 0
13.07 0
13.17 0
