-7.23 4.21412e-08
-7.13 9.8842e-07
-7.03 2.90133e-07
-6.93 7.60604e-08
-6.83 6.03656e-08
-6.73 1.76799e-07
-6.63 1.48447e-09
-6.53 2.36642e-07
-6.43 0
-6.33 1.38752e-08
-6.23 6.01599e-08
-6.13 0
-6.03 0
-5.93 1.76545e-07
-5.83 0
-5.73 6.56518e-07
-5.63 1.63744e-07
-5.53 2.22852e-07
-5.43 7.70619e-08
-5.33 3.83675e-07
-5.23 2.73676e-07
-5.13 7.37652e-08
-5.03 2.03521e-07
-4.93 6.69443e-07
-4.83 3.27514e-09
-4.73 0
-4.63 1.09351e-07
-4.53 2.22205e-07
-4.43 6.83181e-09
-4.33 1.66802e-07
-4.23 2.21559e-07
-4.13 5.95829e-09
-4.03 0
-3.93 5.90616e-08
-3.83 2.17268e-07
-3.73 1.02803e-07
-3.63 6.25591e-08
-3.53 5.20624e-09
-3.43 3.1974e-08
-3.33 0
-3.23 4.5013e-08
-3.13 2.18831e-07
-3.03 1.66864e-08
-2.93 1.89492e-08
-2.83 1.97402e-08
-2.73 4.84896e-09
-2.63 3.22806e-08
-2.53 4.4619e-08
-2.43 3.69524e-08
-2.33 3.71138e-08
-2.23 2.51454e-07
-2.13 2.83838e-07
-2.03 1.1605e-08
-1.93 9.54505e-08
-1.83 4.79506e-09
-1.73 7.22233e-08
-1.63 0
-1.53 7.92299e-08
-1.43 2.96115e-09
-1.33 4.72909e-08
-1.23 1.16031e-08
-1.13 1.14155e-07
-1.03 3.323e-08
-0.93 1.62113e-08
-0.83 0
-0.73 7.22164e-08
-0.63 1.09216e-07
-0.53 1.18162e-07
-0.43 6.21309e-08
-0.33 9.38605e-09
-0.23 3.71105e-09
-0.13 1.01644e-09
-0.03 5.19695e-09
0.07 0
0.17 7.43145e-09
0.27 0
0.37 0
0.47 0
0.57 0
0.67 7.40464e-09
0.77 0
0.87 3.21215e-07
0.97 9.93834e-09
1.07 6.58552e-09
1.17 3.99485e-09
1.27 0
1.37 5.14942e-09
1.47 8.48254e-09
1.57 6.05468e-09
1.67 0
1.77 1.3677e-08
1.87 0
1.97 5.49151e-08
2.07 0
2.17 0
2.27 2.30296e-09
2.37 0
2.47 3.27571e-09
2.57 0
2.67 0
2.77 0
2.87 0
2.97 0
3.07 0
3.17 0
3.27 0
3.37 0
3.47 0
3.57 0
3.67 0
3.77 0
3.87 0
3.97 0
4.07 0
4.17 0
4.27 0
4.37 0
4.47 0
4.57 0
4.67 0
4.77 0
4.87 0
4.97 0
5.07 0
5.17 0
5.27 0
5.37 0
5.47 0
5.57 0
5.67 0
5.77 0
5.87 0
5.97 0
6.07 0
6.17 0
6.27 0
6.37 0
6.47 0
6.57 0
6.67 0
6.77 0
6.87 0
6.97 0
7.07 0
7.17 0
7.27 0
7.37 0
7.47 0
7.57 0
7.67 0
7.77 0
7.87 0
7.97 0
8.07 0
8.17 0
8.27 0
8.37 0
8.47 0
8.57 0
8.67 0
8.77 0
8.87 0
8.97 0
9.07 0
9.17 0
9.27 0
9.37 0
9.47 0
9.57 0
9.67 0
9.77 0
9.87 0
9.97 0
10.07 0
10.17 0
10.27 0
10.37 0
10.47 0
10.57 0
10.67 0
10.77 0
10.87 0
10.97 0
11.07 0
11.17 0
11.27 0
11.37 0
11.47 0
11.57 0
11.67 0
11.77 0
11.87 0
11.97 0
12.07 0
12.17 0
12.27 0
12.37 0
12.47 0
12.57 0
12.67 0
12.77 0
12.87 0
12.97 0
13.07 0
13.17 0
