-7.23 0.0133186
-7.13 0.0132954
-7.03 0.0132573
-6.93 0.0132307
-6.83 0.0132044
-6.73 0.0131736
-6.63 0.0131446
-6.53 0.0131052
-6.43 0.013081
-6.33 0.0130541
-6.23 0.0130232
-6.13 0.0129961
-6.03 0.0129659
-5.93 0.0129377
-5.83 0.0129115
-5.73 0.0128821
-5.63 0.0128546
-5.53 0.0128245
-5.43 0.012799
-5.33 0.0127702
-5.23 0.0127425
-5.13 0.0127126
-5.03 0.0126837
-4.93 0.0126552
-4.83 0.0126258
-4.73 0.0126005
-4.63 0.0125741
-4.53 0.0125467
-4.43 0.0125186
-4.33 0.0124951
-4.23 0.0124675
-4.13 0.0124395
-4.03 0.0124124
-3.93 0.012387
-3.83 0.012361
-3.73 0.0123334
-3.63 0.012301
-3.53 0.0122693
-3.43 0.0122396
-3.33 0.0122092
-3.23 0.0121775
-3.13 0.0121512
-3.03 0.0121228
-2.93 0.0120956
-2.83 0.0120608
-2.73 0.0120293
-2.63 0.0119975
-2.53 0.0119687
-2.43 0.011941
-2.33 0.0119059
-2.23 0.0118645
-2.13 0.0118055
-2.03 0.0117152
-1.93 0.0116072
-1.83 0.0114965
-1.73 0.0113843
-1.63 0.0112761
-1.53 0.0111749
-1.43 0.0110833
-1.33 0.0109801
-1.23 0.0108753
-1.13 0.0107658
-1.03 0.0106549
-0.93 0.0105457
-0.83 0.0104283
-0.73 0.0103064
-0.63 0.0101808
-0.53 0.01006
-0.43 0.00995041
-0.33 0.00983439
-0.23 0.00970787
-0.13 0.00957166
-0.03 0.00944062
0.07 0.00930492
0.17 0.00916344
0.27 0.00901947
0.37 0.00888973
0.47 0.00876446
0.57 0.00861576
0.67 0.00845874
0.77 0.00830644
0.87 0.00816011
0.97 0.00801267
1.07 0.00784569
1.17 0.00766446
1.27 0.00749838
1.37 0.0073399
1.47 0.00715343
1.57 0.00694468
1.67 0.00673604
1.77 0.00655147
1.87 0.00635518
1.97 0.00612066
2.07 0.00584931
2.17 0.00557652
2.27 0.00533088
2.37 0.00503745
2.47 0.00469134
2.57 0.00432444
2.67 0.00397797
2.77 0.00358299
2.87 0.00302658
2.97 0.00230174
3.07 0.00149823
3.17 0.000817507
3.27 0.00036219
3.37 0.000127972
3.47 3.46017e-05
3.57 7.00757e-06
3.67 7.02122e-07
3.77 0
3.87 0
3.97 0
4.07 0
4.17 0
4.27 0
4.37 0
4.47 0
4.57 0
4.67 0
4.77 0
4.87 0
4.97 0
5.07 0
5.17 0
5.27 0
5.37 0
5.47 0
5.57 0
5.67 0
5.77 0
5.87 0
5.97 0
6.07 0
6.17 0
6.27 0
6.37 0
6.47 0
6.57 0
6.67 0
6.77 0
6.87 0
6.97 0
7.07 0
7.17 0
7.27 0
7.37 0
7.47 0
7.57 0
7.67 0
7.77 0
7.87 0
7.97 0
8.07 0
8.17 0
8.27 0
8.37 0
8.47 0
8.57 0
8.67 0
8.77 0
8.87 0
8.97 0
9.07 0
9.17 0
9.27 0
9.37 0
9.47 0
9.57 0
9.67 0
9.77 0
9.87 0
9.97 0
10.07 0
10.17 0
10.27 0
10.37 0
10.47 0
10.57 0
10.67 0
10.77 0
10.87 0
10.97 0
11.07 0
11.17 0
11.27 0
11.37 0
11.47 0
11.57 0
11.67 0
11.77 0
11.87 0
11.97 0
12.07 0
12.17 0
12.27 0
12.37 0
12.47 0
12.57 0
12.67 0
12.77 0
12.87 0
12.97 0
13.07 0
13.17 0
