-7.23 7.0228
-7.13 7.04285
-7.03 7.08035
-6.93 7.11479
-6.83 7.14965
-6.73 7.18997
-6.63 7.22358
-6.53 7.26871
-6.43 7.30362
-6.33 7.34521
-6.23 7.38598
-6.13 7.42749
-6.03 7.47288
-5.93 7.5121
-5.83 7.55903
-5.73 7.60606
-5.63 7.65018
-5.53 7.70056
-5.43 7.74963
-5.33 7.79962
-5.23 7.85216
-5.13 7.90445
-5.03 7.95894
-4.93 8.01559
-4.83 8.07341
-4.73 8.12867
-4.63 8.1928
-4.53 8.25727
-4.43 8.32091
-4.33 8.38519
-4.23 8.45474
-4.13 8.52578
-4.03 8.59841
-3.93 8.67429
-3.83 8.75499
-3.73 8.83571
-3.63 8.92188
-3.53 9.01117
-3.43 9.10614
-3.33 9.20174
-3.23 9.30637
-3.13 9.41651
-3.03 9.53342
-2.93 9.65666
-2.83 9.79036
-2.73 9.93434
-2.63 10.0952
-2.53 10.272
-2.43 10.4793
-2.33 10.7288
-2.23 11.0518
-2.13 11.4004
-2.03 11.6692
-1.93 11.7825
-1.83 11.7864
-1.73 11.8804
-1.63 11.9858
-1.53 12.1044
-1.43 12.2387
-1.33 12.3624
-1.23 12.4974
-1.13 12.6309
-1.03 12.812
-0.93 12.8409
-0.83 13.0676
-0.73 13.2182
-0.63 13.4193
-0.53 13.578
-0.43 13.6769
-0.33 13.9202
-0.23 14.0937
-0.13 14.2064
-0.03 14.4882
0.07 14.7754
0.17 15.0514
0.27 15.2508
0.37 15.4799
0.47 15.7837
0.57 16.104
0.67 16.2684
0.77 16.5408
0.87 17.0051
0.97 17.456
1.07 17.7529
1.17 17.9658
1.27 18.3391
1.37 19.0316
1.47 19.7706
1.57 20.0769
1.67 20.4186
1.77 20.9827
1.87 22.6938
1.97 25.92
2.07 26.9201
2.17 27.8968
2.27 29.4587
2.37 31.0609
2.47 30.5257
2.57 32.3312
2.67 35.0678
2.77 39.9591
2.87 46.7837
2.97 55.2453
3.07 63.792
3.17 72.2379
3.27 80.4862
3.37 88.5551
3.47 97.1624
3.57 109.826
3.67 86.3489
3.77 208.062
3.87 0
3.97 0
4.07 0
4.17 0
4.27 0
4.37 0
4.47 0
4.57 0
4.67 0
4.77 0
4.87 0
4.97 0
5.07 0
5.17 0
5.27 0
5.37 0
5.47 0
5.57 0
5.67 0
5.77 0
5.87 0
5.97 0
6.07 0
6.17 0
6.27 0
6.37 0
6.47 0
6.57 0
6.67 0
6.77 0
6.87 0
6.97 0
7.07 0
7.17 0
7.27 0
7.37 0
7.47 0
7.57 0
7.67 0
7.77 0
7.87 0
7.97 0
8.07 0
8.17 0
8.27 0
8.37 0
8.47 0
8.57 0
8.67 0
8.77 0
8.87 0
8.97 0
9.07 0
9.17 0
9.27 0
9.37 0
9.47 0
9.57 0
9.67 0
9.77 0
9.87 0
9.97 0
10.07 0
10.17 0
10.27 0
10.37 0
10.47 0
10.57 0
10.67 0
10.77 0
10.87 0
10.97 0
11.07 0
11.17 0
11.27 0
11.37 0
11.47 0
11.57 0
11.67 0
11.77 0
11.87 0
11.97 0
12.07 0
12.17 0
12.27 0
12.37 0
12.47 0
12.57 0
12.67 0
12.77 0
12.87 0
12.97 0
13.07 0
13.17 0
