-7.23 6.95568
-7.13 6.97737
-7.03 7.01705
-6.93 7.05135
-6.83 7.08698
-6.73 7.12725
-6.63 7.16028
-6.53 7.2048
-6.43 7.23895
-6.33 7.28314
-6.23 7.3236
-6.13 7.3642
-6.03 7.41159
-5.93 7.45215
-5.83 7.49923
-5.73 7.54535
-5.63 7.59115
-5.53 7.64201
-5.43 7.68858
-5.33 7.74019
-5.23 7.7915
-5.13 7.84567
-5.03 7.9011
-4.93 7.95764
-4.83 8.01594
-4.73 8.0767
-4.63 8.13857
-4.53 8.20074
-4.43 8.26417
-4.33 8.33331
-4.23 8.40406
-4.13 8.47921
-4.03 8.55466
-3.93 8.63659
-3.83 8.71388
-3.73 8.79426
-3.63 8.88108
-3.53 8.96971
-3.43 9.06626
-3.33 9.16543
-3.23 9.2752
-3.13 9.38698
-3.03 9.50852
-2.93 9.62792
-2.83 9.76283
-2.73 9.91402
-2.63 10.0717
-2.53 10.2469
-2.43 10.4548
-2.33 10.722
-2.23 11.0775
-2.13 11.4346
-2.03 11.6337
-1.93 11.6453
-1.83 11.6479
-1.73 11.7636
-1.63 11.8721
-1.53 11.9549
-1.43 12.1668
-1.33 12.2845
-1.23 12.3522
-1.13 12.5377
-1.03 12.6868
-0.93 12.7408
-0.83 12.9555
-0.73 13.1785
-0.63 13.3219
-0.53 13.4636
-0.43 13.5559
-0.33 13.7752
-0.23 13.9643
-0.13 14.0602
-0.03 14.2493
0.07 14.5187
0.17 14.862
0.27 15.0662
0.37 15.227
0.47 15.5342
0.57 15.8399
0.67 16.0516
0.77 16.2805
0.87 16.6517
0.97 17.1298
1.07 17.5193
1.17 17.813
1.27 18.1177
1.37 18.6288
1.47 19.1966
1.57 19.8112
1.67 20.2622
1.77 20.8596
1.87 22.4622
1.97 25.7036
2.07 26.7622
2.17 27.9445
2.27 29.5807
2.37 30.6573
2.47 29.8942
2.57 31.7825
2.67 34.307
2.77 38.0084
2.87 42.9557
2.97 49.5589
3.07 56.0054
3.17 63.0134
3.27 70.6079
3.37 76.2737
3.47 81.9241
3.57 88.1353
3.67 100.842
3.77 110.171
3.87 125.345
3.97 0
4.07 0
4.17 0
4.27 0
4.37 0
4.47 0
4.57 0
4.67 0
4.77 0
4.87 0
4.97 0
5.07 0
5.17 0
5.27 0
5.37 0
5.47 0
5.57 0
5.67 0
5.77 0
5.87 0
5.97 0
6.07 0
6.17 0
6.27 0
6.37 0
6.47 0
6.57 0
6.67 0
6.77 0
6.87 0
6.97 0
7.07 0
7.17 0
7.27 0
7.37 0
7.47 0
7.57 0
7.67 0
7.77 0
7.87 0
7.97 0
8.07 0
8.17 0
8.27 0
8.37 0
8.47 0
8.57 0
8.67 0
8.77 0
8.87 0
8.97 0
9.07 0
9.17 0
9.27 0
9.37 0
9.47 0
9.57 0
9.67 0
9.77 0
9.87 0
9.97 0
10.07 0
10.17 0
10.27 0
10.37 0
10.47 0
10.57 0
10.67 0
10.77 0
10.87 0
10.97 0
11.07 0
11.17 0
11.27 0
11.37 0
11.47 0
11.57 0
11.67 0
11.77 0
11.87 0
11.97 0
12.07 0
12.17 0
12.27 0
12.37 0
12.47 0
12.57 0
12.67 0
12.77 0
12.87 0
12.97 0
13.07 0
13.17 0
