-7.23 1.61888e-07
-7.13 1.28075e-06
-7.03 1.85789e-07
-6.93 9.83466e-07
-6.83 3.38039e-07
-6.73 4.21964e-07
-6.63 5.58125e-07
-6.53 5.89944e-07
-6.43 1.24354e-06
-6.33 5.53448e-07
-6.23 9.14637e-07
-6.13 5.05417e-07
-6.03 4.23286e-07
-5.93 7.06421e-07
-5.83 4.79259e-07
-5.73 5.68004e-07
-5.63 4.5615e-07
-5.53 4.51168e-07
-5.43 5.25717e-07
-5.33 7.05995e-07
-5.23 4.12355e-07
-5.13 5.32364e-07
-5.03 5.79e-07
-4.93 5.14992e-07
-4.83 4.28797e-07
-4.73 5.86002e-07
-4.63 4.43569e-07
-4.53 6.70991e-07
-4.43 5.19607e-07
-4.33 4.95107e-07
-4.23 4.61509e-07
-4.13 4.61879e-07
-4.03 5.95265e-07
-3.93 5.91995e-07
-3.83 4.6566e-07
-3.73 4.28448e-07
-3.63 5.22287e-07
-3.53 4.51612e-07
-3.43 6.03568e-07
-3.33 6.19236e-07
-3.23 6.3062e-07
-3.13 5.65976e-07
-3.03 6.34174e-07
-2.93 4.48369e-07
-2.83 4.43028e-07
-2.73 4.31503e-07
-2.63 6.02401e-07
-2.53 6.17252e-07
-2.43 6.84468e-07
-2.33 6.81826e-07
-2.23 6.83184e-07
-2.13 4.4546e-07
-2.03 4.21537e-07
-1.93 6.1373e-07
-1.83 5.71187e-07
-1.73 2.64515e-07
-1.63 4.92996e-07
-1.53 4.66516e-07
-1.43 4.60497e-07
-1.33 5.57657e-07
-1.23 7.04724e-07
-1.13 3.78195e-07
-1.03 3.71541e-07
-0.93 3.36702e-07
-0.83 5.66575e-07
-0.73 3.26106e-07
-0.63 7.0269e-07
-0.53 4.02618e-07
-0.43 3.95731e-07
-0.33 4.19069e-07
-0.23 3.72307e-07
-0.13 2.90521e-07
-0.03 4.65389e-07
0.07 2.89235e-07
0.17 4.68832e-07
0.27 3.37407e-07
0.37 5.39421e-07
0.47 8.93664e-07
0.57 5.8675e-07
0.67 2.29544e-07
0.77 3.69792e-07
0.87 3.30093e-07
0.97 1.92826e-07
1.07 3.7094e-07
1.17 3.51016e-07
1.27 4.33372e-07
1.37 1.94435e-07
1.47 2.66215e-07
1.57 3.44616e-07
1.67 2.52865e-07
1.77 3.13575e-07
1.87 3.82516e-07
1.97 3.83493e-07
2.07 1.93534e-07
2.17 3.39038e-07
2.27 4.24645e-07
2.37 4.30523e-07
2.47 2.53197e-07
2.57 2.09625e-07
2.67 1.87743e-07
2.77 1.36327e-07
2.87 4.11361e-08
2.97 5.29917e-08
3.07 4.18401e-09
3.17 3.26154e-09
3.27 1.12915e-08
3.37 0
3.47 0
3.57 0
3.67 0
3.77 0
3.87 0
3.97 0
4.07 0
4.17 0
4.27 0
4.37 0
4.47 0
4.57 0
4.67 0
4.77 0
4.87 0
4.97 0
5.07 0
5.17 0
5.27 0
5.37 0
5.47 0
5.57 0
5.67 0
5.77 0
5.87 0
5.97 0
6.07 0
6.17 0
6.27 0
6.37 0
6.47 0
6.57 0
6.67 0
6.77 0
6.87 0
6.97 0
7.07 0
7.17 0
7.27 0
7.37 0
7.47 0
7.57 0
7.67 0
7.77 0
7.87 0
7.97 0
8.07 0
8.17 0
8.27 0
8.37 0
8.47 0
8.57 0
8.67 0
8.77 0
8.87 0
8.97 0
9.07 0
9.17 0
9.27 0
9.37 0
9.47 0
9.57 0
9.67 0
9.77 0
9.87 0
9.97 0
10.07 0
10.17 0
10.27 0
10.37 0
10.47 0
10.57 0
10.67 0
10.77 0
10.87 0
10.97 0
11.07 0
11.17 0
11.27 0
11.37 0
11.47 0
11.57 0
11.67 0
11.77 0
11.87 0
11.97 0
12.07 0
12.17 0
12.27 0
12.37 0
12.47 0
12.57 0
12.67 0
12.77 0
12.87 0
12.97 0
13.07 0
13.17 0
