-7.23 5.11027
-7.13 5.16406
-7.03 5.19924
-6.93 5.29923
-6.83 5.28886
-6.73 5.36661
-6.63 5.3563
-6.53 5.4351
-6.43 5.48192
-6.33 5.50095
-6.23 5.54551
-6.13 5.56573
-6.03 5.63813
-5.93 5.69192
-5.83 5.72445
-5.73 5.77961
-5.63 5.80096
-5.53 5.8651
-5.43 5.90024
-5.33 5.94374
-5.23 6.01283
-5.13 6.05774
-5.03 6.12408
-4.93 6.15979
-4.83 6.25928
-4.73 6.27946
-4.63 6.33123
-4.53 6.38261
-4.43 6.45109
-4.33 6.5387
-4.23 6.60532
-4.13 6.68446
-4.03 6.74159
-3.93 6.82239
-3.83 6.9001
-3.73 6.97466
-3.63 7.04123
-3.53 7.13084
-3.43 7.21103
-3.33 7.32271
-3.23 7.45953
-3.13 7.55796
-3.03 7.67196
-2.93 7.81538
-2.83 7.95786
-2.73 8.06672
-2.63 8.24287
-2.53 8.43024
-2.43 8.68834
-2.33 9.07676
-2.23 9.508
-2.13 9.88885
-2.03 9.88097
-1.93 9.84771
-1.83 9.98571
-1.73 10.0612
-1.63 10.1245
-1.53 10.3043
-1.43 10.4357
-1.33 10.5596
-1.23 10.7163
-1.13 10.8861
-1.03 11.0124
-0.93 11.1178
-0.83 11.3677
-0.73 11.6038
-0.63 11.6359
-0.53 11.7429
-0.43 12.0691
-0.33 12.2729
-0.23 12.2994
-0.13 12.4996
-0.03 12.7423
0.07 13.05
0.17 13.3372
0.27 13.4681
0.37 13.8281
0.47 14.1278
0.57 14.4331
0.67 14.6083
0.77 15.0181
0.87 15.4966
0.97 16.0603
1.07 16.2524
1.17 16.5822
1.27 17.29
1.37 17.9506
1.47 18.5688
1.57 18.9786
1.67 19.6149
1.77 20.3646
1.87 21.4261
1.97 22.5682
2.07 23.6612
2.17 25.2687
2.27 27.6348
2.37 30.0906
2.47 32.5877
2.57 36.327
2.67 41.49
2.77 49.6143
2.87 59.522
2.97 69.9573
3.07 81.2826
3.17 92.1713
3.27 101.163
3.37 109.36
3.47 119.621
3.57 129.826
3.67 141.479
3.77 145.532
3.87 0
3.97 0
4.07 0
4.17 0
4.27 0
4.37 0
4.47 0
4.57 0
4.67 0
4.77 0
4.87 0
4.97 0
5.07 0
5.17 0
5.27 0
5.37 0
5.47 0
5.57 0
5.67 0
5.77 0
5.87 0
5.97 0
6.07 0
6.17 0
6.27 0
6.37 0
6.47 0
6.57 0
6.67 0
6.77 0
6.87 0
6.97 0
7.07 0
7.17 0
7.27 0
7.37 0
7.47 0
7.57 0
7.67 0
7.77 0
7.87 0
7.97 0
8.07 0
8.17 0
8.27 0
8.37 0
8.47 0
8.57 0
8.67 0
8.77 0
8.87 0
8.97 0
9.07 0
9.17 0
9.27 0
9.37 0
9.47 0
9.57 0
9.67 0
9.77 0
9.87 0
9.97 0
10.07 0
10.17 0
10.27 0
10.37 0
10.47 0
10.57 0
10.67 0
10.77 0
10.87 0
10.97 0
11.07 0
11.17 0
11.27 0
11.37 0
11.47 0
11.57 0
11.67 0
11.77 0
11.87 0
11.97 0
12.07 0
12.17 0
12.27 0
12.37 0
12.47 0
12.57 0
12.67 0
12.77 0
12.87 0
12.97 0
13.07 0
13.17 0
