-7.23 64.2502
-7.13 153.848
-7.03 43.7349
-6.93 104.532
-6.83 59.2813
-6.73 101.627
-6.63 72.5191
-6.53 83.1373
-6.43 98.7341
-6.33 62.3138
-6.23 95.8358
-6.13 70.7438
-6.03 79.8741
-5.93 102.468
-5.83 69.1762
-5.73 87.3428
-5.63 96.866
-5.53 82.3225
-5.43 80.3156
-5.33 102.126
-5.23 67.2359
-5.13 84.795
-5.03 65.0843
-4.93 87.2413
-4.83 72.093
-4.73 94.4159
-4.63 58.8266
-4.53 85.2743
-4.43 85.0367
-4.33 91.2023
-4.23 76.4812
-4.13 78.9163
-4.03 77.9729
-3.93 66.2876
-3.83 91.1008
-3.73 73.8385
-3.63 61.9052
-3.53 72.1015
-3.43 85.6746
-3.33 82.4415
-3.23 69.6575
-3.13 84.8118
-3.03 87.0116
-2.93 77.4436
-2.83 71.274
-2.73 68.8975
-2.63 68.5807
-2.53 83.7305
-2.43 71.9423
-2.33 69.8639
-2.23 89.4304
-2.13 78.4915
-2.03 93.3461
-1.93 72.2349
-1.83 93.8206
-1.73 73.5637
-1.63 73.7811
-1.53 89.4573
-1.43 89.6165
-1.33 77.6166
-1.23 79.7384
-1.13 76.7969
-1.03 80.7825
-0.93 79.7179
-0.83 82.0617
-0.73 86.043
-0.63 89.7153
-0.53 67.8864
-0.43 86.6909
-0.33 93.5314
-0.23 82.8953
-0.13 71.2924
-0.03 82.618
0.07 78.2036
0.17 95.0158
0.27 78.3353
0.37 69.5418
0.47 87.8825
0.57 78.5652
0.67 69.0976
0.77 81.8411
0.87 78.0448
0.97 75.0183
1.07 89.7513
1.17 82.3124
1.27 87.8323
1.37 80.0461
1.47 84.1765
1.57 85.0701
1.67 92.682
1.77 92.6387
1.87 87.7753
1.97 104.195
2.07 93.6985
2.17 95.1404
2.27 90.606
2.37 108.423
2.47 103.083
2.57 112.018
2.67 134.414
2.77 141.374
2.87 165.049
2.97 194.27
3.07 215.033
3.17 243.626
3.27 272.884
3.37 290.419
3.47 300.02
3.57 334.325
3.67 437.168
3.77 0
3.87 0
3.97 0
4.07 0
4.17 0
4.27 0
4.37 0
4.47 0
4.57 0
4.67 0
4.77 0
4.87 0
4.97 0
5.07 0
5.17 0
5.27 0
5.37 0
5.47 0
5.57 0
5.67 0
5.77 0
5.87 0
5.97 0
6.07 0
6.17 0
6.27 0
6.37 0
6.47 0
6.57 0
6.67 0
6.77 0
6.87 0
6.97 0
7.07 0
7.17 0
7.27 0
7.37 0
7.47 0
7.57 0
7.67 0
7.77 0
7.87 0
7.97 0
8.07 0
8.17 0
8.27 0
8.37 0
8.47 0
8.57 0
8.67 0
8.77 0
8.87 0
8.97 0
9.07 0
9.17 0
9.27 0
9.37 0
9.47 0
9.57 0
9.67 0
9.77 0
9.87 0
9.97 0
10.07 0
10.17 0
10.27 0
10.37 0
10.47 0
10.57 0
10.67 0
10.77 0
10.87 0
10.97 0
11.07 0
11.17 0
11.27 0
11.37 0
11.47 0
11.57 0
11.67 0
11.77 0
11.87 0
11.97 0
12.07 0
12.17 0
12.27 0
12.37 0
12.47 0
12.57 0
12.67 0
12.77 0
12.87 0
12.97 0
13.07 0
13.17 0
