-7.23 0.0150457
-7.13 0.0150246
-7.03 0.0149957
-6.93 0.014974
-6.83 0.0149443
-6.73 0.0149168
-6.63 0.014889
-6.53 0.0148698
-6.43 0.0148367
-6.33 0.0148125
-6.23 0.0147921
-6.13 0.0147637
-6.03 0.0147323
-5.93 0.0147079
-5.83 0.0146854
-5.73 0.0146584
-5.63 0.0146269
-5.53 0.0145994
-5.43 0.0145737
-5.33 0.0145471
-5.23 0.0145228
-5.13 0.0144889
-5.03 0.0144564
-4.93 0.0144215
-4.83 0.0143963
-4.73 0.0143644
-4.63 0.0143313
-4.53 0.0143047
-4.43 0.0142729
-4.33 0.0142425
-4.23 0.0142151
-4.13 0.0141819
-4.03 0.0141518
-3.93 0.014121
-3.83 0.0140862
-3.73 0.0140524
-3.63 0.0140217
-3.53 0.0140012
-3.43 0.0139735
-3.33 0.0139469
-3.23 0.0139134
-3.13 0.0138737
-3.03 0.013844
-2.93 0.0138129
-2.83 0.013772
-2.73 0.0137329
-2.63 0.0136956
-2.53 0.0136624
-2.43 0.0136239
-2.33 0.0135844
-2.23 0.0135226
-2.13 0.0134188
-2.03 0.0132727
-1.93 0.0131407
-1.83 0.0130268
-1.73 0.0129122
-1.63 0.0127946
-1.53 0.0126842
-1.43 0.01256
-1.33 0.0124273
-1.23 0.0122979
-1.13 0.0121697
-1.03 0.012036
-0.93 0.0119026
-0.83 0.0117776
-0.73 0.0116431
-0.63 0.0114821
-0.53 0.0113414
-0.43 0.0112129
-0.33 0.0110615
-0.23 0.0109088
-0.13 0.0107694
-0.03 0.0106308
0.07 0.0104967
0.17 0.0103363
0.27 0.0101781
0.37 0.0100165
0.47 0.00984934
0.57 0.00967504
0.67 0.00950194
0.77 0.00933821
0.87 0.00916361
0.97 0.00898413
1.07 0.00878048
1.17 0.00858822
1.27 0.00840356
1.37 0.00819655
1.47 0.00797526
1.57 0.00773855
1.67 0.00750356
1.77 0.00727466
1.87 0.00703459
1.97 0.00674391
2.07 0.006433
2.17 0.00612794
2.27 0.00579247
2.37 0.00540086
2.47 0.00499347
2.57 0.00457442
2.67 0.00409435
2.77 0.00350543
2.87 0.0027488
2.97 0.00191713
3.07 0.00115348
3.17 0.00058321
3.27 0.000247241
3.37 9.29694e-05
3.47 2.83282e-05
3.57 6.63173e-06
3.67 1.72262e-06
3.77 3.07675e-07
3.87 2.64266e-08
3.97 0
4.07 0
4.17 0
4.27 0
4.37 0
4.47 0
4.57 0
4.67 0
4.77 0
4.87 0
4.97 0
5.07 0
5.17 0
5.27 0
5.37 0
5.47 0
5.57 0
5.67 0
5.77 0
5.87 0
5.97 0
6.07 0
6.17 0
6.27 0
6.37 0
6.47 0
6.57 0
6.67 0
6.77 0
6.87 0
6.97 0
7.07 0
7.17 0
7.27 0
7.37 0
7.47 0
7.57 0
7.67 0
7.77 0
7.87 0
7.97 0
8.07 0
8.17 0
8.27 0
8.37 0
8.47 0
8.57 0
8.67 0
8.77 0
8.87 0
8.97 0
9.07 0
9.17 0
9.27 0
9.37 0
9.47 0
9.57 0
9.67 0
9.77 0
9.87 0
9.97 0
10.07 0
10.17 0
10.27 0
10.37 0
10.47 0
10.57 0
10.67 0
10.77 0
10.87 0
10.97 0
11.07 0
11.17 0
11.27 0
11.37 0
11.47 0
11.57 0
11.67 0
11.77 0
11.87 0
11.97 0
12.07 0
12.17 0
12.27 0
12.37 0
12.47 0
12.57 0
12.67 0
12.77 0
12.87 0
12.97 0
13.07 0
13.17 0
