-7.23 6.95312e-05
-7.13 0.000443925
-7.03 0.000153171
-6.93 0.00052796
-6.83 0.00017717
-6.73 0.000225697
-6.63 0.000288176
-6.53 0.000336096
-6.43 0.00052329
-6.33 0.000130382
-6.23 0.000481722
-6.13 0.000158171
-6.03 0.000286542
-5.93 0.000427709
-5.83 0.000204577
-5.73 0.00037998
-5.63 0.000195779
-5.53 0.000217801
-5.43 0.000294141
-5.33 0.000222137
-5.23 0.000278484
-5.13 0.000294711
-5.03 0.000315827
-4.93 0.000197645
-4.83 0.000290906
-4.73 0.000372118
-4.63 0.000353972
-4.53 0.000374174
-4.43 0.000403743
-4.33 0.000234568
-4.23 0.000263182
-4.13 0.000301576
-4.03 0.000282071
-3.93 0.00034343
-3.83 0.000359948
-3.73 0.000290301
-3.63 0.000238389
-3.53 0.000277481
-3.43 0.000240392
-3.33 0.000398231
-3.23 0.000249553
-3.13 0.000297053
-3.03 0.00035656
-2.93 0.000283307
-2.83 0.000406493
-2.73 0.00023939
-2.63 0.000279226
-2.53 0.000456135
-2.43 0.000238688
-2.33 0.000413183
-2.23 0.000382661
-2.13 0.000360014
-2.03 0.00031348
-1.93 0.000222142
-1.83 0.000285727
-1.73 0.00040303
-1.63 0.000159083
-1.53 0.000281996
-1.43 0.000361236
-1.33 0.00037161
-1.23 0.00026462
-1.13 0.000399413
-1.03 0.000235445
-0.93 0.000384822
-0.83 0.000356627
-0.73 0.000372301
-0.63 0.000281678
-0.53 0.000333424
-0.43 0.000315873
-0.33 0.000259403
-0.23 0.000173721
-0.13 0.000235717
-0.03 0.000303659
0.07 0.000222849
0.17 0.000195007
0.27 0.00032667
0.37 0.000383142
0.47 0.000273401
0.57 0.00036967
0.67 0.000244764
0.77 0.00013025
0.87 0.000292254
0.97 0.000289923
1.07 0.000165748
1.17 0.000120261
1.27 0.000143144
1.37 0.000177195
1.47 0.000171749
1.57 0.000199375
1.67 0.000155024
1.77 0.000293866
1.87 0.000175139
1.97 0.000289892
2.07 0.000263868
2.17 9.12058e-05
2.27 0.000116154
2.37 0.000259465
2.47 0.00021279
2.57 0.000128305
2.67 0.000328986
2.77 0.000182866
2.87 0.000153482
2.97 1.69588e-05
3.07 2.49347e-05
3.17 3.27e-05
3.27 7.25583e-06
3.37 0
3.47 0
3.57 0
3.67 0
3.77 0
3.87 0
3.97 0
4.07 0
4.17 0
4.27 0
4.37 0
4.47 0
4.57 0
4.67 0
4.77 0
4.87 0
4.97 0
5.07 0
5.17 0
5.27 0
5.37 0
5.47 0
5.57 0
5.67 0
5.77 0
5.87 0
5.97 0
6.07 0
6.17 0
6.27 0
6.37 0
6.47 0
6.57 0
6.67 0
6.77 0
6.87 0
6.97 0
7.07 0
7.17 0
7.27 0
7.37 0
7.47 0
7.57 0
7.67 0
7.77 0
7.87 0
7.97 0
8.07 0
8.17 0
8.27 0
8.37 0
8.47 0
8.57 0
8.67 0
8.77 0
8.87 0
8.97 0
9.07 0
9.17 0
9.27 0
9.37 0
9.47 0
9.57 0
9.67 0
9.77 0
9.87 0
9.97 0
10.07 0
10.17 0
10.27 0
10.37 0
10.47 0
10.57 0
10.67 0
10.77 0
10.87 0
10.97 0
11.07 0
11.17 0
11.27 0
11.37 0
11.47 0
11.57 0
11.67 0
11.77 0
11.87 0
11.97 0
12.07 0
12.17 0
12.27 0
12.37 0
12.47 0
12.57 0
12.67 0
12.77 0
12.87 0
12.97 0
13.07 0
13.17 0
