-7.23 0.0149963
-7.13 0.0149698
-7.03 0.014932
-6.93 0.0149013
-6.83 0.0148697
-6.73 0.0148354
-6.63 0.0148049
-6.53 0.0147709
-6.43 0.01474
-6.33 0.0147062
-6.23 0.0146689
-6.13 0.0146364
-6.03 0.0146078
-5.93 0.0145741
-5.83 0.0145399
-5.73 0.0145072
-5.63 0.0144775
-5.53 0.0144415
-5.43 0.0144062
-5.33 0.0143712
-5.23 0.0143386
-5.13 0.0143118
-5.03 0.0142792
-4.93 0.0142456
-4.83 0.0142157
-4.73 0.014181
-4.63 0.0141458
-4.53 0.0141116
-4.43 0.0140801
-4.33 0.0140455
-4.23 0.0140104
-4.13 0.0139797
-4.03 0.0139489
-3.93 0.0139141
-3.83 0.0138755
-3.73 0.0138406
-3.63 0.0138063
-3.53 0.0137795
-3.43 0.0137546
-3.33 0.0137221
-3.23 0.0136893
-3.13 0.0136553
-3.03 0.0136194
-2.93 0.0135853
-2.83 0.0135498
-2.73 0.0135164
-2.63 0.0134802
-2.53 0.0134479
-2.43 0.013413
-2.33 0.0133757
-2.23 0.013307
-2.13 0.0131894
-2.03 0.0130551
-1.93 0.0129283
-1.83 0.0128071
-1.73 0.0126825
-1.63 0.0125703
-1.53 0.0124606
-1.43 0.0123332
-1.33 0.0122104
-1.23 0.0120978
-1.13 0.0119623
-1.03 0.0118297
-0.93 0.0117142
-0.83 0.0115854
-0.73 0.0114426
-0.63 0.0113071
-0.53 0.0111616
-0.43 0.0110438
-0.33 0.0109011
-0.23 0.0107505
-0.13 0.0106201
-0.03 0.0104866
0.07 0.0103379
0.17 0.010174
0.27 0.0100149
0.37 0.00986659
0.47 0.00969627
0.57 0.00952125
0.67 0.00934733
0.77 0.00919516
0.87 0.00902491
0.97 0.0088314
1.07 0.00862913
1.17 0.00844075
1.27 0.00825218
1.37 0.00804365
1.47 0.0078292
1.57 0.00760627
1.67 0.00737495
1.77 0.00713324
1.87 0.00688679
1.97 0.00658976
2.07 0.0062815
2.17 0.00597471
2.27 0.0056283
2.37 0.00520662
2.47 0.00477596
2.57 0.00434251
2.67 0.0038392
2.77 0.00322615
2.87 0.00248584
2.97 0.00170483
3.07 0.00101765
3.17 0.0005007
3.27 0.000211688
3.37 7.218e-05
3.47 2.07531e-05
3.57 4.16562e-06
3.67 6.07462e-07
3.77 0
3.87 0
3.97 0
4.07 0
4.17 0
4.27 0
4.37 0
4.47 0
4.57 0
4.67 0
4.77 0
4.87 0
4.97 0
5.07 0
5.17 0
5.27 0
5.37 0
5.47 0
5.57 0
5.67 0
5.77 0
5.87 0
5.97 0
6.07 0
6.17 0
6.27 0
6.37 0
6.47 0
6.57 0
6.67 0
6.77 0
6.87 0
6.97 0
7.07 0
7.17 0
7.27 0
7.37 0
7.47 0
7.57 0
7.67 0
7.77 0
7.87 0
7.97 0
8.07 0
8.17 0
8.27 0
8.37 0
8.47 0
8.57 0
8.67 0
8.77 0
8.87 0
8.97 0
9.07 0
9.17 0
9.27 0
9.37 0
9.47 0
9.57 0
9.67 0
9.77 0
9.87 0
9.97 0
10.07 0
10.17 0
10.27 0
10.37 0
10.47 0
10.57 0
10.67 0
10.77 0
10.87 0
10.97 0
11.07 0
11.17 0
11.27 0
11.37 0
11.47 0
11.57 0
11.67 0
11.77 0
11.87 0
11.97 0
12.07 0
12.17 0
12.27 0
12.37 0
12.47 0
12.57 0
12.67 0
12.77 0
12.87 0
12.97 0
13.07 0
13.17 0
