-7.23 9.7265e-14
-7.13 9.87817e-08
-7.03 2.75296e-08
-6.93 1.9768e-07
-6.83 0
-6.73 1.05302e-07
-6.63 2.92868e-08
-6.53 1.22155e-07
-6.43 8.05553e-08
-6.33 3.91811e-08
-6.23 2.38463e-08
-6.13 3.2225e-09
-6.03 3.18992e-08
-5.93 1.04521e-07
-5.83 3.377e-09
-5.73 9.06488e-09
-5.63 5.95747e-08
-5.53 0
-5.43 2.86198e-08
-5.33 2.08243e-07
-5.23 2.14356e-08
-5.13 2.34086e-08
-5.03 6.11466e-08
-4.93 2.53708e-07
-4.83 2.86774e-08
-4.73 1.1754e-07
-4.63 3.34737e-07
-4.53 4.42697e-07
-4.43 4.16663e-09
-4.33 3.7334e-08
-4.23 1.40639e-07
-4.13 8.99899e-08
-4.03 4.90015e-08
-3.93 7.20306e-09
-3.83 1.24496e-07
-3.73 4.00552e-09
-3.63 8.28643e-09
-3.53 8.08167e-08
-3.43 1.03193e-07
-3.33 7.91962e-08
-3.23 4.77327e-09
-3.13 3.37114e-09
-3.03 1.00222e-07
-2.93 1.0058e-08
-2.83 1.4062e-08
-2.73 2.62701e-08
-2.63 6.95741e-08
-2.53 1.46059e-07
-2.43 1.30667e-08
-2.33 5.43279e-08
-2.23 1.02674e-07
-2.13 1.06204e-07
-2.03 1.16043e-08
-1.93 1.85265e-07
-1.83 2.21209e-07
-1.73 8.19616e-08
-1.63 1.09854e-07
-1.53 9.53509e-10
-1.43 1.21163e-08
-1.33 8.75269e-08
-1.23 1.33217e-08
-1.13 1.03976e-07
-1.03 1.33126e-09
-0.93 2.27264e-08
-0.83 0
-0.73 1.10479e-08
-0.63 7.55446e-08
-0.53 7.09732e-08
-0.43 4.47531e-09
-0.33 0
-0.23 1.83971e-08
-0.13 5.24692e-08
-0.03 1.2635e-07
0.07 1.42264e-08
0.17 1.72628e-08
0.27 3.46733e-08
0.37 3.34431e-08
0.47 0
0.57 0
0.67 0
0.77 1.20469e-08
0.87 4.45571e-08
0.97 2.76081e-08
1.07 0
1.17 7.64228e-09
1.27 3.47266e-10
1.37 3.0666e-08
1.47 5.75308e-08
1.57 1.10053e-08
1.67 5.14799e-08
1.77 3.76877e-08
1.87 0
1.97 0
2.07 1.45029e-08
2.17 0
2.27 2.28588e-10
2.37 0
2.47 4.16093e-10
2.57 0
2.67 0
2.77 0
2.87 0
2.97 0
3.07 0
3.17 0
3.27 0
3.37 0
3.47 0
3.57 0
3.67 0
3.77 0
3.87 0
3.97 0
4.07 0
4.17 0
4.27 0
4.37 0
4.47 0
4.57 0
4.67 0
4.77 0
4.87 0
4.97 0
5.07 0
5.17 0
5.27 0
5.37 0
5.47 0
5.57 0
5.67 0
5.77 0
5.87 0
5.97 0
6.07 0
6.17 0
6.27 0
6.37 0
6.47 0
6.57 0
6.67 0
6.77 0
6.87 0
6.97 0
7.07 0
7.17 0
7.27 0
7.37 0
7.47 0
7.57 0
7.67 0
7.77 0
7.87 0
7.97 0
8.07 0
8.17 0
8.27 0
8.37 0
8.47 0
8.57 0
8.67 0
8.77 0
8.87 0
8.97 0
9.07 0
9.17 0
9.27 0
9.37 0
9.47 0
9.57 0
9.67 0
9.77 0
9.87 0
9.97 0
10.07 0
10.17 0
10.27 0
10.37 0
10.47 0
10.57 0
10.67 0
10.77 0
10.87 0
10.97 0
11.07 0
11.17 0
11.27 0
11.37 0
11.47 0
11.57 0
11.67 0
11.77 0
11.87 0
11.97 0
12.07 0
12.17 0
12.27 0
12.37 0
12.47 0
12.57 0
12.67 0
12.77 0
12.87 0
12.97 0
13.07 0
13.17 0
