-7.23 2.81438e-05
-7.13 0.000183496
-7.03 2.79634e-05
-6.93 0.00024317
-6.83 0.000106161
-6.73 0.000209254
-6.63 7.02957e-05
-6.53 7.32285e-05
-6.43 0.00012332
-6.33 2.64288e-05
-6.23 4.77452e-05
-6.13 3.05855e-05
-6.03 2.4837e-05
-5.93 0.000240273
-5.83 7.69906e-05
-5.73 9.80627e-06
-5.63 4.96491e-05
-5.53 0.000101416
-5.43 4.94563e-05
-5.33 9.30773e-05
-5.23 5.12699e-05
-5.13 6.05942e-05
-5.03 3.17956e-05
-4.93 0.000135028
-4.83 6.66455e-05
-4.73 9.73931e-05
-4.63 0.000239488
-4.53 0.000203373
-4.43 0.000140688
-4.33 4.94651e-05
-4.23 0.000160692
-4.13 0.000250567
-4.03 0.000203023
-3.93 3.73146e-05
-3.83 0.000153133
-3.73 1.16008e-05
-3.63 7.22602e-05
-3.53 6.58167e-05
-3.43 4.00922e-05
-3.33 2.77251e-05
-3.23 9.1891e-05
-3.13 3.1012e-06
-3.03 0.000130622
-2.93 9.69694e-05
-2.83 2.07677e-05
-2.73 5.1309e-05
-2.63 3.73067e-05
-2.53 0.000114889
-2.43 9.78354e-05
-2.33 0.000181249
-2.23 0.000166441
-2.13 9.94417e-05
-2.03 0
-1.93 9.30772e-05
-1.83 3.45087e-05
-1.73 7.55736e-05
-1.63 4.89852e-05
-1.53 5.57618e-05
-1.43 4.32762e-05
-1.33 5.64933e-05
-1.23 2.94079e-05
-1.13 5.23285e-05
-1.03 1.72333e-05
-0.93 1.92328e-05
-0.83 3.64519e-05
-0.73 4.01858e-05
-0.63 7.58653e-05
-0.53 1.43173e-05
-0.43 1.17671e-05
-0.33 9.60583e-05
-0.23 6.34752e-05
-0.13 3.15086e-05
-0.03 8.8196e-05
0.07 2.09616e-05
0.17 3.92554e-05
0.27 2.49866e-05
0.37 5.01284e-05
0.47 1.00179e-05
0.57 6.50823e-06
0.67 7.24359e-07
0.77 3.11664e-05
0.87 5.68033e-05
0.97 3.19928e-05
1.07 0
1.17 8.13599e-06
1.27 0
1.37 7.07208e-05
1.47 3.60468e-05
1.57 5.27311e-05
1.67 6.40676e-05
1.77 4.96384e-05
1.87 6.77099e-06
1.97 3.44696e-05
2.07 3.18691e-05
2.17 1.42717e-06
2.27 1.71335e-06
2.37 0
2.47 9.0187e-07
2.57 0
2.67 0
2.77 5.10733e-06
2.87 0
2.97 0
3.07 0
3.17 0
3.27 0
3.37 0
3.47 0
3.57 0
3.67 0
3.77 0
3.87 0
3.97 0
4.07 0
4.17 0
4.27 0
4.37 0
4.47 0
4.57 0
4.67 0
4.77 0
4.87 0
4.97 0
5.07 0
5.17 0
5.27 0
5.37 0
5.47 0
5.57 0
5.67 0
5.77 0
5.87 0
5.97 0
6.07 0
6.17 0
6.27 0
6.37 0
6.47 0
6.57 0
6.67 0
6.77 0
6.87 0
6.97 0
7.07 0
7.17 0
7.27 0
7.37 0
7.47 0
7.57 0
7.67 0
7.77 0
7.87 0
7.97 0
8.07 0
8.17 0
8.27 0
8.37 0
8.47 0
8.57 0
8.67 0
8.77 0
8.87 0
8.97 0
9.07 0
9.17 0
9.27 0
9.37 0
9.47 0
9.57 0
9.67 0
9.77 0
9.87 0
9.97 0
10.07 0
10.17 0
10.27 0
10.37 0
10.47 0
10.57 0
10.67 0
10.77 0
10.87 0
10.97 0
11.07 0
11.17 0
11.27 0
11.37 0
11.47 0
11.57 0
11.67 0
11.77 0
11.87 0
11.97 0
12.07 0
12.17 0
12.27 0
12.37 0
12.47 0
12.57 0
12.67 0
12.77 0
12.87 0
12.97 0
13.07 0
13.17 0
