1.09967 5.59846e-09
3.099 7.98125e-07
5.09833 1.0777e-06
7.09767 9.03898e-07
9.097 5.79065e-09
11.0963 6.5673e-09
13.0957 1.09422e-06
15.095 7.14465e-09
17.0943 5.84078e-07
19.0937 1.46397e-06
21.093 9.48771e-09
23.0923 1.02214e-08
25.0917 1.00169e-08
27.091 1.13861e-08
29.0903 5.91839e-07
31.0897 1.41321e-08
33.089 4.22872e-07
35.0883 1.69442e-08
37.0877 1.76475e-08
39.087 1.88013e-08
41.0863 4.55994e-07
43.0857 2.23733e-08
45.085 2.40175e-08
47.0843 2.7819e-08
49.0837 2.936e-08
51.083 2.75956e-07
53.0823 3.39062e-08
55.0817 4.69987e-07
57.081 5.74091e-07
59.0803 9.62751e-07
61.0797 4.96494e-08
63.079 1.17386e-06
65.0783 5.92983e-08
67.0777 1.40754e-06
69.077 2.92491e-06
71.0763 7.57356e-08
73.0757 8.38981e-08
75.075 8.99428e-08
77.0743 3.50654e-07
79.0737 3.65691e-06
81.073 1.45912e-06
83.0723 8.49983e-07
85.0717 3.71768e-06
87.071 1.74106e-06
89.0703 6.71771e-07
91.0697 1.83623e-07
93.069 6.4641e-07
95.0683 2.55818e-06
97.0677 1.51119e-06
99.067 2.63722e-07
101.066 7.45177e-07
103.066 2.01458e-06
105.065 7.54623e-07
107.064 1.53958e-06
109.064 1.09436e-06
111.063 2.25606e-06
113.062 1.37268e-06
115.062 3.84159e-06
117.061 1.92384e-06
119.06 1.6102e-06
121.06 1.19418e-06
123.059 3.86248e-06
125.058 1.65389e-06
127.058 2.53493e-06
129.057 2.49393e-06
131.056 5.20223e-06
133.056 2.16968e-06
135.055 2.70986e-06
137.054 3.71108e-06
139.054 2.54366e-06
141.053 2.78285e-06
143.052 2.06786e-06
145.052 6.01846e-06
147.051 5.09642e-06
149.05 7.2084e-06
151.05 5.92096e-06
153.049 5.89858e-06
155.048 5.34491e-06
157.048 8.33028e-06
159.047 8.95056e-06
161.046 9.19462e-06
163.046 1.4577e-05
165.045 1.0229e-05
167.044 1.34099e-05
169.044 1.35378e-05
171.043 2.77319e-05
173.042 1.63264e-05
175.042 1.69903e-05
177.041 1.9829e-05
179.04 1.8991e-05
181.04 2.20355e-05
183.039 2.10079e-05
185.038 2.31203e-05
187.038 2.76894e-05
189.037 3.31831e-05
191.036 2.85318e-05
193.036 3.11142e-05
195.035 3.00339e-05
197.034 3.53872e-05
199.034 3.91708e-05
201.033 3.67996e-05
203.032 4.44794e-05
205.032 4.55396e-05
207.031 5.42511e-05
209.03 5.88289e-05
211.03 6.44925e-05
213.029 6.51633e-05
215.028 6.76656e-05
217.028 6.66575e-05
219.027 7.44413e-05
221.026 8.6136e-05
223.026 9.15125e-05
225.025 9.41689e-05
227.024 0.00011433
229.024 0.000124219
231.023 0.000128227
233.022 0.000134913
235.022 0.000142592
237.021 0.000155625
239.02 0.000178838
241.02 0.000174619
243.019 0.000181678
245.018 0.00021215
247.018 0.000185453
249.017 0.000197592
251.016 0.000211215
253.016 2.50918e-05
255.015 4.61375e-06
257.014 2.48733e-06
259.014 3.25125e-06
261.013 4.68227e-06
263.012 2.62617e-06
265.012 1.21463e-06
267.011 4.01809e-07
269.01 0
271.01 0
273.009 0
275.008 0
277.008 0
279.007 0
281.006 0
283.006 0
285.005 0
287.004 0
289.004 0
291.003 0
293.002 0
295.002 0
297.001 0
299 0
