1.09967 7.58156e-12 8.1886e-13
3.099 7.21282e-12 7.75285e-13
5.09833 8.41102e-12 8.49032e-13
7.09767 8.13945e-12 8.2148e-13
9.097 7.69991e-12 7.80859e-13
11.0963 8.42074e-12 8.29655e-13
13.0957 9.90822e-12 7.7898e-13
15.095 8.67344e-12 7.90824e-13
17.0943 8.13294e-12 9.0539e-13
19.0937 8.22488e-12 6.83776e-13
21.093 1.00778e-11 7.8469e-13
23.0923 9.6158e-12 7.79083e-13
25.0917 1.14948e-11 7.92193e-13
27.091 1.08856e-11 8.09378e-13
29.0903 1.13739e-11 7.75893e-13
31.0897 1.12376e-11 8.45538e-13
33.089 1.09317e-11 7.08411e-13
35.0883 1.26025e-11 7.91577e-13
37.0877 1.26541e-11 7.46623e-13
39.087 1.39741e-11 8.46062e-13
41.0863 1.43737e-11 9.55886e-13
43.0857 1.34919e-11 8.62627e-13
45.085 1.55599e-11 9.01975e-13
47.0843 1.56012e-11 8.79599e-13
49.0837 1.70811e-11 9.02219e-13
51.083 1.68088e-11 9.36833e-13
53.0823 1.88552e-11 9.37724e-13
55.0817 1.84006e-11 9.4768e-13
57.081 1.9649e-11 1.02076e-12
59.0803 2.24458e-11 1.08678e-12
61.0797 2.2178e-11 1.11614e-12
63.079 2.29298e-11 1.10459e-12
65.0783 2.60928e-11 1.05321e-12
67.0777 2.66003e-11 1.24596e-12
69.077 2.89472e-11 1.23158e-12
71.0763 2.93496e-11 1.31214e-12
73.0757 3.32507e-11 1.36153e-12
75.075 3.4027e-11 1.37683e-12
77.0743 3.75455e-11 1.39298e-12
79.0737 3.92059e-11 1.55449e-12
81.073 4.29356e-11 1.48164e-12
83.0723 4.54694e-11 1.6342e-12
85.0717 4.93624e-11 1.81227e-12
87.071 5.25898e-11 1.5744e-12
89.0703 5.79511e-11 2.08499e-12
91.0697 6.05458e-11 2.01351e-12
93.069 6.6353e-11 2.04087e-12
95.0683 7.25955e-11 2.21732e-12
97.0677 7.70715e-11 2.27096e-12
99.067 8.41644e-11 2.51184e-12
101.066 9.13137e-11 2.75117e-12
103.066 9.89908e-11 3.07671e-12
105.065 1.07005e-10 3.4019e-12
107.064 1.19358e-10 3.78467e-12
109.064 1.25383e-10 3.71591e-12
111.063 1.35694e-10 4.43991e-12
113.062 1.49019e-10 4.67713e-12
115.062 1.59994e-10 4.98433e-12
117.061 1.73913e-10 5.41866e-12
119.06 1.90115e-10 5.77131e-12
121.06 2.0503e-10 6.37351e-12
123.059 2.21934e-10 6.81226e-12
125.058 2.3831e-10 7.70456e-12
127.058 2.56949e-10 8.33013e-12
129.057 2.84049e-10 8.93272e-12
131.056 2.96104e-10 9.7614e-12
133.056 3.20362e-10 1.01631e-11
135.055 3.39817e-10 1.15901e-11
137.054 3.69708e-10 1.20104e-11
139.054 3.89795e-10 1.31137e-11
141.053 4.16569e-10 1.44442e-11
143.052 4.38327e-10 1.52376e-11
145.052 4.70747e-10 1.67234e-11
147.051 4.94981e-10 1.90135e-11
149.05 5.2426e-10 1.94381e-11
151.05 5.50374e-10 2.05482e-11
153.049 5.78574e-10 2.15101e-11
155.048 5.981e-10 2.32021e-11
157.048 6.29036e-10 2.52107e-11
159.047 6.5619e-10 2.63261e-11
161.046 6.75506e-10 2.70995e-11
163.046 6.89707e-10 3.041e-11
165.045 6.97517e-10 3.18468e-11
167.044 7.08217e-10 3.4785e-11
169.044 7.1135e-10 3.46201e-11
171.043 7.25636e-10 3.58591e-11
173.042 7.56262e-10 3.821e-11
175.042 7.77039e-10 4.10746e-11
177.041 7.946e-10 4.58881e-11
179.04 7.91575e-10 4.69872e-11
181.04 8.05005e-10 5.14589e-11
183.039 7.81899e-10 5.28056e-11
185.038 7.93113e-10 5.76628e-11
187.038 7.75017e-10 5.90008e-11
189.037 7.46159e-10 5.97361e-11
191.036 7.69367e-10 6.1697e-11
193.036 7.49032e-10 6.496e-11
195.035 7.02829e-10 6.71219e-11
197.034 6.98486e-10 7.30598e-11
199.034 6.49988e-10 7.89499e-11
201.033 6.11587e-10 7.96251e-11
203.032 5.30841e-10 7.40105e-11
205.032 5.13746e-10 7.97792e-11
207.031 5.05802e-10 8.53171e-11
209.03 4.58395e-10 8.21523e-11
211.03 4.028e-10 7.23473e-11
213.029 3.36638e-10 6.84781e-11
215.028 2.5754e-10 6.20194e-11
217.028 2.35971e-10 6.45464e-11
219.027 1.89705e-10 6.11757e-11
221.026 1.77719e-10 5.98794e-11
223.026 1.80787e-10 5.86231e-11
225.025 1.76438e-10 6.41653e-11
227.024 1.67257e-10 6.51398e-11
229.024 9.56873e-11 5.13065e-11
231.023 7.22965e-11 4.65359e-11
233.022 4.32655e-11 3.66978e-11
235.022 3.96765e-11 3.94715e-11
237.021 5.25816e-11 5.23098e-11
239.02 3.83534e-11 3.81552e-11
241.02 0 0
243.019 0 0
245.018 0 0
247.018 0 0
249.017 0 0
251.016 0 0
253.016 0 0
255.015 0 0
257.014 0 0
259.014 0 0
261.013 0 0
263.012 0 0
265.012 0 0
267.011 0 0
269.01 0 0
271.01 0 0
273.009 0 0
275.008 0 0
277.008 0 0
279.007 0 0
281.006 0 0
283.006 0 0
285.005 0 0
287.004 0 0
289.004 0 0
291.003 0 0
293.002 0 0
295.002 0 0
297.001 0 0
299 0 0
