-10.2 5.02924
-10.1 5.04942
-10 5.08342
-9.9 5.11205
-9.8 5.14471
-9.7 5.17542
-9.6 5.20616
-9.5 5.24084
-9.4 5.27643
-9.3 5.31006
-9.2 5.3502
-9.1 5.38811
-9 5.42556
-8.9 5.46604
-8.8 5.50717
-8.7 5.55213
-8.6 5.59162
-8.5 5.63835
-8.4 5.68697
-8.3 5.73889
-8.2 5.79241
-8.1 5.84485
-8 5.89695
-7.9 5.95013
-7.8 6.00777
-7.7 6.06854
-7.6 6.13512
-7.5 6.20275
-7.4 6.27295
-7.3 6.33774
-7.2 6.41356
-7.1 6.4951
-7 6.57258
-6.9 6.65666
-6.8 6.75076
-6.7 6.844
-6.6 6.94241
-6.5 7.04918
-6.4 7.15717
-6.3 7.28135
-6.2 7.40467
-6.1 7.54949
-6 7.71067
-5.9 7.88703
-5.8 8.07357
-5.7 8.30048
-5.6 8.56281
-5.5 8.87031
-5.4 9.21486
-5.3 9.69155
-5.2 10.4353
-5.1 13.9167
-5 13.8473
-4.9 21.62
-4.8 31.9016
-4.7 35.2665
-4.6 37.5705
-4.5 32.3598
-4.4 37.5601
-4.3 34.4191
-4.2 39.6707
-4.1 35.6021
-4 35.8482
-3.9 38.6004
-3.8 36.9541
-3.7 35.2462
-3.6 36.5839
-3.5 37.8392
-3.4 43.4209
-3.3 34.5333
-3.2 40.8519
-3.1 44.8297
-3 43.0966
-2.9 43.4489
-2.8 39.4913
-2.7 31.7125
-2.6 45.3481
-2.5 36.0234
-2.4 37.089
-2.3 40.0022
-2.2 40.4748
-2.1 41.6262
-2 45.712
-1.9 42.9601
-1.8 38.54
-1.7 37.5981
-1.6 33.5992
-1.5 35.357
-1.4 49.8828
-1.3 40.6398
-1.2 42.77
-1.1 51.4522
-1 50.6479
-0.9 41.1821
-0.8 49.7752
-0.7 47.6329
-0.6 46.9796
-0.5 39.1344
-0.4 36.9702
-0.3 50.0117
-0.2 47.3587
-0.1 39.3846
0 45.9206
0.1 46.2378
0.2 50.8206
0.3 50.6589
0.4 54.2179
0.5 55.9982
0.6 41.3274
0.7 57.956
0.8 42.779
0.9 46.9524
1 46.5545
1.1 48.3789
1.2 56.8485
1.3 58.7659
1.4 59.9471
1.5 65.2729
1.6 51.8485
1.7 57.8648
1.8 56.7022
1.9 63.5342
2 65.0702
2.1 68.4121
2.2 59.1246
2.3 59.3674
2.4 69.1932
2.5 67.7772
2.6 60.2067
2.7 61.4935
2.8 76.8432
2.9 76.5211
3 74.831
3.1 57.8867
3.2 57.5754
3.3 79.9292
3.4 100.328
3.5 105.238
3.6 44.2209
3.7 66.5866
3.8 62.9281
3.9 91.5975
4 94.7319
4.1 97.6259
4.2 66.1549
4.3 77.6086
4.4 97.3155
4.5 86.4612
4.6 121.491
4.7 119.784
4.8 121.725
4.9 114.408
5 140.135
5.1 131.533
5.2 220.099
5.3 203.324
5.4 307.012
5.5 315.582
5.6 210.684
5.7 317.634
5.8 0
5.9 0
6 0
6.1 0
6.2 0
6.3 0
6.4 0
6.5 0
6.6 0
6.7 0
6.8 0
6.9 0
7 0
7.1 0
7.2 0
7.3 0
7.4 0
7.5 0
7.6 0
7.7 0
7.8 0
7.9 0
8 0
8.1 0
8.2 0
8.3 0
8.4 0
8.5 0
8.6 0
8.7 0
8.8 0
8.9 0
9 0
9.1 0
9.2 0
9.3 0
9.4 0
9.5 0
9.6 0
9.7 0
9.8 0
9.9 0
10 0
10.1 0
10.2 0
