-10.2 34.8529 0.626052
-10.1 35.7285 0.613355
-10 35.6066 0.668428
-9.9 35.5977 0.611892
-9.8 34.8426 0.603784
-9.7 35.5044 0.608055
-9.6 35.4094 0.611802
-9.5 35.9732 0.668423
-9.4 36.0314 0.488631
-9.3 34.5372 0.584261
-9.2 35.4267 0.541578
-9.1 34.6201 0.508141
-9 36.3355 0.60071
-8.9 35.6811 0.53546
-8.8 36.7178 0.542577
-8.7 35.5838 0.549259
-8.6 36.3056 0.607522
-8.5 36.5539 0.510092
-8.4 36.258 0.635382
-8.3 35.9873 0.571609
-8.2 36.0767 0.515772
-8.1 36.6067 0.557962
-8 36.4455 0.540652
-7.9 37.2037 0.551199
-7.8 36.1498 0.564107
-7.7 36.0449 0.545805
-7.6 38.0515 0.532554
-7.5 37.7986 0.58742
-7.4 36.3333 0.512241
-7.3 36.7649 0.624797
-7.2 36.8229 0.520731
-7.1 37.0028 0.554086
-7 37.4199 0.542486
-6.9 36.8048 0.581992
-6.8 37.2618 0.57542
-6.7 38.1153 0.534066
-6.6 37.7883 0.547814
-6.5 37.9824 0.516832
-6.4 37.8139 0.56431
-6.3 37.1208 0.453231
-6.2 38.0314 0.568258
-6.1 37.5725 0.433185
-6 38.0427 0.517086
-5.9 37.8866 0.480961
-5.8 38.2575 0.46008
-5.7 39.2105 0.513912
-5.6 39.9742 0.469819
-5.5 38.8913 0.467651
-5.4 39.116 0.611072
-5.3 39.4152 0.427213
-5.2 38.5145 0.452244
-5.1 39.757 0.470185
-5 40.8405 0.42232
-4.9 43.5329 0.431295
-4.8 46.7042 0.408975
-4.7 49.3634 0.471009
-4.6 49.4082 0.438627
-4.5 48.6597 0.428217
-4.4 47.6275 0.436562
-4.3 46.9488 0.405792
-4.2 47.697 0.397951
-4.1 48.1504 0.436765
-4 48.7764 0.454392
-3.9 48.2711 0.447713
-3.8 48.5062 0.413678
-3.7 48.9521 0.442665
-3.6 49.058 0.46632
-3.5 49.1882 0.494243
-3.4 49.7308 0.463881
-3.3 49.8676 0.440029
-3.2 49.2618 0.453421
-3.1 49.4263 0.461641
-3 49.3407 0.478605
-2.9 50.0475 0.502412
-2.8 49.6755 0.439309
-2.7 48.8598 0.451203
-2.6 50.2609 0.438552
-2.5 49.8675 0.446145
-2.4 49.859 0.47001
-2.3 48.9511 0.461031
-2.2 50.2789 0.56927
-2.1 50.8527 0.472635
-2 50.8171 0.487126
-1.9 50.6266 0.483634
-1.8 50.4354 0.503473
-1.7 51.054 0.504455
-1.6 51.4657 0.509074
-1.5 50.8518 0.468437
-1.4 51.0397 0.505298
-1.3 52.1922 0.617493
-1.2 52.3796 0.483568
-1.1 51.5349 0.523774
-1 51.6316 0.470449
-0.9 51.9208 0.547955
-0.8 52.6841 0.548624
-0.7 52.6844 0.565151
-0.6 51.4302 0.509284
-0.5 52.0511 0.519797
-0.4 51.969 0.470544
-0.3 55.0593 0.516716
-0.2 53.0339 0.484377
-0.1 52.5897 0.494252
0 53.4673 0.504187
0.1 54.7148 0.507577
0.2 55.148 0.623201
0.3 54.2011 0.542311
0.4 52.8145 0.587432
0.5 54.027 0.540292
0.6 55.8191 0.562803
0.7 55.9483 0.624721
0.8 54.3524 0.512739
0.9 53.8535 0.567942
1 55.2682 0.536597
1.1 58.2213 0.587674
1.2 57.1987 0.605091
1.3 57.1215 0.580191
1.4 55.1882 0.548997
1.5 56.1802 0.610589
1.6 58.3674 0.662538
1.7 58.7097 0.648639
1.8 57.6104 0.632586
1.9 56.5497 0.631437
2 58.34 0.70999
2.1 59.8106 0.649793
2.2 62.6539 0.663323
2.3 61.9713 0.707802
2.4 59.7532 0.810037
2.5 59.4761 0.702665
2.6 61.7348 0.694074
2.7 62.7662 0.785722
2.8 63.3636 0.706229
2.9 63.1306 0.717956
3 62.0565 0.667842
3.1 60.7743 0.797597
3.2 63.1377 0.738608
3.3 67.563 0.835421
3.4 67.0098 0.767106
3.5 65.894 0.828724
3.6 65.9179 0.883972
3.7 66.1111 0.889688
3.8 66.7913 0.712214
3.9 70.9174 0.700318
4 73.1146 0.76604
4.1 71.3835 0.880717
4.2 70.7192 0.868557
4.3 72.0227 0.953943
4.4 74.4535 0.975987
4.5 79.0708 0.901027
4.6 80.7874 1.00103
4.7 82.3201 1.08349
4.8 83.1565 1.23974
4.9 83.2928 1.11703
5 93.0756 1.45208
5.1 102.502 1.17326
5.2 116.455 1.45187
5.3 132.275 1.76563
5.4 152.562 2.95839
5.5 191.208 6.8334
5.6 262.841 12.4226
5.7 461.96 31.1645
5.8 571.969 47.1655
5.9 794.305 67.6094
6 872.604 93.8066
6.1 625.083 58.1742
6.2 756.395 63.771
6.3 799.573 65.8945
6.4 662.887 56.2768
6.5 623.872 67.4285
6.6 596.784 51.802
6.7 626.239 66.9068
6.8 852.574 84.3518
6.9 702.111 57.262
7 650.467 66.5827
7.1 650.352 60.1897
7.2 601.441 70.2221
7.3 833.712 107.323
7.4 734.093 80.9858
7.5 871.743 81.8001
7.6 711.757 62.6959
7.7 827.92 78.692
7.8 713.408 70.5753
7.9 622.281 54.7976
8 713.629 67.1208
8.1 729.034 60.7731
8.2 850.739 89.3225
8.3 791.248 92.473
8.4 690.286 65.3149
8.5 776.435 79.626
8.6 690.787 66.9755
8.7 771.856 73.4714
8.8 796.272 86.2812
8.9 731.305 81.9616
9 783.537 67.2376
9.1 668.372 86.3546
9.2 713.194 79.9155
9.3 786.175 85.2478
9.4 675.338 81.3352
9.5 666.934 67.1828
9.6 689.233 70.3517
9.7 737.453 85.5784
9.8 814.558 106.225
9.9 722.966 80.2993
10 745.762 100.477
10.1 741.518 82.3783
10.2 619.903 60.5901
