-10.2 0.000876211
-10.1 0
-10 0.00169725
-9.9 0.00071629
-9.8 0.000343223
-9.7 0
-9.6 0
-9.5 6.55767e-05
-9.4 0.000646878
-9.3 0
-9.2 0.000569651
-9.1 4.51263e-05
-9 0.000612207
-8.9 5.54346e-05
-8.8 0.000314576
-8.7 0.000430805
-8.6 0.000324949
-8.5 0.000108576
-8.4 0.000186626
-8.3 0.000185984
-8.2 0.000687983
-8.1 0.000164744
-8 0.000998399
-7.9 0.0012021
-7.8 0.00033836
-7.7 0.000681653
-7.6 0.000744723
-7.5 0
-7.4 0.000696208
-7.3 0
-7.2 2.11273e-05
-7.1 0
-7 0
-6.9 0.000501892
-6.8 0.00104797
-6.7 0.00106419
-6.6 0.000899104
-6.5 3.49195e-05
-6.4 3.60054e-05
-6.3 0.000317597
-6.2 0.000199849
-6.1 0.000394731
-6 0.000204071
-5.9 0.00110101
-5.8 0.000572967
-5.7 0
-5.6 0
-5.5 0
-5.4 0
-5.3 0.00011944
-5.2 0.000463236
-5.1 0.000185993
-5 0.000450796
-4.9 0.000396773
-4.8 0.000258559
-4.7 0.000604785
-4.6 0.000281355
-4.5 0.000445758
-4.4 0.000276752
-4.3 0.000523666
-4.2 0.000360799
-4.1 0
-4 0.000381787
-3.9 0.000622061
-3.8 0.00040259
-3.7 0.000862578
-3.6 0.000693936
-3.5 0.000681375
-3.4 0.000285871
-3.3 0
-3.2 0.000179068
-3.1 0.000238155
-3 0.000848988
-2.9 0.000291907
-2.8 0.000384063
-2.7 0.000105798
-2.6 0
-2.5 0.000115727
-2.4 0.000282672
-2.3 0.000359407
-2.2 0
-2.1 0.000569804
-2 0.000735267
-1.9 4.23759e-05
-1.8 0.000501915
-1.7 7.06188e-05
-1.6 0.000164569
-1.5 0.000143873
-1.4 0.00032257
-1.3 0.000324736
-1.2 0.000366746
-1.1 0.000826427
-1 0.000127971
-0.9 0
-0.8 0.000997338
-0.7 0
-0.6 0
-0.5 0
-0.4 0.00052883
-0.3 0
-0.2 9.40952e-05
-0.1 0.000105545
0 0.00017956
0.1 8.23396e-05
0.2 0
0.3 0
0.4 0
0.5 0.000303955
0.6 0
0.7 0
0.8 0.000659514
0.9 1.03687e-05
1 0.00042894
1.1 0.000356155
1.2 0
1.3 0.000244061
1.4 0
1.5 0
1.6 0
1.7 0.000308824
1.8 7.97963e-05
1.9 0
2 0
2.1 0
2.2 0
2.3 0.000513449
2.4 0
2.5 0
2.6 0
2.7 0
2.8 0
2.9 0
3 0
3.1 0
3.2 3.4906e-05
3.3 0
3.4 0.00081045
3.5 0.000472927
3.6 0
3.7 0.000123772
3.8 0
3.9 0
4 0
4.1 0.000326832
4.2 9.89426e-05
4.3 0
4.4 0
4.5 0
4.6 0
4.7 0
4.8 0
4.9 0
5 0
5.1 0
5.2 0
5.3 0
5.4 0
5.5 0
5.6 0
5.7 0
5.8 0
5.9 0
6 0
6.1 0
6.2 0
6.3 0
6.4 0
6.5 0
6.6 0
6.7 0
6.8 0
6.9 0.00038434
7 0
7.1 0
7.2 0
7.3 0
7.4 0
7.5 0
7.6 0
7.7 0
7.8 0.000120168
7.9 0
8 0
8.1 0
8.2 0
8.3 0
8.4 0
8.5 0
8.6 0
8.7 0
8.8 0
8.9 0
9 0
9.1 0
9.2 0
9.3 0
9.4 0
9.5 4.94337e-05
9.6 0
9.7 0
9.8 0
9.9 0
10 0
10.1 0
10.2 0
