-10.2 76.4171
-10.1 44.9569
-10 68.7672
-9.9 40.0379
-9.8 48.7494
-9.7 40.3853
-9.6 71.2311
-9.5 34.4186
-9.4 104.766
-9.3 22.1523
-9.2 58.6742
-9.1 45.1589
-9 36.3173
-8.9 20.2844
-8.8 23.5372
-8.7 37.0804
-8.6 55.8712
-8.5 22.2643
-8.4 43.0033
-8.3 21.3896
-8.2 32.6626
-8.1 19.6864
-8 57.2558
-7.9 75.2857
-7.8 24.2037
-7.7 24.3488
-7.6 51.3494
-7.5 91.7184
-7.4 42.5112
-7.3 33.1613
-7.2 14.1479
-7.1 17.7444
-7 18.3748
-6.9 38.6769
-6.8 56.2188
-6.7 62.1202
-6.6 63.3665
-6.5 30.8533
-6.4 47.7795
-6.3 69.238
-6.2 21.0156
-6.1 22.4586
-6 76.2272
-5.9 43.578
-5.8 49.5877
-5.7 20.5955
-5.6 39.6336
-5.5 15.0485
-5.4 13.6407
-5.3 67.295
-5.2 60.5035
-5.1 29.868
-5 29.5858
-4.9 41.0461
-4.8 38.2509
-4.7 62.9529
-4.6 64.2266
-4.5 46.6534
-4.4 43.8761
-4.3 42.1938
-4.2 37.4815
-4.1 39.5071
-4 55.9882
-3.9 63.744
-3.8 35.4821
-3.7 38.6474
-3.6 51.4788
-3.5 59.0386
-3.4 42.0914
-3.3 36.8904
-3.2 35.8142
-3.1 70.4363
-3 50.6162
-2.9 58.4405
-2.8 41.8122
-2.7 55.0742
-2.6 77.7168
-2.5 56.8751
-2.4 67.4371
-2.3 72.526
-2.2 30.2064
-2.1 71.4666
-2 61.8244
-1.9 40.958
-1.8 43.6353
-1.7 49.9351
-1.6 43.7111
-1.5 53.3979
-1.4 50.9515
-1.3 62.861
-1.2 43.2049
-1.1 66.7871
-1 40.7513
-0.9 34.4551
-0.8 66.923
-0.7 41.7381
-0.6 34.7392
-0.5 77.8332
-0.4 52.2109
-0.3 46.3852
-0.2 64.2511
-0.1 76.7813
0 80.6231
0.1 54.0527
0.2 47.8716
0.3 42.3257
0.4 41.6162
0.5 48.1655
0.6 36.2429
0.7 69.3417
0.8 52.1865
0.9 59.7704
1 49.9416
1.1 49.7264
1.2 38.0587
1.3 63.3101
1.4 46.8354
1.5 43.0298
1.6 36.6194
1.7 58.4309
1.8 50.0386
1.9 105.031
2 49.2208
2.1 60.7591
2.2 50.2896
2.3 71.08
2.4 51.8752
2.5 44.3201
2.6 41.1252
2.7 45.2536
2.8 49.8243
2.9 50.7687
3 81.86
3.1 50.2517
3.2 87.3993
3.3 55.244
3.4 106.019
3.5 92.5675
3.6 34.0581
3.7 79.7614
3.8 58.1559
3.9 56.413
4 59.0627
4.1 133.636
4.2 174.547
4.3 50.5
4.4 61.7936
4.5 55.6303
4.6 73.0404
4.7 85.9613
4.8 70.7684
4.9 69.0249
5 81.2948
5.1 87.199
5.2 291.69
5.3 109.883
5.4 150.936
5.5 174.611
5.6 116.729
5.7 139.404
5.8 9.36323
5.9 9.44697
6 9.55769
6.1 9.6623
6.2 9.77291
6.3 9.88322
6.4 10.0117
6.5 10.1262
6.6 10.2567
6.7 10.3945
6.8 316.582
6.9 1220.7
7 13.0182
7.1 13.5194
7.2 13.9103
7.3 14.371
7.4 14.8769
7.5 15.5929
7.6 16.0987
7.7 555.107
7.8 2813.56
7.9 388.463
8 22.5342
8.1 24.7177
8.2 30.8561
8.3 47.6244
8.4 158.061
8.5 14.9964
8.6 15.5305
8.7 16.1155
8.8 16.7602
8.9 17.5069
9 930.368
9.1 1518.31
9.2 20.5781
9.3 22.095
9.4 24.0221
9.5 425.264
9.6 27.4254
9.7 60.1822
9.8 127.924
9.9 541.25
10 0
10.1 5056.94
10.2 0.141538
