-10.2 6.77912
-10.1 6.80163
-10 6.84096
-9.9 6.87338
-9.8 6.91072
-9.7 6.94588
-9.6 6.98068
-9.5 7.02024
-9.4 7.06075
-9.3 7.09878
-9.2 7.14433
-9.1 7.18722
-9 7.22942
-8.9 7.27507
-8.8 7.32122
-8.7 7.37172
-8.6 7.41613
-8.5 7.46845
-8.4 7.52304
-8.3 7.58114
-8.2 7.641
-8.1 7.69963
-8 7.75764
-7.9 7.81683
-7.8 7.88079
-7.7 7.94823
-7.6 8.02197
-7.5 8.09683
-7.4 8.17441
-7.3 8.24567
-7.2 8.32912
-7.1 8.41847
-7 8.50315
-6.9 8.59469
-6.8 8.69724
-6.7 8.79859
-6.6 8.90523
-6.5 9.02042
-6.4 9.1364
-6.3 9.26906
-6.2 9.4004
-6.1 9.5543
-6 9.7252
-5.9 9.91078
-5.8 10.1055
-5.7 10.3399
-5.6 10.6078
-5.5 10.9187
-5.4 11.2606
-5.3 11.7262
-5.2 12.4181
-5.1 14.211
-5 14.8159
-4.9 18.6295
-4.8 23.2398
-4.7 24.6981
-4.6 25.4692
-4.5 23.4991
-4.4 25.8562
-4.3 24.2402
-4.2 26.5473
-4.1 24.9753
-4 25.3235
-3.9 26.0584
-3.8 25.6674
-3.7 25.0223
-3.6 25.275
-3.5 26.4564
-3.4 28.2974
-3.3 24.7002
-3.2 28.1307
-3.1 29.0615
-3 28.5216
-2.9 28.553
-2.8 26.1423
-2.7 23.877
-2.6 29.224
-2.5 25.41
-2.4 25.8076
-2.3 27.5484
-2.2 27.6766
-2.1 28.299
-2 29.2985
-1.9 28.4362
-1.8 26.5212
-1.7 26.3294
-1.6 24.717
-1.5 26.0624
-1.4 31.7606
-1.3 27.9291
-1.2 28.9947
-1.1 33.0121
-1 32.2023
-0.9 28.3856
-0.8 32.2959
-0.7 31.028
-0.6 30.5163
-0.5 27.2148
-0.4 26.7109
-0.3 32.43
-0.2 31.3385
-0.1 27.7186
0 30.6808
0.1 31.7426
0.2 32.9443
0.3 33.132
0.4 34.7665
0.5 34.7118
0.6 29.8342
0.7 35.5291
0.8 29.8696
0.9 31.6947
1 31.9503
1.1 32.9772
1.2 36.4707
1.3 37.6755
1.4 37.5753
1.5 39.7694
1.6 34.8883
1.7 36.8089
1.8 36.7207
1.9 39.9764
2 40.9028
2.1 41.5925
2.2 37.8556
2.3 38.3545
2.4 42.4493
2.5 41.7892
2.6 39.1548
2.7 39.7071
2.8 45.8303
2.9 46.1837
3 44.1348
3.1 38.5036
3.2 39.1746
3.3 48.9526
3.4 57.2917
3.5 55.7576
3.6 33.1885
3.7 43.4422
3.8 41.9421
3.9 54.6103
4 54.1108
4.1 55.9394
4.2 43.5667
4.3 48.6846
4.4 56.9804
4.5 53.9597
4.6 68.1968
4.7 66.417
4.8 68.1594
4.9 66.5333
5 76.4035
5.1 77.1501
5.2 107.56
5.3 104.399
5.4 140.77
5.5 142.435
5.6 107.642
5.7 148.225
5.8 0
5.9 0
6 0
6.1 0
6.2 0
6.3 0
6.4 0
6.5 0
6.6 0
6.7 0
6.8 0
6.9 0
7 0
7.1 0
7.2 0
7.3 0
7.4 0
7.5 0
7.6 0
7.7 0
7.8 0
7.9 0
8 0
8.1 0
8.2 0
8.3 0
8.4 0
8.5 0
8.6 0
8.7 0
8.8 0
8.9 0
9 0
9.1 0
9.2 0
9.3 0
9.4 0
9.5 0
9.6 0
9.7 0
9.8 0
9.9 0
10 0
10.1 0
10.2 0
