1 0
3 0
5 0
7 0
9 0
11 0
13 0
15 0
17 8.46469e-07
19 1.32859e-05
21 5.23307e-05
23 9.47066e-05
25 0.000119589
27 0.000123931
29 0.000113115
31 9.70449e-05
33 8.1392e-05
35 6.69115e-05
37 5.51796e-05
39 4.58368e-05
41 3.82803e-05
43 3.22197e-05
45 2.72099e-05
47 2.32727e-05
49 1.99608e-05
51 1.73165e-05
53 1.5002e-05
55 1.31748e-05
57 1.16023e-05
59 1.02498e-05
61 9.0921e-06
63 8.10144e-06
65 7.2686e-06
67 6.52368e-06
69 5.94066e-06
71 5.373e-06
73 4.88231e-06
75 4.42245e-06
77 4.0596e-06
79 3.72431e-06
81 3.43876e-06
83 3.14917e-06
85 2.91372e-06
87 2.66806e-06
89 2.48044e-06
91 2.29165e-06
93 2.14102e-06
95 2.01423e-06
97 1.87898e-06
99 1.7428e-06
101 1.6334e-06
103 1.52794e-06
105 1.42982e-06
107 1.33565e-06
109 1.25346e-06
111 1.18052e-06
113 1.11012e-06
115 1.05604e-06
117 1.00622e-06
119 9.57196e-07
121 9.04355e-07
123 8.52992e-07
125 8.08269e-07
127 7.63748e-07
129 7.24755e-07
131 6.85926e-07
133 6.49766e-07
135 6.15511e-07
137 5.86092e-07
139 5.57987e-07
141 5.32596e-07
143 5.08433e-07
145 4.8475e-07
147 4.62381e-07
149 4.4251e-07
151 4.214e-07
153 4.04727e-07
155 3.87983e-07
157 3.88554e-07
159 3.77833e-07
161 3.62096e-07
163 3.47843e-07
165 3.30403e-07
167 3.18925e-07
169 3.03519e-07
171 2.90634e-07
173 2.79519e-07
175 2.68329e-07
177 2.56805e-07
179 2.46173e-07
181 2.3729e-07
183 2.2817e-07
185 2.17562e-07
187 2.11016e-07
189 2.03645e-07
191 1.94876e-07
193 1.90827e-07
195 1.86456e-07
197 1.81446e-07
199 1.7497e-07
201 1.70274e-07
203 1.6194e-07
205 1.57808e-07
207 1.54287e-07
209 1.48189e-07
211 1.42277e-07
213 1.39327e-07
215 1.35051e-07
217 1.30004e-07
219 1.25101e-07
221 1.2341e-07
223 1.18132e-07
225 1.14945e-07
227 1.1173e-07
229 1.07818e-07
231 1.06562e-07
233 1.00717e-07
235 9.9085e-08
237 9.64327e-08
239 9.29479e-08
241 9.17891e-08
243 8.75356e-08
245 8.67991e-08
247 8.27247e-08
249 8.22713e-08
251 7.82844e-08
253 7.72268e-08
255 7.47755e-08
257 7.45801e-08
259 7.2178e-08
261 7.1437e-08
263 6.88946e-08
265 6.75546e-08
267 6.61257e-08
269 6.28417e-08
271 6.34378e-08
273 6.01424e-08
275 6.00063e-08
277 5.77502e-08
279 5.70099e-08
281 5.57095e-08
283 5.44264e-08
285 5.32681e-08
287 5.15236e-08
289 5.06518e-08
291 4.91379e-08
293 4.82346e-08
295 4.72714e-08
297 4.55758e-08
299 4.49623e-08
301 4.42875e-08
303 4.37815e-08
305 4.22527e-08
307 4.1948e-08
309 4.06332e-08
311 3.964e-08
313 3.89432e-08
315 3.85323e-08
317 3.65562e-08
319 3.67859e-08
321 3.57e-08
323 3.44757e-08
325 3.39837e-08
327 3.39108e-08
329 3.30048e-08
331 3.26996e-08
333 3.17766e-08
335 3.14974e-08
337 3.00736e-08
339 3.02576e-08
341 2.91117e-08
343 2.88565e-08
345 2.78567e-08
347 2.78641e-08
349 2.68812e-08
351 2.6516e-08
353 2.55431e-08
355 2.58283e-08
357 2.51671e-08
359 2.41837e-08
361 2.44717e-08
363 2.42085e-08
365 2.36929e-08
367 2.36583e-08
369 2.2579e-08
371 2.28117e-08
373 2.24573e-08
375 2.16892e-08
377 2.13541e-08
379 2.05213e-08
381 2.06918e-08
383 2.01107e-08
385 2.0039e-08
387 1.94861e-08
389 1.86539e-08
391 1.84343e-08
393 1.86993e-08
395 1.82311e-08
397 1.80524e-08
399 1.71415e-08
401 1.6569e-08
403 1.69028e-08
405 1.6924e-08
407 1.68057e-08
409 1.69807e-08
411 1.64056e-08
413 1.5875e-08
415 1.57222e-08
417 1.57161e-08
419 1.57974e-08
421 1.52123e-08
423 1.47075e-08
425 1.43098e-08
427 1.40564e-08
429 1.38138e-08
431 1.42365e-08
433 1.38181e-08
435 1.33423e-08
437 1.32631e-08
439 1.25165e-08
441 1.26058e-08
443 1.21245e-08
445 1.23421e-08
447 1.23316e-08
449 1.1863e-08
451 1.18013e-08
453 1.15146e-08
455 1.08671e-08
457 1.11511e-08
459 1.07955e-08
461 1.0836e-08
463 1.12559e-08
465 1.07255e-08
467 1.09389e-08
469 1.11665e-08
471 1.05872e-08
473 1.03309e-08
475 1.01528e-08
477 1.03144e-08
479 1.02404e-08
481 9.81148e-09
483 9.83705e-09
485 9.68088e-09
487 9.37769e-09
489 9.15188e-09
491 8.84838e-09
493 8.83232e-09
495 8.92834e-09
497 8.79205e-09
499 8.66008e-09
501 8.41209e-09
503 8.4017e-09
505 8.16671e-09
507 7.80033e-09
509 7.39923e-09
511 7.90822e-09
513 7.5e-09
515 7.74669e-09
517 7.66629e-09
519 7.20775e-09
521 7.09425e-09
523 7.18251e-09
525 6.90811e-09
527 6.97721e-09
529 6.40891e-09
531 6.6363e-09
533 6.37434e-09
535 6.41434e-09
537 6.57228e-09
539 6.48161e-09
541 6.24889e-09
543 6.20399e-09
545 6.51704e-09
547 6.53479e-09
549 6.32943e-09
551 6.07088e-09
553 6.03163e-09
555 6.09203e-09
557 5.84157e-09
559 5.84431e-09
561 5.95685e-09
563 5.70898e-09
565 5.68901e-09
567 5.75337e-09
569 5.31497e-09
571 5.56985e-09
573 5.25376e-09
575 5.04855e-09
577 4.88096e-09
579 4.78936e-09
581 5.12444e-09
583 4.92491e-09
585 4.81707e-09
587 4.70596e-09
589 4.72786e-09
591 4.79041e-09
593 4.82501e-09
595 4.90543e-09
597 4.80886e-09
599 4.86411e-09
601 4.62209e-09
603 4.39029e-09
605 4.32114e-09
607 4.36969e-09
609 4.51995e-09
611 4.56696e-09
613 4.30942e-09
615 4.12263e-09
617 4.46771e-09
619 4.30482e-09
621 4.20105e-09
623 4.2208e-09
625 4.16398e-09
627 4.01678e-09
629 4.0181e-09
631 3.69117e-09
633 3.53716e-09
635 3.62078e-09
637 3.47227e-09
639 3.58091e-09
641 3.52848e-09
643 3.64679e-09
645 3.44833e-09
647 3.42124e-09
649 3.47254e-09
651 3.3522e-09
653 3.48451e-09
655 3.4252e-09
657 3.51914e-09
659 3.80067e-09
661 3.54549e-09
663 3.61595e-09
665 3.439e-09
667 3.43785e-09
669 3.18562e-09
671 3.40473e-09
673 3.26685e-09
675 3.1498e-09
677 3.15687e-09
679 3.24443e-09
681 3.36635e-09
683 3.21524e-09
685 3.23263e-09
687 3.1416e-09
689 3.19911e-09
691 3.18944e-09
693 3.15088e-09
695 2.98729e-09
697 2.84445e-09
699 2.90342e-09
701 2.69004e-09
703 2.82274e-09
705 3.23421e-09
707 3.18183e-09
709 3.74248e-09
711 3.6726e-09
713 3.39682e-09
715 3.5714e-09
717 3.39175e-09
719 3.32567e-09
721 3.24881e-09
723 3.10978e-09
725 3.13342e-09
727 3.10692e-09
729 2.92329e-09
731 3.21729e-09
733 3.5228e-09
735 3.40116e-09
737 3.71213e-09
739 3.87647e-09
741 4.11112e-09
743 4.01283e-09
745 3.9244e-09
747 3.53482e-09
749 3.67964e-09
751 3.85579e-09
753 3.64524e-09
755 3.63981e-09
757 3.70122e-09
759 3.78679e-09
761 3.84779e-09
763 3.68556e-09
765 3.66065e-09
767 3.71872e-09
769 3.70771e-09
771 3.51798e-09
773 3.42701e-09
775 3.53029e-09
777 3.75963e-09
779 3.77069e-09
781 3.53202e-09
783 3.49868e-09
785 3.45243e-09
787 3.55623e-09
789 3.55071e-09
791 3.49605e-09
793 3.33953e-09
795 3.46737e-09
797 3.55287e-09
799 3.57715e-09
801 3.49022e-09
803 3.96299e-09
805 4.18186e-09
807 4.18069e-09
809 4.12221e-09
811 4.23112e-09
813 4.73605e-09
815 5.99791e-09
817 7.43257e-09
819 9.49862e-09
821 1.14206e-08
823 2.41491e-08
825 3.60377e-10
827 1.23872e-10
829 1.33764e-10
831 7.18671e-11
833 9.24391e-11
835 8.19649e-11
837 7.14286e-11
839 1.52684e-10
841 9.13202e-11
843 5.05991e-11
845 1.0121e-10
847 1.00973e-10
849 8.05092e-11
851 1.20483e-10
853 9.00834e-11
855 5.98664e-11
857 8.97128e-11
859 1.09546e-10
861 7.94101e-11
863 1.18811e-10
865 7.89669e-11
867 8.85832e-11
869 8.84308e-11
871 7.85422e-11
873 5.87538e-11
875 1.26986e-10
877 8.76555e-11
879 8.74111e-11
881 5.81624e-11
883 8.70995e-11
885 6.76157e-11
887 5.78063e-11
889 1.34663e-10
891 8.62685e-11
893 8.6103e-11
895 6.67719e-11
897 9.52981e-11
899 5.70184e-11
901 1.13734e-10
903 7.56838e-11
905 6.60741e-11
907 6.59552e-11
909 1.03393e-10
911 7.50194e-11
913 4.67717e-11
915 1.02745e-10
917 7.4581e-11
919 8.36897e-11
921 7.42263e-11
923 1.1109e-10
925 5.54248e-11
927 4.60738e-11
929 1.01145e-10
931 1.00975e-10
933 6.41221e-11
935 8.00034e-11
937 9.1141e-11
939 5.4583e-11
941 5.44581e-11
943 5.43608e-11
945 1.4472e-10
947 3.61045e-11
949 7.88646e-11
951 1.07796e-10
953 5.37728e-11
955 6.25979e-11
957 4.46302e-11
959 8.91101e-11
961 1.06794e-10
963 9.54616e-11
965 4.42047e-11
967 1.05928e-10
969 1.76175e-11
971 7.91983e-11
973 4.39328e-11
975 1.05246e-10
977 9.63317e-11
979 9.39956e-11
981 3.47934e-11
983 1.21601e-10
985 8.66704e-12
987 7.79302e-11
989 6.05182e-11
991 8.63265e-11
993 9.47594e-11
995 8.36654e-11
997 5.13638e-11
999 1.02547e-10
1001 4.2709e-11
1003 3.41005e-11
1005 8.5125e-11
1007 7.65016e-11
1009 9.32337e-11
1011 7.38482e-11
1013 8.42789e-11
1015 5.04831e-11
1017 1.09256e-10
1019 8.39836e-12
1021 4.19244e-11
1023 1.17101e-10
1025 6.66035e-11
1027 1.08013e-10
1029 5.60046e-11
1031 9.9456e-11
1033 7.44897e-11
1035 5.78941e-11
1037 0
1039 5.76232e-11
1041 1.14714e-10
1043 7.36373e-11
1045 1.04227e-10
1047 2.44946e-11
1049 1.14206e-10
1051 6.5186e-11
1053 4.87551e-11
1055 4.05174e-11
1057 7.26107e-11
1059 7.25652e-11
1061 7.24988e-11
1063 8.85184e-11
1065 6.23057e-11
1067 8.0326e-11
1069 7.20068e-11
1071 6.37271e-11
1073 4.77093e-11
1075 6.3551e-11
1077 3.96894e-11
1079 7.1386e-11
1081 8.7154e-11
1083 7.71488e-11
1085 6.30177e-11
1087 9.41882e-11
1089 6.26862e-11
1091 6.26422e-11
1093 3.91174e-11
1095 4.69096e-11
1097 6.24985e-11
1099 7.01052e-11
1101 3.88249e-11
1103 9.86399e-11
1105 8.49676e-11
1107 6.94649e-11
1109 6.17151e-11
1111 6.9366e-11
1113 3.85016e-11
1115 3.0696e-11
1117 6.12119e-11
1119 6.09543e-11
1121 4.56832e-11
1123 6.6578e-11
1125 7.6059e-11
1127 7.60054e-11
1129 6.07517e-11
1131 6.82116e-11
1133 6.7978e-11
1135 2.25796e-11
1137 4.50363e-11
1139 5.25229e-11
1141 6.74817e-11
1143 4.52349e-11
1145 5.80417e-11
1147 6.72097e-11
1149 9.71787e-11
1151 5.19027e-11
1153 4.43997e-11
1155 9.6157e-11
1157 2.95755e-11
1159 5.17251e-11
1161 4.43128e-11
1163 5.8976e-11
1165 5.13863e-11
1167 4.39325e-11
1169 4.98771e-11
1171 8.75243e-11
1173 7.29098e-11
1175 5.83044e-11
1177 5.82691e-11
1179 5.81658e-11
1181 5.79976e-11
1183 5.78699e-11
1185 3.72308e-11
1187 7.19221e-11
1189 6.47021e-11
1191 3.59349e-11
1193 3.41292e-11
1195 6.46161e-11
1197 8.59036e-11
1199 4.99128e-11
1201 7.82688e-11
1203 4.9654e-11
1205 6.38082e-11
1207 4.42366e-11
1209 4.96046e-11
1211 5.66309e-11
1213 7.06741e-11
1215 4.93006e-11
1217 2.80553e-11
1219 4.7264e-11
1221 6.99178e-11
1223 8.5933e-11
1225 5.10081e-11
1227 5.58823e-11
1229 4.88197e-11
1231 5.56636e-11
1233 5.08316e-11
1235 5.07287e-11
1237 6.21046e-11
1239 8.27317e-11
1241 3.00156e-11
1243 1.37846e-11
1245 3.44543e-11
1247 8.7599e-11
1249 5.73009e-11
1251 6.8351e-11
1253 4.09441e-11
1255 4.08255e-11
1257 5.43856e-11
1259 6.11743e-11
1261 3.39838e-11
1263 4.74831e-11
1265 7.4469e-11
1267 4.72739e-11
1269 4.04382e-11
1271 2.02028e-11
1273 2.32642e-11
1275 8.71401e-11
1277 5.86507e-11
1279 7.37301e-11
1281 4.01637e-11
1283 5.34278e-11
1285 3.0055e-11
1287 5.97904e-11
1289 6.31567e-11
1291 3.30705e-11
1293 7.27148e-11
1295 4.96674e-11
1297 5.28732e-11
1299 3.29855e-11
1301 6.58245e-12
1303 5.25197e-11
1305 6.5559e-11
1307 7.40937e-11
1309 5.87346e-11
1311 3.2602e-11
1313 5.86877e-11
1315 2.60788e-11
1317 7.80846e-11
1319 6.49243e-11
1321 2.59063e-11
1323 5.17077e-11
1325 6.44917e-11
1327 4.50725e-11
1329 3.00541e-11
1331 4.28643e-11
1333 3.20976e-11
1335 3.2096e-11
1337 7.68378e-11
1339 7.5077e-11
1341 4.46396e-11
1343 4.45534e-11
1345 3.81183e-11
1347 5.71096e-11
1349 7.80569e-11
1351 5.07438e-11
1353 5.063e-11
1355 3.15768e-11
1357 4.41408e-11
1359 6.01577e-11
1361 3.14184e-11
1363 4.39087e-11
1365 3.01114e-11
1367 3.75589e-11
1369 4.37804e-11
1371 8.58491e-11
1373 6.23423e-11
1375 3.11167e-11
1377 4.3485e-11
1379 3.10091e-11
1381 4.95335e-11
1383 7.96172e-11
1385 6.65204e-11
1387 5.34384e-11
1389 4.17121e-11
1391 5.39613e-11
1393 4.84139e-11
1395 5.99472e-11
1397 2.44963e-11
1399 4.20846e-11
1401 2.91431e-11
1403 5.95652e-11
1405 5.93857e-11
1407 8.17438e-11
1409 5.46638e-11
1411 4.64329e-11
1413 4.70512e-11
1415 3.49483e-11
1417 8.90955e-11
1419 8.17093e-11
1421 4.74744e-11
1423 4.80891e-11
1425 3.00368e-11
1427 2.9324e-11
1429 5.91616e-11
1431 4.71735e-11
1433 6.96463e-11
1435 5.22015e-11
1437 4.34659e-11
1439 2.97236e-11
1441 8.63747e-11
1443 4.01864e-11
1445 6.5127e-11
1447 5.77914e-11
1449 3.54185e-11
1451 3.47004e-11
1453 7.58245e-11
1455 4.635e-11
1457 6.25805e-11
1459 6.25172e-11
1461 4.6814e-11
1463 3.89238e-11
1465 6.15733e-11
1467 4.46857e-11
1469 4.00738e-11
1471 4.65036e-11
1473 4.64515e-11
1475 4.94137e-11
1477 5.72516e-11
1479 3.9799e-11
1481 6.15433e-11
1483 2.87943e-11
1485 6.84418e-11
1487 5.04616e-11
1489 4.46476e-11
1491 8.40757e-11
1493 4.58096e-11
1495 4.38144e-11
1497 4.50701e-11
1499 5.51297e-11
1501 6.5699e-11
1503 2.77589e-11
1505 4.54021e-11
1507 1.63888e-11
1509 5.5421e-11
1511 4.97239e-11
1513 4.89788e-11
1515 5.51904e-11
1517 4.827e-11
1519 5.42685e-11
1521 5.43248e-11
1523 4.86198e-11
1525 5.04019e-11
1527 4.91249e-11
1529 5.4626e-11
1531 3.84615e-11
1533 8.24222e-11
1535 2.78586e-11
1537 4.88198e-11
1539 5.98074e-11
1541 5.29392e-11
1543 4.30259e-11
1545 4.23801e-11
1547 3.86336e-11
1549 3.24648e-11
1551 4.16773e-11
1553 4.7729e-11
1555 3.29817e-11
1557 4.87715e-11
1559 2.61677e-11
1561 5.23102e-11
1563 5.45981e-11
1565 6.6552e-11
1567 3.14676e-11
1569 5.68737e-11
1571 2.11664e-11
1573 1.02104e-10
1575 3.13599e-11
1577 2.70869e-11
1579 7.99795e-11
1581 3.77729e-11
1583 3.7159e-11
1585 6.70359e-11
1587 5.20061e-11
1589 4.18406e-11
1591 3.58232e-11
1593 3.21857e-11
1595 3.75283e-11
1597 4.63875e-11
1599 4.10071e-11
1601 3.0225e-11
1603 4.78738e-11
1605 4.61371e-11
1607 4.55195e-11
1609 2.65266e-11
1611 7.30748e-11
1613 4.05002e-11
1615 3.58948e-11
1617 4.69378e-11
1619 4.63154e-11
1621 7.25463e-11
1623 2.56812e-11
1625 6.06718e-11
1627 7.17219e-11
1629 4.95879e-11
1631 5.12419e-11
1633 5.06577e-11
1635 7.49708e-11
1637 3.07551e-11
1639 4.05506e-11
1641 3.63851e-11
1643 4.61447e-11
1645 3.92684e-11
1647 4.03396e-11
1649 3.97416e-11
1651 5.05427e-11
1653 3.85555e-11
1655 2.0653e-11
1657 7.67224e-11
1659 2.05885e-11
1661 5.86951e-11
1663 5.98821e-11
1665 4.50078e-11
1667 3.4753e-11
1669 6.94118e-11
1671 3.97867e-11
1673 2.95659e-11
1675 3.51589e-11
1677 6.96458e-11
1679 5.99026e-11
1681 1.47016e-11
1683 4.00136e-11
1685 3.99398e-11
1687 2.98003e-11
1689 4.94824e-11
1691 4.43748e-11
1693 4.38335e-11
1695 6.33844e-11
1697 2.41106e-11
1699 4.8638e-11
1701 3.40643e-11
1703 2.4505e-11
1705 3.44932e-11
1707 3.39163e-11
1709 5.71049e-11
1711 4.83224e-11
1713 3.93709e-11
1715 5.3752e-11
1717 3.42696e-11
1719 3.7092e-11
1721 6.837e-11
1723 5.34134e-11
1725 2.8632e-11
1727 2.41654e-11
1729 5.27471e-11
1731 4.18238e-11
1733 4.87981e-11
1735 4.3793e-11
1737 2.89682e-11
1739 3.33542e-11
1741 2.89031e-11
1743 3.76798e-11
1745 4.34854e-11
1747 6.63893e-11
1749 3.31366e-11
1751 5.2605e-11
1753 4.23429e-11
1755 2.33323e-11
1757 2.86383e-11
1759 2.76669e-11
1761 3.24599e-11
1763 3.28698e-11
1765 4.68611e-11
1767 4.24562e-11
1769 4.12268e-11
1771 4.76767e-11
1773 2.74167e-11
1775 4.22949e-11
1777 5.60825e-11
1779 2.78108e-11
1781 5.12459e-11
1783 3.68517e-11
1785 4.58613e-11
1787 2.76802e-11
1789 3.29021e-11
1791 3.62e-11
1793 3.33056e-11
1795 3.71033e-11
1797 4.56113e-11
1799 4.60185e-11
1801 1.80172e-11
1803 4.16523e-11
1805 4.58925e-11
1807 4.72248e-11
1809 5.09713e-11
1811 5.93497e-11
1813 2.30738e-11
1815 4.04654e-11
1817 3.10244e-11
1819 2.72345e-11
1821 3.60949e-11
1823 4.58892e-11
1825 2.71095e-11
1827 5.79712e-11
1829 5.9718e-11
1831 4.82722e-11
1833 4.47364e-11
1835 7.30171e-11
1837 2.7871e-11
1839 4.0378e-11
1841 4.54512e-11
1843 4.07776e-11
1845 3.56557e-11
1847 4.02215e-11
1849 3.64839e-11
1851 3.50823e-11
1853 4.09898e-11
1855 3.45409e-11
1857 5.42458e-11
1859 3.12298e-11
1861 6.7418e-11
1863 5.59491e-11
1865 5.72815e-11
1867 5.39998e-11
1869 6.67704e-11
1871 2.23677e-11
1873 3.09946e-11
1875 1.68684e-11
1877 6.51232e-11
1879 3.50382e-11
1881 3.1338e-11
1883 3.4976e-11
1885 1.81105e-11
1887 5.30097e-11
1889 4.75148e-11
1891 5.6653e-11
1893 4.37928e-11
1895 5.27572e-11
1897 3.46988e-11
1899 5.18358e-11
1901 3.05949e-11
1903 3.46242e-11
1905 4.67753e-11
1907 3.94396e-11
1909 5.11228e-11
1911 5.14738e-11
1913 3.48384e-11
1915 3.03624e-11
1917 3.92373e-11
1919 3.51809e-11
1921 7.26624e-11
1923 5.08031e-11
1925 3.42717e-11
1927 5.55211e-11
1929 3.94237e-11
1931 4.7383e-11
1933 5.13369e-11
1935 2.08505e-11
1937 1.76416e-11
1939 2.12168e-11
1941 4.68063e-11
1943 4.98893e-11
1945 3.03262e-11
1947 5.06111e-11
1949 1.27354e-11
1951 3.81525e-11
1953 6.43696e-11
1955 5.08129e-11
1957 2.57799e-11
1959 3.77763e-11
1961 2.5354e-11
1963 5.53858e-11
1965 3.71391e-11
1967 3.31196e-11
1969 3.78499e-11
1971 4.56603e-11
1973 4.48607e-11
1975 2.90915e-11
1977 3.85001e-11
1979 6.28402e-11
1981 3.29406e-11
1983 1.64723e-11
1985 4.19121e-11
1987 5.43285e-11
1989 4.2167e-11
1991 2.88877e-11
1993 4.09547e-11
1995 6.34804e-11
1997 2.49267e-11
1999 3.34455e-11
