1.09967 0
3.099 0
5.09833 0
7.09767 9.1576e-12
9.097 9.15475e-12
11.0963 9.07492e-12
13.0957 0
15.095 0
17.0943 0
19.0937 9.03913e-12
21.093 9.03472e-12
23.0923 9.09692e-12
25.0917 0
27.091 0
29.0903 1.88067e-11
31.0897 0
33.089 9.58199e-12
35.0883 0
37.0877 1.98084e-11
39.087 1.00817e-11
41.0863 0
43.0857 2.09967e-11
45.085 1.07458e-11
47.0843 0
49.0837 2.2409e-11
51.083 1.14192e-11
53.0823 2.37542e-11
55.0817 1.21617e-11
57.081 2.53792e-11
59.0803 1.29945e-11
61.0797 2.71152e-11
63.079 1.37733e-11
65.0783 4.33624e-11
67.0777 1.51046e-11
69.077 3.07118e-11
71.0763 4.82382e-11
73.0757 3.35595e-11
75.075 3.45506e-11
77.0743 3.53683e-11
79.0737 3.67112e-11
81.073 3.81446e-11
83.0723 3.9712e-11
85.0717 4.10891e-11
87.071 4.24768e-11
89.0703 4.37557e-11
91.0697 9.1168e-11
93.069 4.75306e-11
95.0683 4.87152e-11
97.0677 1.01228e-10
99.067 5.24599e-11
101.066 1.08726e-10
103.066 5.61332e-11
105.065 1.16036e-10
107.064 1.20721e-10
109.064 1.25017e-10
111.063 1.29389e-10
113.062 6.71934e-11
115.062 1.04931e-10
117.061 7.28241e-11
119.06 1.13223e-10
121.06 1.17596e-10
123.059 1.22346e-10
125.058 1.26646e-10
127.058 1.31664e-10
129.057 1.82222e-10
131.056 1.42037e-10
133.056 1.96157e-10
135.055 2.04836e-10
137.054 2.12451e-10
139.054 2.21172e-10
141.053 2.87319e-10
143.052 2.39046e-10
145.052 0
147.051 0
149.05 0
151.05 0
153.049 0
155.048 0
157.048 0
159.047 0
161.046 0
163.046 0
165.045 0
167.044 0
169.044 0
171.043 0
173.042 0
175.042 0
177.041 0
179.04 0
181.04 0
183.039 0
185.038 0
187.038 0
189.037 0
191.036 0
193.036 0
195.035 0
197.034 0
199.034 0
201.033 0
203.032 0
205.032 0
207.031 0
209.03 0
211.03 0
213.029 0
215.028 0
217.028 0
219.027 0
221.026 0
223.026 0
225.025 0
227.024 0
229.024 0
231.023 0
233.022 0
235.022 0
237.021 0
239.02 0
241.02 0
243.019 0
245.018 0
247.018 0
249.017 0
251.016 0
253.016 0
255.015 0
257.014 0
259.014 0
261.013 0
263.012 0
265.012 0
267.011 0
269.01 0
271.01 0
273.009 0
275.008 0
277.008 0
279.007 0
281.006 0
283.006 0
285.005 0
287.004 0
289.004 0
291.003 0
293.002 0
295.002 0
297.001 0
299 0
