1.09967 2.13187e-08
3.099 1.412e-08
5.09833 2.4279e-08
7.09767 1.56317e-08
9.097 1.51041e-08
11.0963 1.60431e-08
13.0957 1.00098e-08
15.095 1.32101e-08
17.0943 7.25022e-09
19.0937 8.88066e-09
21.093 9.67644e-09
23.0923 6.53437e-09
25.0917 6.81472e-09
27.091 4.72948e-09
29.0903 6.52422e-09
31.0897 3.2806e-09
33.089 4.90291e-09
35.0883 2.54135e-09
37.0877 4.41486e-09
39.087 1.90968e-09
41.0863 2.19042e-09
43.0857 3.12484e-09
45.085 1.6382e-09
47.0843 9.50309e-10
49.0837 1.21323e-09
51.083 1.15881e-09
53.0823 1.11139e-09
55.0817 5.34914e-10
57.081 2.5637e-10
59.0803 2.45617e-10
61.0797 2.36119e-10
63.079 0
65.0783 0
67.0777 0
69.077 0
71.0763 0
73.0757 0
75.075 0
77.0743 0
79.0737 0
81.073 0
83.0723 0
85.0717 0
87.071 0
89.0703 0
91.0697 0
93.069 0
95.0683 0
97.0677 0
99.067 0
101.066 0
103.066 0
105.065 0
107.064 0
109.064 0
111.063 0
113.062 0
115.062 0
117.061 0
119.06 0
121.06 0
123.059 0
125.058 0
127.058 0
129.057 0
131.056 0
133.056 0
135.055 0
137.054 0
139.054 0
141.053 0
143.052 0
145.052 0
147.051 0
149.05 0
151.05 0
153.049 0
155.048 0
157.048 0
159.047 0
161.046 0
163.046 0
165.045 0
167.044 0
169.044 0
171.043 0
173.042 0
175.042 0
177.041 0
179.04 0
181.04 0
183.039 0
185.038 0
187.038 0
189.037 0
191.036 0
193.036 0
195.035 0
197.034 0
199.034 0
201.033 0
203.032 0
205.032 0
207.031 0
209.03 0
211.03 0
213.029 0
215.028 0
217.028 0
219.027 0
221.026 0
223.026 0
225.025 0
227.024 0
229.024 0
231.023 0
233.022 0
235.022 0
237.021 0
239.02 0
241.02 0
243.019 0
245.018 0
247.018 0
249.017 0
251.016 0
253.016 0
255.015 0
257.014 0
259.014 0
261.013 0
263.012 0
265.012 0
267.011 0
269.01 0
271.01 0
273.009 0
275.008 0
277.008 0
279.007 0
281.006 0
283.006 0
285.005 0
287.004 0
289.004 0
291.003 0
293.002 0
295.002 0
297.001 0
299 0
