1 0
3 0
5 0
7 0
9 0
11 0
13 0
15 0
17 0
19 0
21 2.59555e-07
23 2.71477e-06
25 1.07055e-05
27 2.77069e-05
29 4.93738e-05
31 6.80267e-05
33 8.09183e-05
35 8.65057e-05
37 8.76774e-05
39 8.54839e-05
41 8.06981e-05
43 7.48162e-05
45 6.85042e-05
47 6.23004e-05
49 5.63819e-05
51 5.11384e-05
53 4.63387e-05
55 4.19596e-05
57 3.79718e-05
59 3.45497e-05
61 3.13074e-05
63 2.84263e-05
65 2.58345e-05
67 2.35276e-05
69 2.15256e-05
71 1.98063e-05
73 1.80884e-05
75 1.66945e-05
77 1.53083e-05
79 1.41459e-05
81 1.31301e-05
83 1.21649e-05
85 1.11993e-05
87 1.04204e-05
89 9.63743e-06
91 9.02499e-06
93 8.4922e-06
95 7.88912e-06
97 7.36303e-06
99 6.92633e-06
101 6.48706e-06
103 6.06661e-06
105 5.68883e-06
107 5.34625e-06
109 5.06707e-06
111 4.80856e-06
113 4.55906e-06
115 4.28592e-06
117 4.05575e-06
119 3.81518e-06
121 3.62167e-06
123 3.43463e-06
125 3.24973e-06
127 3.08624e-06
129 2.92474e-06
131 2.78082e-06
133 2.64181e-06
135 2.53239e-06
137 2.4372e-06
139 2.33738e-06
141 2.23625e-06
143 2.134e-06
145 2.03473e-06
147 1.93461e-06
149 1.85033e-06
151 1.76759e-06
153 1.69983e-06
155 1.62947e-06
157 1.57588e-06
159 1.50349e-06
161 1.44239e-06
163 1.39177e-06
165 1.33139e-06
167 1.28256e-06
169 1.22286e-06
171 1.18235e-06
173 1.14e-06
175 1.09513e-06
177 1.05e-06
179 1.01293e-06
181 9.80342e-07
183 9.45601e-07
185 9.14481e-07
187 8.92844e-07
189 8.57782e-07
191 8.28637e-07
193 8.0379e-07
195 7.73439e-07
197 7.45101e-07
199 7.27601e-07
201 6.9565e-07
203 6.73643e-07
205 6.54512e-07
207 6.28581e-07
209 6.11041e-07
211 5.93174e-07
213 5.69855e-07
215 5.59127e-07
217 5.37178e-07
219 5.20017e-07
221 5.05262e-07
223 4.90406e-07
225 4.78619e-07
227 4.72263e-07
229 4.62561e-07
231 4.53338e-07
233 4.35802e-07
235 4.24721e-07
237 4.13208e-07
239 3.99291e-07
241 3.87289e-07
243 3.79849e-07
245 3.67686e-07
247 3.57264e-07
249 3.49117e-07
251 3.36211e-07
253 3.30917e-07
255 3.21022e-07
257 3.11627e-07
259 3.04825e-07
261 2.96423e-07
263 2.89221e-07
265 2.81968e-07
267 2.73174e-07
269 2.68034e-07
271 2.59949e-07
273 2.54101e-07
275 2.47384e-07
277 2.40963e-07
279 2.37551e-07
281 2.28814e-07
283 2.25789e-07
285 2.17404e-07
287 2.13753e-07
289 2.1169e-07
291 2.01532e-07
293 2.01145e-07
295 1.94106e-07
297 1.90054e-07
299 1.89353e-07
301 1.80281e-07
303 1.82212e-07
305 1.76343e-07
307 1.73046e-07
309 1.70686e-07
311 1.63683e-07
313 1.62656e-07
315 1.59577e-07
317 1.54323e-07
319 1.51492e-07
321 1.49607e-07
323 1.45286e-07
325 1.45049e-07
327 1.40915e-07
329 1.39113e-07
331 1.36279e-07
333 1.32617e-07
335 1.31297e-07
337 1.27113e-07
339 1.24667e-07
341 1.22923e-07
343 1.19014e-07
345 1.17922e-07
347 1.15502e-07
349 1.13402e-07
351 1.12509e-07
353 1.08434e-07
355 1.10001e-07
357 1.0479e-07
359 1.04161e-07
361 1.00752e-07
363 1.01057e-07
365 9.63069e-08
367 9.8032e-08
369 9.2615e-08
371 9.3514e-08
373 8.97622e-08
375 8.97064e-08
377 8.66983e-08
379 8.59827e-08
381 8.47663e-08
383 8.35478e-08
385 8.23573e-08
387 8.15008e-08
389 7.93617e-08
391 7.73228e-08
393 7.84978e-08
395 7.39468e-08
397 7.51865e-08
399 7.28224e-08
401 7.08768e-08
403 7.20879e-08
405 6.79645e-08
407 6.79464e-08
409 6.62313e-08
411 6.57518e-08
413 6.44788e-08
415 6.3495e-08
417 6.19212e-08
419 6.22173e-08
421 6.00801e-08
423 5.93387e-08
425 5.92919e-08
427 5.90163e-08
429 5.73798e-08
431 5.69183e-08
433 5.54425e-08
435 5.43753e-08
437 5.41318e-08
439 5.35021e-08
441 5.30374e-08
443 4.99704e-08
445 5.07041e-08
447 5.0294e-08
449 4.85924e-08
451 4.91057e-08
453 4.70187e-08
455 4.69891e-08
457 4.57644e-08
459 4.51703e-08
461 4.42783e-08
463 4.42905e-08
465 4.36329e-08
467 4.25741e-08
469 4.20567e-08
471 4.07299e-08
473 4.07879e-08
475 3.96157e-08
477 3.86858e-08
479 3.82732e-08
481 3.76129e-08
483 3.6693e-08
485 3.66119e-08
487 3.57826e-08
489 3.53551e-08
491 3.38812e-08
493 3.37463e-08
495 3.43377e-08
497 3.34957e-08
499 3.29437e-08
501 3.26754e-08
503 3.25151e-08
505 3.09976e-08
507 3.05202e-08
509 3.07651e-08
511 2.97937e-08
513 2.94517e-08
515 2.94659e-08
517 2.9323e-08
519 2.91831e-08
521 2.85639e-08
523 2.7981e-08
525 2.70402e-08
527 2.65827e-08
529 2.66427e-08
531 2.62043e-08
533 2.6136e-08
535 2.55121e-08
537 2.51977e-08
539 2.54588e-08
541 2.56452e-08
543 2.43483e-08
545 2.38219e-08
547 2.43623e-08
549 2.21943e-08
551 2.21538e-08
553 2.28762e-08
555 2.23532e-08
557 2.13014e-08
559 2.12077e-08
561 2.15329e-08
563 2.1413e-08
565 2.12528e-08
567 2.03294e-08
569 2.01554e-08
571 1.96243e-08
573 1.96241e-08
575 1.92239e-08
577 1.91206e-08
579 1.8844e-08
581 1.8492e-08
583 1.86452e-08
585 1.77554e-08
587 1.85219e-08
589 1.81777e-08
591 1.76751e-08
593 1.77759e-08
595 1.76815e-08
597 1.6783e-08
599 1.70974e-08
601 1.59205e-08
603 1.65203e-08
605 1.62444e-08
607 1.56513e-08
609 1.57368e-08
611 1.52889e-08
613 1.61332e-08
615 1.54435e-08
617 1.51319e-08
619 1.49406e-08
621 1.55791e-08
623 1.47275e-08
625 1.42333e-08
627 1.49809e-08
629 1.45259e-08
631 1.38705e-08
633 1.32502e-08
635 1.33981e-08
637 1.39174e-08
639 1.33368e-08
641 1.29127e-08
643 1.31793e-08
645 1.25003e-08
647 1.32912e-08
649 1.2747e-08
651 1.29575e-08
653 1.24173e-08
655 1.25761e-08
657 1.26495e-08
659 1.1841e-08
661 1.20972e-08
663 1.22293e-08
665 1.20099e-08
667 1.12526e-08
669 1.11885e-08
671 1.14492e-08
673 1.15779e-08
675 1.13659e-08
677 1.14587e-08
679 1.06446e-08
681 1.11775e-08
683 1.10621e-08
685 1.10142e-08
687 1.08359e-08
689 1.12616e-08
691 1.01563e-08
693 1.09316e-08
695 1.0732e-08
697 1.00232e-08
699 1.01769e-08
701 1.02114e-08
703 1.03132e-08
705 9.95404e-09
707 9.66879e-09
709 9.42528e-09
711 9.06785e-09
713 9.3296e-09
715 9.50395e-09
717 9.54219e-09
719 8.64729e-09
721 9.01241e-09
723 9.08075e-09
725 9.01484e-09
727 8.91467e-09
729 8.68067e-09
731 8.90949e-09
733 8.69883e-09
735 8.31024e-09
737 8.91002e-09
739 8.19258e-09
741 8.27775e-09
743 7.94302e-09
745 8.32428e-09
747 8.34564e-09
749 8.70674e-09
751 7.84439e-09
753 8.06545e-09
755 8.44383e-09
757 7.55511e-09
759 8.16651e-09
761 8.48992e-09
763 8.23413e-09
765 8.11228e-09
767 7.83795e-09
769 7.8212e-09
771 8.07271e-09
773 8.46113e-09
775 7.99424e-09
777 7.471e-09
779 7.79178e-09
781 7.48986e-09
783 7.84156e-09
785 7.94103e-09
787 7.15275e-09
789 7.26855e-09
791 7.1753e-09
793 7.36275e-09
795 7.21302e-09
797 7.0643e-09
799 7.14732e-09
801 7.17849e-09
803 7.04786e-09
805 6.83386e-09
807 6.23269e-09
809 6.51919e-09
811 6.57884e-09
813 6.42389e-09
815 6.36006e-09
817 6.38792e-09
819 6.23486e-09
821 6.05366e-09
823 6.65113e-09
825 6.26929e-09
827 6.32337e-09
829 6.16534e-09
831 5.91548e-09
833 5.84002e-09
835 6.17257e-09
837 6.1013e-09
839 6.08202e-09
841 5.89947e-09
843 5.54189e-09
845 5.62938e-09
847 5.52243e-09
849 5.59458e-09
851 5.81773e-09
853 5.48722e-09
855 5.59246e-09
857 5.56306e-09
859 6.30903e-09
861 6.68432e-09
863 6.26927e-09
865 6.30755e-09
867 6.73098e-09
869 6.41932e-09
871 6.38145e-09
873 6.48602e-09
875 5.98968e-09
877 5.94145e-09
879 6.43069e-09
881 6.50931e-09
883 6.20349e-09
885 6.05769e-09
887 5.98025e-09
889 6.16301e-09
891 6.0207e-09
893 5.95021e-09
895 5.75859e-09
897 5.95896e-09
899 5.89078e-09
901 5.51401e-09
903 5.73402e-09
905 5.49648e-09
907 5.45153e-09
909 5.68121e-09
911 5.44847e-09
913 5.17933e-09
915 5.19117e-09
917 5.09221e-09
919 5.08038e-09
921 5.16151e-09
923 4.95064e-09
925 5.1671e-09
927 4.88632e-09
929 4.58478e-09
931 4.83274e-09
933 4.84915e-09
935 4.84375e-09
937 4.75331e-09
939 4.80562e-09
941 4.58491e-09
943 4.54846e-09
945 4.76149e-09
947 4.86808e-09
949 4.68957e-09
951 4.68436e-09
953 4.4186e-09
955 4.54577e-09
957 4.56296e-09
959 4.16744e-09
961 4.57644e-09
963 4.40727e-09
965 4.15569e-09
967 4.16447e-09
969 4.23301e-09
971 4.15344e-09
973 4.08518e-09
975 4.66386e-09
977 4.84007e-09
979 4.96356e-09
981 4.94837e-09
983 6.36006e-09
985 6.5125e-09
987 6.292e-09
989 6.1681e-09
991 6.29288e-09
993 6.19573e-09
995 6.35386e-09
997 5.88943e-09
999 6.145e-09
1001 5.93384e-09
1003 6.23433e-09
1005 5.93394e-09
1007 5.78314e-09
1009 6.12343e-09
1011 5.60151e-09
1013 5.69502e-09
1015 5.60476e-09
1017 5.40621e-09
1019 5.72108e-09
1021 5.37552e-09
1023 5.22244e-09
1025 5.2126e-09
1027 5.01318e-09
1029 5.14887e-09
1031 5.02217e-09
1033 4.98447e-09
1035 4.66957e-09
1037 4.60787e-09
1039 4.72252e-09
1041 4.75302e-09
1043 4.67839e-09
1045 4.6461e-09
1047 4.61433e-09
1049 4.51164e-09
1051 4.47024e-09
1053 4.54648e-09
1055 5.44693e-09
1057 7.93593e-09
1059 7.95432e-09
1061 7.45863e-09
1063 6.76078e-09
1065 6.26709e-09
1067 5.71738e-09
1069 5.04888e-09
1071 4.44108e-09
1073 3.8998e-09
1075 3.37815e-09
1077 2.85028e-09
1079 2.45976e-09
1081 1.99896e-09
1083 1.53841e-09
1085 1.27535e-09
1087 1.3176e-09
1089 1.8543e-09
1091 1.8061e-10
1093 0
1095 0
1097 0
1099 0
1101 0
1103 0
1105 0
1107 0
1109 0
1111 0
1113 0
1115 0
1117 0
1119 0
1121 0
1123 0
1125 0
1127 0
1129 0
1131 0
1133 0
1135 0
1137 0
1139 0
1141 0
1143 0
1145 0
1147 0
1149 0
1151 0
1153 0
1155 0
1157 0
1159 0
1161 0
1163 0
1165 0
1167 0
1169 0
1171 0
1173 0
1175 0
1177 0
1179 0
1181 0
1183 0
1185 0
1187 0
1189 0
1191 0
1193 0
1195 0
1197 0
1199 0
1201 0
1203 0
1205 0
1207 0
1209 0
1211 0
1213 0
1215 0
1217 0
1219 0
1221 0
1223 0
1225 0
1227 0
1229 0
1231 0
1233 0
1235 0
1237 0
1239 0
1241 0
1243 0
1245 0
1247 0
1249 0
1251 0
1253 0
1255 0
1257 0
1259 0
1261 0
1263 0
1265 0
1267 0
1269 0
1271 0
1273 0
1275 0
1277 0
1279 0
1281 0
1283 0
1285 0
1287 0
1289 0
1291 0
1293 0
1295 0
1297 0
1299 0
1301 0
1303 0
1305 0
1307 0
1309 0
1311 0
1313 0
1315 0
1317 0
1319 0
1321 0
1323 0
1325 0
1327 0
1329 0
1331 0
1333 0
1335 0
1337 0
1339 0
1341 0
1343 0
1345 0
1347 0
1349 0
1351 0
1353 0
1355 0
1357 0
1359 0
1361 0
1363 0
1365 0
1367 0
1369 0
1371 0
1373 0
1375 0
1377 0
1379 0
1381 0
1383 0
1385 0
1387 0
1389 0
1391 0
1393 0
1395 0
1397 0
1399 0
1401 0
1403 0
1405 0
1407 0
1409 0
1411 0
1413 0
1415 0
1417 0
1419 0
1421 0
1423 0
1425 0
1427 0
1429 0
1431 0
1433 0
1435 0
1437 0
1439 0
1441 0
1443 0
1445 0
1447 0
1449 0
1451 0
1453 0
1455 0
1457 0
1459 0
1461 0
1463 0
1465 0
1467 0
1469 0
1471 0
1473 0
1475 0
1477 0
1479 0
1481 0
1483 0
1485 0
1487 0
1489 0
1491 0
1493 0
1495 0
1497 0
1499 0
1501 0
1503 0
1505 0
1507 0
1509 0
1511 0
1513 0
1515 0
1517 0
1519 0
1521 0
1523 0
1525 0
1527 0
1529 0
1531 0
1533 0
1535 0
1537 0
1539 0
1541 0
1543 0
1545 0
1547 0
1549 0
1551 0
1553 0
1555 0
1557 0
1559 0
1561 0
1563 0
1565 0
1567 0
1569 0
1571 0
1573 0
1575 0
1577 0
1579 0
1581 0
1583 0
1585 0
1587 0
1589 0
1591 0
1593 0
1595 0
1597 0
1599 0
1601 0
1603 0
1605 0
1607 0
1609 0
1611 0
1613 0
1615 0
1617 0
1619 0
1621 0
1623 0
1625 0
1627 0
1629 0
1631 0
1633 0
1635 0
1637 0
1639 0
1641 0
1643 0
1645 0
1647 0
1649 0
1651 0
1653 0
1655 0
1657 0
1659 0
1661 0
1663 0
1665 0
1667 0
1669 0
1671 0
1673 0
1675 0
1677 0
1679 0
1681 0
1683 0
1685 0
1687 0
1689 0
1691 0
1693 0
1695 0
1697 0
1699 0
1701 0
1703 0
1705 0
1707 0
1709 0
1711 0
1713 0
1715 0
1717 0
1719 0
1721 0
1723 0
1725 0
1727 0
1729 0
1731 0
1733 0
1735 0
1737 0
1739 0
1741 0
1743 0
1745 0
1747 0
1749 0
1751 0
1753 0
1755 0
1757 0
1759 0
1761 0
1763 0
1765 0
1767 0
1769 0
1771 0
1773 0
1775 0
1777 0
1779 0
1781 0
1783 0
1785 0
1787 0
1789 0
1791 0
1793 0
1795 0
1797 0
1799 0
1801 0
1803 0
1805 0
1807 0
1809 0
1811 0
1813 0
1815 0
1817 0
1819 0
1821 0
1823 0
1825 0
1827 0
1829 0
1831 0
1833 0
1835 0
1837 0
1839 0
1841 0
1843 0
1845 0
1847 0
1849 0
1851 0
1853 0
1855 0
1857 0
1859 0
1861 0
1863 0
1865 0
1867 0
1869 0
1871 0
1873 0
1875 0
1877 0
1879 0
1881 0
1883 0
1885 0
1887 0
1889 0
1891 0
1893 0
1895 0
1897 0
1899 0
1901 0
1903 0
1905 0
1907 0
1909 0
1911 0
1913 0
1915 0
1917 0
1919 0
1921 0
1923 0
1925 0
1927 0
1929 0
1931 0
1933 0
1935 0
1937 0
1939 0
1941 0
1943 0
1945 0
1947 0
1949 0
1951 0
1953 0
1955 0
1957 0
1959 0
1961 0
1963 0
1965 0
1967 0
1969 0
1971 0
1973 0
1975 0
1977 0
1979 0
1981 0
1983 0
1985 0
1987 0
1989 0
1991 0
1993 0
1995 0
1997 0
1999 0
