-10.2 6.17413
-10.1 6.18524
-10 6.214
-9.9 6.23888
-9.8 6.25587
-9.7 6.29121
-9.6 6.31494
-9.5 6.33882
-9.4 6.36575
-9.3 6.3854
-9.2 6.41768
-9.1 6.44654
-9 6.47251
-8.9 6.50615
-8.8 6.53224
-8.7 6.56719
-8.6 6.59623
-8.5 6.6281
-8.4 6.66225
-8.3 6.69187
-8.2 6.73031
-8.1 6.76232
-8 6.79717
-7.9 6.83503
-7.8 6.87007
-7.7 6.90861
-7.6 6.94771
-7.5 6.99663
-7.4 7.03861
-7.3 7.08605
-7.2 7.12851
-7.1 7.17644
-7 7.2285
-6.9 7.27655
-6.8 7.3291
-6.7 7.38743
-6.6 7.44591
-6.5 7.50442
-6.4 7.56866
-6.3 7.63972
-6.2 7.7107
-6.1 7.78466
-6 7.86798
-5.9 7.95662
-5.8 8.0594
-5.7 8.16501
-5.6 8.29115
-5.5 8.43581
-5.4 8.60133
-5.3 8.80257
-5.2 9.08466
-5.1 9.62406
-5 10.6375
-4.9 12.5735
-4.8 13.1162
-4.7 13.4981
-4.6 13.5382
-4.5 13.7629
-4.4 14.7111
-4.3 14.0333
-4.2 13.0673
-4.1 13.9341
-4 14.461
-3.9 14.1113
-3.8 14.2392
-3.7 14.5905
-3.6 14.9031
-3.5 14.2709
-3.4 13.9477
-3.3 14.4765
-3.2 15.431
-3.1 15.5282
-3 15.2575
-2.9 14.7277
-2.8 15.3121
-2.7 15.8092
-2.6 15.5045
-2.5 15.7537
-2.4 15.2589
-2.3 15.9254
-2.2 16.1783
-2.1 16.0952
-2 15.8001
-1.9 16.2459
-1.8 16.5646
-1.7 16.1741
-1.6 16.115
-1.5 16.2457
-1.4 16.5194
-1.3 16.3932
-1.2 16.6536
-1.1 16.4039
-1 16.6471
-0.9 17.5321
-0.8 17.1312
-0.7 17.323
-0.6 16.5432
-0.5 17.0307
-0.4 17.6653
-0.3 18.5216
-0.2 18.7596
-0.1 18.319
0 18.6416
0.1 19.565
0.2 19.3223
0.3 19.1282
0.4 18.7963
0.5 19.2047
0.6 20.7408
0.7 20.5549
0.8 19.3228
0.9 20.2329
1 20.9283
1.1 21.7525
1.2 22.0127
1.3 21.2024
1.4 21.0587
1.5 21.4033
1.6 23.5812
1.7 23.3487
1.8 24.5384
1.9 23.0836
2 22.9682
2.1 25.6599
2.2 26.2994
2.3 25.9045
2.4 24.9531
2.5 24.9809
2.6 27.1783
2.7 28.3933
2.8 29.3866
2.9 28.5366
3 26.9371
3.1 28.0441
3.2 29.984
3.3 31.8919
3.4 33.0813
3.5 32.0811
3.6 31.218
3.7 33.8129
3.8 36.5828
3.9 37.6133
4 37.8527
4.1 37.3609
4.2 37.5358
4.3 39.7656
4.4 43.4219
4.5 46.1467
4.6 48.5399
4.7 53.0039
4.8 69.7141
4.9 88.2479
5 105.328
5.1 123.3
5.2 137.795
5.3 138.05
5.4 143.081
5.5 159.673
5.6 163.226
5.7 255.124
5.8 0
5.9 0
6 0
6.1 0
6.2 0
6.3 0
6.4 0
6.5 0
6.6 0
6.7 0
6.8 0
6.9 0
7 0
7.1 0
7.2 0
7.3 0
7.4 0
7.5 0
7.6 0
7.7 0
7.8 0
7.9 0
8 0
8.1 0
8.2 0
8.3 0
8.4 0
8.5 0
8.6 0
8.7 0
8.8 0
8.9 0
9 0
9.1 0
9.2 0
9.3 0
9.4 0
9.5 0
9.6 0
9.7 0
9.8 0
9.9 0
10 0
10.1 0
10.2 0
