-10.2 5.93546
-10.1 5.94035
-10 5.96571
-9.9 5.9907
-9.8 6.00533
-9.7 6.03533
-9.6 6.05333
-9.5 6.07664
-9.4 6.10515
-9.3 6.12219
-9.2 6.15085
-9.1 6.17285
-9 6.19552
-8.9 6.22812
-8.8 6.24872
-8.7 6.27868
-8.6 6.30293
-8.5 6.32845
-8.4 6.36012
-8.3 6.38375
-8.2 6.41569
-8.1 6.44156
-8 6.46963
-7.9 6.50076
-7.8 6.53069
-7.7 6.56388
-7.6 6.59121
-7.5 6.63024
-7.4 6.66159
-7.3 6.6989
-7.2 6.73189
-7.1 6.77043
-7 6.80731
-6.9 6.84701
-6.8 6.8895
-6.7 6.92724
-6.6 6.97248
-6.5 7.01315
-6.4 7.0596
-6.3 7.09978
-6.2 7.15356
-6.1 7.20229
-6 7.2535
-5.9 7.304
-5.8 7.36509
-5.7 7.42446
-5.6 7.49205
-5.5 7.56783
-5.4 7.64849
-5.3 7.73096
-5.2 7.8263
-5.1 7.94328
-5 8.08581
-4.9 8.22474
-4.8 8.31941
-4.7 8.35767
-4.6 8.33154
-4.5 8.40023
-4.4 8.45714
-4.3 8.44974
-4.2 8.46933
-4.1 8.51964
-4 8.58127
-3.9 8.58052
-3.8 8.58513
-3.7 8.66615
-3.6 8.73863
-3.5 8.80606
-3.4 8.80383
-3.3 8.85845
-3.2 8.95531
-3.1 8.95428
-3 8.97735
-2.9 9.03177
-2.8 9.09516
-2.7 9.16498
-2.6 9.22022
-2.5 9.25291
-2.4 9.33728
-2.3 9.4098
-2.2 9.46209
-2.1 9.49963
-2 9.55554
-1.9 9.62966
-1.8 9.65634
-1.7 9.69346
-1.6 9.75815
-1.5 9.89247
-1.4 9.97854
-1.3 10.0684
-1.2 10.0922
-1.1 10.1604
-1 10.2965
-0.9 10.3468
-0.8 10.4682
-0.7 10.5436
-0.6 10.6738
-0.5 10.7695
-0.4 10.8747
-0.3 10.9323
-0.2 10.9959
-0.1 11.1237
0 11.2192
0.1 11.3297
0.2 11.4439
0.3 11.4796
0.4 11.6209
0.5 11.7373
0.6 11.8953
0.7 11.9969
0.8 12.0904
0.9 12.2216
1 12.4272
1.1 12.5571
1.2 12.6721
1.3 12.7633
1.4 12.9915
1.5 13.2037
1.6 13.5014
1.7 13.6097
1.8 13.707
1.9 13.8756
2 14.2066
2.1 14.5612
2.2 14.7822
2.3 14.874
2.4 15.0168
2.5 15.2698
2.6 15.7033
2.7 16.0991
2.8 16.4103
2.9 16.5092
3 16.812
3.1 17.3031
3.2 17.7133
3.3 18.2272
3.4 18.5497
3.5 18.855
3.6 19.4091
3.7 20.168
3.8 20.8906
3.9 21.562
4 22.2038
4.1 22.7476
4.2 23.9429
4.3 25.3488
4.4 26.9694
4.5 28.5877
4.6 30.8402
4.7 34.0017
4.8 38.699
4.9 45.2715
5 52.6691
5.1 60.5712
5.2 69.0405
5.3 75.4926
5.4 79.2033
5.5 87.1822
5.6 93.0224
5.7 105.499
5.8 123.649
5.9 0
6 0
6.1 0
6.2 0
6.3 0
6.4 0
6.5 0
6.6 0
6.7 0
6.8 0
6.9 0
7 0
7.1 0
7.2 0
7.3 0
7.4 0
7.5 0
7.6 0
7.7 0
7.8 0
7.9 0
8 0
8.1 0
8.2 0
8.3 0
8.4 0
8.5 0
8.6 0
8.7 0
8.8 0
8.9 0
9 0
9.1 0
9.2 0
9.3 0
9.4 0
9.5 0
9.6 0
9.7 0
9.8 0
9.9 0
10 0
10.1 0
10.2 0
