-10.2 6.10228
-10.1 6.11009
-10 6.13921
-9.9 6.16671
-9.8 6.20067
-9.7 6.25089
-9.6 6.2654
-9.5 6.29286
-9.4 6.3241
-9.3 6.33528
-9.2 6.39931
-9.1 6.4176
-9 6.44668
-8.9 6.47164
-8.8 6.50842
-8.7 6.57211
-8.6 6.56307
-8.5 6.5926
-8.4 6.62745
-8.3 6.65777
-8.2 6.69891
-8.1 6.71065
-8 6.76063
-7.9 6.80384
-7.8 6.82852
-7.7 6.87994
-7.6 6.91056
-7.5 6.97371
-7.4 6.98305
-7.3 7.04004
-7.2 7.04128
-7.1 7.07938
-7 7.11562
-6.9 7.16672
-6.8 7.21587
-6.7 7.2438
-6.6 7.30359
-6.5 7.36879
-6.4 7.43252
-6.3 7.44819
-6.2 7.50388
-6.1 7.54813
-6 7.63733
-5.9 7.67334
-5.8 7.72322
-5.7 7.79833
-5.6 7.87279
-5.5 7.94423
-5.4 8.0009
-5.3 8.09114
-5.2 8.20113
-5.1 8.34693
-5 8.473
-4.9 8.64157
-4.8 8.73171
-4.7 8.77387
-4.6 8.78728
-4.5 8.85265
-4.4 8.87391
-4.3 8.95549
-4.2 8.97467
-4.1 9.05743
-4 9.08381
-3.9 9.08072
-3.8 9.10024
-3.7 9.15973
-3.6 9.19219
-3.5 9.22676
-3.4 9.27551
-3.3 9.38027
-3.2 9.44712
-3.1 9.47815
-3 9.50819
-2.9 9.53993
-2.8 9.60052
-2.7 9.65591
-2.6 9.68694
-2.5 9.72899
-2.4 9.80215
-2.3 9.9022
-2.2 9.92293
-2.1 9.98282
-2 10.0739
-1.9 10.159
-1.8 10.275
-1.7 10.2679
-1.6 10.3598
-1.5 10.4282
-1.4 10.5537
-1.3 10.6016
-1.2 10.6075
-1.1 10.7116
-1 10.8959
-0.9 11.0072
-0.8 11.0031
-0.7 11.0125
-0.6 11.1057
-0.5 11.2916
-0.4 11.3989
-0.3 11.4298
-0.2 11.6245
-0.1 11.7093
0 11.8562
0.1 11.9589
0.2 11.9691
0.3 12.0182
0.4 12.1602
0.5 12.307
0.6 12.4535
0.7 12.5924
0.8 12.6941
0.9 12.9037
1 13.1235
1.1 13.2799
1.2 13.4081
1.3 13.4962
1.4 13.6763
1.5 13.9336
1.6 14.1223
1.7 14.3534
1.8 14.3895
1.9 14.5847
2 14.8251
2.1 15.2842
2.2 15.3831
2.3 15.5784
2.4 15.6165
2.5 15.952
2.6 16.4306
2.7 16.7692
2.8 17.0476
2.9 17.2047
3 17.4817
3.1 18.0475
3.2 18.6952
3.3 19.1415
3.4 19.5111
3.5 19.8499
3.6 20.4166
3.7 21.2497
3.8 22.0865
3.9 22.5688
4 23.0036
4.1 23.5278
4.2 24.5557
4.3 26.0909
4.4 27.704
4.5 29.2637
4.6 31.4435
4.7 34.8657
4.8 44.4271
4.9 53.1633
5 62.1473
5.1 71.6381
5.2 81.327
5.3 79.6407
5.4 86.2928
5.5 87.9499
5.6 100.064
5.7 67.6572
5.8 88.2435
5.9 123.507
6 0
6.1 0
6.2 0
6.3 0
6.4 0
6.5 0
6.6 0
6.7 0
6.8 0
6.9 0
7 0
7.1 0
7.2 0
7.3 0
7.4 0
7.5 0
7.6 0
7.7 0
7.8 0
7.9 0
8 0
8.1 0
8.2 0
8.3 0
8.4 0
8.5 0
8.6 0
8.7 0
8.8 0
8.9 0
9 0
9.1 0
9.2 0
9.3 0
9.4 0
9.5 0
9.6 0
9.7 0
9.8 0
9.9 0
10 0
10.1 0
10.2 0
