-10.2 0.0673576
-10.1 0.0673709
-10 0.0675463
-9.9 0.0677344
-9.8 0.067806
-9.7 0.0679058
-9.6 0.0679042
-9.5 0.0680419
-9.4 0.0682388
-9.3 0.0682846
-9.2 0.0683636
-9.1 0.0684776
-9 0.0685535
-8.9 0.0687625
-8.8 0.0688033
-8.7 0.068944
-8.6 0.0691263
-8.5 0.0692464
-8.4 0.0693181
-8.3 0.0694584
-8.2 0.0696918
-8.1 0.0698863
-8 0.0700259
-7.9 0.070203
-7.8 0.0703771
-7.7 0.07059
-7.6 0.0707114
-7.5 0.0709479
-7.4 0.071174
-7.3 0.0713985
-7.2 0.0716699
-7.1 0.0718115
-7 0.0719758
-6.9 0.0722196
-6.8 0.0725497
-6.7 0.0728334
-6.6 0.0730931
-6.5 0.0733378
-6.4 0.0736618
-6.3 0.0738715
-6.2 0.0741892
-6.1 0.0744767
-6 0.0748783
-5.9 0.0752113
-5.8 0.0756266
-5.7 0.076068
-5.6 0.0766077
-5.5 0.0770509
-5.4 0.0775253
-5.3 0.0781778
-5.2 0.0790685
-5.1 0.0801097
-5 0.0811296
-4.9 0.0824258
-4.8 0.0828946
-4.7 0.0826359
-4.6 0.0822014
-4.5 0.0820757
-4.4 0.082182
-4.3 0.0822161
-4.2 0.0819577
-4.1 0.0824572
-4 0.0819949
-3.9 0.0816469
-3.8 0.0816828
-3.7 0.0815224
-3.6 0.081766
-3.5 0.0815774
-3.4 0.0817659
-3.3 0.0818951
-3.2 0.0819595
-3.1 0.0817433
-3 0.0812406
-2.9 0.0813426
-2.8 0.0818053
-2.7 0.0816333
-2.6 0.0817002
-2.5 0.0813913
-2.4 0.0814175
-2.3 0.0816868
-2.2 0.081517
-2.1 0.0810044
-2 0.0810584
-1.9 0.0811852
-1.8 0.0812424
-1.7 0.0806875
-1.6 0.0809743
-1.5 0.0806987
-1.4 0.0809567
-1.3 0.0811904
-1.2 0.0807192
-1.1 0.0808559
-1 0.0813735
-0.9 0.081618
-0.8 0.0818165
-0.7 0.0814655
-0.6 0.081252
-0.5 0.0817846
-0.4 0.0820277
-0.3 0.0817005
-0.2 0.0817899
-0.1 0.0821766
0 0.0825263
0.1 0.0824866
0.2 0.0823451
0.3 0.081801
0.4 0.0822129
0.5 0.0830057
0.6 0.0837196
0.7 0.0834059
0.8 0.0828755
0.9 0.0831984
1 0.0840804
1.1 0.0840192
1.2 0.0837062
1.3 0.0836852
1.4 0.083677
1.5 0.083982
1.6 0.0846737
1.7 0.0845034
1.8 0.0847703
1.9 0.0846587
2 0.0854574
2.1 0.0859153
2.2 0.0858592
2.3 0.085295
2.4 0.0847497
2.5 0.0852517
2.6 0.0863046
2.7 0.0864015
2.8 0.0855959
2.9 0.085329
3 0.0853628
3.1 0.0862173
3.2 0.0874208
3.3 0.0873633
3.4 0.0856731
3.5 0.0851032
3.6 0.0855261
3.7 0.0876289
3.8 0.0885166
3.9 0.087919
4 0.0860024
4.1 0.0855882
4.2 0.0869446
4.3 0.0889059
4.4 0.0900236
4.5 0.0905984
4.6 0.0907835
4.7 0.0936865
4.8 0.094604
4.9 0.0934565
5 0.0811597
5.1 0.0577937
5.2 0.0323447
5.3 0.0153127
5.4 0.00590905
5.5 0.00174626
5.6 0.000388792
5.7 5.87037e-05
5.8 4.20611e-06
5.9 0
6 0
6.1 0
6.2 0
6.3 0
6.4 0
6.5 0
6.6 0
6.7 0
6.8 0
6.9 0
7 0
7.1 0
7.2 0
7.3 0
7.4 0
7.5 0
7.6 0
7.7 0
7.8 0
7.9 0
8 0
8.1 0
8.2 0
8.3 0
8.4 0
8.5 0
8.6 0
8.7 0
8.8 0
8.9 0
9 0
9.1 0
9.2 0
9.3 0
9.4 0
9.5 0
9.6 0
9.7 0
9.8 0
9.9 0
10 0
10.1 0
10.2 0
