-10.2 6.48206e-12
-10.1 6.48602e-12
-10 6.50275e-12
-9.9 6.52669e-12
-9.8 6.52788e-12
-9.7 6.52575e-12
-9.6 6.5328e-12
-9.5 6.54834e-12
-9.4 6.57142e-12
-9.3 6.57746e-12
-9.2 6.58247e-12
-9.1 6.59657e-12
-9 6.61004e-12
-8.9 6.62654e-12
-8.8 6.63185e-12
-8.7 6.64377e-12
-8.6 6.65988e-12
-8.5 6.677e-12
-8.4 6.69407e-12
-8.3 6.70059e-12
-8.2 6.70579e-12
-8.1 6.719e-12
-8 6.74249e-12
-7.9 6.75977e-12
-7.8 6.77007e-12
-7.7 6.78977e-12
-7.6 6.81118e-12
-7.5 6.8291e-12
-7.4 6.84506e-12
-7.3 6.8704e-12
-7.2 6.889e-12
-7.1 6.90398e-12
-7 6.92175e-12
-6.9 6.94794e-12
-6.8 6.97742e-12
-6.7 7.00338e-12
-6.6 7.02481e-12
-6.5 7.05035e-12
-6.4 7.07648e-12
-6.3 7.10901e-12
-6.2 7.1269e-12
-6.1 7.16337e-12
-6 7.20097e-12
-5.9 7.23701e-12
-5.8 7.27587e-12
-5.7 7.31622e-12
-5.6 7.36792e-12
-5.5 7.4153e-12
-5.4 7.46339e-12
-5.3 7.53157e-12
-5.2 7.60536e-12
-5.1 7.69436e-12
-5 7.81404e-12
-4.9 7.93141e-12
-4.8 7.94277e-12
-4.7 7.96134e-12
-4.6 7.96016e-12
-4.5 7.9847e-12
-4.4 8.00323e-12
-4.3 7.94099e-12
-4.2 7.9045e-12
-4.1 7.95641e-12
-4 7.96896e-12
-3.9 7.94458e-12
-3.8 7.94802e-12
-3.7 7.97392e-12
-3.6 7.9666e-12
-3.5 7.91785e-12
-3.4 7.9243e-12
-3.3 7.95677e-12
-3.2 7.99361e-12
-3.1 7.97392e-12
-3 7.92426e-12
-2.9 7.90789e-12
-2.8 7.96194e-12
-2.7 7.93795e-12
-2.6 7.93158e-12
-2.5 7.92617e-12
-2.4 7.88586e-12
-2.3 7.93545e-12
-2.2 7.92938e-12
-2.1 7.90393e-12
-2 7.89205e-12
-1.9 7.90219e-12
-1.8 7.90932e-12
-1.7 7.86947e-12
-1.6 7.87301e-12
-1.5 7.86071e-12
-1.4 7.87924e-12
-1.3 7.87277e-12
-1.2 7.89883e-12
-1.1 7.87987e-12
-1 7.90482e-12
-0.9 7.93557e-12
-0.8 7.90107e-12
-0.7 7.90697e-12
-0.6 7.88572e-12
-0.5 7.93761e-12
-0.4 7.98557e-12
-0.3 8.02443e-12
-0.2 8.00899e-12
-0.1 8.00353e-12
0 8.04254e-12
0.1 8.06607e-12
0.2 8.02739e-12
0.3 8.00108e-12
0.4 7.99401e-12
0.5 8.05821e-12
0.6 8.11008e-12
0.7 8.08143e-12
0.8 8.02328e-12
0.9 8.09547e-12
1 8.14638e-12
1.1 8.17413e-12
1.2 8.15469e-12
1.3 8.10734e-12
1.4 8.12246e-12
1.5 8.19506e-12
1.6 8.29634e-12
1.7 8.25861e-12
1.8 8.27564e-12
1.9 8.21756e-12
2 8.25552e-12
2.1 8.3844e-12
2.2 8.35222e-12
2.3 8.28739e-12
2.4 8.22461e-12
2.5 8.2913e-12
2.6 8.39196e-12
2.7 8.41543e-12
2.8 8.36557e-12
2.9 8.251e-12
3 8.20305e-12
3.1 8.28467e-12
3.2 8.42168e-12
3.3 8.47449e-12
3.4 8.43601e-12
3.5 8.30256e-12
3.6 8.30776e-12
3.7 8.47698e-12
3.8 8.54569e-12
3.9 8.47927e-12
4 8.41366e-12
4.1 8.32218e-12
4.2 8.33578e-12
4.3 8.50543e-12
4.4 8.68321e-12
4.5 8.74181e-12
4.6 8.84194e-12
4.7 9.10294e-12
4.8 9.16336e-12
4.9 9.18621e-12
5 7.72372e-12
5.1 5.40578e-12
5.2 3.06482e-12
5.3 1.38142e-12
5.4 5.56502e-13
5.5 1.86689e-13
5.6 3.79142e-14
5.7 3.66726e-15
5.8 0
5.9 0
6 0
6.1 0
6.2 0
6.3 0
6.4 0
6.5 0
6.6 0
6.7 0
6.8 0
6.9 0
7 0
7.1 0
7.2 0
7.3 0
7.4 0
7.5 0
7.6 0
7.7 0
7.8 0
7.9 0
8 0
8.1 0
8.2 0
8.3 0
8.4 0
8.5 0
8.6 0
8.7 0
8.8 0
8.9 0
9 0
9.1 0
9.2 0
9.3 0
9.4 0
9.5 0
9.6 0
9.7 0
9.8 0
9.9 0
10 0
10.1 0
10.2 0
