-10.2 0.0673867
-10.1 0.0668362
-10 0.0698366
-9.9 0.0684459
-9.8 0.0694173
-9.7 0.0705345
-9.6 0.0693759
-9.5 0.0706673
-9.4 0.0711521
-9.3 0.0713374
-9.2 0.0722599
-9.1 0.071108
-9 0.0717714
-8.9 0.0725628
-8.8 0.0723855
-8.7 0.073579
-8.6 0.0725197
-8.5 0.0733781
-8.4 0.0735672
-8.3 0.0733956
-8.2 0.0749159
-8.1 0.0740377
-8 0.0747113
-7.9 0.0745889
-7.8 0.0747585
-7.7 0.0756616
-7.6 0.0749792
-7.5 0.0763082
-7.4 0.0757406
-7.3 0.0763879
-7.2 0.0766721
-7.1 0.0774527
-7 0.0774972
-6.9 0.0779353
-6.8 0.0785939
-6.7 0.0786258
-6.6 0.0792135
-6.5 0.0788709
-6.4 0.0798119
-6.3 0.0800137
-6.2 0.0808452
-6.1 0.080669
-6 0.0816161
-5.9 0.0811974
-5.8 0.0817905
-5.7 0.0822904
-5.6 0.0829562
-5.5 0.0831925
-5.4 0.0842355
-5.3 0.0849419
-5.2 0.0856975
-5.1 0.0862572
-5 0.0871583
-4.9 0.0884287
-4.8 0.0891968
-4.7 0.0903863
-4.6 0.0896659
-4.5 0.0894007
-4.4 0.0895254
-4.3 0.0898599
-4.2 0.0897469
-4.1 0.0891301
-4 0.0893299
-3.9 0.0893406
-3.8 0.0890229
-3.7 0.0885753
-3.6 0.0888116
-3.5 0.0892636
-3.4 0.0891911
-3.3 0.0887011
-3.2 0.0893317
-3.1 0.0893525
-3 0.0888275
-2.9 0.0883882
-2.8 0.087989
-2.7 0.0885016
-2.6 0.0886951
-2.5 0.0885091
-2.4 0.0878889
-2.3 0.0884028
-2.2 0.0890277
-2.1 0.0887603
-2 0.0880707
-1.9 0.0883259
-1.8 0.0887471
-1.7 0.0880007
-1.6 0.0879936
-1.5 0.0881996
-1.4 0.0884592
-1.3 0.0887518
-1.2 0.0885742
-1.1 0.0883952
-1 0.0880365
-0.9 0.0885193
-0.8 0.0887553
-0.7 0.0890531
-0.6 0.0893647
-0.5 0.0892476
-0.4 0.0895582
-0.3 0.0895421
-0.2 0.0895245
-0.1 0.0892175
0 0.0892892
0.1 0.0895401
0.2 0.0890373
0.3 0.089845
0.4 0.088855
0.5 0.0885064
0.6 0.0890014
0.7 0.0891501
0.8 0.0888712
0.9 0.0890489
1 0.0892474
1.1 0.0893567
1.2 0.0896807
1.3 0.089521
1.4 0.089408
1.5 0.0893021
1.6 0.0896232
1.7 0.0904364
1.8 0.0911178
1.9 0.0899438
2 0.0893989
2.1 0.0897385
2.2 0.090616
2.3 0.0914625
2.4 0.0909513
2.5 0.0902431
2.6 0.089331
2.7 0.0900374
2.8 0.0909185
2.9 0.0916159
3 0.0915187
3.1 0.0902755
3.2 0.0900091
3.3 0.0906986
3.4 0.0903049
3.5 0.0910892
3.6 0.0897034
3.7 0.0886448
3.8 0.0887316
3.9 0.0898866
4 0.0899979
4.1 0.089663
4.2 0.088645
4.3 0.0872075
4.4 0.088063
4.5 0.0897267
4.6 0.0907059
4.7 0.0910876
4.8 0.091093
4.9 0.0929204
5 0.0943492
5.1 0.0891348
5.2 0.0743358
5.3 0.0533305
5.4 0.0318324
5.5 0.0154774
5.6 0.00598789
5.7 0.00218215
5.8 0.0005445
5.9 0.000122719
6 2.04474e-05
6.1 0
6.2 0
6.3 0
6.4 0
6.5 0
6.6 0
6.7 0
6.8 0
6.9 0
7 0
7.1 0
7.2 0
7.3 0
7.4 0
7.5 0
7.6 0
7.7 0
7.8 0
7.9 0
8 0
8.1 0
8.2 0
8.3 0
8.4 0
8.5 0
8.6 0
8.7 0
8.8 0
8.9 0
9 0
9.1 0
9.2 0
9.3 0
9.4 0
9.5 0
9.6 0
9.7 0
9.8 0
9.9 0
10 0
10.1 0
10.2 0
