-10.2 6.10179
-10.1 6.10811
-10 6.1548
-9.9 6.17872
-9.8 6.19712
-9.7 6.25416
-9.6 6.26516
-9.5 6.34374
-9.4 6.34678
-9.3 6.35116
-9.2 6.41824
-9.1 6.4149
-9 6.4887
-8.9 6.50281
-8.8 6.50787
-8.7 6.58874
-8.6 6.58745
-8.5 6.62889
-8.4 6.65417
-8.3 6.68359
-8.2 6.72022
-8.1 6.73701
-8 6.79838
-7.9 6.81582
-7.8 6.87866
-7.7 6.89172
-7.6 6.94329
-7.5 6.98028
-7.4 7.00073
-7.3 7.0546
-7.2 7.08859
-7.1 7.13748
-7 7.1402
-6.9 7.21471
-6.8 7.24448
-6.7 7.29653
-6.6 7.33452
-6.5 7.37919
-6.4 7.4476
-6.3 7.52146
-6.2 7.55005
-6.1 7.61563
-6 7.65725
-5.9 7.70986
-5.8 7.76666
-5.7 7.84319
-5.6 7.90308
-5.5 8.00754
-5.4 8.06738
-5.3 8.18615
-5.2 8.28061
-5.1 8.40887
-5 8.52292
-4.9 8.70215
-4.8 8.77505
-4.7 8.80102
-4.6 8.80355
-4.5 8.87717
-4.4 8.91606
-4.3 8.9641
-4.2 8.96824
-4.1 9.00169
-4 9.06135
-3.9 9.02867
-3.8 9.08207
-3.7 9.13537
-3.6 9.2294
-3.5 9.33757
-3.4 9.3486
-3.3 9.41896
-3.2 9.48822
-3.1 9.52069
-3 9.56166
-2.9 9.57198
-2.8 9.62021
-2.7 9.68834
-2.6 9.75
-2.5 9.85185
-2.4 9.90872
-2.3 10.0178
-2.2 10.0026
-2.1 9.99851
-2 10.0531
-1.9 10.1632
-1.8 10.2713
-1.7 10.3287
-1.6 10.376
-1.5 10.4687
-1.4 10.5627
-1.3 10.6597
-1.2 10.7116
-1.1 10.7737
-1 10.9633
-0.9 11.0509
-0.8 11.077
-0.7 11.1003
-0.6 11.1923
-0.5 11.3332
-0.4 11.4668
-0.3 11.4911
-0.2 11.5666
-0.1 11.686
0 11.8242
0.1 11.9829
0.2 12.0796
0.3 12.1436
0.4 12.2656
0.5 12.4478
0.6 12.5993
0.7 12.7244
0.8 12.7618
0.9 12.8613
1 13.1073
1.1 13.362
1.2 13.4062
1.3 13.4865
1.4 13.6912
1.5 13.9288
1.6 14.1619
1.7 14.3848
1.8 14.4788
1.9 14.6864
2 14.9644
2.1 15.3511
2.2 15.5259
2.3 15.6596
2.4 15.8313
2.5 16.0944
2.6 16.4602
2.7 16.884
2.8 17.1182
2.9 17.2686
3 17.574
3.1 18.0548
3.2 18.6965
3.3 18.9952
3.4 19.3337
3.5 19.5713
3.6 20.2361
3.7 21.1569
3.8 21.9766
3.9 22.5089
4 22.8552
4.1 23.6295
4.2 24.6993
4.3 26.1679
4.4 27.8741
4.5 29.4588
4.6 31.5634
4.7 34.8169
4.8 44.8306
4.9 53.0109
5 62.4423
5.1 70.8989
5.2 80.2208
5.3 80.694
5.4 86.6922
5.5 90.8286
5.6 88.8406
5.7 121.962
5.8 0
5.9 0
6 0
6.1 0
6.2 0
6.3 0
6.4 0
6.5 0
6.6 0
6.7 0
6.8 0
6.9 0
7 0
7.1 0
7.2 0
7.3 0
7.4 0
7.5 0
7.6 0
7.7 0
7.8 0
7.9 0
8 0
8.1 0
8.2 0
8.3 0
8.4 0
8.5 0
8.6 0
8.7 0
8.8 0
8.9 0
9 0
9.1 0
9.2 0
9.3 0
9.4 0
9.5 0
9.6 0
9.7 0
9.8 0
9.9 0
10 0
10.1 0
10.2 0
