-10.2 15.1013
-10.1 15.0555
-10 66.4473
-9.9 13.5186
-9.8 36.5053
-9.7 41.4871
-9.6 16.2873
-9.5 40.6397
-9.4 29.5223
-9.3 33.0528
-9.2 50.173
-9.1 23.5502
-9 26.9457
-8.9 30.9455
-8.8 29.6578
-8.7 45.4598
-8.6 20.0512
-8.5 34.275
-8.4 32.5625
-8.3 28.6869
-8.2 45.2769
-8.1 26.3141
-8 37.7702
-7.9 24.1527
-7.8 34.4441
-7.7 37.6727
-7.6 18.6628
-7.5 32.5658
-7.4 23.1091
-7.3 32.5558
-7.2 28.0012
-7.1 35.7335
-7 25.5565
-6.9 31.2369
-6.8 33.9385
-6.7 31.2119
-6.6 36.2128
-6.5 25.1825
-6.4 30.3656
-6.3 29.6993
-6.2 45.3437
-6.1 28.4578
-6 39.5276
-5.9 26.7537
-5.8 35.4813
-5.7 32.1855
-5.6 31.3949
-5.5 27.9628
-5.4 31.4059
-5.3 37.8667
-5.2 30.1985
-5.1 32.2542
-5 29.1373
-4.9 33.17
-4.8 27.6199
-4.7 39.4844
-4.6 38.4934
-4.5 32.2541
-4.4 31.9218
-4.3 33.3425
-4.2 37.9321
-4.1 36.1704
-4 33.638
-3.9 32.9772
-3.8 35.6589
-3.7 31.7479
-3.6 29.3038
-3.5 32.1869
-3.4 34.9341
-3.3 35.4453
-3.2 41.0364
-3.1 33.9163
-3 36.0208
-2.9 37.2183
-2.8 24.8482
-2.7 33.7503
-2.6 38.378
-2.5 28.1481
-2.4 28.9093
-2.3 35.5724
-2.2 37.6017
-2.1 38.2729
-2 34.1732
-1.9 33.2191
-1.8 36.5959
-1.7 34.158
-1.6 33.8025
-1.5 33.7382
-1.4 36.5235
-1.3 33.2405
-1.2 28.8715
-1.1 33.6395
-1 37.0423
-0.9 37.1215
-0.8 33.7275
-0.7 42.069
-0.6 34.761
-0.5 38.6089
-0.4 38.7232
-0.3 37.3868
-0.2 35.227
-0.1 34.9183
0 38.5862
0.1 39.9308
0.2 37.1182
0.3 42.6735
0.4 34.7795
0.5 34.5811
0.6 35.3574
0.7 39.6463
0.8 37.7117
0.9 37.1547
1 37.6643
1.1 35.1939
1.2 36.1016
1.3 33.3705
1.4 38.3131
1.5 39.0938
1.6 35.7795
1.7 32.2315
1.8 40.0312
1.9 37.858
2 38.3663
2.1 36.6676
2.2 36.6292
2.3 40.1878
2.4 37.6927
2.5 37.6679
2.6 36.4115
2.7 39.0801
2.8 36.3557
2.9 39.4947
3 42.9383
3.1 44.0815
3.2 43.1389
3.3 38.6352
3.4 40.332
3.5 43.2853
3.6 46.2808
3.7 42.2219
3.8 44.5868
3.9 43.6471
4 43.6692
4.1 44.8099
4.2 50.2752
4.3 47.1763
4.4 48.8557
4.5 50.9682
4.6 51.731
4.7 54.3574
4.8 56.4612
4.9 62.5324
5 69.1616
5.1 83.4934
5.2 95.5169
5.3 108.816
5.4 121.394
5.5 131.816
5.6 139.334
5.7 147.121
5.8 160.006
5.9 163.086
6 140.213
6.1 0
6.2 0
6.3 0
6.4 0
6.5 0
6.6 0
6.7 0
6.8 0
6.9 0
7 0
7.1 0
7.2 0
7.3 0
7.4 0
7.5 0
7.6 0
7.7 0
7.8 0
7.9 0
8 0
8.1 0
8.2 0
8.3 0
8.4 0
8.5 0
8.6 0
8.7 0
8.8 0
8.9 0
9 0
9.1 0
9.2 0
9.3 0
9.4 0
9.5 0
9.6 0
9.7 0
9.8 0
9.9 0
10 0
10.1 0
10.2 0
