-10.2 6.10033
-10.1 6.10632
-10 6.13167
-9.9 6.15589
-9.8 6.17053
-9.7 6.20146
-9.6 6.21958
-9.5 6.24257
-9.4 6.27221
-9.3 6.28967
-9.2 6.3189
-9.1 6.34195
-9 6.36423
-8.9 6.3949
-8.8 6.41501
-8.7 6.44734
-8.6 6.47214
-8.5 6.49602
-8.4 6.52718
-8.3 6.551
-8.2 6.58571
-8.1 6.61091
-8 6.6427
-7.9 6.67507
-7.8 6.70481
-7.7 6.74077
-7.6 6.76779
-7.5 6.80623
-7.4 6.83604
-7.3 6.87632
-7.2 6.90994
-7.1 6.94912
-7 6.98746
-6.9 7.02611
-6.8 7.06674
-6.7 7.10563
-6.6 7.15043
-6.5 7.19217
-6.4 7.23932
-6.3 7.28553
-6.2 7.33572
-6.1 7.38338
-6 7.43838
-5.9 7.49255
-5.8 7.55467
-5.7 7.61475
-5.6 7.68314
-5.5 7.75255
-5.4 7.8264
-5.3 7.91185
-5.2 8.01159
-5.1 8.13189
-5 8.26455
-4.9 8.42898
-4.8 8.53269
-4.7 8.55209
-4.6 8.55067
-4.5 8.58788
-4.4 8.64014
-4.3 8.68074
-4.2 8.70648
-4.1 8.80407
-4 8.81418
-3.9 8.81737
-3.8 8.87286
-3.7 8.90049
-3.6 8.97198
-3.5 9.01083
-3.4 9.06244
-3.3 9.1301
-3.2 9.20177
-3.1 9.2221
-3 9.23624
-2.9 9.28505
-2.8 9.39131
-2.7 9.43882
-2.6 9.49007
-2.5 9.52209
-2.4 9.59015
-2.3 9.67173
-2.2 9.72055
-2.1 9.72772
-2 9.78784
-1.9 9.86849
-1.8 9.93184
-1.7 9.95463
-1.6 10.0415
-1.5 10.0736
-1.4 10.1621
-1.3 10.2626
-1.2 10.2768
-1.1 10.3541
-1 10.4763
-0.9 10.5788
-0.8 10.6825
-0.7 10.7153
-0.6 10.7749
-0.5 10.9131
-0.4 11.0339
-0.3 11.0734
-0.2 11.1653
-0.1 11.3086
0 11.4392
0.1 11.5413
0.2 11.6194
0.3 11.6431
0.4 11.7934
0.5 12.0028
0.6 12.2131
0.7 12.3011
0.8 12.3345
0.9 12.4896
1 12.7221
1.1 12.8704
1.2 12.9627
1.3 13.1164
1.4 13.2422
1.5 13.4456
1.6 13.7006
1.7 13.8515
1.8 14.0654
1.9 14.2321
2 14.5425
2.1 14.8371
2.2 15.0623
2.3 15.2274
2.4 15.3607
2.5 15.6814
2.6 16.1244
2.7 16.4304
2.8 16.6114
2.9 16.8426
3 17.1577
3.1 17.6369
3.2 18.2427
3.3 18.6843
3.4 18.8033
3.5 19.1414
3.6 19.683
3.7 20.6224
3.8 21.4717
3.9 22.1084
4 22.4658
4.1 23.1343
4.2 24.2735
4.3 25.7984
4.4 27.3841
4.5 29.0905
4.6 31.0094
4.7 34.259
4.8 44.0699
4.9 52.2198
5 61.5218
5.1 71.0935
5.2 80.5276
5.3 79.6116
5.4 86.9724
5.5 94.2655
5.6 105.249
5.7 110.24
5.8 293.944
5.9 0
6 0
6.1 0
6.2 0
6.3 0
6.4 0
6.5 0
6.6 0
6.7 0
6.8 0
6.9 0
7 0
7.1 0
7.2 0
7.3 0
7.4 0
7.5 0
7.6 0
7.7 0
7.8 0
7.9 0
8 0
8.1 0
8.2 0
8.3 0
8.4 0
8.5 0
8.6 0
8.7 0
8.8 0
8.9 0
9 0
9.1 0
9.2 0
9.3 0
9.4 0
9.5 0
9.6 0
9.7 0
9.8 0
9.9 0
10 0
10.1 0
10.2 0
