-10.2 6.38164
-10.1 6.25347
-10 7.93434
-9.9 7.01419
-9.8 7.43512
-9.7 8.44867
-9.6 7.66371
-9.5 8.51386
-9.4 8.3511
-9.3 8.55449
-9.2 9.02712
-9.1 8.27772
-9 8.55408
-8.9 8.81666
-8.8 8.77847
-8.7 9.54953
-8.6 8.80648
-8.5 8.79171
-8.4 8.96513
-8.3 8.93975
-8.2 9.4949
-8.1 9.14203
-8 9.39983
-7.9 9.28871
-7.8 8.93967
-7.7 9.92554
-7.6 9.04194
-7.5 9.97758
-7.4 9.35482
-7.3 9.17292
-7.2 9.59852
-7.1 10.1224
-7 10.1971
-6.9 10.368
-6.8 9.92323
-6.7 10.1621
-6.6 10.5536
-6.5 10.2784
-6.4 10.259
-6.3 10.8738
-6.2 10.3354
-6.1 10.5832
-6 10.7351
-5.9 10.7606
-5.8 10.7653
-5.7 10.7355
-5.6 10.9137
-5.5 10.959
-5.4 11.291
-5.3 11.3874
-5.2 12.0084
-5.1 12.2831
-5 12.4425
-4.9 13.5541
-4.8 15.1384
-4.7 16.5359
-4.6 16.2531
-4.5 15.7779
-4.4 16.1114
-4.3 16.8399
-4.2 16.4817
-4.1 15.7724
-4 15.9652
-3.9 16.7264
-3.8 16.371
-3.7 15.5468
-3.6 15.8382
-3.5 16.6414
-3.4 17.1514
-3.3 16.215
-3.2 16.5253
-3.1 17.3925
-3 17.0134
-2.9 16.3713
-2.8 16.1693
-2.7 16.9464
-2.6 17.0346
-2.5 17.3155
-2.4 16.6721
-2.3 17.1665
-2.2 17.707
-2.1 17.9647
-2 17.6209
-1.9 17.6008
-1.8 18.2393
-1.7 17.5823
-1.6 17.5057
-1.5 17.4571
-1.4 17.6846
-1.3 18.4918
-1.2 18.6161
-1.1 18.7825
-1 17.7473
-0.9 18.1354
-0.8 18.7281
-0.7 18.6558
-0.6 19.4398
-0.5 19.1894
-0.4 19.8378
-0.3 20.1161
-0.2 20.5455
-0.1 20.4423
0 19.9885
0.1 20.7017
0.2 20.4484
0.3 21.4756
0.4 21.2396
0.5 20.6071
0.6 21.2908
0.7 21.1263
0.8 21.6354
0.9 21.4548
1 21.6039
1.1 21.6417
1.2 22.6539
1.3 22.6781
1.4 22.8172
1.5 22.1745
1.6 22.536
1.7 23.5217
1.8 25.9521
1.9 24.6615
2 24.1764
2.1 23.6044
2.2 24.639
2.3 26.5029
2.4 27.4167
2.5 27.0461
2.6 25.7313
2.7 26.0333
2.8 27.3279
2.9 28.94
3 30.1783
3.1 29.1473
3.2 28.9336
3.3 30.5938
3.4 30.6052
3.5 33.3574
3.6 33.2115
3.7 32.1027
3.8 32.3003
3.9 34.4801
4 36.364
4.1 37.6417
4.2 38.4196
4.3 36.8392
4.4 37.6509
4.5 40.7983
4.6 43.3763
4.7 45.6605
4.8 48.7152
4.9 55.2129
5 65.1892
5.1 78.9535
5.2 94.5942
5.3 108.468
5.4 120.8
5.5 131.372
5.6 139.334
5.7 147.121
5.8 160.006
5.9 163.086
6 140.213
6.1 0
6.2 0
6.3 0
6.4 0
6.5 0
6.6 0
6.7 0
6.8 0
6.9 0
7 0
7.1 0
7.2 0
7.3 0
7.4 0
7.5 0
7.6 0
7.7 0
7.8 0
7.9 0
8 0
8.1 0
8.2 0
8.3 0
8.4 0
8.5 0
8.6 0
8.7 0
8.8 0
8.9 0
9 0
9.1 0
9.2 0
9.3 0
9.4 0
9.5 0
9.6 0
9.7 0
9.8 0
9.9 0
10 0
10.1 0
10.2 0
