1.09967 4.29152e-09 2.26134e-10
3.099 4.48191e-09 2.62724e-10
5.09833 3.91305e-09 2.40717e-10
7.09767 4.60379e-09 2.55996e-10
9.097 4.62686e-09 2.489e-10
11.0963 4.64894e-09 2.38021e-10
13.0957 4.1907e-09 2.5557e-10
15.095 4.94963e-09 2.42728e-10
17.0943 4.90992e-09 2.37577e-10
19.0937 4.54711e-09 2.5268e-10
21.093 5.35476e-09 2.44706e-10
23.0923 5.03128e-09 2.25259e-10
25.0917 5.37485e-09 2.64375e-10
27.091 5.61396e-09 2.24753e-10
29.0903 5.33324e-09 2.48073e-10
31.0897 6.02933e-09 2.33996e-10
33.089 5.72779e-09 2.59844e-10
35.0883 6.35095e-09 2.29337e-10
37.0877 6.37846e-09 2.73808e-10
39.087 6.52789e-09 2.23899e-10
41.0863 6.83393e-09 2.57552e-10
43.0857 7.06231e-09 2.64783e-10
45.085 7.29278e-09 2.54721e-10
47.0843 7.73371e-09 2.52335e-10
49.0837 7.70439e-09 2.67204e-10
51.083 8.13636e-09 2.79323e-10
53.0823 8.3903e-09 2.80294e-10
55.0817 8.76938e-09 2.74529e-10
57.081 9.0346e-09 2.88727e-10
59.0803 9.27088e-09 2.98006e-10
61.0797 9.58438e-09 3.05413e-10
63.079 9.76749e-09 3.11599e-10
65.0783 1.02595e-08 3.24561e-10
67.0777 1.05687e-08 3.44977e-10
69.077 1.08749e-08 3.62726e-10
71.0763 1.12035e-08 3.57568e-10
73.0757 1.15261e-08 3.80854e-10
75.075 1.20228e-08 3.83443e-10
77.0743 1.21853e-08 3.98964e-10
79.0737 1.26821e-08 3.94634e-10
81.073 1.27508e-08 4.03883e-10
83.0723 1.33345e-08 4.08253e-10
85.0717 1.37084e-08 4.22466e-10
87.071 1.42438e-08 4.47447e-10
89.0703 1.43786e-08 4.51428e-10
91.0697 1.45929e-08 4.66011e-10
93.069 1.50491e-08 4.82318e-10
95.0683 1.53859e-08 5.01275e-10
97.0677 1.55765e-08 4.89427e-10
99.067 1.58264e-08 5.0886e-10
101.066 1.60688e-08 5.03887e-10
103.066 1.61646e-08 5.22517e-10
105.065 1.60415e-08 5.31314e-10
107.064 1.62826e-08 5.55294e-10
109.064 1.64615e-08 5.51848e-10
111.063 1.62979e-08 5.41273e-10
113.062 1.59891e-08 5.4806e-10
115.062 1.5563e-08 5.51792e-10
117.061 1.49687e-08 5.56854e-10
119.06 1.43915e-08 5.33791e-10
121.06 1.43231e-08 5.70166e-10
123.059 1.35303e-08 5.67343e-10
125.058 1.29927e-08 5.74187e-10
127.058 1.22139e-08 5.41755e-10
129.057 1.13944e-08 5.63719e-10
131.056 1.06494e-08 5.76682e-10
133.056 9.73246e-09 6.06555e-10
135.055 8.91352e-09 5.98999e-10
137.054 8.37803e-09 5.90809e-10
139.054 7.67819e-09 5.62842e-10
141.053 6.74977e-09 5.39537e-10
143.052 5.83431e-09 4.87561e-10
145.052 4.93231e-09 4.49318e-10
147.051 4.33458e-09 4.09558e-10
149.05 3.91636e-09 3.92999e-10
151.05 3.48076e-09 3.62135e-10
153.049 2.86714e-09 3.40383e-10
155.048 2.54771e-09 3.34679e-10
157.048 2.18544e-09 3.27013e-10
159.047 1.81711e-09 2.90212e-10
161.046 1.67567e-09 3.0172e-10
163.046 1.44081e-09 2.77385e-10
165.045 1.27082e-09 2.66637e-10
167.044 9.00106e-10 2.34538e-10
169.044 8.83706e-10 2.56385e-10
171.043 7.85682e-10 2.34249e-10
173.042 7.55557e-10 2.29283e-10
175.042 5.03527e-10 1.90777e-10
177.041 2.88357e-10 1.37111e-10
179.04 1.77499e-10 1.23603e-10
181.04 1.85678e-10 1.28868e-10
183.039 1.76416e-10 1.22122e-10
185.038 1.16042e-10 9.32534e-11
187.038 9.74669e-11 9.51546e-11
189.037 1.95805e-11 1.91159e-11
191.036 0 0
193.036 0 0
195.035 0 0
197.034 0 0
199.034 0 0
201.033 0 0
203.032 0 0
205.032 0 0
207.031 0 0
209.03 0 0
211.03 0 0
213.029 0 0
215.028 0 0
217.028 0 0
219.027 0 0
221.026 0 0
223.026 0 0
225.025 0 0
227.024 0 0
229.024 0 0
231.023 0 0
233.022 0 0
235.022 0 0
237.021 0 0
239.02 0 0
241.02 0 0
243.019 0 0
245.018 0 0
247.018 0 0
249.017 0 0
251.016 0 0
253.016 0 0
255.015 0 0
257.014 0 0
259.014 0 0
261.013 0 0
263.012 0 0
265.012 0 0
267.011 0 0
269.01 0 0
271.01 0 0
273.009 0 0
275.008 0 0
277.008 0 0
279.007 0 0
281.006 0 0
283.006 0 0
285.005 0 0
287.004 0 0
289.004 0 0
291.003 0 0
293.002 0 0
295.002 0 0
297.001 0 0
299 0 0
