1.09967 6.1144e-08 1.0318e-09
3.099 6.18723e-08 9.75821e-10
5.09833 5.92458e-08 1.03745e-09
7.09767 6.10938e-08 8.7118e-10
9.097 5.88275e-08 8.91412e-10
11.0963 5.88094e-08 8.56039e-10
13.0957 5.84451e-08 7.86293e-10
15.095 5.77585e-08 8.28234e-10
17.0943 5.67851e-08 8.26399e-10
19.0937 5.69879e-08 7.48944e-10
21.093 5.72768e-08 7.76471e-10
23.0923 5.64711e-08 7.95336e-10
25.0917 5.71799e-08 7.19138e-10
27.091 5.64684e-08 7.31327e-10
29.0903 5.72539e-08 7.02943e-10
31.0897 5.71069e-08 6.98259e-10
33.089 5.75054e-08 7.07401e-10
35.0883 5.69481e-08 7.20952e-10
37.0877 5.81751e-08 7.4225e-10
39.087 5.79391e-08 7.38583e-10
41.0863 5.87112e-08 7.06115e-10
43.0857 5.92138e-08 6.6679e-10
45.085 5.94341e-08 7.23363e-10
47.0843 6.06658e-08 6.97738e-10
49.0837 6.07418e-08 6.9849e-10
51.083 6.11732e-08 6.76098e-10
53.0823 6.19408e-08 7.06434e-10
55.0817 6.27857e-08 7.10436e-10
57.081 6.29027e-08 6.7937e-10
59.0803 6.36726e-08 7.10328e-10
61.0797 6.40827e-08 7.18708e-10
63.079 6.47181e-08 7.50479e-10
65.0783 6.52016e-08 7.7002e-10
67.0777 6.46726e-08 7.58779e-10
69.077 6.51717e-08 7.37416e-10
71.0763 6.51428e-08 7.88184e-10
73.0757 6.52221e-08 7.87891e-10
75.075 6.4924e-08 7.81844e-10
77.0743 6.44669e-08 7.75214e-10
79.0737 6.39138e-08 7.82364e-10
81.073 6.33187e-08 7.73284e-10
83.0723 6.20425e-08 7.62199e-10
85.0717 6.10347e-08 7.83073e-10
87.071 5.96236e-08 7.79149e-10
89.0703 5.83899e-08 7.82835e-10
91.0697 5.70498e-08 7.78823e-10
93.069 5.56172e-08 7.80603e-10
95.0683 5.41754e-08 7.71076e-10
97.0677 5.25522e-08 7.46527e-10
99.067 5.11821e-08 7.74838e-10
101.066 4.98797e-08 7.84465e-10
103.066 4.78199e-08 7.642e-10
105.065 4.5688e-08 7.61525e-10
107.064 4.35877e-08 7.28579e-10
109.064 4.18346e-08 6.93228e-10
111.063 3.98428e-08 6.83681e-10
113.062 3.76713e-08 6.98989e-10
115.062 3.52654e-08 6.48585e-10
117.061 3.294e-08 6.37321e-10
119.06 3.04354e-08 5.98286e-10
121.06 2.7857e-08 5.66508e-10
123.059 2.53392e-08 5.45094e-10
125.058 2.30623e-08 5.1943e-10
127.058 2.05508e-08 5.01057e-10
129.057 1.82895e-08 5.12168e-10
131.056 1.6223e-08 5.13285e-10
133.056 1.3857e-08 4.79596e-10
135.055 1.16214e-08 4.46302e-10
137.054 9.83559e-09 4.34933e-10
139.054 8.24349e-09 4.00782e-10
141.053 6.46108e-09 3.64186e-10
143.052 5.18468e-09 3.44838e-10
145.052 4.29171e-09 3.02735e-10
147.051 3.27202e-09 2.83449e-10
149.05 2.59201e-09 2.58778e-10
151.05 2.13862e-09 2.2099e-10
153.049 1.49677e-09 1.86091e-10
155.048 1.11821e-09 1.73785e-10
157.048 8.03781e-10 1.62081e-10
159.047 6.18331e-10 1.42342e-10
161.046 4.95565e-10 1.31818e-10
163.046 3.89324e-10 1.14171e-10
165.045 2.97902e-10 1.04792e-10
167.044 1.51706e-10 6.35846e-11
169.044 1.31991e-10 6.56531e-11
171.043 6.70157e-12 6.63819e-12
173.042 0 0
175.042 0 0
177.041 0 0
179.04 0 0
181.04 0 0
183.039 0 0
185.038 0 0
187.038 0 0
189.037 0 0
191.036 0 0
193.036 0 0
195.035 0 0
197.034 0 0
199.034 0 0
201.033 0 0
203.032 0 0
205.032 0 0
207.031 0 0
209.03 0 0
211.03 0 0
213.029 0 0
215.028 0 0
217.028 0 0
219.027 0 0
221.026 0 0
223.026 0 0
225.025 0 0
227.024 0 0
229.024 0 0
231.023 0 0
233.022 0 0
235.022 0 0
237.021 0 0
239.02 0 0
241.02 0 0
243.019 0 0
245.018 0 0
247.018 0 0
249.017 0 0
251.016 0 0
253.016 0 0
255.015 0 0
257.014 0 0
259.014 0 0
261.013 0 0
263.012 0 0
265.012 0 0
267.011 0 0
269.01 0 0
271.01 0 0
273.009 0 0
275.008 0 0
277.008 0 0
279.007 0 0
281.006 0 0
283.006 0 0
285.005 0 0
287.004 0 0
289.004 0 0
291.003 0 0
293.002 0 0
295.002 0 0
297.001 0 0
299 0 0
