1 1.21718e-09 6.88211e-10
3 3.0327e-12 7.24663e-14
5 5.04656e-12 1.0849e-13
7 2.86203e-08 3.60718e-09
9 2.02473e-07 9.05896e-09
11 3.22774e-07 1.14351e-08
13 3.44696e-07 1.1084e-08
15 3.16248e-07 1.1382e-08
17 2.86018e-07 1.02518e-08
19 3.84701e-07 1.00824e-08
21 4.95532e-06 2.88521e-08
23 2.9021e-05 6.84448e-08
25 8.13445e-05 1.1745e-07
27 0.000132721 1.30199e-07
29 0.00017566 1.35655e-07
31 0.000176985 1.28038e-07
33 0.000174019 1.20494e-07
35 0.000166273 9.98893e-08
37 0.000155482 9.04072e-08
39 0.000118481 6.76962e-08
41 0.000103048 5.6215e-08
43 9.16731e-05 4.70116e-08
45 8.2019e-05 4.32846e-08
47 7.37496e-05 4.09848e-08
49 6.66432e-05 3.73579e-08
51 6.04679e-05 3.3049e-08
53 5.02285e-05 2.69806e-08
55 4.12533e-05 2.2919e-08
57 3.71659e-05 2.06298e-08
59 3.21413e-05 1.7796e-08
61 2.88773e-05 1.61019e-08
63 2.58591e-05 1.42342e-08
65 2.2826e-05 1.26756e-08
67 2.07075e-05 1.12355e-08
69 1.89141e-05 1.04465e-08
71 1.68082e-05 9.26971e-09
73 1.52114e-05 8.85438e-09
75 1.39776e-05 7.83955e-09
77 1.29214e-05 7.38982e-09
79 1.19011e-05 6.83469e-09
81 1.05065e-05 5.83189e-09
83 9.75309e-06 5.56446e-09
85 9.07174e-06 5.04965e-09
87 8.47246e-06 4.90602e-09
89 7.94655e-06 4.75321e-09
91 7.44512e-06 4.35086e-09
93 6.50253e-06 3.85018e-09
95 6.09923e-06 3.55798e-09
97 5.72533e-06 3.35354e-09
99 5.39437e-06 3.25887e-09
101 5.09688e-06 2.85651e-09
103 4.83063e-06 2.91428e-09
105 4.58694e-06 2.77912e-09
107 4.36626e-06 2.74347e-09
109 4.03216e-06 2.41306e-09
111 3.50549e-06 2.12988e-09
113 3.3593e-06 2.0192e-09
115 3.18826e-06 1.98656e-09
117 3.03496e-06 1.86454e-09
119 2.89396e-06 1.81231e-09
121 2.76643e-06 1.72764e-09
123 2.64799e-06 1.69374e-09
125 2.53896e-06 1.5971e-09
127 2.43824e-06 1.54616e-09
129 2.34436e-06 1.48395e-09
131 2.25786e-06 1.45018e-09
133 2.17612e-06 1.41858e-09
135 2.09973e-06 1.32813e-09
137 1.84048e-06 1.1163e-09
139 1.69175e-06 1.11e-09
141 1.6616e-06 1.01621e-09
143 1.59901e-06 9.93278e-10
145 1.54186e-06 9.39464e-10
147 1.48703e-06 9.13864e-10
149 1.4364e-06 8.79477e-10
151 1.38913e-06 8.60522e-10
153 1.34458e-06 8.13887e-10
155 1.29864e-06 7.96865e-10
157 1.17465e-06 7.2704e-10
159 1.10125e-06 7.38031e-10
161 1.05835e-06 6.85637e-10
163 1.03082e-06 6.42472e-10
165 9.94638e-07 6.45644e-10
167 9.61011e-07 6.29294e-10
169 9.2973e-07 6.12423e-10
171 9.00377e-07 5.95013e-10
173 8.72771e-07 5.43747e-10
175 8.46505e-07 5.35057e-10
177 8.21473e-07 5.25554e-10
179 7.98675e-07 5.22884e-10
181 7.7631e-07 5.2526e-10
183 7.51898e-07 4.76241e-10
185 6.79193e-07 4.39191e-10
187 6.43648e-07 4.19459e-10
189 6.11821e-07 3.93614e-10
191 5.91751e-07 3.67987e-10
193 5.84113e-07 3.79075e-10
195 5.66833e-07 3.43533e-10
197 5.50897e-07 3.47742e-10
199 5.3569e-07 3.25701e-10
201 5.21502e-07 3.2964e-10
203 5.08123e-07 3.1816e-10
205 4.94738e-07 3.28694e-10
207 4.82375e-07 3.15908e-10
209 4.71042e-07 2.92282e-10
211 4.59491e-07 3.07808e-10
213 4.48903e-07 3.13771e-10
215 4.38577e-07 2.89203e-10
217 4.28713e-07 2.78111e-10
219 4.1934e-07 2.79004e-10
221 4.10178e-07 2.84482e-10
223 4.01738e-07 2.85896e-10
225 3.93132e-07 2.51327e-10
227 3.56641e-07 2.65462e-10
229 3.30072e-07 2.45453e-10
231 3.15747e-07 2.53502e-10
233 3.02095e-07 2.26577e-10
235 2.90254e-07 2.65868e-10
237 2.79225e-07 2.50168e-10
239 2.76869e-07 2.09338e-10
241 2.76575e-07 2.30749e-10
243 2.70304e-07 2.18117e-10
245 2.64397e-07 2.38489e-10
247 2.58691e-07 2.15284e-10
249 2.53012e-07 2.09812e-10
251 2.48206e-07 2.099e-10
253 2.42762e-07 2.07507e-10
255 2.38339e-07 1.87606e-10
257 2.33399e-07 2.00728e-10
259 2.29161e-07 1.98289e-10
261 2.24818e-07 1.94477e-10
263 2.20431e-07 1.902e-10
265 2.16643e-07 1.80052e-10
267 2.12438e-07 1.90322e-10
269 2.0903e-07 1.91315e-10
271 2.05133e-07 1.74093e-10
273 2.01936e-07 1.74817e-10
275 1.9818e-07 1.90447e-10
277 1.9525e-07 1.7642e-10
279 1.91681e-07 1.79837e-10
281 1.88791e-07 1.68512e-10
283 1.8575e-07 1.81314e-10
285 1.8276e-07 1.71614e-10
287 1.80143e-07 1.75018e-10
289 1.77038e-07 1.61542e-10
291 1.74489e-07 1.69826e-10
293 1.72118e-07 1.58666e-10
295 1.69113e-07 1.71378e-10
297 1.67227e-07 1.64815e-10
299 1.64115e-07 1.71838e-10
301 1.54968e-07 1.53999e-10
303 1.4087e-07 1.39301e-10
305 1.34679e-07 1.42414e-10
307 1.29587e-07 1.33372e-10
309 1.24224e-07 1.28955e-10
311 1.2009e-07 1.24491e-10
313 1.24244e-07 1.41185e-10
315 1.22089e-07 1.36237e-10
317 1.20518e-07 1.23146e-10
319 1.18506e-07 1.28538e-10
321 1.16501e-07 1.38939e-10
323 1.14695e-07 1.15492e-10
325 1.09859e-07 1.16104e-10
327 1.07484e-07 1.43508e-10
329 1.05307e-07 1.12692e-10
331 1.03251e-07 1.00375e-10
333 1.00973e-07 1.31646e-10
335 9.9119e-08 1.06169e-10
337 9.7864e-08 1.0479e-10
339 9.62873e-08 1.11325e-10
341 9.45931e-08 1.02622e-10
343 9.30966e-08 1.2018e-10
345 9.17115e-08 9.90452e-11
347 8.99619e-08 1.16772e-10
349 8.88718e-08 9.48412e-11
351 8.58173e-08 1.11568e-10
353 8.36867e-08 1.03991e-10
355 8.19578e-08 1.04891e-10
357 8.06469e-08 8.91008e-11
359 7.89388e-08 9.88619e-11
361 7.75285e-08 9.43667e-11
363 7.6093e-08 9.89805e-11
365 7.48935e-08 7.36543e-11
367 7.39177e-08 9.78699e-11
369 7.28982e-08 9.34519e-11
371 7.17007e-08 1.09027e-10
373 7.0579e-08 8.352e-11
375 6.95572e-08 9.98583e-11
377 6.85791e-08 8.37243e-11
379 6.75217e-08 9.31994e-11
381 6.64857e-08 8.77869e-11
383 6.49873e-08 8.9377e-11
385 6.28741e-08 8.87437e-11
387 6.17776e-08 8.46078e-11
389 6.06941e-08 8.81237e-11
391 5.96773e-08 8.23249e-11
393 5.86671e-08 8.99748e-11
395 5.77328e-08 8.16614e-11
397 5.71939e-08 8.91482e-11
399 5.62079e-08 8.25943e-11
401 5.53628e-08 8.27691e-11
403 5.49282e-08 8.18262e-11
405 5.42263e-08 8.25068e-11
407 5.3314e-08 8.21209e-11
409 5.26591e-08 7.51777e-11
411 5.20097e-08 8.03574e-11
413 5.14047e-08 7.33706e-11
415 5.06599e-08 7.45718e-11
417 4.99971e-08 7.87551e-11
419 4.92582e-08 8.08909e-11
421 4.87001e-08 6.87952e-11
423 4.79976e-08 7.25916e-11
425 4.61514e-08 6.96734e-11
427 4.53816e-08 6.77492e-11
429 4.45273e-08 7.34337e-11
431 4.38263e-08 7.54116e-11
433 4.32405e-08 6.48155e-11
435 4.25773e-08 7.0918e-11
437 4.19886e-08 6.23833e-11
439 4.13489e-08 6.96511e-11
441 4.07831e-08 7.14551e-11
443 4.01339e-08 6.80712e-11
445 3.96091e-08 6.08433e-11
447 3.90982e-08 6.27813e-11
449 3.88685e-08 6.95332e-11
451 3.84482e-08 6.20034e-11
453 3.79983e-08 6.62198e-11
455 3.74847e-08 6.43573e-11
457 3.70908e-08 6.37145e-11
459 3.65408e-08 6.09708e-11
461 3.64185e-08 6.34005e-11
463 3.58462e-08 5.60429e-11
465 3.54517e-08 6.45476e-11
467 3.50941e-08 5.99008e-11
469 3.47344e-08 6.2563e-11
471 3.43162e-08 6.28857e-11
473 3.39374e-08 6.66561e-11
475 3.36907e-08 6.1863e-11
477 3.12924e-08 5.92648e-11
479 3.05979e-08 5.90583e-11
481 3.00442e-08 4.66666e-11
483 2.95694e-08 4.97003e-11
485 2.91721e-08 6.26962e-11
487 2.87017e-08 5.58433e-11
489 2.83034e-08 6.22563e-11
491 2.78633e-08 5.46486e-11
493 2.74664e-08 5.6123e-11
495 2.71699e-08 5.21943e-11
497 2.6669e-08 5.06791e-11
499 2.63736e-08 4.68222e-11
501 2.59998e-08 5.28642e-11
503 2.5737e-08 5.72593e-11
505 2.5327e-08 5.42061e-11
507 2.51429e-08 4.66418e-11
509 2.48182e-08 5.97139e-11
511 2.46713e-08 4.33183e-11
513 2.45714e-08 5.07959e-11
515 2.43474e-08 5.57102e-11
517 2.40388e-08 4.773e-11
519 2.38414e-08 4.42117e-11
521 2.36192e-08 4.69138e-11
523 2.34143e-08 5.57016e-11
525 2.31393e-08 4.76816e-11
527 2.29312e-08 5.51447e-11
529 2.27992e-08 4.70005e-11
531 2.25201e-08 5.10504e-11
533 2.22575e-08 4.47933e-11
535 2.20626e-08 4.55982e-11
537 2.18495e-08 4.64287e-11
539 2.17706e-08 3.99074e-11
541 2.15147e-08 4.22074e-11
543 2.13296e-08 4.73024e-11
545 2.10878e-08 4.68338e-11
547 2.09674e-08 4.67797e-11
549 2.08598e-08 4.63274e-11
551 2.01138e-08 4.08824e-11
553 1.88427e-08 4.10267e-11
555 1.85508e-08 3.89054e-11
557 1.8371e-08 4.40961e-11
559 1.80999e-08 4.07788e-11
561 1.8069e-08 4.16411e-11
563 1.7808e-08 4.00797e-11
565 1.75829e-08 4.33934e-11
567 1.74816e-08 4.283e-11
569 1.72172e-08 4.39583e-11
571 1.7031e-08 4.12032e-11
573 1.69506e-08 3.56649e-11
575 1.6735e-08 4.20278e-11
577 1.65172e-08 3.72098e-11
579 1.63694e-08 3.66633e-11
581 1.6149e-08 3.89531e-11
583 1.60582e-08 4.04689e-11
585 1.59134e-08 3.70843e-11
587 1.57139e-08 4.04316e-11
589 1.56142e-08 3.99836e-11
591 1.54327e-08 4.08782e-11
593 1.53598e-08 3.7849e-11
595 1.52382e-08 4.02056e-11
597 1.50356e-08 4.04026e-11
599 1.50111e-08 3.9756e-11
601 1.48125e-08 3.26498e-11
603 1.47033e-08 3.44697e-11
605 1.46915e-08 3.39562e-11
607 1.47481e-08 3.3777e-11
609 1.46026e-08 3.72901e-11
611 1.44722e-08 3.9281e-11
613 1.4461e-08 3.85216e-11
615 1.43003e-08 3.97439e-11
617 1.41518e-08 3.58177e-11
619 1.41554e-08 3.67378e-11
621 1.39943e-08 4.00901e-11
623 1.3931e-08 3.43165e-11
625 1.38499e-08 3.68423e-11
627 1.37875e-08 3.68964e-11
629 1.17448e-08 3.23796e-11
631 1.14885e-08 2.8499e-11
633 1.14461e-08 2.99771e-11
635 1.14136e-08 2.95375e-11
637 1.14315e-08 3.06563e-11
639 1.14075e-08 2.85617e-11
641 1.13801e-08 2.94626e-11
643 1.13313e-08 2.80627e-11
645 1.13115e-08 2.83318e-11
647 1.12814e-08 2.98812e-11
649 1.12269e-08 3.01954e-11
651 1.12095e-08 3.05953e-11
653 1.12442e-08 3.06467e-11
655 1.11229e-08 3.07072e-11
657 1.11424e-08 2.89337e-11
659 1.10915e-08 3.12451e-11
661 1.10029e-08 3.50849e-11
663 1.09821e-08 2.88633e-11
665 1.08985e-08 2.98156e-11
667 1.08032e-08 3.04163e-11
669 1.07168e-08 3.09185e-11
671 1.0105e-08 3.05366e-11
673 1.00321e-08 2.72981e-11
675 9.97916e-09 2.58576e-11
677 9.82982e-09 2.68476e-11
679 9.78375e-09 3.21337e-11
681 9.68328e-09 2.90733e-11
683 9.54906e-09 2.81418e-11
685 9.5687e-09 2.26788e-11
687 9.45279e-09 2.78478e-11
689 9.35786e-09 3.12968e-11
691 9.36612e-09 3.0227e-11
693 9.2042e-09 2.7834e-11
695 9.17583e-09 2.73951e-11
697 9.08659e-09 2.59196e-11
699 8.90647e-09 2.82983e-11
701 8.88295e-09 2.66762e-11
703 8.81253e-09 2.81471e-11
705 8.77255e-09 2.66383e-11
707 8.64375e-09 2.42669e-11
709 8.55658e-09 2.3398e-11
711 8.50651e-09 2.95056e-11
713 8.42803e-09 2.15338e-11
715 8.35618e-09 2.49595e-11
717 8.29397e-09 2.20713e-11
719 8.22377e-09 2.27502e-11
721 8.14539e-09 2.56132e-11
723 8.04057e-09 2.87237e-11
725 8.02436e-09 2.6152e-11
727 7.93283e-09 2.26238e-11
729 7.85484e-09 2.50664e-11
731 7.83537e-09 2.3097e-11
733 7.74124e-09 2.25255e-11
735 7.72202e-09 2.2388e-11
737 7.60924e-09 2.46767e-11
739 7.5978e-09 2.34575e-11
741 7.48937e-09 2.4274e-11
743 7.45728e-09 2.20713e-11
745 7.31728e-09 2.37509e-11
747 7.31771e-09 2.66086e-11
749 7.32382e-09 2.1511e-11
751 7.22865e-09 2.0279e-11
753 7.14407e-09 1.84679e-11
755 7.17089e-09 2.03195e-11
757 7.03876e-09 2.22771e-11
759 6.98375e-09 2.19324e-11
761 6.99755e-09 2.39636e-11
763 6.94261e-09 2.30452e-11
765 6.88202e-09 1.99518e-11
767 6.81948e-09 2.10359e-11
769 6.75846e-09 2.17818e-11
771 6.77333e-09 2.29243e-11
773 6.71048e-09 1.98779e-11
775 6.68012e-09 2.07124e-11
777 6.62296e-09 2.20638e-11
779 6.60548e-09 2.28961e-11
781 6.55084e-09 1.8843e-11
783 6.50416e-09 1.95916e-11
785 6.51931e-09 2.23069e-11
787 6.44325e-09 2.01037e-11
789 6.41768e-09 2.37503e-11
791 6.35416e-09 2.11208e-11
793 6.22828e-09 2.03255e-11
795 6.17569e-09 1.87527e-11
797 6.1538e-09 2.29148e-11
799 6.19473e-09 1.96773e-11
801 6.12451e-09 1.96428e-11
803 6.09441e-09 1.95516e-11
805 6.04409e-09 2.0989e-11
807 6.02488e-09 2.02953e-11
809 5.99853e-09 2.04929e-11
811 5.98358e-09 2.06548e-11
813 5.92369e-09 1.94459e-11
815 5.92677e-09 1.79709e-11
817 5.86832e-09 1.6972e-11
819 5.87764e-09 2.03579e-11
821 5.82149e-09 2.05482e-11
823 5.81469e-09 1.99552e-11
825 5.77072e-09 1.83169e-11
827 5.75731e-09 2.10738e-11
829 5.71232e-09 1.92617e-11
831 5.71478e-09 2.02282e-11
833 5.69247e-09 1.9416e-11
835 5.64793e-09 1.75612e-11
837 5.66571e-09 2.1287e-11
839 5.61124e-09 1.91929e-11
841 5.58706e-09 2.03121e-11
843 5.57398e-09 1.80905e-11
845 5.50832e-09 1.83111e-11
847 5.53218e-09 2.02517e-11
849 5.48687e-09 1.99783e-11
851 5.48401e-09 1.89604e-11
853 5.4789e-09 1.86426e-11
855 5.42905e-09 1.82155e-11
857 5.42421e-09 1.97713e-11
859 5.41783e-09 1.91748e-11
861 5.49718e-09 1.8133e-11
863 5.48796e-09 2.01225e-11
865 5.49535e-09 2.04824e-11
867 5.47259e-09 1.88835e-11
869 5.45978e-09 1.89572e-11
871 5.43757e-09 1.63373e-11
873 5.41981e-09 1.92162e-11
875 5.39885e-09 1.81429e-11
877 5.37687e-09 1.87199e-11
879 5.44797e-09 2.05061e-11
881 5.37559e-09 1.76399e-11
883 5.37494e-09 1.6612e-11
885 5.52805e-09 1.78848e-11
887 5.55913e-09 1.82354e-11
889 5.54815e-09 1.79907e-11
891 5.52044e-09 1.84573e-11
893 5.52695e-09 1.85678e-11
895 5.49064e-09 1.86362e-11
897 5.50003e-09 1.97884e-11
899 5.46099e-09 1.93214e-11
901 5.44048e-09 1.86586e-11
903 5.40103e-09 1.69402e-11
905 5.35435e-09 1.81915e-11
907 5.37754e-09 1.87477e-11
909 5.34825e-09 1.64214e-11
911 5.33045e-09 1.88911e-11
913 5.30708e-09 1.71675e-11
915 5.32251e-09 1.96373e-11
917 5.33638e-09 1.70083e-11
919 5.28206e-09 2.09252e-11
921 5.28372e-09 1.68896e-11
923 5.25082e-09 1.58579e-11
925 5.23373e-09 1.91813e-11
927 5.25184e-09 1.73241e-11
929 5.20622e-09 1.70709e-11
931 5.20629e-09 1.62895e-11
933 5.17878e-09 1.61956e-11
935 5.17385e-09 1.77349e-11
937 5.18358e-09 1.57028e-11
939 5.19886e-09 1.78515e-11
941 5.16967e-09 1.49096e-11
943 5.16873e-09 1.58734e-11
945 5.16175e-09 1.79456e-11
947 5.12999e-09 2.08994e-11
949 5.10435e-09 1.63675e-11
951 5.11022e-09 1.47221e-11
953 5.11587e-09 1.61831e-11
955 5.06802e-09 1.85959e-11
957 5.08658e-09 1.93016e-11
959 5.08529e-09 1.59929e-11
961 5.05018e-09 1.66015e-11
963 5.06384e-09 1.97145e-11
965 5.02084e-09 1.69282e-11
967 5.03405e-09 1.61835e-11
969 5.00758e-09 1.51179e-11
971 5.02568e-09 1.79179e-11
973 5.01105e-09 1.84838e-11
975 5.00103e-09 1.54286e-11
977 4.99523e-09 1.79036e-11
979 5.06811e-09 1.63272e-11
981 5.36602e-09 1.55934e-11
983 5.36714e-09 1.93521e-11
985 5.39612e-09 1.84021e-11
987 5.35641e-09 1.6066e-11
989 5.36423e-09 1.78769e-11
991 5.3662e-09 1.46864e-11
993 5.39346e-09 1.55226e-11
995 5.37296e-09 1.69417e-11
997 5.38529e-09 1.53002e-11
999 5.451e-09 1.63308e-11
1001 5.41768e-09 2.05227e-11
1003 5.41835e-09 1.63714e-11
1005 5.43038e-09 1.82049e-11
1007 5.46463e-09 1.74051e-11
1009 5.44531e-09 1.72338e-11
1011 5.47805e-09 1.71516e-11
1013 5.50904e-09 1.81267e-11
1015 5.51209e-09 1.85236e-11
1017 5.51287e-09 1.91439e-11
1019 5.53795e-09 1.73734e-11
1021 5.51735e-09 1.64283e-11
1023 5.56144e-09 1.64455e-11
1025 5.55973e-09 1.66028e-11
1027 5.59781e-09 1.57253e-11
1029 5.60536e-09 1.70512e-11
1031 5.63047e-09 1.84053e-11
1033 5.61339e-09 1.61e-11
1035 5.66484e-09 1.64903e-11
1037 5.67329e-09 1.93829e-11
1039 5.65358e-09 1.72685e-11
1041 5.70405e-09 1.82952e-11
1043 5.70423e-09 1.65023e-11
1045 5.74389e-09 1.8989e-11
1047 5.75751e-09 1.5775e-11
1049 5.79593e-09 1.77984e-11
1051 5.79075e-09 1.55319e-11
1053 5.85363e-09 1.66577e-11
1055 5.91341e-09 1.93871e-11
1057 5.91174e-09 1.68549e-11
1059 5.98124e-09 1.71602e-11
1061 5.97931e-09 1.78625e-11
1063 6.08384e-09 1.68345e-11
1065 6.18329e-09 1.63861e-11
1067 6.27213e-09 1.7467e-11
1069 6.32315e-09 1.71083e-11
1071 6.37114e-09 1.71794e-11
1073 6.41452e-09 1.82866e-11
1075 6.47429e-09 2.11348e-11
1077 6.57059e-09 1.6917e-11
1079 6.66062e-09 1.79478e-11
1081 6.68926e-09 1.78383e-11
1083 6.75209e-09 1.9004e-11
1085 6.84544e-09 1.62991e-11
1087 7.00781e-09 1.84288e-11
1089 7.17455e-09 1.75985e-11
1091 8.05068e-09 1.89431e-11
1093 9.22678e-09 2.04601e-11
1095 9.94698e-09 2.36282e-11
1097 1.06445e-08 2.28964e-11
1099 1.11002e-08 2.354e-11
1101 1.15914e-08 2.02205e-11
1103 1.24686e-08 2.72309e-11
1105 1.44598e-08 2.94342e-11
1107 1.78605e-08 2.99478e-11
1109 2.49994e-08 3.54002e-11
1111 4.33536e-08 4.26829e-11
1113 1.75583e-10 6.24269e-12
1115 1.94616e-10 5.96304e-12
1117 1.90784e-10 5.80166e-12
1119 1.94964e-10 5.96875e-12
1121 1.9753e-10 6.43059e-12
1123 1.98075e-10 6.67548e-12
1125 1.93934e-10 5.93588e-12
1127 1.89776e-10 5.74029e-12
1129 1.84847e-10 6.37241e-12
1131 1.91125e-10 6.86993e-12
1133 1.93599e-10 5.77937e-12
1135 2.00161e-10 6.7969e-12
1137 1.92979e-10 6.92922e-12
1139 2.05261e-10 6.06737e-12
1141 1.99129e-10 5.70911e-12
1143 1.87866e-10 6.46467e-12
1145 1.90477e-10 5.70747e-12
1147 1.89549e-10 5.52228e-12
1149 1.89212e-10 6.34907e-12
1151 1.98524e-10 5.80325e-12
1153 1.97946e-10 6.76863e-12
1155 1.96069e-10 6.47723e-12
1157 1.9947e-10 6.38308e-12
1159 1.8561e-10 5.73444e-12
1161 1.90894e-10 5.70041e-12
1163 1.86563e-10 5.42961e-12
1165 1.92243e-10 6.24606e-12
1167 1.8414e-10 5.46681e-12
1169 1.89123e-10 5.72929e-12
1171 1.98129e-10 6.96071e-12
1173 1.93414e-10 5.72784e-12
1175 1.91946e-10 5.6206e-12
1177 1.94517e-10 5.96297e-12
1179 1.84898e-10 5.76983e-12
1181 1.78567e-10 6.04167e-12
1183 1.92572e-10 5.25934e-12
1185 1.86325e-10 6.36065e-12
1187 1.89663e-10 6.47675e-12
1189 1.95913e-10 5.66146e-12
1191 1.89447e-10 6.80603e-12
1193 1.91694e-10 5.69532e-12
1195 1.88241e-10 5.77964e-12
1197 1.68868e-10 5.59662e-12
1199 1.65566e-10 6.14485e-12
1201 1.66189e-10 6.28754e-12
1203 1.65309e-10 5.23331e-12
1205 1.69145e-10 5.51061e-12
1207 1.62996e-10 5.1713e-12
1209 1.68723e-10 4.86691e-12
1211 1.68318e-10 5.60481e-12
1213 1.68022e-10 5.53418e-12
1215 1.69134e-10 5.23475e-12
1217 1.58477e-10 5.34099e-12
1219 1.48085e-10 4.79799e-12
1221 1.61069e-10 5.95128e-12
1223 1.54867e-10 4.93605e-12
1225 1.52646e-10 5.10574e-12
1227 1.58041e-10 5.44528e-12
1229 1.48616e-10 5.03331e-12
1231 1.58523e-10 5.25832e-12
1233 1.53112e-10 5.21439e-12
1235 1.50866e-10 5.33849e-12
1237 1.576e-10 5.00944e-12
1239 1.57174e-10 5.13285e-12
1241 1.48804e-10 4.97007e-12
1243 1.48915e-10 5.48022e-12
1245 1.55718e-10 4.66205e-12
1247 1.57141e-10 4.78299e-12
1249 1.55311e-10 5.36622e-12
1251 1.53874e-10 5.12134e-12
1253 1.55684e-10 5.3118e-12
1255 1.58425e-10 5.68322e-12
1257 1.50422e-10 5.18249e-12
1259 1.58525e-10 4.71543e-12
1261 1.58943e-10 5.51282e-12
1263 1.41843e-10 5.32564e-12
1265 1.44712e-10 4.84013e-12
1267 1.48842e-10 5.02965e-12
1269 1.5921e-10 5.17533e-12
1271 1.47586e-10 4.74408e-12
1273 1.54273e-10 5.41113e-12
1275 1.51002e-10 5.06364e-12
1277 1.5931e-10 5.44607e-12
1279 1.57461e-10 5.43794e-12
1281 1.47163e-10 5.07864e-12
1283 1.5612e-10 4.77197e-12
1285 1.47022e-10 4.61758e-12
1287 1.33957e-10 4.71591e-12
1289 1.39325e-10 4.5933e-12
1291 1.48956e-10 5.341e-12
1293 1.46027e-10 4.75126e-12
1295 1.40106e-10 5.32592e-12
1297 1.44622e-10 4.78605e-12
1299 1.39344e-10 4.77749e-12
1301 1.54009e-10 4.8193e-12
1303 1.45592e-10 5.29792e-12
1305 1.43193e-10 5.1133e-12
1307 1.43645e-10 4.59278e-12
1309 1.45292e-10 5.02425e-12
1311 1.36683e-10 4.81539e-12
1313 1.27552e-10 4.71243e-12
1315 1.30607e-10 4.16931e-12
1317 1.46483e-10 4.5031e-12
1319 1.30227e-10 4.50957e-12
1321 1.37408e-10 4.16523e-12
1323 1.4014e-10 4.87038e-12
1325 1.39475e-10 4.53381e-12
1327 1.41651e-10 4.6049e-12
1329 1.45603e-10 4.74098e-12
1331 1.42144e-10 4.62262e-12
1333 1.34448e-10 5.00681e-12
1335 1.38295e-10 4.5709e-12
1337 1.34753e-10 4.46374e-12
1339 1.26835e-10 4.5788e-12
1341 1.32264e-10 4.27421e-12
1343 1.33115e-10 4.87283e-12
1345 1.33922e-10 4.55604e-12
1347 1.31947e-10 4.96017e-12
1349 1.35564e-10 4.03078e-12
1351 1.38668e-10 4.44348e-12
1353 1.37394e-10 4.55892e-12
1355 1.36455e-10 5.07764e-12
1357 1.35056e-10 5.05825e-12
1359 1.32836e-10 4.565e-12
1361 1.34525e-10 4.52059e-12
1363 1.35558e-10 4.21218e-12
1365 1.22568e-10 4.12673e-12
1367 1.29615e-10 4.64286e-12
1369 1.316e-10 4.58329e-12
1371 1.303e-10 4.11418e-12
1373 1.25027e-10 4.45645e-12
1375 1.26457e-10 3.94401e-12
1377 1.29895e-10 3.92147e-12
1379 1.34173e-10 4.38125e-12
1381 1.35607e-10 4.46557e-12
1383 1.30814e-10 4.81112e-12
1385 1.35173e-10 4.50609e-12
1387 1.32453e-10 4.27835e-12
1389 1.29131e-10 3.97458e-12
1391 1.22732e-10 4.54284e-12
1393 1.17394e-10 4.60007e-12
1395 1.25269e-10 4.52562e-12
1397 1.21019e-10 4.11646e-12
1399 1.25064e-10 4.33632e-12
1401 1.23982e-10 3.87411e-12
1403 1.26747e-10 4.29435e-12
1405 1.24963e-10 4.01113e-12
1407 1.20682e-10 4.2177e-12
1409 1.18372e-10 4.04217e-12
1411 1.27174e-10 4.56105e-12
1413 1.26285e-10 3.94621e-12
1415 1.26193e-10 4.77354e-12
1417 1.2298e-10 4.35366e-12
1419 1.23323e-10 4.25484e-12
1421 1.13253e-10 3.68064e-12
1423 1.12182e-10 4.17734e-12
1425 1.2013e-10 4.20938e-12
1427 1.19397e-10 3.68206e-12
1429 1.14557e-10 4.31385e-12
1431 1.22671e-10 4.35715e-12
1433 1.19858e-10 4.24995e-12
1435 1.22107e-10 4.62872e-12
1437 1.13729e-10 3.98248e-12
1439 1.14882e-10 4.10695e-12
1441 1.23701e-10 4.46693e-12
1443 1.20943e-10 4.51815e-12
1445 1.18991e-10 4.57081e-12
1447 1.17436e-10 4.50357e-12
1449 1.14848e-10 4.49119e-12
1451 1.17942e-10 4.04764e-12
1453 1.10035e-10 3.98923e-12
1455 1.1333e-10 3.94429e-12
1457 1.11992e-10 3.84063e-12
1459 1.14709e-10 4.39742e-12
1461 1.11976e-10 4.18461e-12
1463 1.16987e-10 3.84677e-12
1465 1.20251e-10 4.47123e-12
1467 1.21282e-10 3.74635e-12
1469 1.12127e-10 4.06111e-12
1471 1.12295e-10 4.41675e-12
1473 1.17352e-10 4.13784e-12
1475 1.1611e-10 4.39133e-12
1477 1.17361e-10 3.82262e-12
1479 1.15276e-10 3.95498e-12
1481 1.11794e-10 3.81502e-12
1483 1.11469e-10 3.62214e-12
1485 1.16782e-10 4.28224e-12
1487 1.03606e-10 3.83344e-12
1489 1.18224e-10 4.14686e-12
1491 1.12396e-10 4.253e-12
1493 1.04532e-10 3.87219e-12
1495 1.11136e-10 4.09979e-12
1497 1.09621e-10 4.14758e-12
1499 1.12018e-10 3.553e-12
1501 1.12167e-10 3.90798e-12
1503 1.10715e-10 3.96015e-12
1505 1.10609e-10 4.31045e-12
1507 1.12892e-10 3.95255e-12
1509 1.17175e-10 3.82674e-12
1511 1.12666e-10 4.36182e-12
1513 1.08307e-10 3.8029e-12
1515 1.11663e-10 4.20676e-12
1517 1.04879e-10 3.98855e-12
1519 1.02877e-10 3.55558e-12
1521 1.05793e-10 3.73122e-12
1523 1.03913e-10 3.74119e-12
1525 1.09869e-10 3.67009e-12
1527 1.00625e-10 3.47063e-12
1529 9.9643e-11 3.1503e-12
1531 1.12618e-10 4.1073e-12
1533 1.0426e-10 3.70646e-12
1535 1.07947e-10 4.3988e-12
1537 1.01359e-10 4.03613e-12
1539 1.05039e-10 3.36828e-12
1541 1.03214e-10 3.60107e-12
1543 1.00635e-10 3.48126e-12
1545 1.08007e-10 3.7012e-12
1547 1.01476e-10 4.03425e-12
1549 1.02757e-10 3.57326e-12
1551 1.06566e-10 3.95348e-12
1553 1.04926e-10 3.76786e-12
1555 1.0219e-10 3.74747e-12
1557 9.89359e-11 3.1949e-12
1559 1.02389e-10 3.68972e-12
1561 1.01596e-10 4.20242e-12
1563 1.03817e-10 3.73917e-12
1565 9.44414e-11 3.71684e-12
1567 1.046e-10 3.85742e-12
1569 9.93165e-11 3.74701e-12
1571 1.02548e-10 3.84697e-12
1573 9.59934e-11 3.82644e-12
1575 9.97343e-11 3.91057e-12
1577 9.62621e-11 3.83564e-12
1579 9.77226e-11 3.29697e-12
1581 9.81404e-11 3.9131e-12
1583 9.98121e-11 3.81582e-12
1585 9.78869e-11 3.67265e-12
1587 1.01976e-10 3.86274e-12
1589 9.58872e-11 3.61421e-12
1591 9.85642e-11 4.19327e-12
1593 9.7982e-11 3.40265e-12
1595 9.92923e-11 3.5e-12
1597 9.2851e-11 3.82993e-12
1599 9.6348e-11 3.79408e-12
1601 9.77117e-11 3.43448e-12
1603 9.63267e-11 3.92206e-12
1605 1.00215e-10 3.17505e-12
1607 9.72495e-11 3.97778e-12
1609 9.92536e-11 3.82055e-12
1611 8.98889e-11 3.58135e-12
1613 9.11004e-11 3.46091e-12
1615 9.31543e-11 3.60189e-12
1617 9.44627e-11 3.75085e-12
1619 9.39755e-11 3.42678e-12
1621 9.8252e-11 3.88013e-12
1623 9.81771e-11 3.75955e-12
1625 9.39643e-11 3.85554e-12
1627 1.00809e-10 3.43848e-12
1629 9.63729e-11 3.48007e-12
1631 9.34742e-11 3.78439e-12
1633 9.61142e-11 3.58038e-12
1635 9.58535e-11 3.69902e-12
1637 8.88466e-11 3.46928e-12
1639 9.55319e-11 3.68492e-12
1641 9.68065e-11 3.67444e-12
1643 8.90398e-11 3.22395e-12
1645 9.57846e-11 3.57737e-12
1647 9.66448e-11 3.63984e-12
1649 9.75923e-11 3.38405e-12
1651 8.91805e-11 3.68359e-12
1653 8.95821e-11 3.71713e-12
1655 8.7421e-11 2.99183e-12
1657 9.25986e-11 3.8625e-12
1659 8.4375e-11 3.62045e-12
1661 9.28778e-11 4.0376e-12
1663 9.31349e-11 3.39128e-12
1665 9.72766e-11 3.69821e-12
1667 9.21189e-11 3.3564e-12
1669 9.51286e-11 3.5397e-12
1671 9.06918e-11 3.94461e-12
1673 8.79059e-11 3.44822e-12
1675 8.67754e-11 3.26292e-12
1677 8.55536e-11 2.95747e-12
1679 8.55139e-11 3.48094e-12
1681 9.25323e-11 3.50831e-12
1683 8.46153e-11 3.41298e-12
1685 9.01894e-11 3.6639e-12
1687 8.52679e-11 3.05512e-12
1689 8.89169e-11 3.87997e-12
1691 8.89823e-11 3.12383e-12
1693 8.78484e-11 2.96351e-12
1695 8.61838e-11 3.37464e-12
1697 8.34936e-11 3.07135e-12
1699 7.94893e-11 3.06072e-12
1701 8.07561e-11 3.11483e-12
1703 8.36637e-11 3.04332e-12
1705 8.19017e-11 3.45994e-12
1707 8.64031e-11 3.48723e-12
1709 8.43374e-11 3.49611e-12
1711 8.48119e-11 2.96206e-12
1713 8.60645e-11 3.5853e-12
1715 8.30791e-11 3.35822e-12
1717 8.54548e-11 3.51079e-12
1719 8.30664e-11 3.26916e-12
1721 8.63019e-11 3.24677e-12
1723 8.43239e-11 3.4519e-12
1725 8.49109e-11 3.49809e-12
1727 8.40008e-11 3.23785e-12
1729 8.29193e-11 3.12507e-12
1731 8.26359e-11 2.94009e-12
1733 7.99076e-11 3.06891e-12
1735 8.38187e-11 3.28167e-12
1737 8.22266e-11 3.43159e-12
1739 8.27833e-11 2.95032e-12
1741 7.94236e-11 3.17082e-12
1743 8.69188e-11 3.2607e-12
1745 8.09714e-11 3.04214e-12
1747 8.08457e-11 3.53317e-12
1749 8.01493e-11 2.98983e-12
1751 8.24233e-11 3.24566e-12
1753 7.55317e-11 3.3107e-12
1755 8.33384e-11 3.37805e-12
1757 8.527e-11 3.20461e-12
1759 7.70542e-11 3.1798e-12
1761 8.03085e-11 2.87756e-12
1763 8.51714e-11 3.31835e-12
1765 7.42553e-11 3.18497e-12
1767 8.19033e-11 3.67398e-12
1769 8.30546e-11 2.97625e-12
1771 8.17823e-11 3.21268e-12
1773 8.13113e-11 3.07621e-12
1775 7.91916e-11 3.1217e-12
1777 7.77993e-11 3.25572e-12
1779 8.07803e-11 3.0808e-12
1781 7.95406e-11 3.25178e-12
1783 7.76472e-11 2.91046e-12
1785 7.97866e-11 2.75267e-12
1787 7.685e-11 3.04898e-12
1789 8.1511e-11 3.11628e-12
1791 7.78253e-11 2.70397e-12
1793 7.15173e-11 2.86764e-12
1795 7.70437e-11 3.42128e-12
1797 8.0227e-11 3.48622e-12
1799 7.48993e-11 3.28964e-12
1801 7.70259e-11 2.98074e-12
1803 7.24035e-11 2.79666e-12
1805 7.81307e-11 3.2263e-12
1807 7.92625e-11 3.4072e-12
1809 8.44816e-11 3.303e-12
1811 7.81912e-11 3.09914e-12
1813 7.87952e-11 3.23406e-12
1815 7.91237e-11 2.9111e-12
1817 7.42163e-11 3.4663e-12
1819 7.70903e-11 3.01438e-12
1821 7.60003e-11 3.01563e-12
1823 7.46149e-11 3.05358e-12
1825 7.74694e-11 2.99298e-12
1827 7.46672e-11 3.12909e-12
1829 7.5085e-11 3.12787e-12
1831 7.36319e-11 3.02972e-12
1833 7.4447e-11 3.31374e-12
1835 7.8407e-11 2.96284e-12
1837 7.90966e-11 3.27206e-12
1839 7.19462e-11 2.99731e-12
1841 7.50394e-11 3.02898e-12
1843 7.16317e-11 3.02564e-12
1845 7.22094e-11 3.4612e-12
1847 7.37074e-11 2.83338e-12
1849 7.40057e-11 3.15139e-12
1851 7.37939e-11 2.77539e-12
1853 7.15044e-11 3.33441e-12
1855 7.03298e-11 3.12807e-12
1857 7.40562e-11 2.94155e-12
1859 6.99103e-11 2.55142e-12
1861 7.74642e-11 2.76608e-12
1863 7.42891e-11 3.35723e-12
1865 7.65669e-11 2.96008e-12
1867 7.4665e-11 2.98091e-12
1869 6.90354e-11 3.07056e-12
1871 7.50426e-11 2.78997e-12
1873 6.98304e-11 2.61697e-12
1875 7.0315e-11 2.6875e-12
1877 6.95929e-11 3.10792e-12
1879 7.45387e-11 2.79015e-12
1881 7.40264e-11 2.9856e-12
1883 6.83033e-11 2.82597e-12
1885 7.23109e-11 3.13122e-12
1887 7.36708e-11 2.77021e-12
1889 6.94429e-11 2.54068e-12
1891 7.4052e-11 2.94108e-12
1893 7.67919e-11 3.3469e-12
1895 7.43457e-11 2.88711e-12
1897 7.34426e-11 2.95859e-12
1899 7.523e-11 2.73845e-12
1901 6.98985e-11 3.28652e-12
1903 7.81268e-11 3.54787e-12
1905 6.59691e-11 2.86952e-12
1907 7.88962e-11 3.061e-12
1909 7.58235e-11 2.84249e-12
1911 7.30295e-11 2.97209e-12
1913 6.76736e-11 3.04966e-12
1915 6.79982e-11 2.68352e-12
1917 7.68765e-11 2.90866e-12
1919 7.31082e-11 2.8842e-12
1921 7.16107e-11 2.92148e-12
1923 7.54132e-11 3.42088e-12
1925 7.10995e-11 2.6809e-12
1927 7.60382e-11 3.25225e-12
1929 7.5789e-11 2.91452e-12
1931 6.93005e-11 2.68618e-12
1933 7.13309e-11 2.9006e-12
1935 6.84219e-11 2.82675e-12
1937 7.49114e-11 2.75509e-12
1939 7.43554e-11 3.10685e-12
1941 6.80929e-11 2.80482e-12
1943 7.15587e-11 2.8015e-12
1945 7.16763e-11 3.30521e-12
1947 7.28507e-11 3.07711e-12
1949 7.39236e-11 2.7718e-12
1951 6.63097e-11 3.08903e-12
1953 7.50424e-11 2.93976e-12
1955 6.80164e-11 2.68288e-12
1957 7.22628e-11 3.15491e-12
1959 7.30266e-11 3.16172e-12
1961 6.92534e-11 3.06796e-12
1963 6.86318e-11 2.84894e-12
1965 6.89733e-11 3.31664e-12
1967 6.53756e-11 2.88022e-12
1969 6.93174e-11 2.74952e-12
1971 7.60693e-11 3.14764e-12
1973 6.67889e-11 2.78867e-12
1975 6.66239e-11 3.05822e-12
1977 6.68423e-11 2.87876e-12
1979 6.92168e-11 3.619e-12
1981 7.07995e-11 2.81579e-12
1983 7.099e-11 3.27386e-12
1985 7.46596e-11 3.49505e-12
1987 6.86236e-11 3.00592e-12
1989 7.08809e-11 3.14281e-12
1991 6.72925e-11 2.73827e-12
1993 6.81687e-11 3.17351e-12
1995 7.297e-11 2.97066e-12
1997 6.49242e-11 2.90599e-12
1999 6.85098e-11 2.99055e-12
