1.09967 2.40123e-08
3.099 2.59341e-08
5.09833 2.50243e-08
7.09767 2.71298e-08
9.097 3.04208e-08
11.0963 3.20128e-08
13.0957 2.67393e-06
15.095 3.56155e-08
17.0943 4.12375e-08
19.0937 1.23229e-06
21.093 4.56e-08
23.0923 8.54008e-07
25.0917 1.17348e-06
27.091 6.06167e-08
29.0903 6.18582e-08
31.0897 6.95679e-08
33.089 6.64532e-07
35.0883 1.84557e-07
37.0877 8.80537e-08
39.087 9.74209e-08
41.0863 1.07325e-07
43.0857 6.56778e-07
45.085 1.26829e-07
47.0843 1.40052e-07
49.0837 1.51482e-07
51.083 1.63817e-07
53.0823 5.84643e-07
55.0817 1.96069e-07
57.081 2.04728e-06
59.0803 1.2957e-06
61.0797 8.32581e-07
63.079 1.17716e-06
65.0783 3.01053e-07
67.0777 3.38651e-07
69.077 3.59465e-07
71.0763 3.95316e-07
73.0757 4.36979e-07
75.075 1.69453e-06
77.0743 5.19936e-07
79.0737 3.29906e-06
81.073 6.12993e-07
83.0723 2.11746e-06
85.0717 7.36688e-07
87.071 2.80264e-06
89.0703 1.37572e-06
91.0697 2.44122e-06
93.069 1.05277e-06
95.0683 1.58815e-06
97.0677 1.7446e-06
99.067 2.06785e-06
101.066 1.52354e-06
103.066 2.19066e-06
105.065 2.97653e-06
107.064 3.58678e-06
109.064 8.05707e-06
111.063 3.71747e-06
113.062 4.18957e-06
115.062 7.22632e-06
117.061 4.73657e-06
119.06 4.46141e-06
121.06 6.78241e-06
123.059 5.592e-06
125.058 8.32449e-06
127.058 1.01478e-05
129.057 8.18893e-06
131.056 6.22379e-06
133.056 7.37673e-06
135.055 8.78943e-06
137.054 1.03433e-05
139.054 9.67045e-06
141.053 1.01387e-05
143.052 1.31912e-05
145.052 1.78994e-05
147.051 1.59044e-05
149.05 1.61444e-05
151.05 1.94603e-05
153.049 2.12234e-05
155.048 2.29939e-05
157.048 2.71097e-05
159.047 2.99548e-05
161.046 3.36537e-05
163.046 4.52339e-05
165.045 4.58297e-05
167.044 4.64452e-05
169.044 5.11592e-05
171.043 5.54089e-05
173.042 6.06937e-05
175.042 6.89468e-05
177.041 7.98528e-05
179.04 8.0279e-05
181.04 8.69641e-05
183.039 9.79357e-05
185.038 0.000109991
187.038 0.000115306
189.037 0.000123818
191.036 0.000134974
193.036 0.000135669
195.035 0.000137702
197.034 0.000133598
199.034 0.000134055
201.033 0.000113535
203.032 9.12367e-05
205.032 7.23245e-05
207.031 5.45196e-05
209.03 3.77816e-05
211.03 2.72772e-05
213.029 1.78397e-05
215.028 9.35499e-06
217.028 8.94732e-06
219.027 7.49532e-06
221.026 5.75457e-06
223.026 6.72705e-06
225.025 6.66038e-06
227.024 7.03195e-06
229.024 1.11665e-05
231.023 7.77084e-06
233.022 8.5071e-06
235.022 9.21065e-06
237.021 8.90259e-06
239.02 6.74362e-06
241.02 8.48163e-06
243.019 7.56978e-06
245.018 8.40986e-06
247.018 9.58959e-06
249.017 8.40438e-06
251.016 9.63079e-06
253.016 9.4319e-06
255.015 1.19394e-05
257.014 8.64369e-06
259.014 8.35484e-06
261.013 3.26644e-06
263.012 2.41796e-06
265.012 5.67463e-06
267.011 4.04592e-06
269.01 2.01829e-06
271.01 1.20415e-06
273.009 0
275.008 0
277.008 0
279.007 0
281.006 0
283.006 0
285.005 0
287.004 0
289.004 0
291.003 0
293.002 0
295.002 0
297.001 0
299 0
