1 9.16479e-13 1.98678e-14
3 2.79689e-12 5.68099e-14
5 4.64325e-12 9.00789e-14
7 2.09697e-10 2.01846e-10
9 4.13795e-10 2.81601e-10
11 1.10003e-11 2.11553e-13
13 1.35458e-11 2.18695e-13
15 1.43743e-09 2.82428e-10
17 4.99279e-07 6.05238e-09
19 9.26094e-06 2.95062e-08
21 4.03813e-05 6.23626e-08
23 7.45708e-05 7.30305e-08
25 0.000101778 7.60444e-08
27 0.000101781 7.43644e-08
29 9.97225e-05 6.52056e-08
31 9.33713e-05 5.4247e-08
33 7.50481e-05 4.3506e-08
35 6.0521e-05 3.30928e-08
37 5.27434e-05 2.69419e-08
39 4.63172e-05 2.53729e-08
41 4.09469e-05 2.33147e-08
43 3.64136e-05 2.03994e-08
45 3.0759e-05 1.67767e-08
47 2.3901e-05 1.31392e-08
49 2.10297e-05 1.16019e-08
51 1.79902e-05 1.0035e-08
53 1.59202e-05 8.88053e-09
55 1.37528e-05 7.67978e-09
57 1.22001e-05 6.60229e-09
59 1.09636e-05 5.95129e-09
61 9.4815e-06 5.33652e-09
63 8.4784e-06 4.83318e-09
65 7.68584e-06 4.28719e-09
67 7.02008e-06 3.89098e-09
69 6.1193e-06 3.47782e-09
71 5.58273e-06 3.01962e-09
73 5.12896e-06 2.83776e-09
75 4.73936e-06 2.69814e-09
77 4.39961e-06 2.5506e-09
79 3.86098e-06 2.22475e-09
81 3.50508e-06 1.9999e-09
83 3.25176e-06 1.89526e-09
85 3.03136e-06 1.70987e-09
87 2.83625e-06 1.60078e-09
89 2.66392e-06 1.50799e-09
91 2.50947e-06 1.47279e-09
93 2.29661e-06 1.37574e-09
95 1.97977e-06 1.19533e-09
97 1.87635e-06 1.10355e-09
99 1.7655e-06 1.07524e-09
101 1.66693e-06 1.01223e-09
103 1.57824e-06 9.91606e-10
105 1.49781e-06 9.40477e-10
107 1.42513e-06 9.04529e-10
109 1.3583e-06 8.55199e-10
111 1.29706e-06 8.45695e-10
113 1.24055e-06 7.67558e-10
115 1.18828e-06 7.60686e-10
117 1.03099e-06 6.11246e-10
119 9.52329e-07 6.01862e-10
121 9.23464e-07 5.84319e-10
123 8.83102e-07 5.4568e-10
125 8.45674e-07 5.0578e-10
127 8.11529e-07 4.99348e-10
129 7.79341e-07 4.65068e-10
131 7.49663e-07 4.60073e-10
133 6.89849e-07 4.26902e-10
135 6.21325e-07 4.01559e-10
137 5.86614e-07 3.79864e-10
139 5.68225e-07 3.61261e-10
141 5.44345e-07 3.47707e-10
143 5.22368e-07 3.42877e-10
145 5.01744e-07 3.32048e-10
147 4.83108e-07 3.20399e-10
149 4.65676e-07 2.90988e-10
151 4.49031e-07 2.87294e-10
153 4.33819e-07 2.9946e-10
155 4.19387e-07 2.75348e-10
157 3.9265e-07 2.50754e-10
159 3.60999e-07 2.5915e-10
161 3.41008e-07 2.30329e-10
163 3.27246e-07 2.16564e-10
165 3.20551e-07 2.06603e-10
167 3.09781e-07 2.01114e-10
169 2.99593e-07 1.8985e-10
171 2.90202e-07 1.86039e-10
173 2.81386e-07 1.77148e-10
175 2.72909e-07 1.96194e-10
177 2.64886e-07 1.74822e-10
179 2.57439e-07 1.62777e-10
181 2.50169e-07 1.58578e-10
183 2.43459e-07 1.58912e-10
185 2.37053e-07 1.48275e-10
187 2.30898e-07 1.50653e-10
189 2.25045e-07 1.51829e-10
191 2.1942e-07 1.47249e-10
193 2.07434e-07 1.32584e-10
195 1.83487e-07 1.35725e-10
197 1.73512e-07 1.311e-10
199 1.6482e-07 1.17254e-10
201 1.56936e-07 1.17173e-10
203 1.50265e-07 1.16344e-10
205 1.52549e-07 1.18916e-10
207 1.48437e-07 1.13971e-10
209 1.44657e-07 1.14327e-10
211 1.40901e-07 1.22062e-10
213 1.37328e-07 1.03483e-10
215 1.34088e-07 9.95691e-11
217 1.31041e-07 1.07657e-10
219 1.27844e-07 9.99384e-11
221 1.24993e-07 1.01097e-10
223 1.22278e-07 1.00746e-10
225 1.19457e-07 9.06092e-11
227 1.17003e-07 9.67961e-11
229 1.14441e-07 9.53649e-11
231 1.12106e-07 9.20942e-11
233 1.09933e-07 9.25909e-11
235 1.07608e-07 9.43674e-11
237 1.0565e-07 8.9487e-11
239 1.03507e-07 9.33735e-11
241 1.0159e-07 8.15891e-11
243 9.96836e-08 9.1717e-11
245 9.78415e-08 8.2321e-11
247 9.60344e-08 8.46725e-11
249 9.43975e-08 8.97279e-11
251 9.26517e-08 7.7185e-11
253 9.11184e-08 8.43517e-11
255 8.94835e-08 6.87321e-11
257 8.55976e-08 8.24917e-11
259 7.67531e-08 7.00626e-11
261 7.3024e-08 7.692e-11
263 6.96945e-08 6.53479e-11
265 6.67031e-08 7.30225e-11
267 6.67736e-08 6.93003e-11
269 6.67104e-08 6.41887e-11
271 6.56679e-08 6.35e-11
273 6.43957e-08 6.48877e-11
275 6.32134e-08 7.29117e-11
277 6.10705e-08 6.84773e-11
279 5.89358e-08 6.60413e-11
281 5.76286e-08 6.52881e-11
283 5.62271e-08 5.20827e-11
285 5.47306e-08 6.45857e-11
287 5.35961e-08 5.9216e-11
289 5.29388e-08 5.5269e-11
291 5.1674e-08 6.37421e-11
293 5.07885e-08 5.6062e-11
295 4.98474e-08 5.23663e-11
297 4.8774e-08 5.73377e-11
299 4.78991e-08 5.14959e-11
301 4.61131e-08 4.89003e-11
303 4.4969e-08 4.9991e-11
305 4.41432e-08 4.61015e-11
307 4.30622e-08 5.30655e-11
309 4.21957e-08 4.47708e-11
311 4.13519e-08 5.44958e-11
313 4.06657e-08 5.21851e-11
315 4.00595e-08 4.50611e-11
317 3.92462e-08 4.89183e-11
319 3.86041e-08 4.12138e-11
321 3.79023e-08 5.26072e-11
323 3.73297e-08 3.98254e-11
325 3.66429e-08 4.79601e-11
327 3.59498e-08 4.51939e-11
329 3.45467e-08 4.91311e-11
331 3.38601e-08 4.21416e-11
333 3.31145e-08 4.64658e-11
335 3.25198e-08 4.18714e-11
337 3.19196e-08 4.58468e-11
339 3.12718e-08 4.07119e-11
341 3.07186e-08 4.62599e-11
343 3.01429e-08 4.47296e-11
345 2.98688e-08 4.51937e-11
347 2.93795e-08 4.17431e-11
349 2.88908e-08 4.52078e-11
351 2.84255e-08 3.9953e-11
353 2.80696e-08 4.01519e-11
355 2.76271e-08 3.82776e-11
357 2.71683e-08 3.98561e-11
359 2.67769e-08 3.71203e-11
361 2.64571e-08 4.16055e-11
363 2.5535e-08 4.00072e-11
365 2.50323e-08 3.31398e-11
367 2.44778e-08 4.03869e-11
369 2.41115e-08 3.62056e-11
371 2.37101e-08 3.82406e-11
373 2.33688e-08 3.45069e-11
375 2.29762e-08 3.73694e-11
377 2.26102e-08 3.64489e-11
379 2.22641e-08 3.53492e-11
381 2.18951e-08 3.48503e-11
383 2.16554e-08 3.53979e-11
385 2.14731e-08 3.16521e-11
387 2.11723e-08 3.55113e-11
389 2.08694e-08 3.29864e-11
391 2.05622e-08 3.85697e-11
393 2.04167e-08 3.12154e-11
395 2.01531e-08 3.33463e-11
397 1.9896e-08 3.14087e-11
399 1.96708e-08 3.28672e-11
401 1.94375e-08 3.19725e-11
403 1.91251e-08 3.34786e-11
405 1.90305e-08 3.0419e-11
407 1.82656e-08 3.18236e-11
409 1.78473e-08 3.40302e-11
411 1.75791e-08 2.72692e-11
413 1.73602e-08 3.09794e-11
415 1.70877e-08 3.05084e-11
417 1.68194e-08 3.36234e-11
419 1.66475e-08 3.04168e-11
421 1.63649e-08 2.84061e-11
423 1.60908e-08 2.60555e-11
425 1.59369e-08 2.57353e-11
427 1.57304e-08 2.96532e-11
429 1.55046e-08 3.01414e-11
431 1.53732e-08 2.68508e-11
433 1.51415e-08 3.16966e-11
435 1.50832e-08 2.92998e-11
437 1.48897e-08 2.74924e-11
439 1.47265e-08 2.55338e-11
441 1.34565e-08 2.54381e-11
443 1.30744e-08 2.64955e-11
445 1.29642e-08 2.30935e-11
447 1.29297e-08 2.4686e-11
449 1.28026e-08 2.56767e-11
451 1.26502e-08 2.36613e-11
453 1.25711e-08 2.25945e-11
455 1.25114e-08 2.19804e-11
457 1.24151e-08 2.20865e-11
459 1.22724e-08 2.46204e-11
461 1.22184e-08 2.46776e-11
463 1.21002e-08 2.30862e-11
465 1.15249e-08 2.42119e-11
467 1.12697e-08 2.02527e-11
469 1.11362e-08 1.86489e-11
471 1.09833e-08 1.9791e-11
473 1.08231e-08 2.06897e-11
475 1.06965e-08 2.14872e-11
477 1.05271e-08 2.33161e-11
479 1.0434e-08 2.03146e-11
481 1.02769e-08 2.04757e-11
483 1.01334e-08 1.79941e-11
485 9.95633e-09 2.0084e-11
487 9.87825e-09 2.07047e-11
489 9.67091e-09 1.9807e-11
491 9.54025e-09 1.83316e-11
493 9.44421e-09 2.14147e-11
495 9.3347e-09 1.94486e-11
497 9.18804e-09 1.87846e-11
499 9.0623e-09 1.938e-11
501 8.99369e-09 1.89157e-11
503 8.93028e-09 1.99527e-11
505 8.8121e-09 1.80816e-11
507 8.7232e-09 1.77262e-11
509 8.57337e-09 1.69303e-11
511 8.4897e-09 1.60887e-11
513 8.41207e-09 1.56638e-11
515 8.2991e-09 1.98377e-11
517 8.21053e-09 1.69524e-11
519 8.15079e-09 1.83183e-11
521 8.0068e-09 1.64941e-11
523 7.95443e-09 1.63723e-11
525 7.85689e-09 1.5425e-11
527 7.75833e-09 1.51261e-11
529 7.6763e-09 1.63122e-11
531 7.57912e-09 1.70176e-11
533 7.51783e-09 1.74236e-11
535 7.47624e-09 1.67447e-11
537 7.37919e-09 1.83033e-11
539 7.29743e-09 1.68038e-11
541 7.2199e-09 1.55832e-11
543 7.08615e-09 1.60578e-11
545 6.79251e-09 1.7135e-11
547 6.6846e-09 1.29684e-11
549 6.5937e-09 1.50064e-11
551 6.49352e-09 1.30879e-11
553 6.4281e-09 1.44579e-11
555 6.31904e-09 1.5323e-11
557 6.27804e-09 1.5961e-11
559 6.20571e-09 1.53152e-11
561 6.10855e-09 1.47758e-11
563 6.04048e-09 1.37653e-11
565 5.98793e-09 1.35249e-11
567 5.91321e-09 1.48185e-11
569 5.87703e-09 1.61681e-11
571 5.80131e-09 1.31557e-11
573 5.7391e-09 1.20193e-11
575 5.68227e-09 1.26519e-11
577 5.59364e-09 1.33412e-11
579 5.5652e-09 1.38863e-11
581 5.51167e-09 1.34514e-11
583 5.45162e-09 1.33593e-11
585 5.42539e-09 1.2047e-11
587 5.34388e-09 1.2633e-11
589 5.29973e-09 1.1614e-11
591 5.22397e-09 1.25614e-11
593 5.22641e-09 1.28343e-11
595 5.14471e-09 1.28761e-11
597 5.04768e-09 1.2574e-11
599 5.01235e-09 1.27827e-11
601 4.96582e-09 1.24471e-11
603 4.90554e-09 1.06942e-11
605 4.85859e-09 1.31268e-11
607 4.84803e-09 1.17646e-11
609 4.76349e-09 1.12879e-11
611 4.74331e-09 1.12931e-11
613 4.71451e-09 1.13821e-11
615 4.66098e-09 1.1311e-11
617 4.62779e-09 1.19958e-11
619 4.58886e-09 1.21753e-11
621 4.59599e-09 1.18033e-11
623 4.58353e-09 1.16631e-11
625 4.53839e-09 1.26839e-11
627 4.50673e-09 1.17927e-11
629 4.47744e-09 1.2347e-11
631 4.43264e-09 1.25388e-11
633 4.38596e-09 1.1546e-11
635 4.35211e-09 1.16366e-11
637 4.33201e-09 1.06615e-11
639 4.29883e-09 1.1344e-11
641 4.26378e-09 9.64161e-12
643 4.227e-09 1.02386e-11
645 4.19801e-09 1.10939e-11
647 4.17046e-09 1.10869e-11
649 4.13792e-09 1.14226e-11
651 4.11373e-09 1.02921e-11
653 4.07157e-09 1.15421e-11
655 4.06626e-09 1.08199e-11
657 4.02034e-09 9.51492e-12
659 3.94245e-09 1.05176e-11
661 3.89519e-09 1.06267e-11
663 3.87197e-09 1.01107e-11
665 3.86531e-09 1.02711e-11
667 3.81312e-09 1.12261e-11
669 3.78083e-09 1.06708e-11
671 3.79701e-09 1.04859e-11
673 3.74249e-09 9.14477e-12
675 3.71915e-09 9.45034e-12
677 3.6971e-09 9.77507e-12
679 3.66027e-09 9.68499e-12
681 3.65316e-09 9.18e-12
683 3.61456e-09 9.88868e-12
685 3.61599e-09 1.13769e-11
687 3.55191e-09 9.84674e-12
689 3.54408e-09 1.03109e-11
691 3.51125e-09 8.65461e-12
693 3.51861e-09 9.71101e-12
695 3.50653e-09 9.76218e-12
697 3.46225e-09 9.56471e-12
699 3.44269e-09 9.1641e-12
701 3.43605e-09 8.39691e-12
703 3.40186e-09 7.06279e-12
705 3.38297e-09 9.16129e-12
707 3.36807e-09 8.85446e-12
709 3.36292e-09 1.03197e-11
711 3.36233e-09 8.84296e-12
713 3.3155e-09 7.61119e-12
715 3.31071e-09 9.77221e-12
717 3.29732e-09 9.19615e-12
719 3.29588e-09 9.04321e-12
721 3.27861e-09 9.53924e-12
723 3.26787e-09 8.24708e-12
725 3.25305e-09 8.78391e-12
727 3.25075e-09 7.73626e-12
729 3.2454e-09 9.0006e-12
731 3.2544e-09 8.92711e-12
733 3.25531e-09 8.93062e-12
735 3.23202e-09 8.99268e-12
737 3.44356e-09 9.31316e-12
739 3.45568e-09 9.84643e-12
741 3.44199e-09 9.0816e-12
743 3.43294e-09 9.0082e-12
745 3.45242e-09 7.55112e-12
747 3.43224e-09 1.03177e-11
749 3.46392e-09 8.39052e-12
751 3.4426e-09 9.42064e-12
753 3.44587e-09 9.96693e-12
755 3.46125e-09 9.08997e-12
757 3.4458e-09 8.51777e-12
759 3.46991e-09 8.34824e-12
761 3.46364e-09 1.02921e-11
763 3.48287e-09 8.70815e-12
765 3.48743e-09 9.64142e-12
767 3.49012e-09 9.3647e-12
769 3.514e-09 7.68757e-12
771 3.54303e-09 8.84304e-12
773 3.5423e-09 8.27457e-12
775 3.61067e-09 1.01386e-11
777 3.60453e-09 9.19025e-12
779 3.63843e-09 9.42797e-12
781 3.6495e-09 9.08547e-12
783 3.66991e-09 9.02938e-12
785 3.69648e-09 7.45409e-12
787 3.72696e-09 8.65912e-12
789 3.75218e-09 8.47028e-12
791 3.7667e-09 9.64418e-12
793 3.79438e-09 1.03334e-11
795 3.85087e-09 8.88719e-12
797 3.91033e-09 9.80341e-12
799 3.94839e-09 9.87771e-12
801 4.0094e-09 1.17858e-11
803 4.17908e-09 9.51168e-12
805 4.27846e-09 9.90826e-12
807 4.38729e-09 8.25595e-12
809 4.48137e-09 8.77849e-12
811 4.64582e-09 1.14192e-11
813 4.81291e-09 1.18164e-11
815 6.33386e-09 1.01141e-11
817 7.66697e-09 1.21136e-11
819 9.02918e-09 1.74011e-11
821 1.06237e-08 1.50317e-11
823 2.01526e-08 1.98747e-11
825 8.44307e-09 1.3498e-11
827 0 0
829 0 0
831 0 0
833 0 0
835 0 0
837 0 0
839 0 0
841 0 0
843 0 0
845 0 0
847 0 0
849 0 0
851 0 0
853 0 0
855 0 0
857 0 0
859 0 0
861 0 0
863 0 0
865 0 0
867 0 0
869 0 0
871 0 0
873 0 0
875 0 0
877 0 0
879 0 0
881 0 0
883 0 0
885 0 0
887 0 0
889 0 0
891 0 0
893 0 0
895 0 0
897 0 0
899 0 0
901 0 0
903 0 0
905 0 0
907 0 0
909 0 0
911 0 0
913 0 0
915 0 0
917 0 0
919 0 0
921 0 0
923 0 0
925 0 0
927 0 0
929 0 0
931 0 0
933 0 0
935 0 0
937 0 0
939 0 0
941 0 0
943 0 0
945 0 0
947 0 0
949 0 0
951 0 0
953 0 0
955 0 0
957 0 0
959 0 0
961 0 0
963 0 0
965 0 0
967 0 0
969 0 0
971 0 0
973 0 0
975 0 0
977 0 0
979 0 0
981 0 0
983 0 0
985 0 0
987 0 0
989 0 0
991 0 0
993 0 0
995 0 0
997 0 0
999 0 0
1001 0 0
1003 0 0
1005 0 0
1007 0 0
1009 0 0
1011 0 0
1013 0 0
1015 0 0
1017 0 0
1019 0 0
1021 0 0
1023 0 0
1025 0 0
1027 0 0
1029 0 0
1031 0 0
1033 0 0
1035 0 0
1037 0 0
1039 0 0
1041 0 0
1043 0 0
1045 0 0
1047 0 0
1049 0 0
1051 0 0
1053 0 0
1055 0 0
1057 0 0
1059 0 0
1061 0 0
1063 0 0
1065 0 0
1067 0 0
1069 0 0
1071 0 0
1073 0 0
1075 0 0
1077 0 0
1079 0 0
1081 0 0
1083 0 0
1085 0 0
1087 0 0
1089 0 0
1091 0 0
1093 0 0
1095 0 0
1097 0 0
1099 0 0
1101 0 0
1103 0 0
1105 0 0
1107 0 0
1109 0 0
1111 0 0
1113 0 0
1115 0 0
1117 0 0
1119 0 0
1121 0 0
1123 0 0
1125 0 0
1127 0 0
1129 0 0
1131 0 0
1133 0 0
1135 0 0
1137 0 0
1139 0 0
1141 0 0
1143 0 0
1145 0 0
1147 0 0
1149 0 0
1151 0 0
1153 0 0
1155 0 0
1157 0 0
1159 0 0
1161 0 0
1163 0 0
1165 0 0
1167 0 0
1169 0 0
1171 0 0
1173 0 0
1175 0 0
1177 0 0
1179 0 0
1181 0 0
1183 0 0
1185 0 0
1187 0 0
1189 0 0
1191 0 0
1193 0 0
1195 0 0
1197 0 0
1199 0 0
1201 0 0
1203 0 0
1205 0 0
1207 0 0
1209 0 0
1211 0 0
1213 0 0
1215 0 0
1217 0 0
1219 0 0
1221 0 0
1223 0 0
1225 0 0
1227 0 0
1229 0 0
1231 0 0
1233 0 0
1235 0 0
1237 0 0
1239 0 0
1241 0 0
1243 0 0
1245 0 0
1247 0 0
1249 0 0
1251 0 0
1253 0 0
1255 0 0
1257 0 0
1259 0 0
1261 0 0
1263 0 0
1265 0 0
1267 0 0
1269 0 0
1271 0 0
1273 0 0
1275 0 0
1277 0 0
1279 0 0
1281 0 0
1283 0 0
1285 0 0
1287 0 0
1289 0 0
1291 0 0
1293 0 0
1295 0 0
1297 0 0
1299 0 0
1301 0 0
1303 0 0
1305 0 0
1307 0 0
1309 0 0
1311 0 0
1313 0 0
1315 0 0
1317 0 0
1319 0 0
1321 0 0
1323 0 0
1325 0 0
1327 0 0
1329 0 0
1331 0 0
1333 0 0
1335 0 0
1337 0 0
1339 0 0
1341 0 0
1343 0 0
1345 0 0
1347 0 0
1349 0 0
1351 0 0
1353 0 0
1355 0 0
1357 0 0
1359 0 0
1361 0 0
1363 0 0
1365 0 0
1367 0 0
1369 0 0
1371 0 0
1373 0 0
1375 0 0
1377 0 0
1379 0 0
1381 0 0
1383 0 0
1385 0 0
1387 0 0
1389 0 0
1391 0 0
1393 0 0
1395 0 0
1397 0 0
1399 0 0
1401 0 0
1403 0 0
1405 0 0
1407 0 0
1409 0 0
1411 0 0
1413 0 0
1415 0 0
1417 0 0
1419 0 0
1421 0 0
1423 0 0
1425 0 0
1427 0 0
1429 0 0
1431 0 0
1433 0 0
1435 0 0
1437 0 0
1439 0 0
1441 0 0
1443 0 0
1445 0 0
1447 0 0
1449 0 0
1451 0 0
1453 0 0
1455 0 0
1457 0 0
1459 0 0
1461 0 0
1463 0 0
1465 0 0
1467 0 0
1469 0 0
1471 0 0
1473 0 0
1475 0 0
1477 0 0
1479 0 0
1481 0 0
1483 0 0
1485 0 0
1487 0 0
1489 0 0
1491 0 0
1493 0 0
1495 0 0
1497 0 0
1499 0 0
1501 0 0
1503 0 0
1505 0 0
1507 0 0
1509 0 0
1511 0 0
1513 0 0
1515 0 0
1517 0 0
1519 0 0
1521 0 0
1523 0 0
1525 0 0
1527 0 0
1529 0 0
1531 0 0
1533 0 0
1535 0 0
1537 0 0
1539 0 0
1541 0 0
1543 0 0
1545 0 0
1547 0 0
1549 0 0
1551 0 0
1553 0 0
1555 0 0
1557 0 0
1559 0 0
1561 0 0
1563 0 0
1565 0 0
1567 0 0
1569 0 0
1571 0 0
1573 0 0
1575 0 0
1577 0 0
1579 0 0
1581 0 0
1583 0 0
1585 0 0
1587 0 0
1589 0 0
1591 0 0
1593 0 0
1595 0 0
1597 0 0
1599 0 0
1601 0 0
1603 0 0
1605 0 0
1607 0 0
1609 0 0
1611 0 0
1613 0 0
1615 0 0
1617 0 0
1619 0 0
1621 0 0
1623 0 0
1625 0 0
1627 0 0
1629 0 0
1631 0 0
1633 0 0
1635 0 0
1637 0 0
1639 0 0
1641 0 0
1643 0 0
1645 0 0
1647 0 0
1649 0 0
1651 0 0
1653 0 0
1655 0 0
1657 0 0
1659 0 0
1661 0 0
1663 0 0
1665 0 0
1667 0 0
1669 0 0
1671 0 0
1673 0 0
1675 0 0
1677 0 0
1679 0 0
1681 0 0
1683 0 0
1685 0 0
1687 0 0
1689 0 0
1691 0 0
1693 0 0
1695 0 0
1697 0 0
1699 0 0
1701 0 0
1703 0 0
1705 0 0
1707 0 0
1709 0 0
1711 0 0
1713 0 0
1715 0 0
1717 0 0
1719 0 0
1721 0 0
1723 0 0
1725 0 0
1727 0 0
1729 0 0
1731 0 0
1733 0 0
1735 0 0
1737 0 0
1739 0 0
1741 0 0
1743 0 0
1745 0 0
1747 0 0
1749 0 0
1751 0 0
1753 0 0
1755 0 0
1757 0 0
1759 0 0
1761 0 0
1763 0 0
1765 0 0
1767 0 0
1769 0 0
1771 0 0
1773 0 0
1775 0 0
1777 0 0
1779 0 0
1781 0 0
1783 0 0
1785 0 0
1787 0 0
1789 0 0
1791 0 0
1793 0 0
1795 0 0
1797 0 0
1799 0 0
1801 0 0
1803 0 0
1805 0 0
1807 0 0
1809 0 0
1811 0 0
1813 0 0
1815 0 0
1817 0 0
1819 0 0
1821 0 0
1823 0 0
1825 0 0
1827 0 0
1829 0 0
1831 0 0
1833 0 0
1835 0 0
1837 0 0
1839 0 0
1841 0 0
1843 0 0
1845 0 0
1847 0 0
1849 0 0
1851 0 0
1853 0 0
1855 0 0
1857 0 0
1859 0 0
1861 0 0
1863 0 0
1865 0 0
1867 0 0
1869 0 0
1871 0 0
1873 0 0
1875 0 0
1877 0 0
1879 0 0
1881 0 0
1883 0 0
1885 0 0
1887 0 0
1889 0 0
1891 0 0
1893 0 0
1895 0 0
1897 0 0
1899 0 0
1901 0 0
1903 0 0
1905 0 0
1907 0 0
1909 0 0
1911 0 0
1913 0 0
1915 0 0
1917 0 0
1919 0 0
1921 0 0
1923 0 0
1925 0 0
1927 0 0
1929 0 0
1931 0 0
1933 0 0
1935 0 0
1937 0 0
1939 0 0
1941 0 0
1943 0 0
1945 0 0
1947 0 0
1949 0 0
1951 0 0
1953 0 0
1955 0 0
1957 0 0
1959 0 0
1961 0 0
1963 0 0
1965 0 0
1967 0 0
1969 0 0
1971 0 0
1973 0 0
1975 0 0
1977 0 0
1979 0 0
1981 0 0
1983 0 0
1985 0 0
1987 0 0
1989 0 0
1991 0 0
1993 0 0
1995 0 0
1997 0 0
1999 0 0
