1 6.657e-13
3 5.00753e-12
5 2.16844e-12
7 3.90598e-12
9 9.30481e-12
11 1.75137e-11
13 2.67257e-11
15 1.45359e-11
17 8.62366e-12
19 6.64884e-08
21 3.31945e-06
23 3.06516e-05
25 8.25891e-05
27 0.000130216
29 0.000177266
31 0.00017702
33 0.00017586
35 0.000167899
37 0.000155277
39 0.000116024
41 0.000101642
43 8.99754e-05
45 8.07603e-05
47 7.30789e-05
49 6.60404e-05
51 5.93976e-05
53 4.88169e-05
55 4.0135e-05
57 3.63697e-05
59 3.13315e-05
61 2.81249e-05
63 2.51774e-05
65 2.21983e-05
67 2.01566e-05
69 1.86918e-05
71 1.6263e-05
73 1.49715e-05
75 1.36606e-05
77 1.25724e-05
79 1.166e-05
81 1.03025e-05
83 9.52333e-06
85 8.87476e-06
87 8.29406e-06
89 7.72026e-06
91 7.20655e-06
93 6.34426e-06
95 5.90126e-06
97 5.58549e-06
99 5.21628e-06
101 4.94452e-06
103 4.70615e-06
105 4.41212e-06
107 4.26215e-06
109 3.89791e-06
111 3.38771e-06
113 3.23963e-06
115 3.11613e-06
117 2.94546e-06
119 2.77888e-06
121 2.68688e-06
123 2.56967e-06
125 2.46603e-06
127 2.36395e-06
129 2.29798e-06
131 2.20297e-06
133 2.09893e-06
135 2.03646e-06
137 1.77064e-06
139 1.64935e-06
141 1.5977e-06
143 1.53813e-06
145 1.49739e-06
147 1.43613e-06
149 1.38325e-06
151 1.33197e-06
153 1.27902e-06
155 1.246e-06
157 1.14246e-06
159 1.05035e-06
161 1.02144e-06
163 9.82437e-07
165 9.59078e-07
167 9.2203e-07
169 8.96044e-07
171 8.58924e-07
173 8.38841e-07
175 8.10791e-07
177 7.81167e-07
179 7.62337e-07
181 7.48006e-07
183 7.16985e-07
185 6.53431e-07
187 6.13745e-07
189 5.90737e-07
191 5.62789e-07
193 5.56522e-07
195 5.42648e-07
197 5.30453e-07
199 5.14922e-07
201 4.95821e-07
203 4.89908e-07
205 4.73825e-07
207 4.61656e-07
209 4.4133e-07
211 4.4447e-07
213 4.29794e-07
215 4.19425e-07
217 4.08169e-07
219 3.99042e-07
221 3.95648e-07
223 3.84319e-07
225 3.72735e-07
227 3.31852e-07
229 3.24355e-07
231 3.02635e-07
233 2.81433e-07
235 2.7519e-07
237 2.69984e-07
239 2.56544e-07
241 2.67552e-07
243 2.55461e-07
245 2.51313e-07
247 2.46017e-07
249 2.3799e-07
251 2.34467e-07
253 2.34188e-07
255 2.22581e-07
257 2.24627e-07
259 2.15237e-07
261 2.1507e-07
263 2.07799e-07
265 2.07799e-07
267 1.96839e-07
269 2.0236e-07
271 1.89213e-07
273 1.9602e-07
275 1.84273e-07
277 1.91578e-07
279 1.74371e-07
281 1.85608e-07
283 1.70367e-07
285 1.75778e-07
287 1.67892e-07
289 1.67802e-07
291 1.63427e-07
293 1.63656e-07
295 1.55027e-07
297 1.61844e-07
299 1.57102e-07
301 1.44373e-07
303 1.33769e-07
305 1.26895e-07
307 1.21965e-07
309 1.19187e-07
311 1.09512e-07
313 1.14785e-07
315 1.19496e-07
317 1.08625e-07
319 1.11219e-07
321 1.14367e-07
323 1.0308e-07
325 1.04496e-07
327 1.02701e-07
329 9.30492e-08
331 1.01767e-07
333 9.5052e-08
335 9.1589e-08
337 9.14859e-08
339 9.50879e-08
341 8.79991e-08
343 8.35157e-08
345 9.12913e-08
347 8.78569e-08
349 7.81572e-08
351 7.9498e-08
353 8.01944e-08
355 7.89387e-08
357 7.36194e-08
359 7.41779e-08
361 7.30263e-08
363 7.35442e-08
365 6.90614e-08
367 6.79873e-08
369 7.05692e-08
371 6.64301e-08
373 6.70522e-08
375 6.24581e-08
377 6.55333e-08
379 6.58863e-08
381 6.02884e-08
383 6.04276e-08
385 5.78386e-08
387 5.82684e-08
389 5.86905e-08
391 5.36235e-08
393 5.50882e-08
395 5.30881e-08
397 5.46402e-08
399 5.14751e-08
401 5.19491e-08
403 4.97153e-08
405 4.95937e-08
407 5.26705e-08
409 5.16602e-08
411 4.65518e-08
413 4.59748e-08
415 4.46768e-08
417 4.87937e-08
419 4.89075e-08
421 4.60803e-08
423 4.38619e-08
425 4.07037e-08
427 4.03108e-08
429 4.36626e-08
431 4.39113e-08
433 3.94447e-08
435 3.98388e-08
437 3.74066e-08
439 3.55929e-08
441 3.93937e-08
443 3.80239e-08
445 3.66566e-08
447 3.72351e-08
449 3.59258e-08
451 3.41148e-08
453 3.58118e-08
455 3.70221e-08
457 3.25594e-08
459 3.37323e-08
461 3.49382e-08
463 3.34327e-08
465 3.06981e-08
467 3.35567e-08
469 3.26656e-08
471 3.06922e-08
473 3.18637e-08
475 3.09587e-08
477 2.81163e-08
479 2.83424e-08
481 2.76924e-08
483 2.80107e-08
485 2.73509e-08
487 2.56904e-08
489 2.62942e-08
491 2.47012e-08
493 2.43123e-08
495 2.62908e-08
497 2.70993e-08
499 2.33656e-08
501 2.35034e-08
503 2.6559e-08
505 2.33428e-08
507 2.11709e-08
509 2.22186e-08
511 2.25361e-08
513 2.42305e-08
515 2.09907e-08
517 2.25179e-08
519 2.30602e-08
521 2.24894e-08
523 2.41929e-08
525 1.96532e-08
527 1.93397e-08
529 1.88328e-08
531 2.18363e-08
533 2.05906e-08
535 1.95382e-08
537 2.18032e-08
539 2.2384e-08
541 1.83724e-08
543 2.06129e-08
545 2.01522e-08
547 1.75143e-08
549 1.92105e-08
551 1.92858e-08
553 1.63864e-08
555 1.80274e-08
557 1.63407e-08
559 1.68734e-08
561 1.84016e-08
563 1.63233e-08
565 1.55599e-08
567 1.65213e-08
569 1.51641e-08
571 1.5707e-08
573 1.34457e-08
575 1.59122e-08
577 1.73317e-08
579 1.38584e-08
581 1.42715e-08
583 1.45328e-08
585 1.55623e-08
587 1.37541e-08
589 1.40233e-08
591 1.32438e-08
593 1.31438e-08
595 1.31804e-08
597 1.44908e-08
599 1.49766e-08
601 1.20616e-08
603 1.31978e-08
605 1.67623e-08
607 1.33601e-08
609 1.41744e-08
611 1.36558e-08
613 1.25971e-08
615 1.38728e-08
617 1.34422e-08
619 1.14441e-08
621 1.22515e-08
623 1.11965e-08
625 1.14851e-08
627 1.36921e-08
629 1.02562e-08
631 1.10642e-08
633 1.05555e-08
635 1.03621e-08
637 1.16486e-08
639 9.42947e-09
641 1.21232e-08
643 1.01507e-08
645 1.12487e-08
647 8.14741e-09
649 1.13709e-08
651 8.83208e-09
653 1.0604e-08
655 8.98317e-09
657 8.5462e-09
659 1.10304e-08
661 9.41722e-09
663 1.09291e-08
665 1.00364e-08
667 9.74125e-09
669 9.77395e-09
671 8.95263e-09
673 9.29389e-09
675 8.19524e-09
677 1.05868e-08
679 9.19447e-09
681 8.1923e-09
683 7.22737e-09
685 7.89943e-09
687 9.76425e-09
689 8.89341e-09
691 7.03666e-09
693 6.9578e-09
695 8.19904e-09
697 8.42705e-09
699 8.4503e-09
701 7.88396e-09
703 8.14783e-09
705 7.99136e-09
707 7.43986e-09
709 7.83385e-09
711 8.01579e-09
713 7.33181e-09
715 7.6207e-09
717 7.76144e-09
719 7.42293e-09
721 7.91098e-09
723 6.81889e-09
725 7.21912e-09
727 6.73616e-09
729 7.63942e-09
731 6.542e-09
733 5.49032e-09
735 6.67123e-09
737 6.21001e-09
739 7.37227e-09
741 7.24558e-09
743 7.1275e-09
745 7.13509e-09
747 5.72281e-09
749 6.50522e-09
751 6.70655e-09
753 6.49566e-09
755 6.77891e-09
757 6.05107e-09
759 5.7109e-09
761 5.74157e-09
763 5.54987e-09
765 5.4514e-09
767 7.46733e-09
769 6.37248e-09
771 6.29515e-09
773 6.85038e-09
775 5.06426e-09
777 5.53967e-09
779 5.41121e-09
781 6.32679e-09
783 5.64211e-09
785 4.82436e-09
787 5.58835e-09
789 5.33422e-09
791 6.46395e-09
793 5.61723e-09
795 5.0554e-09
797 6.00384e-09
799 5.45372e-09
801 5.02137e-09
803 6.07965e-09
805 5.5208e-09
807 4.8263e-09
809 4.96354e-09
811 5.02042e-09
813 5.50533e-09
815 5.07402e-09
817 5.22928e-09
819 5.52399e-09
821 5.82003e-09
823 5.38888e-09
825 5.14178e-09
827 4.19815e-09
829 4.42213e-09
831 4.61711e-09
833 5.65623e-09
835 4.87876e-09
837 5.21983e-09
839 4.93304e-09
841 4.54628e-09
843 5.90154e-09
845 4.7707e-09
847 4.15119e-09
849 5.58182e-09
851 4.47579e-09
853 5.07191e-09
855 4.12049e-09
857 5.40554e-09
859 4.81725e-09
861 4.50004e-09
863 3.44334e-09
865 4.95753e-09
867 5.77232e-09
869 4.94819e-09
871 5.14548e-09
873 3.80768e-09
875 5.03207e-09
877 4.48298e-09
879 5.74656e-09
881 4.97975e-09
883 4.40878e-09
885 4.33859e-09
887 4.62487e-09
889 4.99748e-09
891 5.24915e-09
893 4.7946e-09
895 4.29505e-09
897 4.90478e-09
899 4.94891e-09
901 4.92097e-09
903 4.85667e-09
905 5.13172e-09
907 4.51091e-09
909 5.04259e-09
911 5.3101e-09
913 4.69241e-09
915 4.94616e-09
917 4.666e-09
919 4.55552e-09
921 4.16374e-09
923 4.74384e-09
925 5.10806e-09
927 3.86207e-09
929 4.65101e-09
931 4.49253e-09
933 5.72257e-09
935 4.46207e-09
937 4.60403e-09
939 4.92626e-09
941 4.53613e-09
943 4.52185e-09
945 3.87723e-09
947 4.34135e-09
949 4.70167e-09
951 4.79445e-09
953 5.15577e-09
955 4.25795e-09
957 4.87558e-09
959 4.85664e-09
961 4.01404e-09
963 4.21661e-09
965 4.98454e-09
967 5.28613e-09
969 5.11946e-09
971 3.92155e-09
973 4.32842e-09
975 4.219e-09
977 3.94947e-09
979 4.45802e-09
981 5.98501e-09
983 3.93157e-09
985 4.72695e-09
987 4.57491e-09
989 3.80206e-09
991 6.0705e-09
993 4.74408e-09
995 3.92398e-09
997 5.33451e-09
999 5.57247e-09
1001 3.90186e-09
1003 4.00007e-09
1005 5.6901e-09
1007 4.67771e-09
1009 4.22287e-09
1011 4.80718e-09
1013 5.4374e-09
1015 4.84052e-09
1017 4.87828e-09
1019 4.86359e-09
1021 5.29904e-09
1023 4.21341e-09
1025 5.86565e-09
1027 5.55869e-09
1029 5.50043e-09
1031 4.8607e-09
1033 4.56524e-09
1035 4.79207e-09
1037 4.34711e-09
1039 6.554e-09
1041 4.47404e-09
1043 4.70347e-09
1045 3.88318e-09
1047 5.50604e-09
1049 4.63217e-09
1051 5.00439e-09
1053 5.13972e-09
1055 5.17691e-09
1057 4.3779e-09
1059 5.72575e-09
1061 5.28893e-09
1063 5.75536e-09
1065 5.64854e-09
1067 6.43159e-09
1069 5.29701e-09
1071 4.96071e-09
1073 6.2609e-09
1075 6.2466e-09
1077 5.49306e-09
1079 6.92092e-09
1081 6.81637e-09
1083 6.57362e-09
1085 6.10143e-09
1087 5.7661e-09
1089 6.95474e-09
1091 8.17906e-09
1093 7.93598e-09
1095 8.56115e-09
1097 8.81946e-09
1099 1.11283e-08
1101 9.64904e-09
1103 1.10854e-08
1105 1.28352e-08
1107 1.77025e-08
1109 2.13292e-08
1111 4.10953e-08
1113 0
1115 0
1117 0
1119 0
1121 0
1123 0
1125 0
1127 0
1129 0
1131 0
1133 0
1135 0
1137 0
1139 0
1141 0
1143 0
1145 0
1147 0
1149 0
1151 0
1153 0
1155 0
1157 0
1159 0
1161 0
1163 0
1165 0
1167 0
1169 0
1171 0
1173 0
1175 0
1177 0
1179 0
1181 0
1183 0
1185 0
1187 0
1189 0
1191 0
1193 0
1195 0
1197 0
1199 0
1201 0
1203 0
1205 0
1207 0
1209 0
1211 0
1213 0
1215 0
1217 0
1219 0
1221 0
1223 0
1225 0
1227 0
1229 0
1231 0
1233 0
1235 0
1237 0
1239 0
1241 0
1243 0
1245 0
1247 0
1249 0
1251 0
1253 0
1255 0
1257 0
1259 0
1261 0
1263 0
1265 0
1267 0
1269 0
1271 0
1273 0
1275 0
1277 0
1279 0
1281 0
1283 0
1285 0
1287 0
1289 0
1291 0
1293 0
1295 0
1297 0
1299 0
1301 0
1303 0
1305 0
1307 0
1309 0
1311 0
1313 0
1315 0
1317 0
1319 0
1321 0
1323 0
1325 0
1327 0
1329 0
1331 0
1333 0
1335 0
1337 0
1339 0
1341 0
1343 0
1345 0
1347 0
1349 0
1351 0
1353 0
1355 0
1357 0
1359 0
1361 0
1363 0
1365 0
1367 0
1369 0
1371 0
1373 0
1375 0
1377 0
1379 0
1381 0
1383 0
1385 0
1387 0
1389 0
1391 0
1393 0
1395 0
1397 0
1399 0
1401 0
1403 0
1405 0
1407 0
1409 0
1411 0
1413 0
1415 0
1417 0
1419 0
1421 0
1423 0
1425 0
1427 0
1429 0
1431 0
1433 0
1435 0
1437 0
1439 0
1441 0
1443 0
1445 0
1447 0
1449 0
1451 0
1453 0
1455 0
1457 0
1459 0
1461 0
1463 0
1465 0
1467 0
1469 0
1471 0
1473 0
1475 0
1477 0
1479 0
1481 0
1483 0
1485 0
1487 0
1489 0
1491 0
1493 0
1495 0
1497 0
1499 0
1501 0
1503 0
1505 0
1507 0
1509 0
1511 0
1513 0
1515 0
1517 0
1519 0
1521 0
1523 0
1525 0
1527 0
1529 0
1531 0
1533 0
1535 0
1537 0
1539 0
1541 0
1543 0
1545 0
1547 0
1549 0
1551 0
1553 0
1555 0
1557 0
1559 0
1561 0
1563 0
1565 0
1567 0
1569 0
1571 0
1573 0
1575 0
1577 0
1579 0
1581 0
1583 0
1585 0
1587 0
1589 0
1591 0
1593 0
1595 0
1597 0
1599 0
1601 0
1603 0
1605 0
1607 0
1609 0
1611 0
1613 0
1615 0
1617 0
1619 0
1621 0
1623 0
1625 0
1627 0
1629 0
1631 0
1633 0
1635 0
1637 0
1639 0
1641 0
1643 0
1645 0
1647 0
1649 0
1651 0
1653 0
1655 0
1657 0
1659 0
1661 0
1663 0
1665 0
1667 0
1669 0
1671 0
1673 0
1675 0
1677 0
1679 0
1681 0
1683 0
1685 0
1687 0
1689 0
1691 0
1693 0
1695 0
1697 0
1699 0
1701 0
1703 0
1705 0
1707 0
1709 0
1711 0
1713 0
1715 0
1717 0
1719 0
1721 0
1723 0
1725 0
1727 0
1729 0
1731 0
1733 0
1735 0
1737 0
1739 0
1741 0
1743 0
1745 0
1747 0
1749 0
1751 0
1753 0
1755 0
1757 0
1759 0
1761 0
1763 0
1765 0
1767 0
1769 0
1771 0
1773 0
1775 0
1777 0
1779 0
1781 0
1783 0
1785 0
1787 0
1789 0
1791 0
1793 0
1795 0
1797 0
1799 0
1801 0
1803 0
1805 0
1807 0
1809 0
1811 0
1813 0
1815 0
1817 0
1819 0
1821 0
1823 0
1825 0
1827 0
1829 0
1831 0
1833 0
1835 0
1837 0
1839 0
1841 0
1843 0
1845 0
1847 0
1849 0
1851 0
1853 0
1855 0
1857 0
1859 0
1861 0
1863 0
1865 0
1867 0
1869 0
1871 0
1873 0
1875 0
1877 0
1879 0
1881 0
1883 0
1885 0
1887 0
1889 0
1891 0
1893 0
1895 0
1897 0
1899 0
1901 0
1903 0
1905 0
1907 0
1909 0
1911 0
1913 0
1915 0
1917 0
1919 0
1921 0
1923 0
1925 0
1927 0
1929 0
1931 0
1933 0
1935 0
1937 0
1939 0
1941 0
1943 0
1945 0
1947 0
1949 0
1951 0
1953 0
1955 0
1957 0
1959 0
1961 0
1963 0
1965 0
1967 0
1969 0
1971 0
1973 0
1975 0
1977 0
1979 0
1981 0
1983 0
1985 0
1987 0
1989 0
1991 0
1993 0
1995 0
1997 0
1999 0
