-10.2 0.000427456 1.25806e-05
-10.1 0.000427938 1.32908e-05
-10 0.000434257 1.33074e-05
-9.9 0.000416741 1.17027e-05
-9.8 0.000403583 1.34677e-05
-9.7 0.000411225 1.19851e-05
-9.6 0.00042504 1.28541e-05
-9.5 0.000424579 1.33824e-05
-9.4 0.000419447 1.30503e-05
-9.3 0.000392442 1.18068e-05
-9.2 0.000425243 1.12395e-05
-9.1 0.000462212 1.39339e-05
-9 0.000448042 1.24644e-05
-8.9 0.000448276 1.38256e-05
-8.8 0.000452563 1.18246e-05
-8.7 0.000464705 1.29068e-05
-8.6 0.000440361 1.24077e-05
-8.5 0.000435519 1.40606e-05
-8.4 0.000429614 1.31114e-05
-8.3 0.000440653 1.12241e-05
-8.2 0.000439893 1.2686e-05
-8.1 0.000436732 1.38558e-05
-8 0.000432862 1.38013e-05
-7.9 0.000422454 1.22492e-05
-7.8 0.00045658 1.25306e-05
-7.7 0.000450602 1.25732e-05
-7.6 0.000457433 1.39827e-05
-7.5 0.00044792 1.19638e-05
-7.4 0.000445853 1.13037e-05
-7.3 0.000453285 1.30086e-05
-7.2 0.000434922 1.27669e-05
-7.1 0.000463166 1.42939e-05
-7 0.000475389 1.36864e-05
-6.9 0.000448421 1.19568e-05
-6.8 0.000441255 1.35476e-05
-6.7 0.000457417 1.19985e-05
-6.6 0.000437329 1.18902e-05
-6.5 0.000445015 1.2788e-05
-6.4 0.000471382 1.42659e-05
-6.3 0.000442072 1.29754e-05
-6.2 0.000466489 1.48011e-05
-6.1 0.000461904 1.31567e-05
-6 0.000480783 1.18615e-05
-5.9 0.000459769 1.26416e-05
-5.8 0.000446578 1.3074e-05
-5.7 0.000446427 1.25982e-05
-5.6 0.000465698 1.31784e-05
-5.5 0.000456056 1.26721e-05
-5.4 0.000478255 1.37837e-05
-5.3 0.000477555 1.37489e-05
-5.2 0.00048465 1.50336e-05
-5.1 0.00046581 1.33547e-05
-5 0.000479085 1.40583e-05
-4.9 0.000473646 1.38725e-05
-4.8 0.000484908 1.42314e-05
-4.7 0.000466617 1.33007e-05
-4.6 0.000483278 1.27292e-05
-4.5 0.000476788 1.32115e-05
-4.4 0.000460877 1.16541e-05
-4.3 0.000484545 1.34024e-05
-4.2 0.00045537 1.13833e-05
-4.1 0.000460786 1.35577e-05
-4 0.00047269 1.38588e-05
-3.9 0.000472459 1.26464e-05
-3.8 0.00046479 1.25592e-05
-3.7 0.000462316 1.26458e-05
-3.6 0.000442827 1.3202e-05
-3.5 0.000477252 1.29247e-05
-3.4 0.000459729 1.43345e-05
-3.3 0.000471216 1.37365e-05
-3.2 0.000429406 1.28099e-05
-3.1 0.000450506 1.17515e-05
-3 0.000453441 1.19581e-05
-2.9 0.000447671 1.2155e-05
-2.8 0.00045789 1.20077e-05
-2.7 0.000465147 1.4449e-05
-2.6 0.000490986 1.43046e-05
-2.5 0.000470957 1.34865e-05
-2.4 0.000419598 1.18753e-05
-2.3 0.000460463 1.22785e-05
-2.2 0.000449884 1.29053e-05
-2.1 0.00045535 1.46242e-05
-2 0.000462795 1.40992e-05
-1.9 0.000451261 1.32822e-05
-1.8 0.000447711 1.19985e-05
-1.7 0.000453744 1.2973e-05
-1.6 0.00044113 1.38668e-05
-1.5 0.000437366 1.30733e-05
-1.4 0.000447899 1.29882e-05
-1.3 0.000435999 1.15677e-05
-1.2 0.000438282 1.27836e-05
-1.1 0.000457782 1.22304e-05
-1 0.00044929 1.3298e-05
-0.9 0.000447675 1.31088e-05
-0.8 0.000427763 1.35993e-05
-0.7 0.000425535 1.36161e-05
-0.6 0.000437914 1.41683e-05
-0.5 0.000447329 1.29139e-05
-0.4 0.000456839 1.08738e-05
-0.3 0.00042938 1.38306e-05
-0.2 0.000455107 1.26857e-05
-0.1 0.000420109 1.27078e-05
0 0.000423721 1.4403e-05
0.1 0.000431822 1.35833e-05
0.2 0.000412659 1.35343e-05
0.3 0.000440809 1.23451e-05
0.4 0.000449176 1.38863e-05
0.5 0.000441254 1.34971e-05
0.6 0.000437708 1.28028e-05
0.7 0.000424719 1.2475e-05
0.8 0.00041423 1.24113e-05
0.9 0.000411184 1.32609e-05
1 0.000414206 1.2049e-05
1.1 0.000444251 1.30778e-05
1.2 0.000443434 1.3575e-05
1.3 0.000409449 1.19147e-05
1.4 0.0004442 1.19176e-05
1.5 0.000438212 1.2737e-05
1.6 0.000406644 1.10831e-05
1.7 0.000402866 1.2896e-05
1.8 0.00039966 1.29998e-05
1.9 0.000422607 1.23545e-05
2 0.000414889 1.3671e-05
2.1 0.000417699 1.27209e-05
2.2 0.00042553 1.38354e-05
2.3 0.000427755 1.14945e-05
2.4 0.000415617 1.27329e-05
2.5 0.000405387 1.19872e-05
2.6 0.000421825 1.26653e-05
2.7 0.000411942 1.29347e-05
2.8 0.000405617 1.32899e-05
2.9 0.000408264 1.18888e-05
3 0.000412012 1.08025e-05
3.1 0.000402677 1.32048e-05
3.2 0.000399192 1.26688e-05
3.3 0.000403892 1.30877e-05
3.4 0.00040757 1.1939e-05
3.5 0.000397039 1.12793e-05
3.6 0.000412984 1.09204e-05
3.7 0.000390084 1.34289e-05
3.8 0.000380177 1.1628e-05
3.9 0.000397852 1.23459e-05
4 0.000384172 1.11321e-05
4.1 0.000379408 1.22651e-05
4.2 0.000357236 1.20136e-05
4.3 0.00033724 1.27534e-05
4.4 0.000325113 9.76034e-06
4.5 0.00031325 1.02242e-05
4.6 0.000322524 1.00468e-05
4.7 0.000304263 1.07922e-05
4.8 0.000248947 8.89641e-06
4.9 0.000193983 7.50242e-06
5 0.00017135 7.70258e-06
5.1 0.000121902 6.12959e-06
5.2 7.25651e-05 4.67409e-06
5.3 4.0028e-05 3.45164e-06
5.4 4.0535e-05 3.94841e-06
5.5 2.89743e-05 3.25017e-06
5.6 2.19847e-05 2.91175e-06
5.7 2.42971e-05 2.71772e-06
5.8 2.5339e-05 2.91756e-06
5.9 1.82171e-05 1.98097e-06
6 1.91907e-05 2.70437e-06
6.1 2.47407e-05 3.53682e-06
6.2 2.1392e-05 2.51141e-06
6.3 2.62777e-05 3.2197e-06
6.4 2.13381e-05 3.5613e-06
6.5 2.37536e-05 3.01153e-06
6.6 2.16388e-05 2.48156e-06
6.7 1.56219e-05 2.56826e-06
6.8 1.9334e-05 2.60284e-06
6.9 1.74065e-05 2.83849e-06
7 2.26979e-05 2.9107e-06
7.1 1.73148e-05 2.17817e-06
7.2 1.9246e-05 2.6825e-06
7.3 1.27102e-05 1.89615e-06
7.4 1.89983e-05 2.76431e-06
7.5 1.21974e-05 1.7399e-06
7.6 1.67458e-05 2.41189e-06
7.7 1.75383e-05 2.45359e-06
7.8 1.02852e-05 2.0418e-06
7.9 1.61276e-05 2.31543e-06
8 1.56313e-05 2.17867e-06
8.1 1.85854e-05 2.92749e-06
8.2 1.41772e-05 2.47592e-06
8.3 2.18523e-05 3.23249e-06
8.4 1.71563e-05 2.20423e-06
8.5 1.62925e-05 2.29346e-06
8.6 1.97076e-05 2.66092e-06
8.7 1.91657e-05 3.15283e-06
8.8 1.88244e-05 2.59552e-06
8.9 1.68633e-05 2.41465e-06
9 1.5223e-05 2.2151e-06
9.1 1.57025e-05 2.11075e-06
9.2 1.77942e-05 2.58353e-06
9.3 1.69742e-05 2.22134e-06
9.4 1.80147e-05 2.78783e-06
9.5 1.38174e-05 2.22192e-06
9.6 1.84188e-05 2.36967e-06
9.7 1.65096e-05 2.48955e-06
9.8 1.49418e-05 2.30807e-06
9.9 1.85849e-05 2.67161e-06
10 1.39762e-05 2.23101e-06
10.1 1.24896e-05 2.14681e-06
10.2 1.46063e-05 2.59038e-06
