-10.2 6.09593
-10.1 6.10559
-10 6.13116
-9.9 6.15734
-9.8 6.17566
-9.7 6.20761
-9.6 6.22964
-9.5 6.25188
-9.4 6.28046
-9.3 6.30199
-9.2 6.3316
-9.1 6.35941
-9 6.38433
-8.9 6.41946
-8.8 6.4478
-8.7 6.4808
-8.6 6.51342
-8.5 6.54263
-8.4 6.57673
-8.3 6.60384
-8.2 6.64507
-8.1 6.68362
-8 6.72178
-7.9 6.76321
-7.8 6.7974
-7.7 6.83872
-7.6 6.87912
-7.5 6.92291
-7.4 6.96745
-7.3 7.00781
-7.2 7.05341
-7.1 7.10109
-7 7.15055
-6.9 7.20531
-6.8 7.26175
-6.7 7.31928
-6.6 7.37877
-6.5 7.43746
-6.4 7.50619
-6.3 7.57184
-6.2 7.64273
-6.1 7.71834
-6 7.79885
-5.9 7.89671
-5.8 7.98809
-5.7 8.10414
-5.6 8.22518
-5.5 8.36575
-5.4 8.53371
-5.3 8.74759
-5.2 9.04647
-5.1 9.78831
-5 10.7655
-4.9 12.2424
-4.8 12.722
-4.7 14.8605
-4.6 12.3755
-4.5 13.5292
-4.4 16.2222
-4.3 14.7583
-4.2 12.5726
-4.1 13.8835
-4 12.6042
-3.9 13.2401
-3.8 13.5956
-3.7 15.0128
-3.6 14.3187
-3.5 13.1317
-3.4 15.4259
-3.3 14.4281
-3.2 15.8838
-3.1 15.0381
-3 15.334
-2.9 13.5847
-2.8 14.764
-2.7 15.4425
-2.6 16.3473
-2.5 16.4566
-2.4 16.5549
-2.3 15.0356
-2.2 16.2141
-2.1 15.9646
-2 15.5022
-1.9 15.3282
-1.8 15.2832
-1.7 14.7764
-1.6 16.6948
-1.5 16.0609
-1.4 15.8472
-1.3 17.0187
-1.2 15.8021
-1.1 17.3455
-1 18.2178
-0.9 16.0028
-0.8 17.8135
-0.7 15.7284
-0.6 19.1882
-0.5 14.9003
-0.4 15.7211
-0.3 18.5756
-0.2 18.7926
-0.1 18.1301
0 16.662
0.1 19.6582
0.2 20.2958
0.3 20.6314
0.4 19.381
0.5 18.7189
0.6 21.2618
0.7 19.2481
0.8 21.444
0.9 21.3677
1 17.7083
1.1 21.8868
1.2 20.4646
1.3 20.5452
1.4 20.9411
1.5 21.6395
1.6 22.3917
1.7 22.9559
1.8 22.4213
1.9 23.7303
2 20.678
2.1 21.9318
2.2 24.3216
2.3 25.6595
2.4 28.4926
2.5 24.6649
2.6 23.2994
2.7 25.9133
2.8 27.5395
2.9 30.1391
3 26.8156
3.1 28.6463
3.2 29.1553
3.3 27.4497
3.4 30.7323
3.5 35.4492
3.6 34.2705
3.7 31.7768
3.8 33.2328
3.9 35.7287
4 39.6362
4.1 40.6584
4.2 39.4709
4.3 38.4795
4.4 38.9486
4.5 40.6688
4.6 47.2185
4.7 52.2765
4.8 58.2886
4.9 67.2952
5 84.091
5.1 98.9311
5.2 119.243
5.3 114.375
5.4 128.562
5.5 137.886
5.6 148.703
5.7 170.222
5.8 203.049
5.9 0
6 0
6.1 0
6.2 0
6.3 0
6.4 0
6.5 0
6.6 0
6.7 0
6.8 0
6.9 0
7 0
7.1 0
7.2 0
7.3 0
7.4 0
7.5 0
7.6 0
7.7 0
7.8 0
7.9 0
8 0
8.1 0
8.2 0
8.3 0
8.4 0
8.5 0
8.6 0
8.7 0
8.8 0
8.9 0
9 0
9.1 0
9.2 0
9.3 0
9.4 0
9.5 0
9.6 0
9.7 0
9.8 0
9.9 0
10 0
10.1 0
10.2 0
