-10.2 6.0449
-10.1 6.12671
-10 6.22446
-9.9 6.16945
-9.8 6.28232
-9.7 6.28607
-9.6 6.37897
-9.5 6.46955
-9.4 6.73533
-9.3 6.54149
-9.2 6.56049
-9.1 6.50697
-9 6.51551
-8.9 6.58608
-8.8 6.49067
-8.7 6.64914
-8.6 6.57711
-8.5 6.6042
-8.4 6.71958
-8.3 6.81163
-8.2 6.81706
-8.1 6.97535
-8 6.90781
-7.9 7.01489
-7.8 6.9523
-7.7 6.81408
-7.6 7.0694
-7.5 7.03146
-7.4 7.03041
-7.3 7.00715
-7.2 7.14921
-7.1 7.09539
-7 7.26284
-6.9 7.2093
-6.8 7.30247
-6.7 7.35418
-6.6 7.46486
-6.5 7.56625
-6.4 7.50809
-6.3 7.55239
-6.2 7.55854
-6.1 7.57491
-6 7.81888
-5.9 7.68485
-5.8 7.87763
-5.7 7.92215
-5.6 7.92187
-5.5 7.98772
-5.4 7.9044
-5.3 8.2161
-5.2 8.32324
-5.1 8.4381
-5 8.39609
-4.9 8.68568
-4.8 8.58328
-4.7 8.65587
-4.6 8.61961
-4.5 8.854
-4.4 8.89425
-4.3 8.7765
-4.2 8.81449
-4.1 8.7584
-4 8.88674
-3.9 9.13171
-3.8 9.22292
-3.7 9.18905
-3.6 9.48107
-3.5 9.33541
-3.4 9.5607
-3.3 9.44684
-3.2 9.55352
-3.1 9.77875
-3 9.54314
-2.9 9.4472
-2.8 9.49713
-2.7 9.65669
-2.6 9.58789
-2.5 9.72149
-2.4 9.69773
-2.3 9.73687
-2.2 9.86763
-2.1 9.74262
-2 9.97962
-1.9 10.0255
-1.8 10.0476
-1.7 10.2769
-1.6 10.1498
-1.5 10.2862
-1.4 10.2158
-1.3 10.3444
-1.2 10.4249
-1.1 10.5338
-1 10.691
-0.9 10.6855
-0.8 10.8498
-0.7 10.8577
-0.6 10.9635
-0.5 10.8674
-0.4 11.4561
-0.3 11.7889
-0.2 11.5591
-0.1 11.5531
0 11.7151
0.1 12.0168
0.2 11.9148
0.3 12.096
0.4 11.9489
0.5 12.2709
0.6 12.245
0.7 12.3272
0.8 12.5043
0.9 12.8051
1 12.6377
1.1 12.726
1.2 12.9803
1.3 12.988
1.4 13.1233
1.5 13.1682
1.6 13.6644
1.7 13.6818
1.8 13.8179
1.9 13.8597
2 13.8921
2.1 14.4613
2.2 14.7546
2.3 15.2841
2.4 15.3909
2.5 15.1087
2.6 15.431
2.7 16.0142
2.8 16.5353
2.9 16.8626
3 16.6164
3.1 17.2605
3.2 17.4896
3.3 17.7946
3.4 18.7087
3.5 19.4451
3.6 19.4654
3.7 19.8081
3.8 20.3991
3.9 21.0798
4 21.7807
4.1 22.6409
4.2 22.5224
4.3 23.2456
4.4 24.3105
4.5 25.73
4.6 27.9379
4.7 30.0182
4.8 31.846
4.9 35.9117
5 42.5158
5.1 48.2185
5.2 57.3508
5.3 63.3254
5.4 69.3111
5.5 74.7316
5.6 78.2065
5.7 90.234
5.8 180.503
5.9 0
6 2462.9
6.1 447.098
6.2 24.6189
6.3 123.758
6.4 503.869
6.5 0
6.6 253.431
6.7 25.5465
6.8 28.8761
6.9 33.9949
7 44.3801
7.1 95.5078
7.2 1695.67
7.3 0
7.4 0
7.5 0
7.6 0
7.7 0
7.8 0
7.9 0.125071
8 0.131908
8.1 2566.5
8.2 0
8.3 0
8.4 801.462
8.5 1224.87
8.6 46.395
8.7 36.7817
8.8 52.2163
8.9 124.38
9 0
9.1 0
9.2 3418.62
9.3 0
9.4 1595.37
9.5 53.0296
9.6 92.8052
9.7 0
9.8 0
9.9 0
10 41.2746
10.1 78.9814
10.2 0.129173
