-10.2 0.0690415 3.17022e-05
-10.1 0.0695504 3.37184e-05
-10 0.0700889 3.21754e-05
-9.9 0.0705592 3.36294e-05
-9.8 0.0708348 3.42133e-05
-9.7 0.0713148 3.79314e-05
-9.6 0.0716375 3.52602e-05
-9.5 0.0719216 3.56082e-05
-9.4 0.0723692 3.92418e-05
-9.3 0.0725872 3.646e-05
-9.2 0.0729465 3.51187e-05
-9.1 0.0732034 3.6564e-05
-9 0.0734605 3.63484e-05
-8.9 0.0738521 3.67407e-05
-8.8 0.0740708 3.73018e-05
-8.7 0.074385 4.06008e-05
-8.6 0.0746229 3.69987e-05
-8.5 0.0748487 3.85852e-05
-8.4 0.075269 3.68105e-05
-8.3 0.0754759 3.95932e-05
-8.2 0.0757575 3.62294e-05
-8.1 0.076089 3.75934e-05
-8 0.0763312 3.852e-05
-7.9 0.0766782 4.0419e-05
-7.8 0.0769171 3.82735e-05
-7.7 0.0772466 4.04835e-05
-7.6 0.0774736 4.44963e-05
-7.5 0.0778332 4.22975e-05
-7.4 0.0781036 3.99603e-05
-7.3 0.0783492 4.28368e-05
-7.2 0.0786561 4.1615e-05
-7.1 0.0789446 4.44159e-05
-7 0.0793048 4.19922e-05
-6.9 0.0796217 3.99065e-05
-6.8 0.0799948 4.08993e-05
-6.7 0.0802756 3.75899e-05
-6.6 0.0806172 4.02659e-05
-6.5 0.080958 4.13613e-05
-6.4 0.0813763 4.04893e-05
-6.3 0.0816964 3.75826e-05
-6.2 0.0821 4.3497e-05
-6.1 0.0824827 4.13128e-05
-6 0.0829089 4.02293e-05
-5.9 0.0833016 4.53318e-05
-5.8 0.083749 4.23968e-05
-5.7 0.0841802 4.16869e-05
-5.6 0.08476 3.98515e-05
-5.5 0.0852821 4.50119e-05
-5.4 0.0858886 4.28849e-05
-5.3 0.0865251 4.66585e-05
-5.2 0.0872733 4.72297e-05
-5.1 0.0880887 4.79804e-05
-5 0.0890914 5.43613e-05
-4.9 0.0902679 5.31939e-05
-4.8 0.0912408 5.26136e-05
-4.7 0.0915654 5.58858e-05
-4.6 0.0914702 5.36385e-05
-4.5 0.0914654 5.07429e-05
-4.4 0.0915207 5.29743e-05
-4.3 0.0915269 5.23991e-05
-4.2 0.0912539 5.50087e-05
-4.1 0.0911693 5.37075e-05
-4 0.0912823 5.3192e-05
-3.9 0.09127 5.69575e-05
-3.8 0.0910957 5.32022e-05
-3.7 0.0908783 5.49954e-05
-3.6 0.0909873 5.40626e-05
-3.5 0.0911001 5.30918e-05
-3.4 0.0908721 5.74199e-05
-3.3 0.0907414 5.55273e-05
-3.2 0.090801 4.99741e-05
-3.1 0.0908809 5.29757e-05
-3 0.0906857 5.11427e-05
-2.9 0.0905942 5.35622e-05
-2.8 0.0905959 5.00845e-05
-2.7 0.0906762 5.93e-05
-2.6 0.0906236 5.67015e-05
-2.5 0.0904064 5.35771e-05
-2.4 0.0903291 5.62628e-05
-2.3 0.0904701 5.812e-05
-2.2 0.0905414 5.94183e-05
-2.1 0.0903686 5.15911e-05
-2 0.0901658 5.85698e-05
-1.9 0.0902441 5.41541e-05
-1.8 0.0904366 5.69767e-05
-1.7 0.0904175 5.64948e-05
-1.6 0.0902021 5.64875e-05
-1.5 0.0900887 5.78263e-05
-1.4 0.0902866 6.0186e-05
-1.3 0.0904871 6.25614e-05
-1.2 0.0904184 6.02228e-05
-1.1 0.0901607 6.0597e-05
-1 0.0901331 5.28584e-05
-0.9 0.0903807 5.53337e-05
-0.8 0.0906001 5.34481e-05
-0.7 0.0905014 5.77077e-05
-0.6 0.0902507 5.39523e-05
-0.5 0.0903185 5.37667e-05
-0.4 0.0906125 5.54478e-05
-0.3 0.0907873 5.52156e-05
-0.2 0.0906521 5.65374e-05
-0.1 0.0904149 5.77275e-05
0 0.0905535 5.0895e-05
0.1 0.0908353 5.48238e-05
0.2 0.0910395 5.5151e-05
0.3 0.0909067 5.58566e-05
0.4 0.0906238 5.18924e-05
0.5 0.090723 5.34689e-05
0.6 0.0911576 5.37326e-05
0.7 0.0914515 5.77678e-05
0.8 0.0913199 5.9735e-05
0.9 0.0910275 5.7645e-05
1 0.091015 6.12455e-05
1.1 0.0914983 6.29205e-05
1.2 0.091937 6.16962e-05
1.3 0.0918668 5.84367e-05
1.4 0.0914634 6.2981e-05
1.5 0.0913314 6.07177e-05
1.6 0.0917075 5.94955e-05
1.7 0.0922187 6.36933e-05
1.8 0.092335 6.44441e-05
1.9 0.0919585 6.4165e-05
2 0.0916307 6.55856e-05
2.1 0.0918718 6.27287e-05
2.2 0.0925546 6.06839e-05
2.3 0.0928938 6.11996e-05
2.4 0.0925878 6.3614e-05
2.5 0.0920552 6.70968e-05
2.6 0.0919699 6.67585e-05
2.7 0.092656 6.5535e-05
2.8 0.0932608 6.79376e-05
2.9 0.0931705 6.64938e-05
3 0.0924051 6.65529e-05
3.1 0.0918573 7.10134e-05
3.2 0.0921454 6.8371e-05
3.3 0.0930608 6.48197e-05
3.4 0.0935078 7.28273e-05
3.5 0.0928974 7.37423e-05
3.6 0.0918852 7.12366e-05
3.7 0.0914762 7.63094e-05
3.8 0.0921618 7.1731e-05
3.9 0.0931518 7.20123e-05
4 0.0930975 7.74218e-05
4.1 0.0917827 7.26366e-05
4.2 0.0902679 7.25807e-05
4.3 0.0898887 7.79711e-05
4.4 0.0910974 8.54914e-05
4.5 0.0926784 8.01276e-05
4.6 0.093957 9.07342e-05
4.7 0.0959382 8.99811e-05
4.8 0.0912633 9.19734e-05
4.9 0.0945567 9.88402e-05
5 0.0944208 9.9937e-05
5.1 0.0858075 0.000101013
5.2 0.0669783 8.16816e-05
5.3 0.0439284 7.67551e-05
5.4 0.0248685 6.19607e-05
5.5 0.0117383 3.83889e-05
5.6 0.00459649 2.40162e-05
5.7 0.00151183 1.2806e-05
5.8 0.000463762 7.22334e-06
5.9 0.000194109 5.71593e-06
6 0.000125229 3.82524e-06
6.1 0.00012079 3.66063e-06
6.2 0.000116383 2.8949e-06
6.3 0.000111765 3.9093e-06
6.4 0.000113227 3.92025e-06
6.5 0.000115575 3.91786e-06
6.6 0.000108234 3.60274e-06
6.7 0.000112424 3.67594e-06
6.8 0.00010375 3.2497e-06
6.9 0.000110809 4.16585e-06
7 0.000111554 3.88116e-06
7.1 0.000111787 3.50274e-06
7.2 0.000105791 3.16366e-06
7.3 0.000106701 3.08096e-06
7.4 0.000100754 2.9336e-06
7.5 0.000103098 3.64013e-06
7.6 0.000100052 3.54382e-06
7.7 9.74979e-05 3.37569e-06
7.8 9.81063e-05 3.25788e-06
7.9 8.9802e-05 3.35243e-06
8 9.27087e-05 3.0469e-06
8.1 9.49682e-05 2.9251e-06
8.2 9.0145e-05 3.2239e-06
8.3 8.99742e-05 3.31505e-06
8.4 9.08046e-05 3.07638e-06
8.5 8.98571e-05 2.96812e-06
8.6 9.0282e-05 3.31839e-06
8.7 8.48015e-05 3.13855e-06
8.8 8.45419e-05 3.31556e-06
8.9 8.50624e-05 3.11879e-06
9 8.31358e-05 3.31719e-06
9.1 8.22432e-05 3.2541e-06
9.2 7.92779e-05 2.82163e-06
9.3 8.31295e-05 2.89548e-06
9.4 8.42519e-05 3.29001e-06
9.5 8.32559e-05 3.04462e-06
9.6 8.1999e-05 3.30565e-06
9.7 7.96688e-05 2.7715e-06
9.8 7.73864e-05 3.49942e-06
9.9 7.54295e-05 2.86315e-06
10 7.60595e-05 3.37077e-06
10.1 7.57115e-05 2.84557e-06
10.2 7.56867e-05 3.34072e-06
