-10.2 0
-10.1 3.22001e-08
-10 1.3785e-08
-9.9 0
-9.8 1.068e-06
-9.7 0
-9.6 0
-9.5 0
-9.4 1.83729e-06
-9.3 3.20774e-06
-9.2 9.05547e-07
-9.1 0
-9 3.79998e-07
-8.9 0
-8.8 0
-8.7 0
-8.6 0
-8.5 0
-8.4 0
-8.3 9.74831e-07
-8.2 0
-8.1 7.76395e-08
-8 4.39477e-07
-7.9 0
-7.8 0
-7.7 0
-7.6 5.50498e-07
-7.5 4.68634e-07
-7.4 0
-7.3 0
-7.2 0
-7.1 0
-7 0
-6.9 2.84512e-08
-6.8 0
-6.7 0
-6.6 0
-6.5 0
-6.4 0
-6.3 8.87248e-08
-6.2 0
-6.1 0
-6 0
-5.9 0
-5.8 0
-5.7 2.55242e-08
-5.6 0
-5.5 0
-5.4 0
-5.3 1.61799e-06
-5.2 4.51055e-07
-5.1 2.22631e-06
-5 0
-4.9 0
-4.8 0
-4.7 0
-4.6 1.45215e-07
-4.5 1.45271e-07
-4.4 0
-4.3 0
-4.2 0
-4.1 0
-4 0
-3.9 5.30617e-07
-3.8 3.01243e-07
-3.7 0
-3.6 1.56791e-06
-3.5 0
-3.4 0
-3.3 0
-3.2 0
-3.1 1.6947e-06
-3 0
-2.9 0
-2.8 1.19535e-07
-2.7 0
-2.6 0
-2.5 3.26068e-07
-2.4 0
-2.3 4.66217e-07
-2.2 0
-2.1 0
-2 0
-1.9 1.73148e-07
-1.8 0
-1.7 1.93865e-07
-1.6 0
-1.5 0
-1.4 0
-1.3 0
-1.2 0
-1.1 0
-1 4.30235e-07
-0.9 0
-0.8 0
-0.7 0
-0.6 0
-0.5 0
-0.4 0
-0.3 1.32145e-07
-0.2 4.09977e-07
-0.1 0
0 0
0.1 0
0.2 0
0.3 8.04648e-07
0.4 0
0.5 0
0.6 0
0.7 0
0.8 0
0.9 9.42353e-07
1 2.49917e-07
1.1 0
1.2 0
1.3 0
1.4 0
1.5 0
1.6 0
1.7 0
1.8 1.05528e-06
1.9 0
2 0
2.1 0
2.2 0
2.3 1.75702e-07
2.4 4.85131e-07
2.5 0
2.6 0
2.7 0
2.8 0
2.9 0
3 4.99236e-08
3.1 0
3.2 0
3.3 0
3.4 0
3.5 0
3.6 0
3.7 0
3.8 0
3.9 0
4 0
4.1 0
4.2 0
4.3 0
4.4 0
4.5 0
4.6 0
4.7 0
4.8 0
4.9 0
5 0
5.1 0
5.2 0
5.3 0
5.4 0
5.5 0
5.6 0
5.7 0
5.8 0
5.9 0
6 0
6.1 0
6.2 0
6.3 0
6.4 0
6.5 0
6.6 0
6.7 0
6.8 0
6.9 0
7 0
7.1 0
7.2 0
7.3 0
7.4 0
7.5 0
7.6 0
7.7 0
7.8 0
7.9 0
8 0
8.1 0
8.2 0
8.3 0
8.4 0
8.5 0
8.6 0
8.7 0
8.8 0
8.9 0
9 0
9.1 0
9.2 0
9.3 0
9.4 0
9.5 0
9.6 0
9.7 0
9.8 0
9.9 0
10 0
10.1 0
10.2 0
