-10.2 0.0667033
-10.1 0.0666389
-10 0.0667719
-9.9 0.066807
-9.8 0.0668646
-9.7 0.0670262
-9.6 0.0671371
-9.5 0.0669938
-9.4 0.0672164
-9.3 0.067298
-9.2 0.0675382
-9.1 0.0678049
-9 0.0678862
-8.9 0.0678784
-8.8 0.0680109
-8.7 0.0683197
-8.6 0.0685438
-8.5 0.0686405
-8.4 0.0688367
-8.3 0.0688741
-8.2 0.0690498
-8.1 0.0693874
-8 0.0693915
-7.9 0.0695102
-7.8 0.0696437
-7.7 0.0700776
-7.6 0.0703164
-7.5 0.0703258
-7.4 0.0704712
-7.3 0.0706734
-7.2 0.0709837
-7.1 0.0712284
-7 0.0714219
-6.9 0.0716171
-6.8 0.0717671
-6.7 0.0720056
-6.6 0.0723057
-6.5 0.0724987
-6.4 0.0729201
-6.3 0.0730675
-6.2 0.0734477
-6.1 0.0737319
-6 0.0740702
-5.9 0.07451
-5.8 0.0751085
-5.7 0.0756553
-5.6 0.0760382
-5.5 0.0765318
-5.4 0.0773554
-5.3 0.0777955
-5.2 0.0785762
-5.1 0.079578
-5 0.0805238
-4.9 0.0815819
-4.8 0.0821399
-4.7 0.0826664
-4.6 0.0813982
-4.5 0.0821231
-4.4 0.0825011
-4.3 0.081068
-4.2 0.0802684
-4.1 0.0808634
-4 0.0808313
-3.9 0.0814185
-3.8 0.0816896
-3.7 0.0823673
-3.6 0.0816423
-3.5 0.081481
-3.4 0.082728
-3.3 0.0818135
-3.2 0.082309
-3.1 0.0825843
-3 0.0818868
-2.9 0.0813985
-2.8 0.0824883
-2.7 0.082993
-2.6 0.0834391
-2.5 0.0833532
-2.4 0.083174
-2.3 0.082804
-2.2 0.083129
-2.1 0.0826679
-2 0.0820971
-1.9 0.0820288
-1.8 0.0822601
-1.7 0.0824308
-1.6 0.0829047
-1.5 0.0824115
-1.4 0.0827454
-1.3 0.0832014
-1.2 0.0824172
-1.1 0.0835136
-1 0.0838007
-0.9 0.0822514
-0.8 0.0828821
-0.7 0.0824127
-0.6 0.0837678
-0.5 0.0820217
-0.4 0.0830313
-0.3 0.084358
-0.2 0.0836534
-0.1 0.0836455
0 0.0833417
0.1 0.085035
0.2 0.0845488
0.3 0.0847325
0.4 0.0838723
0.5 0.0845826
0.6 0.0850124
0.7 0.0844497
0.8 0.0855995
0.9 0.0841578
1 0.0831596
1.1 0.0855577
1.2 0.0844422
1.3 0.0844326
1.4 0.0847279
1.5 0.0856526
1.6 0.0859925
1.7 0.0855466
1.8 0.0856086
1.9 0.0858024
2 0.0845674
2.1 0.0866305
2.2 0.0880296
2.3 0.0888694
2.4 0.0886745
2.5 0.0860352
2.6 0.0862651
2.7 0.088319
2.8 0.0895046
2.9 0.089758
3 0.0875932
3.1 0.0891471
3.2 0.0889145
3.3 0.0882472
3.4 0.0907306
3.5 0.091548
3.6 0.0891305
3.7 0.088101
3.8 0.089469
3.9 0.0902759
4 0.0906921
4.1 0.0897017
4.2 0.0858358
4.3 0.0846102
4.4 0.0853068
4.5 0.0872919
4.6 0.089263
4.7 0.0921049
4.8 0.0866759
4.9 0.0885124
5 0.0898004
5.1 0.0790407
5.2 0.0637155
5.3 0.0427793
5.4 0.0229745
5.5 0.0112173
5.6 0.00406511
5.7 0.00159914
5.8 0.000222066
5.9 0
6 0
6.1 0
6.2 0
6.3 0
6.4 0
6.5 0
6.6 0
6.7 0
6.8 0
6.9 0
7 0
7.1 0
7.2 0
7.3 0
7.4 0
7.5 0
7.6 0
7.7 0
7.8 0
7.9 0
8 0
8.1 0
8.2 0
8.3 0
8.4 0
8.5 0
8.6 0
8.7 0
8.8 0
8.9 0
9 0
9.1 0
9.2 0
9.3 0
9.4 0
9.5 0
9.6 0
9.7 0
9.8 0
9.9 0
10 0
10.1 0
10.2 0
