-10.2 21.5249
-10.1 50.4942
-10 32.9782
-9.9 13.7178
-9.8 32.3329
-9.7 24.6853
-9.6 57.3129
-9.5 34.5527
-9.4 47.3756
-9.3 31.41
-9.2 57.0996
-9.1 47.2174
-9 25.0407
-8.9 31.3269
-8.8 23.9304
-8.7 43.733
-8.6 13.7821
-8.5 19.0459
-8.4 43.8164
-8.3 31.0899
-8.2 22.1066
-8.1 39.5048
-8 22.3804
-7.9 37.4569
-7.8 29.9881
-7.7 13.1289
-7.6 36.1756
-7.5 38.8237
-7.4 17.7829
-7.3 19.0775
-7.2 36.3613
-7.1 14.8341
-7 30.3015
-6.9 20.9265
-6.8 34.286
-6.7 17.4678
-6.6 27.4297
-6.5 30.9338
-6.4 44.3675
-6.3 19.881
-6.2 40.2802
-6.1 32.0014
-6 38.0497
-5.9 18.5619
-5.8 36.8034
-5.7 33.1559
-5.6 51.28
-5.5 21.5412
-5.4 14.5305
-5.3 50.8642
-5.2 47.41
-5.1 21.5222
-5 22.7735
-4.9 55.7819
-4.8 34.0174
-4.7 24.5001
-4.6 29.0921
-4.5 44.7567
-4.4 31.078
-4.3 55.4393
-4.2 51.7979
-4.1 39.9779
-4 46.1776
-3.9 58.2069
-3.8 41.1905
-3.7 52.2246
-3.6 59.7956
-3.5 58.2661
-3.4 60.8165
-3.3 45.3977
-3.2 77.6312
-3.1 93.8603
-3 44.5904
-2.9 37.1051
-2.8 32.3671
-2.7 57.89
-2.6 26.5944
-2.5 41.5185
-2.4 24.0839
-2.3 45.3035
-2.2 88.8847
-2.1 41.3431
-2 52.9207
-1.9 62.2738
-1.8 28.2491
-1.7 46.0171
-1.6 32.6052
-1.5 62.9214
-1.4 38.587
-1.3 54.5178
-1.2 26.7128
-1.1 31.7261
-1 35.3036
-0.9 30.9323
-0.8 37.9952
-0.7 45.4389
-0.6 29.3279
-0.5 19.9951
-0.4 66.2126
-0.3 52.3825
-0.2 28.7856
-0.1 46.6639
0 43.6187
0.1 52.8083
0.2 67.565
0.3 63.4272
0.4 43.0459
0.5 39.4858
0.6 40.8533
0.7 64.2026
0.8 34.0907
0.9 54.6819
1 52.7629
1.1 50.3798
1.2 49.3689
1.3 32.5651
1.4 28.473
1.5 25.9097
1.6 41.5
1.7 40.6689
1.8 48.1252
1.9 34.5971
2 35.5434
2.1 47.6761
2.2 35.9965
2.3 52.5188
2.4 37.579
2.5 41.5634
2.6 41.3836
2.7 51.1533
2.8 51.0395
2.9 62.8908
3 55.9643
3.1 67.6943
3.2 47.0285
3.3 56.3097
3.4 64.9808
3.5 60.7471
3.6 45.4345
3.7 68.3602
3.8 61.8256
3.9 54.957
4 46.4599
4.1 78.6269
4.2 42.6355
4.3 48.8618
4.4 40.5936
4.5 41.2064
4.6 55.2865
4.7 56.265
4.8 55.9861
4.9 60.866
5 77.8266
5.1 86.8649
5.2 133.934
5.3 110.653
5.4 125.089
5.5 131.222
5.6 143.077
5.7 160.903
5.8 721.547
5.9 0
6 2997.4
6.1 2978.75
6.2 24.6033
6.3 181.4
6.4 5798.75
6.5 0
6.6 1666.97
6.7 25.5902
6.8 28.8298
6.9 34.1009
7 44.8063
7.1 145.796
7.2 1831.76
7.3 0
7.4 0
7.5 0
7.6 0
7.7 0
7.8 0
7.9 0.125071
8 0.131908
8.1 3194.15
8.2 0
8.3 0
8.4 1026.41
8.5 1372.45
8.6 801.207
8.7 36.9901
8.8 53.2776
8.9 180.672
9 0
9.1 0
9.2 4211.4
9.3 0
9.4 1717.72
9.5 343.706
9.6 142.538
9.7 0
9.8 0
9.9 0
10 41.2976
10.1 125.546
10.2 0.129173
