-10.2 0.0680333
-10.1 0.0691403
-10 0.070142
-9.9 0.069384
-9.8 0.0706372
-9.7 0.0707045
-9.6 0.071714
-9.5 0.0726883
-9.4 0.0757677
-9.3 0.073286
-9.2 0.0736428
-9.1 0.0727299
-9 0.0728171
-8.9 0.0731284
-8.8 0.0720478
-8.7 0.0740519
-8.6 0.0731705
-8.5 0.0736833
-8.4 0.0747144
-8.3 0.0755426
-8.2 0.0755036
-8.1 0.0774534
-8 0.0763856
-7.9 0.077411
-7.8 0.0763558
-7.7 0.0744649
-7.6 0.0778164
-7.5 0.0766476
-7.4 0.0765775
-7.3 0.0760115
-7.2 0.0777648
-7.1 0.0769169
-7 0.0785093
-6.9 0.0779706
-6.8 0.0784684
-6.7 0.0789652
-6.6 0.079884
-6.5 0.0807596
-6.4 0.0797325
-6.3 0.0800777
-6.2 0.0799427
-6.1 0.0799608
-6 0.0826878
-5.9 0.0811508
-5.8 0.0834275
-5.7 0.0836314
-5.6 0.083346
-5.5 0.0841325
-5.4 0.0826746
-5.3 0.0858741
-5.2 0.0865986
-5.1 0.0878027
-5 0.0869386
-4.9 0.0898159
-4.8 0.0879786
-4.7 0.0885187
-4.6 0.0876402
-4.5 0.0896335
-4.4 0.0892533
-4.3 0.087402
-4.2 0.0876285
-4.1 0.0872429
-4 0.0880539
-3.9 0.0902299
-3.8 0.0908913
-3.7 0.0902966
-3.6 0.0928906
-3.5 0.0909122
-3.4 0.0929324
-3.3 0.0910562
-3.2 0.0921272
-3.1 0.0941001
-3 0.0907382
-2.9 0.0890539
-2.8 0.0892262
-2.7 0.0906464
-2.6 0.0893922
-2.5 0.0902689
-2.4 0.0902819
-2.3 0.089482
-2.2 0.0904851
-2.1 0.0888366
-2 0.0903472
-1.9 0.0905205
-1.8 0.0902999
-1.7 0.0917402
-1.6 0.0897346
-1.5 0.0903518
-1.4 0.0894749
-1.3 0.0898279
-1.2 0.0899215
-1.1 0.0905879
-1 0.0916885
-0.9 0.090801
-0.8 0.0915274
-0.7 0.0911969
-0.6 0.0914624
-0.5 0.0905117
-0.4 0.0950341
-0.3 0.0969479
-0.2 0.0936012
-0.1 0.092465
0 0.0928114
0.1 0.0943406
0.2 0.0921343
0.3 0.0929748
0.4 0.0909385
0.5 0.0937196
0.6 0.0917761
0.7 0.091603
0.8 0.0922042
0.9 0.0927141
1 0.090674
1.1 0.0909243
1.2 0.0915848
1.3 0.0908798
1.4 0.0902982
1.5 0.0895184
1.6 0.0920361
1.7 0.090678
1.8 0.0905936
1.9 0.0901547
2 0.0889775
2.1 0.0922243
2.2 0.0933178
2.3 0.0954285
2.4 0.0941647
2.5 0.0902206
2.6 0.0909147
2.7 0.0935583
2.8 0.095562
2.9 0.0953778
3 0.0924023
3.1 0.094388
3.2 0.0931836
3.3 0.0927688
3.4 0.0959231
3.5 0.0970534
3.6 0.0942705
3.7 0.0929774
3.8 0.0926401
3.9 0.0926636
4 0.0924886
4.1 0.0927371
4.2 0.0873875
4.3 0.0865537
4.4 0.0870196
4.5 0.0887971
4.6 0.091956
4.7 0.0934769
4.8 0.0884063
4.9 0.0902861
5 0.0916628
5.1 0.0801468
5.2 0.0655557
5.3 0.0435843
5.4 0.0238876
5.5 0.0116085
5.6 0.00454464
5.7 0.00180892
5.8 0.000550427
5.9 2.63221e-06
6 2.7111e-05
6.1 2.09658e-05
6.2 4.76951e-05
6.3 0.000354204
6.4 0.000135422
6.5 0
6.6 0.000352301
6.7 0.000200076
6.8 7.33045e-05
6.9 9.21282e-05
7 0.000110971
7.1 0.000221583
7.2 0.000205663
7.3 3.44064e-12
7.4 0
7.5 2.30973e-06
7.6 5.07169e-09
7.7 7.30414e-05
7.8 0.000149112
7.9 8.655e-05
8 4.373e-06
8.1 0.000106451
8.2 1.17071e-07
8.3 5.80384e-10
8.4 0.000457136
8.5 0.000140045
8.6 0.000260889
8.7 9.13378e-05
8.8 0.00013299
8.9 0.000138189
9 2.2168e-05
9.1 0
9.2 2.66142e-05
9.3 2.02398e-08
9.4 0.000308932
9.5 0.000150577
9.6 0.000206383
9.7 1.28289e-09
9.8 6.38752e-09
9.9 0
10 5.77925e-05
10.1 0.000247148
10.2 1.91171e-06
