-10.2 6.01026 0.000291597
-10.1 6.01611 0.000298276
-10 6.04024 0.000305252
-9.9 6.06476 0.000309985
-9.8 6.0792 0.000317278
-9.7 6.1085 0.000323063
-9.6 6.12702 0.000329463
-9.5 6.14677 0.000337876
-9.4 6.17679 0.000342606
-9.3 6.19385 0.00035251
-9.2 6.22045 0.000359621
-9.1 6.24441 0.000365568
-9 6.26497 0.000375411
-8.9 6.29601 0.000379771
-8.8 6.31639 0.000389773
-8.7 6.34387 0.000398927
-8.6 6.37059 0.0004104
-8.5 6.3934 0.000419729
-8.4 6.42604 0.000429369
-8.3 6.44895 0.000441011
-8.2 6.47974 0.000456428
-8.1 6.50736 0.000462994
-8 6.53511 0.000470072
-7.9 6.56813 0.000481238
-7.8 6.59421 0.000497536
-7.7 6.62992 0.000508633
-7.6 6.65773 0.000516892
-7.5 6.69268 0.000517155
-7.4 6.72437 0.000535904
-7.3 6.75808 0.000549586
-7.2 6.79424 0.000566725
-7.1 6.82734 0.000575406
-7 6.86683 0.000583553
-6.9 6.90109 0.000598346
-6.8 6.94296 0.000614125
-6.7 6.97913 0.000644949
-6.6 7.02344 0.000669192
-6.5 7.06245 0.000691967
-6.4 7.10838 0.000721349
-6.3 7.15167 0.000734388
-6.2 7.19934 0.000768859
-6.1 7.24673 0.00078852
-6 7.29835 0.000824082
-5.9 7.34969 0.000862878
-5.8 7.40676 0.000902984
-5.7 7.46284 0.000948655
-5.6 7.52714 0.00101242
-5.5 7.59044 0.00106095
-5.4 7.66437 0.00113969
-5.3 7.74028 0.00124047
-5.2 7.82909 0.00142363
-5.1 7.92832 0.00161856
-5 8.04993 0.00186197
-4.9 8.18491 0.00218092
-4.8 8.30694 0.00257097
-4.7 8.38118 0.0025232
-4.6 8.41262 0.00257844
-4.5 8.44916 0.00262156
-4.4 8.50029 0.00257948
-4.3 8.54291 0.0023875
-4.2 8.56407 0.00280976
-4.1 8.60127 0.00258003
-4 8.6554 0.00272427
-3.9 8.7017 0.00263755
-3.8 8.73001 0.00254398
-3.7 8.76061 0.00253934
-3.6 8.81713 0.00249717
-3.5 8.87067 0.00257623
-3.4 8.90411 0.00261342
-3.3 8.94156 0.00294503
-3.2 9.0011 0.0027147
-3.1 9.05857 0.00276898
-3 9.09826 0.00271662
-2.9 9.13582 0.00279969
-2.8 9.18893 0.00281378
-2.7 9.25624 0.00305126
-2.6 9.30865 0.00296724
-2.5 9.34081 0.00295761
-2.4 9.3916 0.00285225
-2.3 9.46269 0.00295608
-2.2 9.53415 0.00328099
-2.1 9.57621 0.0030094
-2 9.61341 0.00324565
-1.9 9.67856 0.00298496
-1.8 9.76422 0.00335303
-1.7 9.82903 0.00314731
-1.6 9.87237 0.00329859
-1.5 9.92617 0.00332879
-1.4 10.0098 0.003587
-1.3 10.1038 0.00377622
-1.2 10.1698 0.00338276
-1.1 10.2149 0.00317759
-1 10.2827 0.00342535
-0.9 10.3847 0.00329582
-0.8 10.4848 0.00352327
-0.7 10.5543 0.00394818
-0.6 10.6068 0.00347971
-0.5 10.6903 0.00335428
-0.4 10.8078 0.00339216
-0.3 10.9225 0.00364288
-0.2 10.9973 0.00374888
-0.1 11.058 0.0037623
0 11.1642 0.00343998
0.1 11.3003 0.00371249
0.2 11.4269 0.00396609
0.3 11.5148 0.00404081
0.4 11.5853 0.00365309
0.5 11.7008 0.00364017
0.6 11.8619 0.00369522
0.7 12.0185 0.00412878
0.8 12.1254 0.00444162
0.9 12.2106 0.00439633
1 12.3365 0.00440768
1.1 12.5272 0.00460455
1.2 12.7255 0.0047226
1.3 12.8642 0.00482875
1.4 12.9581 0.00485831
1.5 13.0879 0.00442637
1.6 13.297 0.00440102
1.7 13.5384 0.005658
1.8 13.7412 0.00494095
1.9 13.8707 0.00504076
2 14.0053 0.00496722
2.1 14.2345 0.00520529
2.2 14.5352 0.00515521
2.3 14.81 0.00489935
2.4 15.005 0.0055844
2.5 15.1644 0.00557445
2.6 15.3883 0.00569549
2.7 15.7567 0.00523954
2.8 16.1474 0.00616128
2.9 16.4579 0.00619249
3 16.6672 0.00598944
3.1 16.9046 0.00623764
3.2 17.2916 0.00613499
3.3 17.8302 0.00617166
3.4 18.3535 0.00685492
3.5 18.7305 0.00745052
3.6 19.0351 0.00673018
3.7 19.4623 0.00738785
3.8 20.1371 0.00766056
3.9 20.96 0.00877719
4 21.713 0.010048
4.1 22.2635 0.0100607
4.2 22.7784 0.0101676
4.3 23.5691 0.00989141
4.4 24.8373 0.0102218
4.5 26.4498 0.0112435
4.6 28.2748 0.0117984
4.7 30.5369 0.0142979
4.8 36.5794 0.0152846
4.9 41.7719 0.0194215
5 48.6622 0.0233173
5.1 56.9126 0.0298542
5.2 65.9069 0.0378666
5.3 65.4857 0.0545887
5.4 72.2485 0.0745483
5.5 78.9422 0.113841
5.6 85.5241 0.198271
5.7 92.1937 0.422708
5.8 97.5567 0.863934
5.9 105.409 1.95789
6 97.6155 11.1575
6.1 26.1149 7.94306
6.2 2.36371 2.3497
6.3 6.90146e-05 6.86026e-05
6.4 6.90146e-05 6.86026e-05
6.5 6.90146e-05 6.86026e-05
6.6 6.90146e-05 6.86026e-05
6.7 6.90146e-05 6.86026e-05
6.8 6.90146e-05 6.86026e-05
6.9 6.90146e-05 6.86026e-05
7 6.90146e-05 6.86026e-05
7.1 0 0
7.2 0 0
7.3 0 0
7.4 0 0
7.5 0 0
7.6 0 0
7.7 0 0
7.8 0 0
7.9 0 0
8 0 0
8.1 0 0
8.2 0 0
8.3 0 0
8.4 0 0
8.5 0 0
8.6 0 0
8.7 0 0
8.8 0 0
8.9 0 0
9 0 0
9.1 0 0
9.2 0 0
9.3 0 0
9.4 0 0
9.5 0 0
9.6 0 0
9.7 0 0
9.8 0 0
9.9 0 0
10 0 0
10.1 0 0
10.2 0 0
