-10.2 0.0096784 0
-10.1 0.00974613 0
-10 0.00981544 0
-9.9 0.00983325 0
-9.8 0.00982673 0
-9.7 0.00982741 0
-9.6 0.00988475 0
-9.5 0.00989031 0
-9.4 0.00994239 0
-9.3 0.00999008 0
-9.2 0.0100039 0
-9.1 0.00999172 0
-9 0.0100136 0
-8.9 0.0100012 0
-8.8 0.00997721 0
-8.7 0.00997564 0
-8.6 0.00998437 0
-8.5 0.0100391 0
-8.4 0.0100478 0
-8.3 0.0100385 0
-8.2 0.0100219 0
-8.1 0.0099804 0
-8 0.00997696 0
-7.9 0.00993785 0
-7.8 0.00993174 0
-7.7 0.00995829 0
-7.6 0.00994719 0
-7.5 0.0099291 0
-7.4 0.00991361 0
-7.3 0.00994387 0
-7.2 0.00993273 0
-7.1 0.00989683 0
-7 0.00991681 0
-6.9 0.0099255 0
-6.8 0.00993976 0
-6.7 0.00991619 0
-6.6 0.00990264 0
-6.5 0.00988072 0
-6.4 0.00987055 0
-6.3 0.00983469 0
-6.2 0.00986098 0
-6.1 0.00987109 0
-6 0.00980702 0
-5.9 0.00977076 0
-5.8 0.00973476 0
-5.7 0.00971705 0
-5.6 0.00968095 0
-5.5 0.00965971 0
-5.4 0.00966089 0
-5.3 0.00962943 0
-5.2 0.00961715 0
-5.1 0.00956554 0
-5 0.00956299 0
-4.9 0.00954451 0
-4.8 0.0094974 0
-4.7 0.00943961 0
-4.6 0.00937549 0
-4.5 0.00929014 0
-4.4 0.00921095 0
-4.3 0.00907308 0
-4.2 0.00896116 0
-4.1 0.00884473 0
-4 0.00876297 0
-3.9 0.00865957 0
-3.8 0.00856951 0
-3.7 0.00846636 0
-3.6 0.00836333 0
-3.5 0.00825439 0
-3.4 0.00808203 0
-3.3 0.00798617 0
-3.2 0.00789129 0
-3.1 0.00773299 0
-3 0.00761574 0
-2.9 0.00746427 0
-2.8 0.00733887 0
-2.7 0.0071578 0
-2.6 0.00695454 0
-2.5 0.00680917 0
-2.4 0.00669341 0
-2.3 0.00649169 0
-2.2 0.00634595 0
-2.1 0.00617818 0
-2 0.00598107 0
-1.9 0.00583019 0
-1.8 0.00567462 0
-1.7 0.00552252 0
-1.6 0.00537596 0
-1.5 0.00521081 0
-1.4 0.00506849 0
-1.3 0.00486104 0
-1.2 0.00472 0
-1.1 0.00459967 0
-1 0.0044267 0
-0.9 0.0043005 0
-0.8 0.0041747 0
-0.7 0.00400979 0
-0.6 0.00385359 0
-0.5 0.00370528 0
-0.4 0.00356813 0
-0.3 0.00343734 0
-0.2 0.00330178 0
-0.1 0.00313147 0
8.88178e-16 0.00298287 0
0.1 0.00283731 0
0.2 0.00272349 0
0.3 0.0026152 0
0.4 0.00247081 0
0.5 0.00233132 0
0.6 0.00223089 0
0.7 0.00215432 0
0.8 0.00204751 0
0.9 0.00190103 0
1 0.00178095 0
1.1 0.00167415 0
1.2 0.00157998 0
1.3 0.00146626 0
1.4 0.00137271 0
1.5 0.00130335 0
1.6 0.00119549 0
1.7 0.00115767 0
1.8 0.00107166 0
1.9 0.000993422 0
2 0.000924738 0
2.1 0.000860937 0
2.2 0.000800774 0
2.3 0.000749762 0
2.4 0.000678814 0
2.5 0.000627981 0
2.6 0.000592486 0
2.7 0.000528859 0
2.8 0.000507809 0
2.9 0.00048101 0
3 0.000461418 0
3.1 0.000484688 0
3.2 0.000461512 0
3.3 0.000479664 0
3.4 0.000456689 0
3.5 0.000450701 0
3.6 0.000452381 0
3.7 0.000457743 0
3.8 0.000420743 0
3.9 0.00040908 0
4 0.000403543 0
4.1 0.000389377 0
4.2 0.000405262 0
4.3 0.000408444 0
4.4 0.000407922 0
4.5 0.000379467 0
4.6 0.000368515 0
4.7 0.000372448 0
4.8 0.000365453 0
4.9 0.000362244 0
5 0.000348753 0
5.1 0.000369726 0
5.2 0.000363632 0
5.3 0.000340639 0
5.4 0.000351884 0
5.5 0.00032771 0
5.6 0.000308686 0
5.7 0.000308237 0
5.8 0.000309852 0
5.9 0.000308992 0
6 0.000303618 0
6.1 0.00029559 0
6.2 0.000295865 0
6.3 0.000275249 0
6.4 0.00026899 0
6.5 0.000259259 0
6.6 0.000266593 0
6.7 0.00026571 0
6.8 0.000255961 0
6.9 0.000272075 0
7 0.000252258 0
7.1 0.000241342 0
7.2 0.000230721 0
7.3 0.000232101 0
7.4 0.000242323 0
7.5 0.000238151 0
7.6 0.000225016 0
7.7 0.000210646 0
7.8 0.000201197 0
7.9 0.000203632 0
8 0.000213987 0
8.1 0.000197263 0
8.2 0.000187418 0
8.3 0.000184598 0
8.4 0.000177477 0
8.5 0.000179935 0
8.6 0.000190032 0
8.7 0.00017528 0
8.8 0.000182129 0
8.9 0.00018187 0
9 0.000164585 0
9.1 0.000163286 0
9.2 0.000168008 0
9.3 0.000152335 0
9.4 0.000141672 0
9.5 0.000140474 0
9.6 0.000155167 0
9.7 0.00013668 0
9.8 0.000132228 0
9.9 0.000125426 0
10 0.00012875 0
10.1 0.000120487 0
10.2 0.000115465 0
