-10.2 0.0517341 0
-10.1 0.0519286 0
-10 0.0520909 0
-9.9 0.0522821 0
-9.8 0.0524521 0
-9.7 0.0526195 0
-9.6 0.0529053 0
-9.5 0.0531367 0
-9.4 0.053431 0
-9.3 0.0535724 0
-9.2 0.0537862 0
-9.1 0.0540046 0
-9 0.054266 0
-8.9 0.0544572 0
-8.8 0.0546965 0
-8.7 0.0548489 0
-8.6 0.0550794 0
-8.5 0.0552745 0
-8.4 0.0554727 0
-8.3 0.0558192 0
-8.2 0.0560723 0
-8.1 0.0563723 0
-8 0.0566518 0
-7.9 0.0569806 0
-7.8 0.0573205 0
-7.7 0.0576821 0
-7.6 0.0579988 0
-7.5 0.058334 0
-7.4 0.0587166 0
-7.3 0.0590995 0
-7.2 0.0595075 0
-7.1 0.0599169 0
-7 0.0603638 0
-6.9 0.0607769 0
-6.8 0.0613149 0
-6.7 0.0618175 0
-6.6 0.0622357 0
-6.5 0.0626826 0
-6.4 0.0632554 0
-6.3 0.0639243 0
-6.2 0.0644544 0
-6.1 0.0649387 0
-6 0.0654911 0
-5.9 0.0663643 0
-5.8 0.0670327 0
-5.7 0.0678167 0
-5.6 0.0686828 0
-5.5 0.0695579 0
-5.4 0.070514 0
-5.3 0.0717339 0
-5.2 0.0730204 0
-5.1 0.074428 0
-5 0.0762175 0
-4.9 0.0781406 0
-4.8 0.080394 0
-4.7 0.0821797 0
-4.6 0.0838097 0
-4.5 0.0845722 0
-4.4 0.0848204 0
-4.3 0.0849081 0
-4.2 0.0845797 0
-4.1 0.0847433 0
-4 0.0850758 0
-3.9 0.0853789 0
-3.8 0.0854543 0
-3.7 0.0858507 0
-3.6 0.0856788 0
-3.5 0.0867073 0
-3.4 0.0863629 0
-3.3 0.0866031 0
-3.2 0.0865679 0
-3.1 0.0870457 0
-3 0.0878943 0
-2.9 0.0879978 0
-2.8 0.0873592 0
-2.7 0.085931 0
-2.6 0.0851652 0
-2.5 0.0846772 0
-2.4 0.0837558 0
-2.3 0.0820003 0
-2.2 0.0804474 0
-2.1 0.0791094 0
-2 0.0775278 0
-1.9 0.0751796 0
-1.8 0.0738136 0
-1.7 0.0723122 0
-1.6 0.071101 0
-1.5 0.0702341 0
-1.4 0.0678842 0
-1.3 0.065823 0
-1.2 0.0646299 0
-1.1 0.0636458 0
-1 0.0620703 0
-0.9 0.0601125 0
-0.8 0.0590396 0
-0.7 0.0577062 0
-0.6 0.0559356 0
-0.5 0.0538605 0
-0.4 0.0516507 0
-0.3 0.0505458 0
-0.2 0.0497332 0
-0.1 0.0478368 0
8.88178e-16 0.0450298 0
0.1 0.0430534 0
0.2 0.0425845 0
0.3 0.0407869 0
0.4 0.038954 0
0.5 0.0365306 0
0.6 0.0350614 0
0.7 0.03421 0
0.8 0.0334747 0
0.9 0.0307825 0
1 0.0286408 0
1.1 0.0268398 0
1.2 0.0263222 0
1.3 0.024916 0
1.4 0.0230711 0
1.5 0.0202716 0
1.6 0.0183313 0
1.7 0.0175919 0
1.8 0.0159904 0
1.9 0.0143265 0
2 0.0126634 0
2.1 0.0113655 0
2.2 0.0102389 0
2.3 0.00921805 0
2.4 0.0078783 0
2.5 0.00584253 0
2.6 0.00348966 0
2.7 0.00174497 0
2.8 0.000567751 0
2.9 0.000284725 0
3 4.61476e-05 0
3.1 4.06576e-19 0
3.2 0 0
3.3 0 0
3.4 0 0
3.5 0 0
3.6 0 0
3.7 0 0
3.8 0 0
3.9 0 0
4 0 0
4.1 0 0
4.2 0 0
4.3 0 0
4.4 0 0
4.5 0 0
4.6 0 0
4.7 0 0
4.8 0 0
4.9 0 0
5 0 0
5.1 0 0
5.2 0 0
5.3 0 0
5.4 0 0
5.5 0 0
5.6 0 0
5.7 0 0
5.8 0 0
5.9 0 0
6 0 0
6.1 0 0
6.2 0 0
6.3 0 0
6.4 0 0
6.5 0 0
6.6 0 0
6.7 0 0
6.8 0 0
6.9 0 0
7 0 0
7.1 0 0
7.2 0 0
7.3 0 0
7.4 0 0
7.5 0 0
7.6 0 0
7.7 0 0
7.8 0 0
7.9 0 0
8 0 0
8.1 0 0
8.2 0 0
8.3 0 0
8.4 0 0
8.5 0 0
8.6 0 0
8.7 0 0
8.8 0 0
8.9 0 0
9 0 0
9.1 0 0
9.2 0 0
9.3 0 0
9.4 0 0
9.5 0 0
9.6 0 0
9.7 0 0
9.8 0 0
9.9 0 0
10 0 0
10.1 0 0
10.2 0 0
