-10.2 5.38458e-07 0
-10.1 9.50407e-07 0
-10 8.19851e-07 0
-9.9 7.12839e-07 0
-9.8 7.3981e-07 0
-9.7 1.38932e-06 0
-9.6 7.7196e-07 0
-9.5 9.00515e-07 0
-9.4 9.05918e-07 0
-9.3 8.48762e-07 0
-9.2 5.00109e-07 0
-9.1 2.59593e-07 0
-9 5.6541e-07 0
-8.9 1.02989e-06 0
-8.8 1.12375e-06 0
-8.7 4.95013e-07 0
-8.6 7.11037e-07 0
-8.5 8.30452e-07 0
-8.4 1.06071e-06 0
-8.3 5.15042e-07 0
-8.2 8.6349e-07 0
-8.1 7.65873e-07 0
-8 8.35332e-07 0
-7.9 7.58287e-07 0
-7.8 9.4755e-07 0
-7.7 1.03121e-06 0
-7.6 1.1619e-06 0
-7.5 6.84992e-07 0
-7.4 1.06948e-06 0
-7.3 7.40784e-07 0
-7.2 6.93921e-07 0
-7.1 9.48715e-07 0
-7 1.25907e-06 0
-6.9 7.98588e-07 0
-6.8 7.69815e-07 0
-6.7 5.30874e-07 0
-6.6 1.14271e-06 0
-6.5 5.70625e-07 0
-6.4 5.09692e-07 0
-6.3 7.00393e-07 0
-6.2 7.97809e-07 0
-6.1 7.28474e-07 0
-6 1.13322e-06 0
-5.9 8.41344e-07 0
-5.8 6.34397e-07 0
-5.7 3.05946e-07 0
-5.6 8.10728e-07 0
-5.5 1.00039e-06 0
-5.4 9.74621e-07 0
-5.3 1.06377e-06 0
-5.2 1.04111e-06 0
-5.1 9.10028e-07 0
-5 7.69245e-07 0
-4.9 1.29236e-06 0
-4.8 1.0714e-06 0
-4.7 1.19965e-06 0
-4.6 1.08449e-06 0
-4.5 7.2451e-07 0
-4.4 8.17455e-07 0
-4.3 9.44425e-07 0
-4.2 6.30172e-07 0
-4.1 5.13991e-07 0
-4 1.11102e-06 0
-3.9 5.82709e-07 0
-3.8 7.54887e-07 0
-3.7 4.34644e-07 0
-3.6 3.90295e-07 0
-3.5 7.17699e-07 0
-3.4 8.67862e-07 0
-3.3 4.89827e-07 0
-3.2 6.5615e-07 0
-3.1 6.3595e-07 0
-3 9.78507e-07 0
-2.9 8.74548e-07 0
-2.8 5.25586e-07 0
-2.7 4.35064e-07 0
-2.6 7.2503e-07 0
-2.5 5.16023e-07 0
-2.4 7.68023e-07 0
-2.3 4.25281e-07 0
-2.2 7.1176e-07 0
-2.1 5.57862e-07 0
-2 8.51202e-07 0
-1.9 4.90456e-07 0
-1.8 5.21967e-07 0
-1.7 5.90155e-07 0
-1.6 5.33244e-07 0
-1.5 2.39613e-07 0
-1.4 4.03205e-07 0
-1.3 3.61574e-07 0
-1.2 5.06065e-07 0
-1.1 3.67935e-07 0
-1 4.91789e-07 0
-0.9 3.09621e-07 0
-0.8 5.50583e-07 0
-0.7 2.42877e-07 0
-0.6 2.1823e-07 0
-0.5 5.35624e-07 0
-0.4 5.21828e-07 0
-0.3 2.991e-07 0
-0.2 1.51382e-07 0
-0.1 3.10205e-07 0
8.88178e-16 2.77403e-07 0
0.1 4.35992e-07 0
0.2 3.00185e-07 0
0.3 2.77242e-07 0
0.4 1.15781e-07 0
0.5 2.24765e-07 0
0.6 8.38481e-08 0
0.7 2.10918e-07 0
0.8 2.89711e-07 0
0.9 1.80327e-07 0
1 4.10058e-08 0
1.1 2.14378e-07 0
1.2 8.85038e-08 0
1.3 2.06118e-08 0
1.4 8.5708e-08 0
1.5 1.00522e-07 0
1.6 9.62357e-08 0
1.7 1.53516e-07 0
1.8 1.30364e-08 0
1.9 5.57913e-09 0
2 9.66921e-09 0
2.1 7.29679e-08 0
2.2 6.4851e-22 0
2.3 0 0
2.4 8.12512e-09 0
2.5 0 0
2.6 0 0
2.7 0 0
2.8 1.44307e-09 0
2.9 0 0
3 2.30451e-22 0
3.1 2.59464e-08 0
3.2 2.31611e-22 0
3.3 0 0
3.4 0 0
3.5 0 0
3.6 0 0
3.7 0 0
3.8 0 0
3.9 0 0
4 0 0
4.1 0 0
4.2 5.2173e-10 0
4.3 0 0
4.4 0 0
4.5 0 0
4.6 0 0
4.7 0 0
4.8 0 0
4.9 0 0
5 0 0
5.1 0 0
5.2 3.9713e-09 0
5.3 0 0
5.4 0 0
5.5 6.55516e-23 0
5.6 7.38046e-09 0
5.7 6.61744e-23 0
5.8 0 0
5.9 0 0
6 0 0
6.1 7.01626e-09 0
6.2 1.07898e-07 0
6.3 2.7219e-08 0
6.4 4.47312e-08 0
6.5 0 0
6.6 5.63637e-08 0
6.7 4.11324e-08 0
6.8 0 0
6.9 0 0
7 0 0
7.1 0 0
7.2 0 0
7.3 0 0
7.4 0 0
7.5 0 0
7.6 5.09677e-08 0
7.7 1.311e-08 0
7.8 0 0
7.9 0 0
8 0 0
8.1 0 0
8.2 0 0
8.3 0 0
8.4 0 0
8.5 0 0
8.6 4.93314e-08 0
8.7 1.72048e-08 0
8.8 3.65294e-09 0
8.9 0 0
9 0 0
9.1 0 0
9.2 0 0
9.3 0 0
9.4 0 0
9.5 1.83338e-21 0
9.6 1.0321e-07 0
9.7 1.83965e-21 0
9.8 0 0
9.9 0 0
10 0 0
10.1 0 0
10.2 0 0
