-10.2 0.0518748 0
-10.1 0.0526545 0
-10 0.0529738 0
-9.9 0.0534027 0
-9.8 0.0539058 0
-9.7 0.0540549 0
-9.6 0.0542917 0
-9.5 0.0545545 0
-9.4 0.0551436 0
-9.3 0.0553574 0
-9.2 0.0557332 0
-9.1 0.0558742 0
-9 0.0560579 0
-8.9 0.0565423 0
-8.8 0.057048 0
-8.7 0.0573121 0
-8.6 0.0576691 0
-8.5 0.0575695 0
-8.4 0.0574881 0
-8.3 0.0582064 0
-8.2 0.0587727 0
-8.1 0.0594281 0
-8 0.0593742 0
-7.9 0.0594926 0
-7.8 0.0598825 0
-7.7 0.0602514 0
-7.6 0.0607577 0
-7.5 0.0609356 0
-7.4 0.0616568 0
-7.3 0.0621134 0
-7.2 0.0626652 0
-7.1 0.0626332 0
-7 0.0631875 0
-6.9 0.063698 0
-6.8 0.0641374 0
-6.7 0.0647438 0
-6.6 0.0651393 0
-6.5 0.0654916 0
-6.4 0.0661064 0
-6.3 0.0667409 0
-6.2 0.0672457 0
-6.1 0.0681609 0
-6 0.0684905 0
-5.9 0.069245 0
-5.8 0.0699902 0
-5.7 0.0707583 0
-5.6 0.0715338 0
-5.5 0.0727482 0
-5.4 0.0736595 0
-5.3 0.0749611 0
-5.2 0.0763638 0
-5.1 0.0774032 0
-5 0.0794634 0
-4.9 0.0812748 0
-4.8 0.0837588 0
-4.7 0.0854361 0
-4.6 0.0869741 0
-4.5 0.0873401 0
-4.4 0.0879447 0
-4.3 0.0879565 0
-4.2 0.0874317 0
-4.1 0.0875349 0
-4 0.0878058 0
-3.9 0.0882457 0
-3.8 0.0882161 0
-3.7 0.0883901 0
-3.6 0.0882601 0
-3.5 0.0893996 0
-3.4 0.0884759 0
-3.3 0.0888086 0
-3.2 0.0889507 0
-3.1 0.0893524 0
-3 0.0903491 0
-2.9 0.090212 0
-2.8 0.089385 0
-2.7 0.0879142 0
-2.6 0.0872415 0
-2.5 0.0866205 0
-2.4 0.0860172 0
-2.3 0.0839394 0
-2.2 0.0823149 0
-2.1 0.0808722 0
-2 0.0793759 0
-1.9 0.0768388 0
-1.8 0.0754013 0
-1.7 0.074034 0
-1.6 0.0727539 0
-1.5 0.0717245 0
-1.4 0.0693895 0
-1.3 0.0670607 0
-1.2 0.0657477 0
-1.1 0.0648982 0
-1 0.06327 0
-0.9 0.061313 0
-0.8 0.060056 0
-0.7 0.0589495 0
-0.6 0.0571112 0
-0.5 0.0548222 0
-0.4 0.0525272 0
-0.3 0.0512891 0
-0.2 0.0504315 0
-0.1 0.0486735 0
8.88178e-16 0.0457036 0
0.1 0.0436151 0
0.2 0.0431074 0
0.3 0.0413504 0
0.4 0.0395951 0
0.5 0.0369979 0
0.6 0.0354479 0
0.7 0.0345336 0
0.8 0.0339005 0
0.9 0.0311065 0
1 0.0288449 0
1.1 0.0271324 0
1.2 0.0265958 0
1.3 0.0252537 0
1.4 0.0233906 0
1.5 0.0205573 0
1.6 0.0185869 0
1.7 0.0178571 0
1.8 0.0162305 0
1.9 0.0145457 0
2 0.0129026 0
2.1 0.0115932 0
2.2 0.0103904 0
2.3 0.0093709 0
2.4 0.00801958 0
2.5 0.00592764 0
2.6 0.00354427 0
2.7 0.00179606 0
2.8 0.000602605 0
2.9 0.000372032 0
3 0.00010139 0
3.1 8.1056e-06 0
3.2 1.29794e-05 0
3.3 1.77192e-05 0
3.4 6.04774e-06 0
3.5 5.76929e-06 0
3.6 4.29696e-05 0
3.7 3.25447e-05 0
3.8 2.73876e-05 0
3.9 2.34548e-05 0
4 1.61516e-05 0
4.1 9.78792e-06 0
4.2 1.69734e-06 0
4.3 2.16718e-05 0
4.4 3.2335e-05 0
4.5 2.74297e-05 0
4.6 2.77682e-05 0
4.7 2.94256e-05 0
4.8 4.02132e-06 0
4.9 2.46412e-05 0
5 4.94378e-06 0
5.1 2.15193e-05 0
5.2 2.24836e-05 0
5.3 7.65249e-06 0
5.4 3.58559e-06 0
5.5 1.30582e-05 0
5.6 5.60172e-06 0
5.7 4.52216e-06 0
5.8 1.17986e-05 0
5.9 1.23548e-05 0
6 5.20983e-05 0
6.1 5.32479e-05 0
6.2 6.3318e-06 0
6.3 6.49236e-06 0
6.4 1.59711e-05 0
6.5 4.88656e-06 0
6.6 1.48837e-05 0
6.7 2.22753e-05 0
6.8 2.29143e-05 0
6.9 1.45661e-05 0
7 1.21475e-05 0
7.1 2.85832e-05 0
7.2 3.92688e-05 0
7.3 3.97522e-05 0
7.4 9.43559e-05 0
7.5 3.39322e-05 0
7.6 5.01288e-05 0
7.7 5.66847e-05 0
7.8 2.00988e-05 0
7.9 4.56672e-07 0
8 1.08514e-05 0
8.1 1.52089e-07 0
8.2 9.36336e-06 0
8.3 6.44143e-06 0
8.4 2.18821e-07 0
8.5 2.56001e-05 0
8.6 8.93403e-06 0
8.7 2.01377e-06 0
8.8 8.08104e-07 0
8.9 1.01902e-05 0
9 1.19083e-06 0
9.1 6.62171e-06 0
9.2 2.06226e-05 0
9.3 4.14663e-06 0
9.4 2.00678e-05 0
9.5 1.51278e-05 0
9.6 8.67448e-06 0
9.7 2.01498e-05 0
9.8 3.85552e-05 0
9.9 3.34246e-07 0
10 0 0
10.1 0 0
10.2 0 0
