-10.2 5.24857e-06 0
-10.1 9.31736e-20 0
-10 5.30072e-07 0
-9.9 7.87659e-06 0
-9.8 2.36183e-05 0
-9.7 1.08663e-05 0
-9.6 1.93124e-19 0
-9.5 4.35006e-05 0
-9.4 4.17401e-05 0
-9.3 8.75658e-06 0
-9.2 3.57108e-05 0
-9.1 1.56736e-05 0
-9 2.287e-05 0
-8.9 4.19693e-05 0
-8.8 0 0
-8.7 3.44464e-05 0
-8.6 1.17882e-05 0
-8.5 0 0
-8.4 1.39552e-05 0
-8.3 3.26079e-05 0
-8.2 3.92971e-05 0
-8.1 5.98685e-05 0
-8 0 0
-7.9 2.89434e-05 0
-7.8 5.33562e-05 0
-7.7 3.49936e-05 0
-7.6 1.80876e-05 0
-7.5 2.32654e-05 0
-7.4 1.33529e-05 0
-7.3 4.26391e-05 0
-7.2 3.74427e-05 0
-7.1 0 0
-7 3.05822e-05 0
-6.9 7.62909e-08 0
-6.8 1.20477e-05 0
-6.7 2.92507e-05 0
-6.6 5.44098e-05 0
-6.5 3.13574e-05 0
-6.4 4.0828e-05 0
-6.3 1.74302e-05 0
-6.2 4.87332e-20 0
-6.1 5.48687e-06 0
-6 2.66029e-05 0
-5.9 9.42154e-06 0
-5.8 3.94304e-06 0
-5.7 1.20244e-05 0
-5.6 2.89741e-05 0
-5.5 0 0
-5.4 0 0
-5.3 0 0
-5.2 1.11397e-06 0
-5.1 0 0
-5 1.86016e-05 0
-4.9 2.00863e-05 0
-4.8 3.41712e-05 0
-4.7 0 0
-4.6 1.2008e-05 0
-4.5 5.54235e-06 0
-4.4 1.73867e-05 0
-4.3 2.07443e-05 0
-4.2 2.02271e-05 0
-4.1 4.52586e-05 0
-4 2.36063e-05 0
-3.9 2.43299e-05 0
-3.8 0 0
-3.7 0 0
-3.6 5.50688e-07 0
-3.5 3.23082e-05 0
-3.4 2.85834e-06 0
-3.3 6.54883e-06 0
-3.2 2.84762e-05 0
-3.1 0 0
-3 1.40526e-05 0
-2.9 2.40889e-05 0
-2.8 1.21501e-05 0
-2.7 5.42101e-20 0
-2.6 0 0
-2.5 6.75583e-06 0
-2.4 1.20428e-05 0
-2.3 0 0
-2.2 2.22902e-05 0
-2.1 2.31728e-05 0
-2 1.2259e-05 0
-1.9 0 0
-1.8 0 0
-1.7 2.36798e-05 0
-1.6 1.63138e-05 0
-1.5 0 0
-1.4 0 0
-1.3 0 0
-1.2 4.64274e-06 0
-1.1 0 0
-1 0 0
-0.9 0 0
-0.8 0 0
-0.7 0 0
-0.6 0 0
-0.5 0 0
-0.4 0 0
-0.3 0 0
-0.2 0 0
-0.1 3.70747e-06 0
8.88178e-16 0 0
0.1 0 0
0.2 0 0
0.3 0 0
0.4 0 0
0.5 0 0
0.6 0 0
0.7 0 0
0.8 0 0
0.9 0 0
1 0 0
1.1 0 0
1.2 0 0
1.3 0 0
1.4 0 0
1.5 0 0
1.6 0 0
1.7 0 0
1.8 0 0
1.9 0 0
2 0 0
2.1 0 0
2.2 0 0
2.3 0 0
2.4 0 0
2.5 0 0
2.6 0 0
2.7 0 0
2.8 0 0
2.9 3.94851e-20 0
3 4.44563e-06 0
3.1 3.98105e-20 0
3.2 0 0
3.3 0 0
3.4 0 0
3.5 0 0
3.6 0 0
3.7 0 0
3.8 0 0
3.9 0 0
4 0 0
4.1 0 0
4.2 0 0
4.3 0 0
4.4 0 0
4.5 0 0
4.6 0 0
4.7 0 0
4.8 0 0
4.9 0 0
5 0 0
5.1 0 0
5.2 2.57875e-05 0
5.3 0 0
5.4 0 0
5.5 0 0
5.6 0 0
5.7 0 0
5.8 0 0
5.9 0 0
6 0 0
6.1 0 0
6.2 0 0
6.3 0 0
6.4 0 0
6.5 0 0
6.6 0 0
6.7 0 0
6.8 0 0
6.9 0 0
7 0 0
7.1 0 0
7.2 0 0
7.3 0 0
7.4 0 0
7.5 0 0
7.6 0 0
7.7 0 0
7.8 0 0
7.9 0 0
8 0 0
8.1 0 0
8.2 0 0
8.3 0 0
8.4 0 0
8.5 0 0
8.6 0 0
8.7 0 0
8.8 0 0
8.9 0 0
9 0 0
9.1 0 0
9.2 0 0
9.3 0 0
9.4 0 0
9.5 0 0
9.6 0 0
9.7 0 0
9.8 0 0
9.9 0 0
10 0 0
10.1 0 0
10.2 0 0
