-10.2 0.0578502 0
-10.1 0.0591291 0
-10 0.0592856 0
-9.9 0.0596239 0
-9.8 0.060052 0
-9.7 0.0603301 0
-9.6 0.060551 0
-9.5 0.0607611 0
-9.4 0.0612693 0
-9.3 0.0618389 0
-9.2 0.0617614 0
-9.1 0.0617476 0
-9 0.0622906 0
-8.9 0.0627973 0
-8.8 0.0636435 0
-8.7 0.0635354 0
-8.6 0.0638964 0
-8.5 0.0639184 0
-8.4 0.0639573 0
-8.3 0.0641594 0
-8.2 0.0649401 0
-8.1 0.0658585 0
-8 0.0657315 0
-7.9 0.065683 0
-7.8 0.0661329 0
-7.7 0.0666202 0
-7.6 0.0671174 0
-7.5 0.0670422 0
-7.4 0.0681462 0
-7.3 0.0684154 0
-7.2 0.0691743 0
-7.1 0.0689284 0
-7 0.0694591 0
-6.9 0.0697551 0
-6.8 0.0703871 0
-6.7 0.0707068 0
-6.6 0.0715979 0
-6.5 0.0716228 0
-6.4 0.0719389 0
-6.3 0.0727198 0
-6.2 0.0733885 0
-6.1 0.0743595 0
-6 0.0750619 0
-5.9 0.0752442 0
-5.8 0.0761504 0
-5.7 0.0764796 0
-5.6 0.0774228 0
-5.5 0.0791042 0
-5.4 0.0796023 0
-5.3 0.0811948 0
-5.2 0.0824133 0
-5.1 0.0832291 0
-5 0.0851784 0
-4.9 0.0876192 0
-4.8 0.0896746 0
-4.7 0.0913973 0
-4.6 0.0926805 0
-4.5 0.0927862 0
-4.4 0.0933938 0
-4.3 0.0935132 0
-4.2 0.0927613 0
-4.1 0.0925449 0
-4 0.0929807 0
-3.9 0.0932858 0
-3.8 0.0932411 0
-3.7 0.0928591 0
-3.6 0.0925544 0
-3.5 0.0940072 0
-3.4 0.0930895 0
-3.3 0.093008 0
-3.2 0.0932911 0
-3.1 0.0936129 0
-3 0.0945446 0
-2.9 0.0943254 0
-2.8 0.0930169 0
-2.7 0.0913405 0
-2.6 0.0908221 0
-2.5 0.089883 0
-2.4 0.0894881 0
-2.3 0.0870534 0
-2.2 0.0855917 0
-2.1 0.0839486 0
-2 0.0825073 0
-1.9 0.0796903 0
-1.8 0.0781058 0
-1.7 0.0767142 0
-1.6 0.0753077 0
-1.5 0.0738961 0
-1.4 0.071701 0
-1.3 0.0691851 0
-1.2 0.0680132 0
-1.1 0.0669432 0
-1 0.0652104 0
-0.9 0.063076 0
-0.8 0.0619215 0
-0.7 0.0606004 0
-0.6 0.0585446 0
-0.5 0.0565094 0
-0.4 0.0541782 0
-0.3 0.0525721 0
-0.2 0.0515035 0
-0.1 0.0497434 0
8.88178e-16 0.0466383 0
0.1 0.0447091 0
0.2 0.0439872 0
0.3 0.042159 0
0.4 0.0402695 0
0.5 0.0376802 0
0.6 0.0359189 0
0.7 0.0350935 0
0.8 0.0344468 0
0.9 0.0315246 0
1 0.0290957 0
1.1 0.0274675 0
1.2 0.0268699 0
1.3 0.0253418 0
1.4 0.0235311 0
1.5 0.020739 0
1.6 0.0187263 0
1.7 0.0180083 0
1.8 0.0162242 0
1.9 0.0145283 0
2 0.0128999 0
2.1 0.0116461 0
2.2 0.0103623 0
2.3 0.00932411 0
2.4 0.00797415 0
2.5 0.00588504 0
2.6 0.00350708 0
2.7 0.00178434 0
2.8 0.000605787 0
2.9 0.000375636 0
3 0.00011813 0
3.1 4.99355e-05 0
3.2 1.90305e-05 0
3.3 2.80662e-05 0
3.4 1.01412e-05 0
3.5 1.59203e-05 0
3.6 5.24009e-05 0
3.7 3.77174e-05 0
3.8 3.72838e-05 0
3.9 3.04596e-05 0
4 2.70125e-05 0
4.1 2.32251e-05 0
4.2 8.54911e-06 0
4.3 3.38439e-05 0
4.4 3.54035e-05 0
4.5 3.16506e-05 0
4.6 3.29811e-05 0
4.7 3.49748e-05 0
4.8 1.30772e-05 0
4.9 3.04189e-05 0
5 6.77988e-06 0
5.1 2.93918e-05 0
5.2 5.55535e-05 0
5.3 1.50651e-05 0
5.4 9.45986e-06 0
5.5 1.68472e-05 0
5.6 1.88858e-05 0
5.7 8.09936e-06 0
5.8 1.2746e-05 0
5.9 2.94427e-05 0
6 0.000109796 0
6.1 6.9245e-05 0
6.2 9.61201e-05 0
6.3 4.13874e-05 0
6.4 7.01352e-05 0
6.5 1.03022e-05 0
6.6 6.95693e-05 0
6.7 5.72807e-05 0
6.8 2.58468e-05 0
6.9 1.84776e-05 0
7 2.23739e-05 0
7.1 3.59189e-05 0
7.2 4.29565e-05 0
7.3 6.86761e-05 0
7.4 0.000102024 0
7.5 4.1597e-05 0
7.6 0.000108797 0
7.7 8.03717e-05 0
7.8 3.20753e-05 0
7.9 4.15797e-06 0
8 1.28543e-05 0
8.1 5.06715e-06 0
8.2 1.28352e-05 0
8.3 8.1589e-06 0
8.4 4.70793e-06 0
8.5 2.79545e-05 0
8.6 5.4481e-05 0
8.7 2.44127e-05 0
8.8 1.00472e-05 0
8.9 2.11124e-05 0
9 5.33488e-06 0
9.1 9.26966e-06 0
9.2 2.31624e-05 0
9.3 9.61157e-06 0
9.4 2.67295e-05 0
9.5 1.78997e-05 0
9.6 8.38741e-05 0
9.7 2.18189e-05 0
9.8 3.98886e-05 0
9.9 2.23268e-06 0
10 2.36691e-06 0
10.1 2.09678e-06 0
10.2 4.6648e-06 0
