-10.2 5.04795e-09 0
-10.1 1.50739e-07 0
-10 1.02807e-07 0
-9.9 2.63375e-08 0
-9.8 1.85962e-07 0
-9.7 7.41428e-08 0
-9.6 7.77916e-08 0
-9.5 4.56619e-08 0
-9.4 7.14691e-22 0
-9.3 4.02335e-08 0
-9.2 0 0
-9.1 1.48703e-08 0
-9 2.6065e-07 0
-8.9 8.67211e-08 0
-8.8 9.89938e-08 0
-8.7 1.43384e-07 0
-8.6 3.44734e-08 0
-8.5 1.68077e-07 0
-8.4 9.45821e-08 0
-8.3 3.68073e-08 0
-8.2 1.84617e-07 0
-8.1 8.52165e-08 0
-8 1.73063e-07 0
-7.9 3.30976e-08 0
-7.8 2.03868e-07 0
-7.7 2.78717e-08 0
-7.6 1.37046e-07 0
-7.5 7.55911e-09 0
-7.4 6.1144e-08 0
-7.3 1.4972e-07 0
-7.2 1.10778e-07 0
-7.1 2.33693e-08 0
-7 1.84896e-08 0
-6.9 4.91516e-08 0
-6.8 1.72929e-07 0
-6.7 7.58056e-08 0
-6.6 1.84317e-07 0
-6.5 2.98443e-07 0
-6.4 1.4709e-08 0
-6.3 4.14562e-08 0
-6.2 7.61033e-08 0
-6.1 1.75587e-08 0
-6 3.11603e-07 0
-5.9 3.45022e-08 0
-5.8 1.24601e-07 0
-5.7 1.11994e-07 0
-5.6 1.53145e-07 0
-5.5 1.00921e-07 0
-5.4 5.40821e-08 0
-5.3 1.07687e-07 0
-5.2 1.89715e-07 0
-5.1 1.4372e-07 0
-5 8.49425e-08 0
-4.9 1.12152e-07 0
-4.8 5.11309e-08 0
-4.7 9.74905e-08 0
-4.6 5.03774e-08 0
-4.5 2.77774e-08 0
-4.4 3.01354e-08 0
-4.3 3.01214e-08 0
-4.2 2.04595e-07 0
-4.1 9.69649e-08 0
-4 3.91876e-08 0
-3.9 1.38444e-07 0
-3.8 1.99119e-07 0
-3.7 1.30348e-08 0
-3.6 5.87207e-09 0
-3.5 1.20386e-07 0
-3.4 1.12837e-08 0
-3.3 3.15715e-08 0
-3.2 9.50754e-09 0
-3.1 1.8022e-07 0
-3 2.67479e-08 0
-2.9 4.006e-08 0
-2.8 4.54929e-08 0
-2.7 3.47824e-08 0
-2.6 8.69703e-09 0
-2.5 1.31994e-08 0
-2.4 2.34118e-08 0
-2.3 7.29043e-08 0
-2.2 6.49092e-08 0
-2.1 4.8363e-08 0
-2 0 0
-1.9 9.743e-23 0
-1.8 1.09696e-08 0
-1.7 4.47146e-08 0
-1.6 0 0
-1.5 7.25982e-09 0
-1.4 6.65432e-08 0
-1.3 2.72546e-09 0
-1.2 2.6988e-08 0
-1.1 4.06116e-09 0
-1 2.33053e-08 0
-0.9 1.49452e-23 0
-0.8 1.68268e-09 0
-0.7 4.78101e-08 0
-0.6 2.05751e-22 0
-0.5 2.31655e-08 0
-0.4 4.09038e-08 0
-0.3 3.63959e-22 0
-0.2 0 0
-0.1 1.44965e-08 0
8.88178e-16 2.98313e-22 0
0.1 3.35871e-08 0
0.2 2.97785e-22 0
0.3 0 0
0.4 2.90792e-08 0
0.5 0 0
0.6 0 0
0.7 0 0
0.8 0 0
0.9 0 0
1 0 0
1.1 0 0
1.2 0 0
1.3 0 0
1.4 0 0
1.5 0 0
1.6 0 0
1.7 0 0
1.8 0 0
1.9 0 0
2 0 0
2.1 0 0
2.2 0 0
2.3 0 0
2.4 0 0
2.5 0 0
2.6 0 0
2.7 0 0
2.8 0 0
2.9 0 0
3 0 0
3.1 0 0
3.2 0 0
3.3 0 0
3.4 0 0
3.5 0 0
3.6 0 0
3.7 0 0
3.8 0 0
3.9 0 0
4 0 0
4.1 0 0
4.2 0 0
4.3 0 0
4.4 0 0
4.5 0 0
4.6 0 0
4.7 0 0
4.8 0 0
4.9 0 0
5 0 0
5.1 0 0
5.2 0 0
5.3 0 0
5.4 0 0
5.5 0 0
5.6 0 0
5.7 0 0
5.8 0 0
5.9 0 0
6 0 0
6.1 0 0
6.2 0 0
6.3 0 0
6.4 0 0
6.5 0 0
6.6 0 0
6.7 0 0
6.8 0 0
6.9 0 0
7 0 0
7.1 0 0
7.2 0 0
7.3 0 0
7.4 0 0
7.5 0 0
7.6 0 0
7.7 0 0
7.8 0 0
7.9 0 0
8 0 0
8.1 0 0
8.2 0 0
8.3 0 0
8.4 0 0
8.5 0 0
8.6 0 0
8.7 0 0
8.8 0 0
8.9 0 0
9 0 0
9.1 0 0
9.2 0 0
9.3 0 0
9.4 0 0
9.5 0 0
9.6 0 0
9.7 0 0
9.8 0 0
9.9 0 0
10 0 0
10.1 0 0
10.2 0 0
