-10.2 0.000535405 0
-10.1 0.000748512 0
-10 0.000693516 0
-9.9 0.000643881 0
-9.8 0.000601256 0
-9.7 0.000833954 0
-9.6 0.000570881 0
-9.5 0.000679583 0
-9.4 0.000629365 0
-9.3 0.000728953 0
-9.2 0.00045545 0
-9.1 0.000306089 0
-9 0.000575531 0
-8.9 0.000714566 0
-8.8 0.000959842 0
-8.7 0.000375066 0
-8.6 0.000621658 0
-8.5 0.000615601 0
-8.4 0.000872456 0
-8.3 0.000444596 0
-8.2 0.000541834 0
-8.1 0.00072125 0
-8 0.00062648 0
-7.9 0.000558107 0
-7.8 0.000664413 0
-7.7 0.000790709 0
-7.6 0.00088982 0
-7.5 0.000576966 0
-7.4 0.000920639 0
-7.3 0.000674936 0
-7.2 0.000706431 0
-7.1 0.000684025 0
-7 0.00090812 0
-6.9 0.000652979 0
-6.8 0.000676665 0
-6.7 0.000546238 0
-6.6 0.000926213 0
-6.5 0.000552545 0
-6.4 0.000405067 0
-6.3 0.000535904 0
-6.2 0.000754764 0
-6.1 0.000688469 0
-6 0.00102528 0
-5.9 0.000777507 0
-5.8 0.00064 0
-5.7 0.000312921 0
-5.6 0.000662192 0
-5.5 0.00081711 0
-5.4 0.000875479 0
-5.3 0.000856247 0
-5.2 0.000866535 0
-5.1 0.000753891 0
-5 0.000669954 0
-4.9 0.00114684 0
-4.8 0.00100362 0
-4.7 0.00109724 0
-4.6 0.000975111 0
-4.5 0.000688033 0
-4.4 0.000792796 0
-4.3 0.000896175 0
-4.2 0.000635024 0
-4.1 0.000560701 0
-4 0.000855686 0
-3.9 0.000612303 0
-3.8 0.000783042 0
-3.7 0.000435634 0
-3.6 0.000412002 0
-3.5 0.000709892 0
-3.4 0.00076574 0
-3.3 0.000543306 0
-3.2 0.000655674 0
-3.1 0.000656322 0
-3 0.000908109 0
-2.9 0.00082088 0
-2.8 0.000529834 0
-2.7 0.000415096 0
-2.6 0.000642809 0
-2.5 0.000538635 0
-2.4 0.000757047 0
-2.3 0.000456002 0
-2.2 0.000693914 0
-2.1 0.000614932 0
-2 0.000819225 0
-1.9 0.000534744 0
-1.8 0.000529437 0
-1.7 0.000537483 0
-1.6 0.000579073 0
-1.5 0.000276868 0
-1.4 0.000441007 0
-1.3 0.000441062 0
-1.2 0.000514444 0
-1.1 0.000379386 0
-1 0.00044307 0
-0.9 0.000324908 0
-0.8 0.000559417 0
-0.7 0.000304167 0
-0.6 0.000230521 0
-0.5 0.000507038 0
-0.4 0.000548539 0
-0.3 0.000343722 0
-0.2 0.000195048 0
-0.1 0.000318254 0
8.88178e-16 0.000264071 0
0.1 0.000425806 0
0.2 0.000321092 0
0.3 0.000303538 0
0.4 0.000153741 0
0.5 0.000266671 0
0.6 0.000105279 0
0.7 0.000247131 0
0.8 0.0002965 0
0.9 0.000208199 0
1 6.35072e-05 0
1.1 0.000190274 0
1.2 0.000125645 0
1.3 2.88334e-05 0
1.4 9.51941e-05 0
1.5 0.000109461 0
1.6 0.000119826 0
1.7 0.000142278 0
1.8 2.0773e-05 0
1.9 9.43427e-06 0
2 1.68201e-05 0
2.1 8.18249e-05 0
2.2 7.31836e-19 0
2.3 0 0
2.4 1.14971e-05 0
2.5 0 0
2.6 0 0
2.7 0 0
2.8 2.81204e-06 0
2.9 0 0
3 3.08955e-19 0
3.1 3.47853e-05 0
3.2 3.11708e-19 0
3.3 0 0
3.4 0 0
3.5 0 0
3.6 0 0
3.7 0 0
3.8 0 0
3.9 0 0
4 0 0
4.1 0 0
4.2 6.33861e-07 0
4.3 0 0
4.4 0 0
4.5 0 0
4.6 0 0
4.7 0 0
4.8 0 0
4.9 0 0
5 0 0
5.1 0 0
5.2 7.76675e-06 0
5.3 0 0
5.4 0 0
5.5 9.29514e-20 0
5.6 1.04654e-05 0
5.7 9.31736e-20 0
5.8 0 0
5.9 0 0
6 0 0
6.1 1.33227e-05 0
6.2 8.48155e-05 0
6.3 3.13256e-05 0
6.4 4.51951e-05 0
6.5 0 0
6.6 4.57878e-05 0
6.7 3.06501e-05 0
6.8 0 0
6.9 0 0
7 0 0
7.1 0 0
7.2 0 0
7.3 0 0
7.4 0 0
7.5 0 0
7.6 4.70831e-05 0
7.7 2.20831e-05 0
7.8 0 0
7.9 0 0
8 0 0
8.1 0 0
8.2 0 0
8.3 0 0
8.4 0 0
8.5 0 0
8.6 4.47483e-05 0
8.7 1.96941e-05 0
8.8 6.49936e-06 0
8.9 0 0
9 0 0
9.1 0 0
9.2 0 0
9.3 0 0
9.4 0 0
9.5 1.3147e-18 0
9.6 7.40108e-05 0
9.7 1.3146e-18 0
9.8 0 0
9.9 0 0
10 0 0
10.1 0 0
10.2 0 0
