1.09967 1.38821e-07
3.099 2.20027e-07
5.09833 4.33083e-07
7.09767 3.44747e-07
9.097 3.16583e-07
11.0963 1.88097e-07
13.0957 3.94067e-07
15.095 2.22831e-07
17.0943 2.69935e-07
19.0937 2.23753e-07
21.093 4.12037e-07
23.0923 9.86845e-07
25.0917 5.01534e-07
27.091 2.7756e-07
29.0903 5.14365e-07
31.0897 3.65931e-07
33.089 4.1128e-07
35.0883 5.70121e-07
37.0877 5.10599e-07
39.087 5.13128e-07
41.0863 8.65869e-07
43.0857 3.23496e-07
45.085 5.69155e-07
47.0843 3.15607e-07
49.0837 4.53874e-07
51.083 7.15111e-07
53.0823 6.37307e-07
55.0817 3.31507e-07
57.081 4.20014e-07
59.0803 3.03896e-07
61.0797 6.02149e-07
63.079 4.66756e-07
65.0783 8.26786e-07
67.0777 4.47524e-07
69.077 7.22047e-07
71.0763 8.62204e-07
73.0757 7.43579e-07
75.075 3.45107e-07
77.0743 1.34647e-06
79.0737 6.48799e-07
81.073 9.74318e-07
83.0723 9.89136e-07
85.0717 6.74074e-07
87.071 9.6643e-07
89.0703 1.32855e-06
91.0697 9.4046e-07
93.069 1.5636e-06
95.0683 1.29035e-06
97.0677 1.51872e-06
99.067 1.1029e-06
101.066 1.73348e-06
103.066 2.03799e-06
105.065 3.28048e-06
107.064 1.65155e-06
109.064 2.18618e-06
111.063 1.78307e-06
113.062 1.3942e-06
115.062 1.67411e-06
117.061 2.36494e-06
119.06 2.2617e-06
121.06 1.74478e-06
123.059 1.66551e-06
125.058 3.14658e-06
127.058 2.32014e-06
129.057 2.39602e-06
131.056 2.79995e-06
133.056 2.7107e-06
135.055 2.85387e-06
137.054 3.23611e-06
139.054 3.10592e-06
141.053 3.99821e-06
143.052 3.93596e-06
145.052 4.37817e-06
147.051 5.13703e-06
149.05 4.82986e-06
151.05 4.50332e-06
153.049 4.88413e-06
155.048 6.13909e-06
157.048 6.85407e-06
159.047 6.9704e-06
161.046 6.99492e-06
163.046 7.69838e-06
165.045 8.7002e-06
167.044 9.65444e-06
169.044 9.58226e-06
171.043 1.12271e-05
173.042 1.20834e-05
175.042 1.33433e-05
177.041 1.51885e-05
179.04 1.71691e-05
181.04 1.8972e-05
183.039 2.15266e-05
185.038 2.34731e-05
187.038 2.72793e-05
189.037 3.17817e-05
191.036 3.49153e-05
193.036 3.89617e-05
195.035 4.34231e-05
197.034 4.68249e-05
199.034 4.93444e-05
201.033 5.12404e-05
203.032 5.39187e-05
205.032 5.80197e-05
207.031 6.12368e-05
209.03 6.66667e-05
211.03 7.80131e-05
213.029 8.57357e-05
215.028 9.13678e-05
217.028 9.31234e-05
219.027 9.58237e-05
221.026 0.00010238
223.026 0.000121649
225.025 0.000123157
227.024 0.000108973
229.024 0.000116714
231.023 0.000123909
233.022 0.00011256
235.022 0.0001265
237.021 8.94812e-05
239.02 2.24832e-05
241.02 8.21576e-06
243.019 7.09559e-06
245.018 6.70211e-06
247.018 7.02226e-06
249.017 4.21225e-06
251.016 4.91366e-06
253.016 5.18937e-06
255.015 3.19231e-06
257.014 2.62602e-06
259.014 1.71195e-06
261.013 1.49883e-06
263.012 6.87095e-07
265.012 4.50217e-07
267.011 2.5237e-07
269.01 4.01026e-08
271.01 0
273.009 0
275.008 0
277.008 0
279.007 0
281.006 0
283.006 0
285.005 0
287.004 0
289.004 0
291.003 0
293.002 0
295.002 0
297.001 0
299 0
