1.09967 0
3.099 0
5.09833 0
7.09767 2.32086e-09
9.097 2.15983e-09
11.0963 0
13.0957 0
15.095 0
17.0943 0
19.0937 0
21.093 0
23.0923 0
25.0917 1.31156e-09
27.091 1.23833e-09
29.0903 0
31.0897 0
33.089 0
35.0883 0
37.0877 9.49785e-10
39.087 9.05546e-10
41.0863 0
43.0857 0
45.085 0
47.0843 1.53186e-09
49.0837 0
51.083 0
53.0823 6.83524e-10
55.0817 6.54027e-10
57.081 0
59.0803 6.18914e-10
61.0797 5.95605e-10
63.079 0
65.0783 5.63852e-10
67.0777 5.40946e-10
69.077 5.42297e-10
71.0763 5.18591e-10
73.0757 0
75.075 9.91037e-10
77.0743 0
79.0737 4.7412e-10
81.073 4.75001e-10
83.0723 0
85.0717 4.51771e-10
87.071 4.50857e-10
89.0703 0
91.0697 4.26463e-10
93.069 4.22776e-10
95.0683 4.16055e-10
97.0677 4.10325e-10
99.067 4.01544e-10
101.066 3.94749e-10
103.066 3.85823e-10
105.065 3.76414e-10
107.064 7.45901e-10
109.064 3.68202e-10
111.063 3.58031e-10
113.062 7.03197e-10
115.062 3.45955e-10
117.061 6.77758e-10
119.06 6.69676e-10
121.06 6.60894e-10
123.059 6.51414e-10
125.058 3.18836e-10
127.058 9.36211e-10
129.057 6.19449e-10
131.056 6.05331e-10
133.056 8.9527e-10
135.055 5.86233e-10
137.054 8.65173e-10
139.054 8.54377e-10
141.053 8.3875e-10
143.052 8.26332e-10
145.052 8.09876e-10
147.051 1.06461e-09
149.05 1.0513e-09
151.05 1.03817e-09
153.049 1.01939e-09
155.048 1.26027e-09
157.048 9.92907e-10
159.047 1.22422e-09
161.046 1.45112e-09
163.046 1.49179e-09
165.045 1.29441e-09
167.044 1.33964e-09
169.044 0
171.043 0
173.042 0
175.042 0
177.041 0
179.04 0
181.04 0
183.039 0
185.038 0
187.038 0
189.037 0
191.036 0
193.036 0
195.035 0
197.034 0
199.034 0
201.033 0
203.032 0
205.032 0
207.031 0
209.03 0
211.03 0
213.029 0
215.028 0
217.028 0
219.027 0
221.026 0
223.026 0
225.025 0
227.024 0
229.024 0
231.023 0
233.022 0
235.022 0
237.021 0
239.02 0
241.02 0
243.019 0
245.018 0
247.018 0
249.017 0
251.016 0
253.016 0
255.015 0
257.014 0
259.014 0
261.013 0
263.012 0
265.012 0
267.011 0
269.01 0
271.01 0
273.009 0
275.008 0
277.008 0
279.007 0
281.006 0
283.006 0
285.005 0
287.004 0
289.004 0
291.003 0
293.002 0
295.002 0
297.001 0
299 0
