1.09967 5.80819e-08
3.099 5.46116e-08
5.09833 6.24157e-08
7.09767 6.455e-08
9.097 7.38304e-08
11.0963 5.0078e-08
13.0957 5.97296e-08
15.095 6.09856e-08
17.0943 5.26319e-08
19.0937 5.98846e-08
21.093 5.776e-08
23.0923 5.05134e-08
25.0917 5.51677e-08
27.091 5.47163e-08
29.0903 5.76445e-08
31.0897 5.40361e-08
33.089 5.36488e-08
35.0883 5.21485e-08
37.0877 5.41778e-08
39.087 5.07015e-08
41.0863 5.83009e-08
43.0857 4.85915e-08
45.085 5.15498e-08
47.0843 5.43421e-08
49.0837 5.42296e-08
51.083 5.35999e-08
53.0823 5.48793e-08
55.0817 5.57444e-08
57.081 5.69516e-08
59.0803 5.64767e-08
61.0797 5.72415e-08
63.079 5.6091e-08
65.0783 5.37949e-08
67.0777 5.75913e-08
69.077 5.6873e-08
71.0763 5.57673e-08
73.0757 5.75482e-08
75.075 5.23299e-08
77.0743 5.58244e-08
79.0737 5.08454e-08
81.073 4.95831e-08
83.0723 4.97029e-08
85.0717 4.81759e-08
87.071 4.67527e-08
89.0703 4.41571e-08
91.0697 4.37551e-08
93.069 4.30687e-08
95.0683 3.88821e-08
97.0677 3.76778e-08
99.067 3.83812e-08
101.066 3.53769e-08
103.066 3.48469e-08
105.065 3.21897e-08
107.064 2.92997e-08
109.064 2.7569e-08
111.063 2.6344e-08
113.062 2.26854e-08
115.062 2.03526e-08
117.061 1.81204e-08
119.06 1.63554e-08
121.06 1.61796e-08
123.059 1.44962e-08
125.058 1.03461e-08
127.058 4.69215e-09
129.057 3.73485e-09
131.056 1.46406e-09
133.056 0
135.055 0
137.054 0
139.054 0
141.053 0
143.052 0
145.052 0
147.051 0
149.05 0
151.05 0
153.049 0
155.048 0
157.048 0
159.047 0
161.046 0
163.046 0
165.045 0
167.044 0
169.044 0
171.043 0
173.042 0
175.042 0
177.041 0
179.04 0
181.04 0
183.039 0
185.038 0
187.038 0
189.037 0
191.036 0
193.036 0
195.035 0
197.034 0
199.034 0
201.033 0
203.032 0
205.032 0
207.031 0
209.03 0
211.03 0
213.029 0
215.028 0
217.028 0
219.027 0
221.026 0
223.026 0
225.025 0
227.024 0
229.024 0
231.023 0
233.022 0
235.022 0
237.021 0
239.02 0
241.02 0
243.019 0
245.018 0
247.018 0
249.017 0
251.016 0
253.016 0
255.015 0
257.014 0
259.014 0
261.013 0
263.012 0
265.012 0
267.011 0
269.01 0
271.01 0
273.009 0
275.008 0
277.008 0
279.007 0
281.006 0
283.006 0
285.005 0
287.004 0
289.004 0
291.003 0
293.002 0
295.002 0
297.001 0
299 0
