1 0
3 0
5 0
7 0
9 0
11 0.000203928
13 0.000399077
15 0.000346847
17 0.000229125
19 0.000188921
21 0.000122527
23 9.21952e-05
25 8.00673e-05
27 6.77001e-05
29 5.36057e-05
31 4.24642e-05
33 3.34904e-05
35 2.66236e-05
37 2.14417e-05
39 1.78707e-05
41 1.50672e-05
43 1.28775e-05
45 1.11245e-05
47 9.66699e-06
49 8.49333e-06
51 7.53103e-06
53 6.62847e-06
55 5.9098e-06
57 5.29534e-06
59 4.71206e-06
61 4.24527e-06
63 3.84378e-06
65 3.49514e-06
67 3.16224e-06
69 2.91093e-06
71 2.66066e-06
73 2.44353e-06
75 2.22196e-06
77 2.06336e-06
79 1.90518e-06
81 1.76031e-06
83 1.63365e-06
85 1.51429e-06
87 1.4e-06
89 1.30255e-06
91 1.207e-06
93 1.13645e-06
95 1.07053e-06
97 9.98673e-07
99 9.34297e-07
101 8.7546e-07
103 8.21071e-07
105 7.70419e-07
107 7.22547e-07
109 6.82705e-07
111 6.40694e-07
113 6.0705e-07
115 5.72391e-07
117 5.50256e-07
119 5.27972e-07
121 4.98884e-07
123 4.70281e-07
125 4.46969e-07
127 4.24616e-07
129 4.01957e-07
131 3.82527e-07
133 3.59434e-07
135 3.43565e-07
137 3.26831e-07
139 3.09381e-07
141 2.98917e-07
143 2.82578e-07
145 2.69887e-07
147 2.5993e-07
149 2.47545e-07
151 2.36289e-07
153 2.26051e-07
155 2.1747e-07
157 2.11314e-07
159 2.04718e-07
161 1.95913e-07
163 1.88867e-07
165 1.8181e-07
167 1.74367e-07
169 1.66669e-07
171 1.60445e-07
173 1.5449e-07
175 1.50329e-07
177 1.42788e-07
179 1.37751e-07
181 1.32779e-07
183 1.28841e-07
185 1.22608e-07
187 1.18658e-07
189 1.15551e-07
191 1.10857e-07
193 1.08668e-07
195 1.0583e-07
197 1.032e-07
199 9.83793e-08
201 9.80412e-08
203 9.36231e-08
205 8.94421e-08
207 8.7838e-08
209 8.47634e-08
211 8.11109e-08
213 7.94878e-08
215 7.6377e-08
217 7.47381e-08
219 7.11556e-08
221 7.01497e-08
223 6.81867e-08
225 6.55192e-08
227 6.41966e-08
229 6.09906e-08
231 6.12581e-08
233 5.78878e-08
235 5.72271e-08
237 5.4138e-08
239 5.38963e-08
241 5.12404e-08
243 5.14859e-08
245 4.78916e-08
247 4.94777e-08
249 4.53639e-08
251 4.61762e-08
253 4.39007e-08
255 4.33488e-08
257 4.25668e-08
259 4.12551e-08
261 4.04909e-08
263 3.98858e-08
265 3.82653e-08
267 3.77688e-08
269 3.69773e-08
271 3.53128e-08
273 3.51796e-08
275 3.39593e-08
277 3.38009e-08
279 3.28991e-08
281 3.16069e-08
283 3.13366e-08
285 3.02992e-08
287 3.03053e-08
289 2.87067e-08
291 2.75978e-08
293 2.83384e-08
295 2.70541e-08
297 2.58046e-08
299 2.67719e-08
301 2.51273e-08
303 2.47472e-08
305 2.48756e-08
307 2.38671e-08
309 2.26048e-08
311 2.3617e-08
313 2.24392e-08
315 2.10612e-08
317 2.15842e-08
319 2.10637e-08
321 2.04868e-08
323 1.98374e-08
325 1.96994e-08
327 1.92852e-08
329 1.92404e-08
331 1.85399e-08
333 1.83962e-08
335 1.82731e-08
337 1.73357e-08
339 1.73279e-08
341 1.6753e-08
343 1.67414e-08
345 1.60115e-08
347 1.57328e-08
349 1.59018e-08
351 1.52447e-08
353 1.45306e-08
355 1.50182e-08
357 1.433e-08
359 1.42225e-08
361 1.42032e-08
363 1.32661e-08
365 1.3999e-08
367 1.34685e-08
369 1.34287e-08
371 1.29951e-08
373 1.23571e-08
375 1.3063e-08
377 1.20154e-08
379 1.23725e-08
381 1.14613e-08
383 1.11674e-08
385 1.19447e-08
387 1.11809e-08
389 1.11708e-08
391 1.06602e-08
393 1.02245e-08
395 1.02766e-08
397 1.0651e-08
399 9.95983e-09
401 1.02336e-08
403 9.4418e-09
405 9.53242e-09
407 9.14207e-09
409 1.01283e-08
411 9.84982e-09
413 9.04073e-09
415 9.29209e-09
417 9.0458e-09
419 8.26074e-09
421 8.60388e-09
423 9.13172e-09
425 8.1724e-09
427 8.10954e-09
429 8.23569e-09
431 7.89811e-09
433 7.68991e-09
435 7.64208e-09
437 7.68247e-09
439 7.44646e-09
441 7.08437e-09
443 7.194e-09
445 6.88586e-09
447 6.83529e-09
449 7.11009e-09
451 6.60777e-09
453 6.74364e-09
455 6.54876e-09
457 6.14254e-09
459 6.13475e-09
461 6.42476e-09
463 6.18011e-09
465 6.228e-09
467 6.62382e-09
469 6.05308e-09
471 6.3317e-09
473 6.07119e-09
475 5.78043e-09
477 5.88376e-09
479 5.80113e-09
481 5.48607e-09
483 5.67833e-09
485 5.45797e-09
487 5.53889e-09
489 5.59178e-09
491 5.20696e-09
493 4.99551e-09
495 4.90916e-09
497 5.00933e-09
499 4.85472e-09
501 4.73678e-09
503 4.68819e-09
505 4.72568e-09
507 4.98163e-09
509 4.57895e-09
511 4.47152e-09
513 4.26854e-09
515 4.22518e-09
517 4.21706e-09
519 4.23094e-09
521 3.92976e-09
523 3.97594e-09
525 3.89282e-09
527 4.40512e-09
529 4.00567e-09
531 3.93498e-09
533 3.67532e-09
535 3.55712e-09
537 3.59408e-09
539 3.6368e-09
541 3.57564e-09
543 3.20149e-09
545 3.54472e-09
547 3.86655e-09
549 3.89911e-09
551 3.75629e-09
553 3.71783e-09
555 3.35025e-09
557 3.23446e-09
559 3.39752e-09
561 3.32682e-09
563 3.10413e-09
565 3.23215e-09
567 2.91268e-09
569 3.00406e-09
571 3.18007e-09
573 3.19817e-09
575 3.26965e-09
577 3.03891e-09
579 2.9441e-09
581 2.69032e-09
583 2.72866e-09
585 2.83336e-09
587 2.79493e-09
589 2.49046e-09
591 2.56163e-09
593 2.67193e-09
595 2.7394e-09
597 2.45235e-09
599 2.77587e-09
601 3.0372e-09
603 2.79137e-09
605 2.66726e-09
607 2.71794e-09
609 2.48525e-09
611 2.57637e-09
613 2.52693e-09
615 2.37713e-09
617 2.49037e-09
619 2.29845e-09
621 2.4456e-09
623 2.42385e-09
625 2.1487e-09
627 2.08459e-09
629 2.2186e-09
631 2.51852e-09
633 2.19396e-09
635 2.11222e-09
637 2.17249e-09
639 2.24617e-09
641 2.05603e-09
643 1.98452e-09
645 1.99211e-09
647 1.90766e-09
649 1.89028e-09
651 1.98143e-09
653 1.80963e-09
655 1.95211e-09
657 1.93653e-09
659 1.9122e-09
661 1.89607e-09
663 2.11596e-09
665 2.10845e-09
667 2.0349e-09
669 2.12107e-09
671 1.94544e-09
673 1.86537e-09
675 2.02213e-09
677 1.80461e-09
679 1.85664e-09
681 1.82503e-09
683 1.85538e-09
685 1.58791e-09
687 1.70405e-09
689 1.70687e-09
691 1.81889e-09
693 1.76053e-09
695 1.51201e-09
697 1.41441e-09
699 1.66408e-09
701 1.75911e-09
703 1.49193e-09
705 1.61589e-09
707 1.47122e-09
709 1.54943e-09
711 1.49353e-09
713 1.42943e-09
715 1.49441e-09
717 1.44537e-09
719 1.45917e-09
721 1.4594e-09
723 1.29599e-09
725 1.37826e-09
727 1.27839e-09
729 1.19705e-09
731 1.2018e-09
733 1.58707e-09
735 1.59731e-09
737 1.52641e-09
739 1.68777e-09
741 1.95022e-09
743 1.82133e-09
745 1.80252e-09
747 1.88446e-09
749 1.70412e-09
751 1.6595e-09
753 1.7162e-09
755 1.67785e-09
757 1.66655e-09
759 1.61327e-09
761 1.63988e-09
763 1.60859e-09
765 1.4423e-09
767 1.46739e-09
769 1.38149e-09
771 1.55425e-09
773 1.51884e-09
775 1.28263e-09
777 1.3925e-09
779 1.37452e-09
781 1.39407e-09
783 1.47479e-09
785 1.28897e-09
787 1.36108e-09
789 1.37548e-09
791 2.20958e-09
793 2.29476e-09
795 1.81178e-09
797 1.85864e-09
799 1.36594e-09
801 1.15433e-09
803 1.06265e-09
805 8.17907e-10
807 6.9756e-10
809 4.77735e-10
811 3.94715e-10
813 5.07869e-10
815 0
817 7.33531e-11
819 2.08316e-11
821 4.16937e-11
823 6.23968e-11
825 0
827 8.26421e-11
829 2.05507e-11
831 4.10531e-11
833 2.05339e-11
835 4.10164e-11
837 6.11591e-11
839 4.07462e-11
841 2.02664e-11
843 2.02338e-11
845 4.04725e-11
847 2.0241e-11
849 8.05285e-11
851 2.00772e-11
853 2.0031e-11
855 3.9917e-11
857 1.9923e-11
859 1.99295e-11
861 7.9481e-11
863 1.98077e-11
865 0
867 5.9111e-11
869 1.96411e-11
871 5.89495e-11
873 7.83091e-11
875 1.9549e-11
877 0
879 5.82926e-11
881 3.87611e-11
883 3.87091e-11
885 3.86271e-11
887 7.71558e-11
889 1.92474e-11
891 3.83116e-11
893 5.73619e-11
895 1.90812e-11
897 5.71557e-11
899 3.80091e-11
901 3.79618e-11
903 1.89421e-11
905 5.66733e-11
907 5.65434e-11
909 3.76091e-11
911 3.75106e-11
913 7.48421e-11
915 0
917 3.72583e-11
919 5.57737e-11
921 5.5694e-11
923 3.70652e-11
925 7.38526e-11
927 3.68787e-11
929 3.67935e-11
931 1.83499e-11
933 5.49756e-11
935 9.14008e-11
937 1.82281e-11
939 5.45362e-11
941 7.2624e-11
943 3.62514e-11
945 1.807e-11
947 1.80446e-11
949 9.00987e-11
951 3.60165e-11
953 3.58527e-11
955 8.94463e-11
957 7.1421e-11
959 3.5646e-11
961 1.77778e-11
963 0
965 1.06261e-10
967 3.53075e-11
969 5.28585e-11
971 1.05613e-10
973 7.02597e-11
975 1.75436e-11
977 1.75233e-11
979 1.7463e-11
981 6.95599e-11
983 5.21414e-11
985 6.93488e-11
987 1.03938e-10
989 5.19008e-11
991 5.18001e-11
993 1.72413e-11
995 0
997 8.55631e-11
999 5.12721e-11
1001 1.02429e-10
1003 6.81885e-11
1005 3.40706e-11
1007 3.40151e-11
1009 6.77537e-11
1011 0
1013 5.05366e-11
1015 6.7321e-11
1017 5.04328e-11
1019 1.17482e-10
1021 3.35524e-11
1023 5.02227e-11
1025 3.33394e-11
1027 4.98509e-11
1029 0
1031 4.97351e-11
1033 8.27939e-11
1035 4.95966e-11
1037 1.15634e-10
1039 3.29388e-11
1041 3.2772e-11
1043 4.91002e-11
1045 3.27098e-11
1047 3.26782e-11
1049 4.89489e-11
1051 4.89116e-11
1053 6.51146e-11
1055 1.29586e-10
1057 4.84315e-11
1059 3.22485e-11
1061 4.83093e-11
1063 3.21919e-11
1065 1.60696e-11
1067 6.4269e-11
1069 4.79586e-11
1071 3.1814e-11
1073 7.95159e-11
1075 1.27118e-10
1077 1.58747e-11
1079 3.17217e-11
1081 4.75645e-11
1083 3.16831e-11
1085 1.57753e-11
1087 7.84865e-11
1089 4.70244e-11
1091 4.6972e-11
1093 9.39097e-11
1095 1.09461e-10
1097 0
1099 6.24621e-11
1101 3.10026e-11
1103 4.6456e-11
1105 4.63369e-11
1107 4.63128e-11
1109 6.17164e-11
1111 6.16598e-11
1113 9.24004e-11
1115 7.68398e-11
1117 4.59222e-11
1119 6.09575e-11
1121 1.52283e-11
1123 6.08737e-11
1125 9.12369e-11
1127 3.03993e-11
1129 1.51836e-11
1131 7.57609e-11
1133 7.53978e-11
1135 1.0523e-10
1137 6.00492e-11
1139 7.50151e-11
1141 2.99988e-11
1143 2.99816e-11
1145 4.49231e-11
1147 1.04581e-10
1149 1.48802e-11
1151 1.4838e-11
1153 8.88066e-11
1155 4.43837e-11
1157 1.3309e-10
1159 4.43376e-11
1161 7.38701e-11
1163 7.37809e-11
1165 1.47139e-11
1167 2.92929e-11
1169 7.29821e-11
1171 7.29431e-11
1173 1.45848e-11
1175 2.91545e-11
1177 1.45683e-10
1179 4.35805e-11
1181 8.70512e-11
1183 4.33506e-11
1185 4.32815e-11
1187 1.15077e-10
1189 2.8761e-11
1191 4.31148e-11
1193 1.43735e-11
1195 7.17868e-11
1197 5.73305e-11
1199 5.69961e-11
1201 8.53001e-11
1203 4.25636e-11
1205 5.67254e-11
1207 7.08824e-11
1209 5.66943e-11
1211 5.66674e-11
1213 5.65713e-11
1215 4.23381e-11
1217 4.21789e-11
1219 4.1993e-11
1221 4.19521e-11
1223 6.99011e-11
1225 6.98965e-11
1227 4.19274e-11
1229 4.18689e-11
1231 6.95836e-11
1233 6.94333e-11
1235 4.15485e-11
1237 5.52323e-11
1239 5.51718e-11
1241 5.51449e-11
1243 5.51388e-11
1245 5.50932e-11
1247 1.37253e-11
1249 8.21735e-11
1251 4.10291e-11
1253 2.72895e-11
1255 8.16748e-11
1257 4.07859e-11
1259 4.07837e-11
1261 5.43745e-11
1263 6.78807e-11
1265 6.77176e-11
1267 2.70186e-11
1269 6.74181e-11
1271 5.3724e-11
1273 8.04747e-11
1275 1.34062e-11
1277 4.02177e-11
1279 6.70214e-11
1281 4.01324e-11
1283 1.33454e-11
1285 7.99299e-11
1287 3.98508e-11
1289 3.97511e-11
1291 6.61752e-11
1293 6.61037e-11
1295 5.28851e-11
1297 1.32048e-11
1299 3.95855e-11
1301 9.21365e-11
1303 5.25665e-11
1305 3.9329e-11
1307 6.53184e-11
1309 2.61085e-11
1311 2.60799e-11
1313 6.52106e-11
1315 5.20776e-11
1317 2.60536e-11
1319 2.59639e-11
1321 6.47591e-11
1323 3.87896e-11
1325 5.16205e-11
1327 3.86439e-11
1329 6.43225e-11
1331 9.00546e-11
1333 6.42701e-11
1335 2.56613e-11
1337 5.12397e-11
1339 5.11091e-11
1341 0
1343 5.09558e-11
1345 6.35216e-11
1347 3.80687e-11
1349 3.80756e-11
1351 5.07377e-11
1353 3.79677e-11
1355 3.788e-11
1357 5.0457e-11
1359 3.77096e-11
1361 5.02317e-11
1363 6.26784e-11
1365 5.00898e-11
1367 6.25994e-11
1369 5.00571e-11
1371 3.74446e-11
1373 3.74181e-11
1375 1.24168e-11
1377 4.96588e-11
1379 8.68525e-11
1381 1.23792e-11
1383 3.7087e-11
1385 6.17593e-11
1387 3.70525e-11
1389 4.93112e-11
1391 1.23042e-11
1393 7.37257e-11
1395 1.22601e-11
1397 7.34984e-11
1399 3.66662e-11
1401 7.32279e-11
1403 3.655e-11
1405 4.87498e-11
1407 2.43409e-11
1409 6.07578e-11
1411 3.64088e-11
1413 1.21215e-11
1415 6.04477e-11
1417 3.62673e-11
1419 1.20473e-11
1421 9.62497e-11
1423 2.40331e-11
1425 2.40069e-11
1427 4.7969e-11
1429 3.59128e-11
1431 3.58472e-11
1433 3.58109e-11
1435 8.34561e-11
1437 3.56945e-11
1439 5.9466e-11
1441 2.37492e-11
1443 2.371e-11
1445 5.92151e-11
1447 4.7305e-11
1449 2.36022e-11
1451 4.71419e-11
1453 3.5287e-11
1455 3.52614e-11
1457 5.86544e-11
1459 3.51758e-11
1461 4.68308e-11
1463 2.33724e-11
1465 3.49999e-11
1467 2.33152e-11
1469 4.65584e-11
1471 4.64901e-11
1473 5.80517e-11
1475 5.79713e-11
1477 3.47339e-11
1479 4.62619e-11
1481 4.61802e-11
1483 3.45707e-11
1485 5.75355e-11
1487 4.5964e-11
1489 3.44423e-11
1491 2.29317e-11
1493 4.58453e-11
1495 3.43065e-11
1497 2.2853e-11
1499 5.70671e-11
1501 2.27318e-11
1503 4.54664e-11
1505 1.13565e-11
1507 2.26911e-11
1509 4.52976e-11
1511 3.39536e-11
1513 4.52082e-11
1515 4.51636e-11
1517 6.76668e-11
1519 1.12749e-11
1521 2.24875e-11
1523 5.60773e-11
1525 4.47991e-11
1527 5.59476e-11
1529 7.82439e-11
1531 2.23295e-11
1533 2.23018e-11
1535 1.11383e-11
1537 4.4486e-11
1539 4.44282e-11
1541 3.32323e-11
1543 3.31842e-11
1545 4.41984e-11
1547 0
1549 3.30897e-11
1551 0
1553 4.40405e-11
1555 4.39946e-11
1557 4.39582e-11
1559 5.47478e-11
1561 3.28064e-11
1563 3.27523e-11
1565 5.44901e-11
1567 4.35683e-11
1569 3.26722e-11
1571 4.35143e-11
1573 6.52094e-11
1575 4.34434e-11
1577 2.17004e-11
1579 2.16341e-11
1581 3.24042e-11
1583 1.07608e-11
1585 4.30645e-11
1587 3.22754e-11
1589 4.29757e-11
1591 3.22276e-11
1593 2.14524e-11
1595 1.0727e-11
1597 1.07177e-11
1599 3.20522e-11
1601 2.12923e-11
1603 4.25911e-11
1605 6.37971e-11
1607 5.3098e-11
1609 3.18414e-11
1611 5.30311e-11
1613 4.23911e-11
1615 3.17628e-11
1617 4.22439e-11
1619 6.32876e-11
1621 4.21026e-11
1623 3.15112e-11
1625 3.14853e-11
1627 3.1463e-11
1629 0
1631 6.28433e-11
1633 1.04704e-11
1635 4.18223e-11
1637 3.13028e-11
1639 1.04273e-11
1641 3.12289e-11
1643 1.0376e-11
1645 2.07317e-11
1647 2.07198e-11
1649 4.14199e-11
1651 4.13925e-11
1653 3.10255e-11
1655 8.265e-11
1657 3.08841e-11
1659 2.06213e-11
1661 7.18391e-11
1663 4.09965e-11
1665 3.07132e-11
1667 5.11725e-11
1669 3.06829e-11
1671 2.04505e-11
1673 4.08745e-11
1675 5.10151e-11
1677 0
1679 2.03194e-11
1681 5.07562e-11
1683 1.01226e-11
1685 3.03432e-11
1687 3.03371e-11
1689 1.01071e-11
1691 3.02945e-11
1693 2.01776e-11
1695 1.00773e-11
1697 2.01313e-11
1699 3.01316e-11
1701 6.0167e-11
1703 3.0041e-11
1705 1.99841e-11
1707 6.99154e-11
1709 1.99768e-11
1711 1.99476e-11
1713 7.98046e-11
1715 2.98608e-11
1717 2.98245e-11
1719 3.96839e-11
1721 2.97342e-11
1723 9.90853e-12
1725 1.97884e-11
1727 4.93848e-11
1729 1.97381e-11
1731 3.94638e-11
1733 0
1735 3.93821e-11
1737 0
1739 4.91203e-11
1741 9.80974e-12
1743 1.95693e-11
1745 2.93126e-11
1747 1.9542e-11
1749 1.94999e-11
1751 1.94912e-11
1753 1.94728e-11
1755 9.72827e-12
1757 5.83069e-11
1759 3.88211e-11
1761 3.87383e-11
1763 3.87187e-11
1765 1.93298e-11
1767 3.85963e-11
1769 2.89122e-11
1771 7.70623e-11
1773 2.88663e-11
1775 1.92271e-11
1777 1.92267e-11
1779 1.92033e-11
1781 1.91637e-11
1783 9.56716e-12
1785 1.9126e-11
1787 2.86386e-11
1789 2.86139e-11
1791 2.85812e-11
1793 3.80676e-11
1795 1.90155e-11
1797 9.49196e-12
1799 0
1801 5.68962e-11
1803 2.84206e-11
1805 1.89311e-11
1807 9.4351e-12
1809 3.77301e-11
1811 9.42391e-12
1813 9.4159e-12
1815 2.82248e-11
1817 1.87869e-11
1819 6.56846e-11
1821 4.68731e-11
1823 1.87249e-11
1825 4.67537e-11
1827 4.66861e-11
1829 2.79798e-11
1831 6.52257e-11
1833 1.86348e-11
1835 3.71766e-11
1837 9.27821e-12
1839 9.28144e-12
1841 2.78136e-11
1843 0
1845 3.70056e-11
1847 9.24679e-12
1849 3.69204e-11
1851 5.53352e-11
1853 1.84123e-11
1855 0
1857 3.67473e-11
1859 3.67242e-11
1861 1.83402e-11
1863 2.74949e-11
1865 2.74616e-11
1867 2.74302e-11
1869 9.12903e-12
1871 0
1873 5.46381e-11
1875 4.54986e-11
1877 4.54666e-11
1879 1.81626e-11
1881 4.53763e-11
1883 1.81462e-11
1885 6.34552e-11
1887 1.80941e-11
1889 3.61647e-11
1891 5.41411e-11
1893 1.80313e-11
1895 0
1897 8.99586e-12
1899 8.9886e-12
1901 2.69431e-11
1903 0
1905 2.6866e-11
1907 2.68835e-11
1909 1.78971e-11
1911 4.46334e-11
1913 2.67667e-11
1915 8.91488e-12
1917 8.90586e-12
1919 4.44961e-11
1921 3.55795e-11
1923 8.86004e-12
1925 1.77593e-11
1927 2.65941e-11
1929 1.7698e-11
1931 8.84472e-12
1933 2.64867e-11
1935 8.82326e-12
1937 4.41004e-11
1939 2.64497e-11
1941 4.40352e-11
1943 4.39954e-11
1945 1.7569e-11
1947 3.50886e-11
1949 2.62764e-11
1951 2.62361e-11
1953 5.24314e-11
1955 3.49371e-11
1957 8.73568e-12
1959 1.7453e-11
1961 0
1963 1.74245e-11
1965 1.73825e-11
1967 1.73698e-11
1969 8.67568e-12
1971 2.59692e-11
1973 8.65512e-12
1975 1.72944e-11
1977 5.18663e-11
1979 1.72795e-11
1981 1.72676e-11
1983 1.72384e-11
1985 8.60711e-12
1987 4.29878e-11
1989 3.43515e-11
1991 0
1993 0
1995 2.56902e-11
1997 3.42414e-11
1999 8.55264e-12
