1 0
3 0
5 0
7 0
9 0
11 0
13 0
15 0
17 0
19 7.28387e-07
21 0.000157475
23 0.000237292
25 0.000214297
27 0.000202227
29 0.00017379
31 0.000132749
33 0.00012225
35 0.000106559
37 8.42422e-05
39 6.71547e-05
41 5.71018e-05
43 5.13095e-05
45 4.68777e-05
47 4.3021e-05
49 3.90674e-05
51 3.4877e-05
53 3.07707e-05
55 2.70524e-05
57 2.35951e-05
59 2.07389e-05
61 1.82044e-05
63 1.59823e-05
65 1.41029e-05
67 1.25931e-05
69 1.12843e-05
71 1.02152e-05
73 9.25211e-06
75 8.36626e-06
77 7.67898e-06
79 7.01807e-06
81 6.50903e-06
83 5.95177e-06
85 5.53948e-06
87 5.09881e-06
89 4.75596e-06
91 4.43123e-06
93 4.12721e-06
95 3.86666e-06
97 3.61482e-06
99 3.37944e-06
101 3.16921e-06
103 2.96837e-06
105 2.79358e-06
107 2.65279e-06
109 2.48737e-06
111 2.36213e-06
113 2.22888e-06
115 2.09677e-06
117 1.98647e-06
119 1.90145e-06
121 1.78435e-06
123 1.70112e-06
125 1.61399e-06
127 1.54221e-06
129 1.46355e-06
131 1.3986e-06
133 1.33314e-06
135 1.26975e-06
137 1.20877e-06
139 1.15363e-06
141 1.09546e-06
143 1.0612e-06
145 1.007e-06
147 9.64117e-07
149 9.28873e-07
151 8.90617e-07
153 8.43794e-07
155 8.11797e-07
157 7.83032e-07
159 7.56323e-07
161 7.21644e-07
163 6.92218e-07
165 6.69303e-07
167 6.48732e-07
169 6.19155e-07
171 5.94855e-07
173 5.72797e-07
175 5.51489e-07
177 5.37962e-07
179 5.12396e-07
181 4.94617e-07
183 4.78749e-07
185 4.59966e-07
187 4.45585e-07
189 4.31258e-07
191 4.17442e-07
193 3.99265e-07
195 3.92249e-07
197 3.74203e-07
199 3.60345e-07
201 3.51855e-07
203 3.40366e-07
205 3.27575e-07
207 3.19925e-07
209 3.11325e-07
211 3.01186e-07
213 2.91384e-07
215 2.79922e-07
217 2.7749e-07
219 2.64487e-07
221 2.5626e-07
223 2.52106e-07
225 2.42739e-07
227 2.35851e-07
229 2.28842e-07
231 2.22566e-07
233 2.16993e-07
235 2.11631e-07
237 2.07296e-07
239 1.97493e-07
241 1.9409e-07
243 1.88122e-07
245 1.84176e-07
247 1.79102e-07
249 1.74975e-07
251 1.70528e-07
253 1.65322e-07
255 1.61729e-07
257 1.5762e-07
259 1.5456e-07
261 1.48228e-07
263 1.47281e-07
265 1.4048e-07
267 1.39312e-07
269 1.34348e-07
271 1.33631e-07
273 1.27643e-07
275 1.26561e-07
277 1.21632e-07
279 1.2017e-07
281 1.15637e-07
283 1.14406e-07
285 1.10548e-07
287 1.08465e-07
289 1.04837e-07
291 1.02884e-07
293 1.00873e-07
295 1.0061e-07
297 1.01399e-07
299 9.74712e-08
301 9.43113e-08
303 9.42521e-08
305 9.1382e-08
307 8.74002e-08
309 8.94439e-08
311 8.31923e-08
313 8.37143e-08
315 8.19994e-08
317 7.79895e-08
319 7.86905e-08
321 7.56485e-08
323 7.3925e-08
325 7.42952e-08
327 7.16205e-08
329 7.1645e-08
331 6.8554e-08
333 6.81484e-08
335 6.65926e-08
337 6.49826e-08
339 6.46812e-08
341 6.23543e-08
343 6.13489e-08
345 6.02738e-08
347 5.92715e-08
349 5.72447e-08
351 5.78477e-08
353 5.54062e-08
355 5.60203e-08
357 5.31958e-08
359 5.3544e-08
361 5.13609e-08
363 5.07646e-08
365 5.07902e-08
367 4.78195e-08
369 5.01689e-08
371 4.64895e-08
373 4.83529e-08
375 4.44419e-08
377 4.57213e-08
379 4.44101e-08
381 4.16852e-08
383 4.57851e-08
385 4.01412e-08
387 4.18652e-08
389 4.18189e-08
391 3.84381e-08
393 3.99885e-08
395 3.85034e-08
397 3.74484e-08
399 3.78695e-08
401 3.70441e-08
403 3.61746e-08
405 3.64424e-08
407 3.37897e-08
409 3.54831e-08
411 3.46768e-08
413 3.20366e-08
415 3.41234e-08
417 3.24212e-08
419 3.11345e-08
421 3.20763e-08
423 3.17153e-08
425 2.99463e-08
427 2.95912e-08
429 3.01556e-08
431 2.8583e-08
433 2.87208e-08
435 2.82534e-08
437 2.79705e-08
439 2.68554e-08
441 2.83002e-08
443 2.58234e-08
445 2.59559e-08
447 2.59353e-08
449 2.54206e-08
451 2.56438e-08
453 2.3571e-08
455 2.54325e-08
457 2.3621e-08
459 2.40285e-08
461 2.34746e-08
463 2.33377e-08
465 2.27403e-08
467 2.24682e-08
469 2.21771e-08
471 2.15285e-08
473 2.20955e-08
475 2.09891e-08
477 2.08728e-08
479 2.09752e-08
481 1.97958e-08
483 2.03907e-08
485 1.98612e-08
487 2.01961e-08
489 1.89671e-08
491 1.91927e-08
493 1.91434e-08
495 1.88762e-08
497 1.81617e-08
499 1.81427e-08
501 1.78897e-08
503 1.80845e-08
505 1.73962e-08
507 1.7045e-08
509 1.71774e-08
511 1.70622e-08
513 1.68874e-08
515 1.62389e-08
517 1.62358e-08
519 1.55239e-08
521 1.63024e-08
523 1.587e-08
525 1.52805e-08
527 1.52065e-08
529 1.4527e-08
531 1.54668e-08
533 1.5363e-08
535 1.46629e-08
537 1.37504e-08
539 1.44117e-08
541 1.40118e-08
543 1.46346e-08
545 1.41686e-08
547 1.32536e-08
549 1.34774e-08
551 1.33068e-08
553 1.3133e-08
555 1.35412e-08
557 1.31439e-08
559 1.28261e-08
561 1.2672e-08
563 1.23686e-08
565 1.2486e-08
567 1.26421e-08
569 1.22528e-08
571 1.18522e-08
573 1.19293e-08
575 1.18007e-08
577 1.17772e-08
579 1.14648e-08
581 1.18323e-08
583 1.15912e-08
585 1.09253e-08
587 1.09584e-08
589 1.09906e-08
591 1.08218e-08
593 1.11288e-08
595 1.09936e-08
597 1.06696e-08
599 1.04212e-08
601 1.03599e-08
603 1.005e-08
605 1.07802e-08
607 1.01921e-08
609 1.04337e-08
611 9.73349e-09
613 1.00552e-08
615 9.65466e-09
617 9.84755e-09
619 1.04005e-08
621 9.59003e-09
623 9.52946e-09
625 9.55136e-09
627 9.127e-09
629 9.35509e-09
631 9.69589e-09
633 9.34968e-09
635 8.8773e-09
637 9.47276e-09
639 9.01556e-09
641 8.60289e-09
643 8.76892e-09
645 8.94624e-09
647 8.76432e-09
649 8.68102e-09
651 8.76636e-09
653 8.69255e-09
655 8.52699e-09
657 8.47427e-09
659 8.26233e-09
661 8.60061e-09
663 8.50805e-09
665 8.20122e-09
667 8.55038e-09
669 7.97227e-09
671 8.39871e-09
673 8.17972e-09
675 7.99822e-09
677 8.36536e-09
679 8.30774e-09
681 7.97375e-09
683 8.57012e-09
685 7.52805e-09
687 7.75718e-09
689 7.73559e-09
691 8.00239e-09
693 7.95379e-09
695 8.12867e-09
697 8.0837e-09
699 7.77408e-09
701 7.82026e-09
703 7.73557e-09
705 7.98764e-09
707 8.567e-09
709 8.32626e-09
711 8.73241e-09
713 8.27084e-09
715 8.70544e-09
717 8.49035e-09
719 8.80231e-09
721 9.71006e-09
723 9.66709e-09
725 9.80868e-09
727 9.52676e-09
729 9.82058e-09
731 1.05617e-08
733 1.15045e-08
735 1.26477e-08
737 1.33405e-08
739 1.43468e-08
741 1.83786e-08
743 2.38181e-08
745 4.31308e-08
747 1.07854e-10
749 1.07854e-10
751 5.34362e-11
753 1.05807e-10
755 5.22938e-11
757 1.0389e-10
759 1.03891e-10
761 5.19453e-11
763 1.03484e-10
765 1.01819e-10
767 1.00514e-10
769 5.00364e-11
771 1.5011e-10
773 5.00366e-11
775 9.94982e-11
777 9.80791e-11
779 9.65065e-11
781 4.81981e-11
783 9.63962e-11
785 9.63962e-11
787 9.565e-11
789 4.72556e-11
791 2.33515e-10
793 4.64272e-11
795 1.39282e-10
797 1.39282e-10
799 4.59795e-11
801 1.3632e-10
803 1.79317e-10
805 4.47239e-11
807 1.34172e-10
809 1.78896e-10
811 4.44975e-11
813 1.75383e-10
815 1.29767e-10
817 4.30887e-11
819 1.72355e-10
821 1.29266e-10
823 4.30886e-11
825 1.69571e-10
827 2.09939e-10
829 4.15164e-11
831 2.07582e-10
833 1.24549e-10
835 0
837 2.87424e-10
839 1.21761e-10
841 4.00014e-11
843 2.00007e-10
845 2.00007e-10
847 4.00014e-11
849 1.58754e-10
851 2.36244e-10
853 3.90053e-11
855 1.92709e-10
857 2.3125e-10
859 0
861 2.3041e-10
863 1.89864e-10
865 0
867 1.8586e-10
869 1.48542e-10
871 7.42707e-11
873 1.48541e-10
875 1.844e-10
877 7.31122e-11
879 1.08156e-10
881 2.14705e-10
883 7.15606e-11
885 7.15606e-11
887 1.43032e-10
889 1.77252e-10
891 6.99623e-11
893 1.38178e-10
895 1.07296e-10
897 1.39916e-10
899 3.44747e-11
901 2.06131e-10
903 1.35656e-10
905 3.33572e-11
907 1.66105e-10
909 1.32867e-10
911 3.32166e-11
913 1.32867e-10
915 1.654e-10
917 6.52245e-11
919 9.63408e-11
921 1.92047e-10
923 3.20561e-11
925 9.64376e-11
927 1.28888e-10
929 1.32501e-10
931 8.74366e-11
933 1.26132e-10
935 1.25823e-10
937 1.18337e-10
939 9.49764e-11
941 1.58644e-10
943 8.66413e-11
945 1.25026e-10
947 3.10199e-11
949 1.85859e-10
951 1.1656e-10
953 9.34477e-11
955 9.36559e-11
957 1.16518e-10
959 1.85135e-10
961 3.05647e-11
963 1.21895e-10
965 1.14626e-10
967 1.22562e-10
969 1.22959e-10
971 9.16938e-11
973 1.44121e-10
975 3.01996e-11
977 1.5006e-10
979 9.02745e-11
981 1.73523e-10
983 6.0551e-11
985 1.20681e-10
987 1.41899e-10
989 8.90795e-11
991 5.90695e-11
993 1.77625e-10
995 1.70705e-10
997 1.19064e-10
999 0
1001 2.36528e-10
1003 1.68651e-10
1005 8.74275e-11
1007 5.8307e-11
1009 1.75098e-10
1011 1.68354e-10
1013 8.78736e-11
1015 9.59145e-11
1017 2.11309e-10
1019 1.07801e-10
1021 1.14594e-10
1023 8.61757e-11
1025 2.01498e-10
1027 8.66129e-11
1029 1.36384e-10
1031 7.6169e-11
1033 1.98709e-10
1035 8.47456e-11
1037 1.34087e-10
1039 1.06106e-10
1041 1.41929e-10
1043 1.41861e-10
1045 1.3381e-10
1047 7.71206e-11
1049 1.6733e-10
1051 1.11043e-10
1053 7.65669e-11
1055 1.60393e-10
1057 1.11866e-10
1059 8.36968e-11
1061 1.49356e-10
1063 1.62304e-10
1065 1.20527e-10
1067 1.09342e-10
1069 1.37177e-10
1071 1.17919e-10
1073 1.70025e-10
1075 1.47542e-10
1077 8.69274e-11
1079 1.55918e-10
1081 1.602e-10
1083 1.18379e-10
1085 1.72832e-10
1087 9.19369e-11
1089 1.7702e-10
1091 1.49162e-10
1093 1.71231e-10
1095 5.33146e-11
1097 1.47014e-10
1099 1.10159e-10
1101 2.2842e-10
1103 1.33412e-10
1105 6.37354e-11
1107 1.55951e-10
1109 1.44756e-10
1111 1.36312e-10
1113 1.93177e-10
1115 6.66213e-11
1117 1.08719e-10
1119 8.9186e-11
1121 1.31124e-10
1123 1.827e-10
1125 9.73795e-11
1127 1.32961e-10
1129 7.21026e-11
1131 1.13239e-10
1133 2.32454e-10
1135 9.69307e-11
1137 9.66201e-11
1139 9.73893e-11
1141 7.14332e-11
1143 1.9846e-10
1145 1.91564e-10
1147 1.1545e-10
1149 5.08816e-11
1151 8.1392e-11
1153 1.62427e-10
1155 2.16082e-10
1157 6.92332e-11
1159 6.03113e-11
1161 5.99782e-11
1163 1.09898e-10
1165 2.45242e-10
1167 1.03997e-10
1169 9.37736e-11
1171 3.48447e-11
1173 1.36747e-10
1175 2.07658e-10
1177 1.515e-10
1179 6.90451e-11
1181 1.02233e-10
1183 8.39536e-11
1185 1.23159e-10
1187 1.96369e-10
1189 6.72762e-11
1191 1.35354e-10
1193 7.28078e-11
1195 4.83894e-11
1197 1.65013e-10
1199 1.21486e-10
1201 1.73734e-10
1203 9.0663e-11
1205 6.76963e-11
1207 4.33814e-11
1209 1.86971e-10
1211 1.43109e-10
1213 1.08678e-10
1215 1.14929e-10
1217 1.08982e-10
1219 9.59938e-12
1221 1.99952e-10
1223 1.13919e-10
1225 1.45244e-10
1227 8.01834e-11
1229 9.75634e-11
1231 1.91721e-11
1233 1.27367e-10
1235 1.97773e-10
1237 1.06848e-10
1239 1.16724e-10
1241 7.35631e-11
1243 9.45091e-12
1245 9.77418e-11
1247 1.94466e-10
1249 8.83693e-11
1251 1.19604e-10
1253 1.02001e-10
1255 4.97394e-11
1257 3.23564e-11
1259 1.56189e-10
1261 1.55737e-10
1263 1.13922e-10
1265 8.13248e-11
1267 8.56437e-11
1269 4.56852e-11
1271 1.00267e-10
1273 1.09298e-10
1275 1.7677e-10
1277 1.1632e-10
1279 9.28217e-12
1281 9.33292e-11
1283 1.1231e-10
1285 0
1287 2.07155e-10
1289 2.02525e-10
1291 7.05483e-11
1293 5.7245e-11
1295 9.78505e-11
1297 6.63764e-11
1299 5.33473e-11
1301 1.70925e-10
1303 1.51116e-10
1305 6.63079e-11
1307 7.85337e-11
1309 1.09923e-10
1311 9.29373e-11
1313 6.5557e-11
1315 2.28526e-10
1317 1.2693e-10
1319 4.35973e-11
1321 3.98287e-11
1323 1.46688e-10
1325 8.68446e-11
1327 2.16357e-11
1329 2.18952e-10
1331 1.38128e-10
1333 6.4408e-11
1335 3.9345e-11
1337 4.29774e-11
1339 2.00361e-10
1341 3.9279e-11
1343 1.70875e-10
1345 1.5591e-10
1347 1.02751e-10
1349 1.77093e-11
1351 5.11453e-11
1353 1.09315e-10
1355 1.21734e-10
1357 4.22817e-11
1359 1.89977e-10
1361 1.3514e-10
1363 7.71604e-11
1365 2.09381e-11
1367 8.7179e-11
1369 1.00886e-10
1371 1.37341e-10
1373 7.13384e-11
1375 1.45911e-10
1377 1.42116e-10
1379 7.0978e-11
1381 7.10118e-11
1383 1.11929e-10
1385 1.03004e-10
1387 1.06358e-10
1389 7.89282e-11
1391 1.40679e-10
1393 1.23185e-10
1395 7.87701e-11
1397 4.11505e-11
1399 1.07491e-10
1401 2.00427e-10
1403 7.86019e-11
1405 9.83132e-11
1407 1.29983e-10
1409 1.21523e-10
1411 7.24952e-11
1413 3.53383e-11
1415 1.66606e-10
1417 1.09054e-10
1419 4.36908e-11
1421 6.0102e-11
1423 1.19906e-10
1425 1.36734e-10
1427 8.82452e-11
1429 7.18366e-11
1431 9.65187e-11
1433 1.07782e-10
1435 1.02576e-10
1437 3.67036e-11
1439 1.04327e-10
1441 1.26691e-10
1443 1.34913e-10
1445 8.70098e-11
1447 8.20195e-11
1449 1.14912e-10
1451 1.01406e-10
1453 8.65964e-11
1455 8.36076e-11
1457 8.62026e-11
1459 9.44339e-11
1461 1.24718e-10
1463 8.37076e-11
1465 1.11247e-10
1467 5.53461e-11
1469 4.20941e-11
1471 1.1564e-10
1473 1.34591e-10
1475 6.5897e-11
1477 5.7495e-11
1479 1.31365e-10
1481 1.01302e-10
1483 1.17958e-10
1485 4.16146e-11
1487 3.80542e-11
1489 1.65941e-10
1491 1.21993e-10
1493 8.39685e-11
1495 8.96502e-11
1497 1.56693e-10
1499 8.35997e-11
1501 7.07869e-11
1503 8.9198e-11
1505 4.3316e-11
1507 1.39195e-10
1509 1.30849e-10
1511 9.10049e-11
1513 5.36176e-11
1515 6.4034e-11
1517 1.75436e-10
1519 1.23047e-10
1521 8.33975e-11
1523 4.51191e-11
1525 1.10684e-10
1527 1.45261e-10
1529 7.14621e-11
1531 8.97453e-11
1533 5.50592e-11
1535 1.17988e-10
1537 9.95806e-11
1539 7.66062e-11
1541 1.15412e-10
1543 5.60061e-11
1545 1.17099e-10
1547 1.53239e-10
1549 5.43727e-11
1551 9.85536e-11
1553 9.48581e-11
1555 1.4843e-10
1557 6.20964e-11
1559 5.20773e-11
1561 1.21151e-10
1563 1.19054e-10
1565 9.05628e-11
1567 1.82779e-10
1569 2.39717e-11
1571 1.30905e-10
1573 8.71626e-11
1575 1.14629e-10
1577 4.35074e-11
1579 6.90459e-11
1581 1.05118e-10
1583 8.4492e-11
1585 9.1663e-11
1587 1.82186e-10
1589 5.89848e-11
1591 1.05314e-10
1593 7.80655e-11
1595 6.83605e-11
1597 1.18838e-10
1599 1.7406e-11
1601 8.53925e-11
1603 1.03482e-10
1605 8.67939e-11
1607 1.07556e-10
1609 8.66054e-11
1611 9.4371e-11
1613 1.11519e-10
1615 4.08224e-11
1617 9.39635e-11
1619 7.65721e-11
1621 4.99859e-11
1623 1.15483e-10
1625 1.11049e-10
1627 7.61212e-11
1629 1.1516e-10
1631 1.00849e-10
1633 5.88648e-11
1635 1.25464e-10
1637 5.87683e-11
1639 9.75204e-11
1641 7.53114e-11
1643 9.20881e-11
1645 9.42852e-11
1647 1.15208e-10
1649 1.07339e-10
1651 7.55724e-11
1653 1.32959e-10
1655 7.48327e-11
1657 5.42896e-11
1659 8.22294e-11
1661 1.07539e-10
1663 5.75497e-11
1665 1.30509e-10
1667 4.55795e-11
1669 9.05664e-11
1671 7.39344e-11
1673 1.1465e-10
1675 7.73787e-11
1677 1.18984e-10
1679 6.57046e-11
1681 6.45635e-11
1683 1.54003e-10
1685 1.53816e-11
1687 1.04763e-10
1689 1.10227e-10
1691 4.03102e-11
1693 5.65764e-11
1695 1.28442e-10
1697 8.47746e-11
1699 6.47428e-11
1701 1.08994e-10
1703 6.1792e-11
1705 8.82321e-11
1707 8.05239e-11
1709 5.59359e-11
1711 4.74363e-11
1713 7.95766e-11
1715 1.38963e-10
1717 7.58938e-11
1719 5.48173e-11
1721 1.18987e-10
1723 9.10831e-11
1725 5.52733e-11
1727 1.30672e-10
1729 7.86733e-11
1731 6.2774e-11
1733 5.51385e-11
1735 7.79262e-11
1737 7.0743e-11
1739 7.75671e-11
1741 1.17378e-10
1743 8.57188e-11
1745 7.0228e-11
1747 1.24223e-10
1749 4.30166e-11
1751 8.98876e-11
1753 1.08893e-10
1755 6.99568e-11
1757 3.06742e-11
1759 4.6563e-11
1761 1.0789e-10
1763 6.9011e-11
1765 5.35439e-11
1767 7.71611e-11
1769 1.19213e-10
1771 1.27006e-10
1773 4.5913e-11
1775 9.56054e-11
1777 6.10093e-11
1779 1.02988e-10
1781 5.30977e-11
1783 8.35422e-11
1785 5.30237e-11
1787 1.21556e-10
1789 3.04062e-11
1791 4.34043e-11
1793 1.10039e-10
1795 1.21122e-10
1797 9.06523e-11
1799 7.33749e-11
1801 7.13696e-11
1803 1.16392e-10
1805 4.50217e-11
1807 9.37703e-11
1809 2.69779e-11
1811 8.99285e-11
1813 7.30464e-11
1815 8.2308e-11
1817 7.46622e-11
1819 4.82947e-11
1821 7.40864e-11
1823 1.25943e-10
1825 7.39711e-11
1827 4.81435e-11
1829 6.67895e-11
1831 8.137e-11
1833 5.54072e-11
1835 9.97817e-11
1837 8.12079e-11
1839 3.67488e-11
1841 1.39105e-10
1843 1.09918e-10
1845 7.67531e-11
1847 6.61283e-11
1849 5.89967e-11
1851 1.09803e-10
1853 1.16896e-10
1855 1.27987e-10
1857 4.3892e-11
1859 8.72068e-11
1861 4.93122e-11
1863 1.34454e-10
1865 6.13785e-11
1867 6.4957e-11
1869 8.67475e-11
1871 1.00598e-10
1873 9.69695e-11
1875 5.10161e-11
1877 6.46046e-11
1879 7.24776e-11
1881 1.14438e-10
1883 5.00077e-11
1885 1.24754e-10
1887 7.08898e-11
1889 9.24662e-11
1891 2.90104e-11
1893 6.79383e-11
1895 7.88179e-11
1897 1.10055e-10
1899 1.13341e-10
1901 7.08897e-11
1903 7.39428e-11
1905 4.19508e-11
1907 5.48989e-11
1909 8.38794e-11
1911 6.98829e-11
1913 7.06972e-11
1915 1.3107e-10
1917 9.08423e-11
1919 1.11964e-10
1921 3.8991e-11
1923 4.88575e-11
1925 5.51773e-11
1927 1.04876e-10
1929 8.6648e-11
1931 9.74668e-11
1933 9.39583e-11
1935 3.49025e-11
1937 1.10789e-10
1939 7.79201e-11
1941 1.10295e-10
1943 7.77168e-11
1945 6.17775e-11
1947 1.13875e-10
1949 9.51601e-11
1951 1.12711e-10
1953 2.09413e-11
1955 6.89281e-11
1957 1.01996e-10
1959 4.90868e-11
1961 5.51182e-11
1963 1.48438e-10
1965 4.88837e-11
1967 8.90752e-11
1969 8.17166e-11
1971 8.17109e-11
1973 9.50406e-11
1975 5.34663e-11
1977 6.33442e-11
1979 6.7911e-11
1981 1.01733e-10
1983 1.86434e-10
1985 5.25299e-11
1987 8.80863e-11
1989 7.44736e-11
1991 6.02144e-11
1993 6.01516e-11
1995 1.15272e-10
1997 4.93728e-11
1999 8.75846e-11
