1 0
3 0
5 0
7 0
9 0
11 0
13 0
15 0
17 0
19 6.67672e-07
21 0.000150625
23 0.000229584
25 0.00020681
27 0.000194824
29 0.000168373
31 0.000128282
33 0.000118266
35 0.000103018
37 8.19033e-05
39 6.55091e-05
41 5.54644e-05
43 4.93346e-05
45 4.48398e-05
47 4.08338e-05
49 3.69399e-05
51 3.31148e-05
53 2.93037e-05
55 2.57559e-05
57 2.24934e-05
59 1.97605e-05
61 1.73269e-05
63 1.52021e-05
65 1.34225e-05
67 1.19773e-05
69 1.07184e-05
71 9.72543e-06
73 8.80877e-06
75 7.96319e-06
77 7.26957e-06
79 6.63498e-06
81 6.14454e-06
83 5.60725e-06
85 5.21936e-06
87 4.79803e-06
89 4.4658e-06
91 4.17011e-06
93 3.87553e-06
95 3.62868e-06
97 3.3997e-06
99 3.1703e-06
101 2.96704e-06
103 2.77763e-06
105 2.61954e-06
107 2.47462e-06
109 2.32237e-06
111 2.20768e-06
113 2.0889e-06
115 1.96274e-06
117 1.85948e-06
119 1.77055e-06
121 1.66707e-06
123 1.59044e-06
125 1.50812e-06
127 1.43974e-06
129 1.36663e-06
131 1.30601e-06
133 1.23947e-06
135 1.18376e-06
137 1.12707e-06
139 1.0725e-06
141 1.02233e-06
143 9.87305e-07
145 9.39082e-07
147 8.94142e-07
149 8.6325e-07
151 8.25325e-07
153 7.8425e-07
155 7.53715e-07
157 7.27784e-07
159 6.9969e-07
161 6.66605e-07
163 6.43499e-07
165 6.20684e-07
167 6.00551e-07
169 5.74483e-07
171 5.50721e-07
173 5.3116e-07
175 5.09998e-07
177 4.97982e-07
179 4.73705e-07
181 4.59411e-07
183 4.43797e-07
185 4.26473e-07
187 4.12745e-07
189 4.00574e-07
191 3.87483e-07
193 3.69622e-07
195 3.63213e-07
197 3.47144e-07
199 3.3346e-07
201 3.2549e-07
203 3.15266e-07
205 3.02417e-07
207 2.96395e-07
209 2.86408e-07
211 2.77328e-07
213 2.69883e-07
215 2.57491e-07
217 2.55397e-07
219 2.44093e-07
221 2.36089e-07
223 2.31829e-07
225 2.2353e-07
227 2.1765e-07
229 2.10412e-07
231 2.04836e-07
233 2.00437e-07
235 1.93981e-07
237 1.91104e-07
239 1.82029e-07
241 1.78415e-07
243 1.73462e-07
245 1.69542e-07
247 1.64873e-07
249 1.61186e-07
251 1.57205e-07
253 1.52411e-07
255 1.4851e-07
257 1.45627e-07
259 1.42389e-07
261 1.36371e-07
263 1.35218e-07
265 1.29476e-07
267 1.27947e-07
269 1.23471e-07
271 1.2288e-07
273 1.17499e-07
275 1.1604e-07
277 1.11748e-07
279 1.10664e-07
281 1.06054e-07
283 1.05378e-07
285 1.0118e-07
287 1.00026e-07
289 9.55131e-08
291 9.54322e-08
293 9.25889e-08
295 9.18219e-08
297 9.31287e-08
299 8.96894e-08
301 8.63292e-08
303 8.69573e-08
305 8.36562e-08
307 8.05708e-08
309 8.15884e-08
311 7.69669e-08
313 7.68221e-08
315 7.52483e-08
317 7.18108e-08
319 7.23301e-08
321 6.98661e-08
323 6.73845e-08
325 6.84415e-08
327 6.57335e-08
329 6.59638e-08
331 6.29775e-08
333 6.27417e-08
335 6.09885e-08
337 5.98309e-08
339 5.9599e-08
341 5.69234e-08
343 5.63396e-08
345 5.55221e-08
347 5.44184e-08
349 5.26964e-08
351 5.33793e-08
353 5.05585e-08
355 5.17719e-08
357 4.87533e-08
359 4.90898e-08
361 4.75771e-08
363 4.63435e-08
365 4.67928e-08
367 4.37182e-08
369 4.63147e-08
371 4.26615e-08
373 4.42385e-08
375 4.11264e-08
377 4.17377e-08
379 4.08155e-08
381 3.86139e-08
383 4.16327e-08
385 3.7373e-08
387 3.79908e-08
389 3.84068e-08
391 3.56257e-08
393 3.63733e-08
395 3.56675e-08
397 3.43111e-08
399 3.47013e-08
401 3.40891e-08
403 3.32826e-08
405 3.30461e-08
407 3.14558e-08
409 3.24134e-08
411 3.17675e-08
413 2.94403e-08
415 3.16608e-08
417 2.94413e-08
419 2.87345e-08
421 2.95249e-08
423 2.88766e-08
425 2.75753e-08
427 2.74237e-08
429 2.76062e-08
431 2.58138e-08
433 2.66696e-08
435 2.6004e-08
437 2.53603e-08
439 2.48773e-08
441 2.57843e-08
443 2.37727e-08
445 2.39742e-08
447 2.38788e-08
449 2.32067e-08
451 2.35732e-08
453 2.17038e-08
455 2.31053e-08
457 2.14566e-08
459 2.25436e-08
461 2.14502e-08
463 2.10271e-08
465 2.08544e-08
467 2.09552e-08
469 2.04012e-08
471 1.91186e-08
473 2.06448e-08
475 1.92995e-08
477 1.92749e-08
479 1.86906e-08
481 1.85732e-08
483 1.88123e-08
485 1.84288e-08
487 1.80139e-08
489 1.7562e-08
491 1.76006e-08
493 1.76877e-08
495 1.7366e-08
497 1.63289e-08
499 1.67214e-08
501 1.644e-08
503 1.67459e-08
505 1.58504e-08
507 1.55566e-08
509 1.56655e-08
511 1.5742e-08
513 1.5468e-08
515 1.46117e-08
517 1.50646e-08
519 1.42541e-08
521 1.5206e-08
523 1.44514e-08
525 1.34898e-08
527 1.4194e-08
529 1.3464e-08
531 1.44336e-08
533 1.38201e-08
535 1.3342e-08
537 1.2551e-08
539 1.308e-08
541 1.32039e-08
543 1.35409e-08
545 1.26827e-08
547 1.20159e-08
549 1.24318e-08
551 1.23917e-08
553 1.20823e-08
555 1.24175e-08
557 1.17095e-08
559 1.18113e-08
561 1.17165e-08
563 1.1464e-08
565 1.14731e-08
567 1.14725e-08
569 1.10741e-08
571 1.0979e-08
573 1.08876e-08
575 1.09389e-08
577 1.08078e-08
579 1.04574e-08
581 1.07743e-08
583 1.06059e-08
585 9.90827e-09
587 1.03543e-08
589 1.00291e-08
591 9.95343e-09
593 1.00728e-08
595 1.00949e-08
597 9.79741e-09
599 9.60562e-09
601 9.55052e-09
603 9.12874e-09
605 9.80417e-09
607 9.20164e-09
609 9.64536e-09
611 8.94536e-09
613 9.40376e-09
615 8.96013e-09
617 8.81209e-09
619 9.34728e-09
621 8.72024e-09
623 8.85009e-09
625 8.47733e-09
627 8.78552e-09
629 8.39491e-09
631 8.69724e-09
633 8.43155e-09
635 7.97719e-09
637 8.61501e-09
639 8.27998e-09
641 7.98213e-09
643 7.91698e-09
645 8.06095e-09
647 7.92703e-09
649 8.00561e-09
651 7.93222e-09
653 7.79076e-09
655 7.81814e-09
657 7.63235e-09
659 7.68224e-09
661 7.65067e-09
663 7.73872e-09
665 7.5516e-09
667 7.61607e-09
669 7.2739e-09
671 7.50895e-09
673 7.51605e-09
675 7.39185e-09
677 7.54966e-09
679 7.55607e-09
681 7.26334e-09
683 7.81691e-09
685 6.57291e-09
687 7.33256e-09
689 7.08243e-09
691 7.25744e-09
693 7.26625e-09
695 7.37168e-09
697 7.21983e-09
699 7.02695e-09
701 7.20567e-09
703 7.01542e-09
705 7.31147e-09
707 7.80339e-09
709 7.6491e-09
711 7.68936e-09
713 7.5597e-09
715 7.87959e-09
717 7.76902e-09
719 8.08114e-09
721 8.94643e-09
723 8.71686e-09
725 8.93402e-09
727 8.45271e-09
729 9.17643e-09
731 9.61293e-09
733 1.05449e-08
735 1.1482e-08
737 1.19962e-08
739 1.31313e-08
741 1.70644e-08
743 2.15453e-08
745 3.94465e-08
747 0
749 0
751 0
753 0
755 0
757 0
759 0
761 0
763 0
765 0
767 0
769 0
771 0
773 0
775 0
777 0
779 0
781 0
783 0
785 0
787 0
789 0
791 0
793 0
795 0
797 0
799 0
801 0
803 0
805 0
807 0
809 0
811 0
813 0
815 0
817 0
819 0
821 0
823 0
825 0
827 0
829 0
831 0
833 0
835 0
837 0
839 0
841 0
843 0
845 0
847 0
849 0
851 0
853 0
855 0
857 0
859 0
861 0
863 0
865 0
867 0
869 0
871 0
873 0
875 0
877 0
879 0
881 0
883 0
885 0
887 0
889 0
891 0
893 0
895 0
897 0
899 0
901 0
903 0
905 0
907 0
909 0
911 0
913 0
915 0
917 0
919 0
921 0
923 0
925 0
927 0
929 0
931 0
933 0
935 0
937 0
939 0
941 0
943 0
945 0
947 0
949 0
951 0
953 0
955 0
957 0
959 0
961 0
963 0
965 0
967 0
969 0
971 0
973 0
975 0
977 0
979 0
981 0
983 0
985 0
987 0
989 0
991 0
993 0
995 0
997 0
999 0
1001 0
1003 0
1005 0
1007 0
1009 0
1011 0
1013 0
1015 0
1017 0
1019 0
1021 0
1023 0
1025 0
1027 0
1029 0
1031 0
1033 0
1035 0
1037 0
1039 0
1041 0
1043 0
1045 0
1047 0
1049 0
1051 0
1053 0
1055 0
1057 0
1059 0
1061 0
1063 0
1065 0
1067 0
1069 0
1071 0
1073 0
1075 0
1077 0
1079 0
1081 0
1083 0
1085 0
1087 0
1089 0
1091 0
1093 0
1095 0
1097 0
1099 0
1101 0
1103 0
1105 0
1107 0
1109 0
1111 0
1113 0
1115 0
1117 0
1119 0
1121 0
1123 0
1125 0
1127 0
1129 0
1131 0
1133 0
1135 0
1137 0
1139 0
1141 0
1143 0
1145 0
1147 0
1149 0
1151 0
1153 0
1155 0
1157 0
1159 0
1161 0
1163 0
1165 0
1167 0
1169 0
1171 0
1173 0
1175 0
1177 0
1179 0
1181 0
1183 0
1185 0
1187 0
1189 0
1191 0
1193 0
1195 0
1197 0
1199 0
1201 0
1203 0
1205 0
1207 0
1209 0
1211 0
1213 0
1215 0
1217 0
1219 0
1221 0
1223 0
1225 0
1227 0
1229 0
1231 0
1233 0
1235 0
1237 0
1239 0
1241 0
1243 0
1245 0
1247 0
1249 0
1251 0
1253 0
1255 0
1257 0
1259 0
1261 0
1263 0
1265 0
1267 0
1269 0
1271 0
1273 0
1275 0
1277 0
1279 0
1281 0
1283 0
1285 0
1287 0
1289 0
1291 0
1293 0
1295 0
1297 0
1299 0
1301 0
1303 0
1305 0
1307 0
1309 0
1311 0
1313 0
1315 0
1317 0
1319 0
1321 0
1323 0
1325 0
1327 0
1329 0
1331 0
1333 0
1335 0
1337 0
1339 0
1341 0
1343 0
1345 0
1347 0
1349 0
1351 0
1353 0
1355 0
1357 0
1359 0
1361 0
1363 0
1365 0
1367 0
1369 0
1371 0
1373 0
1375 0
1377 0
1379 0
1381 0
1383 0
1385 0
1387 0
1389 0
1391 0
1393 0
1395 0
1397 0
1399 0
1401 0
1403 0
1405 0
1407 0
1409 0
1411 0
1413 0
1415 0
1417 0
1419 0
1421 0
1423 0
1425 0
1427 0
1429 0
1431 0
1433 0
1435 0
1437 0
1439 0
1441 0
1443 0
1445 0
1447 0
1449 0
1451 0
1453 0
1455 0
1457 0
1459 0
1461 0
1463 0
1465 0
1467 0
1469 0
1471 0
1473 0
1475 0
1477 0
1479 0
1481 0
1483 0
1485 0
1487 0
1489 0
1491 0
1493 0
1495 0
1497 0
1499 0
1501 0
1503 0
1505 0
1507 0
1509 0
1511 0
1513 0
1515 0
1517 0
1519 0
1521 0
1523 0
1525 0
1527 0
1529 0
1531 0
1533 0
1535 0
1537 0
1539 0
1541 0
1543 0
1545 0
1547 0
1549 0
1551 0
1553 0
1555 0
1557 0
1559 0
1561 0
1563 0
1565 0
1567 0
1569 0
1571 0
1573 0
1575 0
1577 0
1579 0
1581 0
1583 0
1585 0
1587 0
1589 0
1591 0
1593 0
1595 0
1597 0
1599 0
1601 0
1603 0
1605 0
1607 0
1609 0
1611 0
1613 0
1615 0
1617 0
1619 0
1621 0
1623 0
1625 0
1627 0
1629 0
1631 0
1633 0
1635 0
1637 0
1639 0
1641 0
1643 0
1645 0
1647 0
1649 0
1651 0
1653 0
1655 0
1657 0
1659 0
1661 0
1663 0
1665 0
1667 0
1669 0
1671 0
1673 0
1675 0
1677 0
1679 0
1681 0
1683 0
1685 0
1687 0
1689 0
1691 0
1693 0
1695 0
1697 0
1699 0
1701 0
1703 0
1705 0
1707 0
1709 0
1711 0
1713 0
1715 0
1717 0
1719 0
1721 0
1723 0
1725 0
1727 0
1729 0
1731 0
1733 0
1735 0
1737 0
1739 0
1741 0
1743 0
1745 0
1747 0
1749 0
1751 0
1753 0
1755 0
1757 0
1759 0
1761 0
1763 0
1765 0
1767 0
1769 0
1771 0
1773 0
1775 0
1777 0
1779 0
1781 0
1783 0
1785 0
1787 0
1789 0
1791 0
1793 0
1795 0
1797 0
1799 0
1801 0
1803 0
1805 0
1807 0
1809 0
1811 0
1813 0
1815 0
1817 0
1819 0
1821 0
1823 0
1825 0
1827 0
1829 0
1831 0
1833 0
1835 0
1837 0
1839 0
1841 0
1843 0
1845 0
1847 0
1849 0
1851 0
1853 0
1855 0
1857 0
1859 0
1861 0
1863 0
1865 0
1867 0
1869 0
1871 0
1873 0
1875 0
1877 0
1879 0
1881 0
1883 0
1885 0
1887 0
1889 0
1891 0
1893 0
1895 0
1897 0
1899 0
1901 0
1903 0
1905 0
1907 0
1909 0
1911 0
1913 0
1915 0
1917 0
1919 0
1921 0
1923 0
1925 0
1927 0
1929 0
1931 0
1933 0
1935 0
1937 0
1939 0
1941 0
1943 0
1945 0
1947 0
1949 0
1951 0
1953 0
1955 0
1957 0
1959 0
1961 0
1963 0
1965 0
1967 0
1969 0
1971 0
1973 0
1975 0
1977 0
1979 0
1981 0
1983 0
1985 0
1987 0
1989 0
1991 0
1993 0
1995 0
1997 0
1999 0
