1 0
3 0
5 0
7 0
9 0
11 2.97799e-08
13 0.000137436
15 0.000187088
17 0.00016809
19 0.000118801
21 9.48194e-05
23 6.47665e-05
25 5.2988e-05
27 4.62393e-05
29 3.75833e-05
31 2.8995e-05
33 2.2259e-05
35 1.74763e-05
37 1.42594e-05
39 1.20057e-05
41 1.0325e-05
43 8.92571e-06
45 7.76455e-06
47 6.91128e-06
49 6.12271e-06
51 5.48561e-06
53 4.94186e-06
55 4.43445e-06
57 4.00566e-06
59 3.62129e-06
61 3.27308e-06
63 2.96173e-06
65 2.67709e-06
67 2.4469e-06
69 2.23555e-06
71 2.05641e-06
73 1.86957e-06
75 1.72836e-06
77 1.5881e-06
79 1.47493e-06
81 1.36769e-06
83 1.26389e-06
85 1.17322e-06
87 1.09032e-06
89 1.0122e-06
91 9.44317e-07
93 8.86713e-07
95 8.27784e-07
97 7.74344e-07
99 7.26966e-07
101 6.80249e-07
103 6.40744e-07
105 5.98273e-07
107 5.67175e-07
109 5.3486e-07
111 5.09281e-07
113 4.8164e-07
115 4.51589e-07
117 4.27532e-07
119 4.06112e-07
121 3.82635e-07
123 3.63054e-07
125 3.44017e-07
127 3.27283e-07
129 3.10193e-07
131 2.94816e-07
133 2.8055e-07
135 2.67565e-07
137 2.57117e-07
139 2.48217e-07
141 2.37017e-07
143 2.2599e-07
145 2.14865e-07
147 2.05644e-07
149 1.96565e-07
151 1.87829e-07
153 1.79739e-07
155 1.73054e-07
157 1.67931e-07
159 1.58428e-07
161 1.52768e-07
163 1.47403e-07
165 1.40991e-07
167 1.36404e-07
169 1.29526e-07
171 1.25039e-07
173 1.21068e-07
175 1.1559e-07
177 1.11482e-07
179 1.0725e-07
181 1.04135e-07
183 1.01201e-07
185 1.00922e-07
187 9.87152e-08
189 9.41226e-08
191 9.13865e-08
193 8.82265e-08
195 8.47269e-08
197 8.13534e-08
199 7.93892e-08
201 7.56528e-08
203 7.35453e-08
205 7.0856e-08
207 6.83724e-08
209 6.59249e-08
211 6.39026e-08
213 6.17519e-08
215 5.99125e-08
217 5.76154e-08
219 5.55183e-08
221 5.40607e-08
223 5.27071e-08
225 5.10572e-08
227 5.01467e-08
229 4.97094e-08
231 4.84876e-08
233 4.62269e-08
235 4.57142e-08
237 4.40341e-08
239 4.27676e-08
241 4.20099e-08
243 4.0556e-08
245 3.91555e-08
247 3.80504e-08
249 3.74941e-08
251 3.58961e-08
253 3.553e-08
255 3.39259e-08
257 3.39541e-08
259 3.24697e-08
261 3.18927e-08
263 3.02854e-08
265 3.05649e-08
267 2.9146e-08
269 2.87716e-08
271 2.74171e-08
273 2.73946e-08
275 2.6259e-08
277 2.62473e-08
279 2.51344e-08
281 2.48079e-08
283 2.39238e-08
285 2.32291e-08
287 2.28643e-08
289 2.23664e-08
291 2.19801e-08
293 2.12546e-08
295 2.10126e-08
297 2.011e-08
299 1.99108e-08
301 1.99733e-08
303 1.92258e-08
305 1.86663e-08
307 1.87919e-08
309 1.80138e-08
311 1.76723e-08
313 1.77926e-08
315 1.6417e-08
317 1.65803e-08
319 1.65075e-08
321 1.57269e-08
323 1.5504e-08
325 1.56627e-08
327 1.48751e-08
329 1.48507e-08
331 1.49894e-08
333 1.36411e-08
335 1.39164e-08
337 1.41938e-08
339 1.32336e-08
341 1.27785e-08
343 1.30957e-08
345 1.27551e-08
347 1.19674e-08
349 1.19938e-08
351 1.20569e-08
353 1.21875e-08
355 1.11787e-08
357 1.12282e-08
359 1.13785e-08
361 1.07582e-08
363 1.03606e-08
365 1.09424e-08
367 1.00987e-08
369 1.01728e-08
371 9.62111e-09
373 9.92408e-09
375 9.41402e-09
377 9.34714e-09
379 9.24749e-09
381 8.83663e-09
383 8.93246e-09
385 9.01927e-09
387 8.52176e-09
389 8.41141e-09
391 8.41769e-09
393 8.20192e-09
395 8.07631e-09
397 7.81609e-09
399 7.71885e-09
401 7.80013e-09
403 7.46028e-09
405 7.31342e-09
407 7.29601e-09
409 7.08557e-09
411 7.18083e-09
413 6.7615e-09
415 6.78645e-09
417 6.77059e-09
419 6.36324e-09
421 6.51238e-09
423 6.40964e-09
425 6.48795e-09
427 6.22914e-09
429 6.01959e-09
431 6.07373e-09
433 5.84234e-09
435 5.85527e-09
437 5.96236e-09
439 5.52979e-09
441 5.64444e-09
443 5.44134e-09
445 5.55045e-09
447 5.19307e-09
449 5.07358e-09
451 5.24017e-09
453 5.01382e-09
455 5.12245e-09
457 4.9465e-09
459 4.89841e-09
461 4.56714e-09
463 4.74955e-09
465 4.56074e-09
467 4.64746e-09
469 4.5397e-09
471 4.35864e-09
473 4.49146e-09
475 3.94492e-09
477 4.36312e-09
479 4.20336e-09
481 3.82756e-09
483 3.81099e-09
485 4.03183e-09
487 3.89563e-09
489 3.85208e-09
491 3.53043e-09
493 3.54781e-09
495 3.80602e-09
497 3.54616e-09
499 3.46778e-09
501 3.34939e-09
503 3.6009e-09
505 3.3832e-09
507 3.39587e-09
509 3.07421e-09
511 3.25743e-09
513 3.08705e-09
515 3.3792e-09
517 3.05218e-09
519 3.0377e-09
521 2.93507e-09
523 3.11342e-09
525 2.82904e-09
527 2.98656e-09
529 2.73591e-09
531 2.80872e-09
533 2.81271e-09
535 2.85974e-09
537 2.65894e-09
539 2.73717e-09
541 2.66526e-09
543 2.53105e-09
545 2.63747e-09
547 2.41341e-09
549 2.4124e-09
551 2.55351e-09
553 2.44088e-09
555 2.34498e-09
557 2.40488e-09
559 2.24448e-09
561 2.31222e-09
563 2.20658e-09
565 2.21262e-09
567 2.11646e-09
569 2.16527e-09
571 2.1186e-09
573 2.06396e-09
575 2.10015e-09
577 2.11783e-09
579 2.05915e-09
581 2.05687e-09
583 1.97281e-09
585 1.99875e-09
587 1.79615e-09
589 1.90237e-09
591 1.86203e-09
593 1.85087e-09
595 1.96079e-09
597 1.77348e-09
599 1.77037e-09
601 1.71351e-09
603 1.82247e-09
605 1.83831e-09
607 1.70165e-09
609 1.70794e-09
611 1.79116e-09
613 1.66697e-09
615 1.66277e-09
617 1.43086e-09
619 1.70784e-09
621 1.51609e-09
623 1.62891e-09
625 1.48875e-09
627 1.51529e-09
629 1.48143e-09
631 1.54007e-09
633 1.52057e-09
635 1.47651e-09
637 1.42024e-09
639 1.49714e-09
641 1.57688e-09
643 1.37274e-09
645 1.39161e-09
647 1.40587e-09
649 1.34732e-09
651 1.28619e-09
653 1.40407e-09
655 1.25562e-09
657 1.18041e-09
659 1.28944e-09
661 1.369e-09
663 1.15399e-09
665 1.28943e-09
667 1.28153e-09
669 1.18099e-09
671 1.28906e-09
673 1.19605e-09
675 1.28131e-09
677 1.29987e-09
679 1.24391e-09
681 1.23323e-09
683 1.16007e-09
685 1.17515e-09
687 1.18392e-09
689 1.13872e-09
691 1.08478e-09
693 1.05985e-09
695 1.05371e-09
697 1.11855e-09
699 1.10459e-09
701 1.04428e-09
703 1.02751e-09
705 1.03915e-09
707 1.04995e-09
709 1.12387e-09
711 1.01906e-09
713 1.01663e-09
715 9.61409e-10
717 1.03888e-09
719 1.03883e-09
721 9.42732e-10
723 9.0936e-10
725 9.79865e-10
727 1.0039e-09
729 9.53057e-10
731 9.02694e-10
733 8.76597e-10
735 8.50776e-10
737 9.05987e-10
739 8.7629e-10
741 8.80383e-10
743 8.54954e-10
745 8.14688e-10
747 8.50575e-10
749 8.57896e-10
751 9.32179e-10
753 8.57069e-10
755 9.24727e-10
757 8.42852e-10
759 9.16161e-10
761 8.97035e-10
763 8.45648e-10
765 9.31827e-10
767 9.12802e-10
769 6.85935e-10
771 9.27335e-10
773 8.63634e-10
775 8.54982e-10
777 7.85043e-10
779 7.92463e-10
781 8.00273e-10
783 7.31147e-10
785 8.66194e-10
787 7.87563e-10
789 7.56729e-10
791 7.83701e-10
793 7.18344e-10
795 7.3253e-10
797 6.57126e-10
799 7.98076e-10
801 7.83284e-10
803 7.87329e-10
805 6.77038e-10
807 7.9305e-10
809 6.83047e-10
811 7.51494e-10
813 6.51751e-10
815 7.51211e-10
817 6.13158e-10
819 6.71585e-10
821 6.91395e-10
823 7.28568e-10
825 6.20981e-10
827 6.92133e-10
829 6.39537e-10
831 6.00052e-10
833 5.94051e-10
835 6.10606e-10
837 6.48101e-10
839 6.25924e-10
841 6.36488e-10
843 6.11231e-10
845 5.20933e-10
847 6.02434e-10
849 5.7787e-10
851 5.46999e-10
853 5.60425e-10
855 6.20697e-10
857 6.39861e-10
859 6.18066e-10
861 6.57301e-10
863 7.62915e-10
865 7.87072e-10
867 6.69493e-10
869 7.14015e-10
871 6.9507e-10
873 6.58925e-10
875 6.34444e-10
877 7.29674e-10
879 6.79879e-10
881 6.75491e-10
883 6.31323e-10
885 6.69587e-10
887 5.44484e-10
889 6.5875e-10
891 6.27372e-10
893 6.44824e-10
895 5.54952e-10
897 5.91827e-10
899 5.94212e-10
901 5.21579e-10
903 5.64649e-10
905 6.53126e-10
907 6.3022e-10
909 5.5525e-10
911 5.90926e-10
913 5.76828e-10
915 5.74021e-10
917 5.52374e-10
919 6.3409e-10
921 5.5446e-10
923 5.55596e-10
925 5.20513e-10
927 5.15369e-10
929 5.36362e-10
931 5.2412e-10
933 5.15027e-10
935 5.1463e-10
937 4.93041e-10
939 5.1225e-10
941 5.48983e-10
943 4.81029e-10
945 5.22082e-10
947 4.75229e-10
949 4.47687e-10
951 5.4801e-10
953 4.17145e-10
955 4.63509e-10
957 4.37505e-10
959 4.93231e-10
961 4.33618e-10
963 4.37443e-10
965 4.32109e-10
967 4.56116e-10
969 4.72083e-10
971 4.27574e-10
973 5.03073e-10
975 5.46073e-10
977 5.84772e-10
979 5.04471e-10
981 5.12139e-10
983 9.146e-10
985 8.72307e-10
987 9.38086e-10
989 9.63357e-10
991 9.13402e-10
993 9.59026e-10
995 9.80998e-10
997 8.78657e-10
999 9.07605e-10
1001 8.96899e-10
1003 7.78259e-10
1005 7.54701e-10
1007 8.3322e-10
1009 8.09241e-10
1011 7.23484e-10
1013 7.0511e-10
1015 8.02293e-10
1017 7.75735e-10
1019 8.35718e-10
1021 6.89434e-10
1023 8.37039e-10
1025 7.40635e-10
1027 8.38702e-10
1029 7.44589e-10
1031 8.23325e-10
1033 6.97866e-10
1035 7.95708e-10
1037 7.14756e-10
1039 7.73599e-10
1041 7.57839e-10
1043 6.98953e-10
1045 6.44788e-10
1047 7.5573e-10
1049 7.42543e-10
1051 7.00458e-10
1053 7.20789e-10
1055 6.43468e-10
1057 7.30042e-10
1059 7.16744e-10
1061 7.13131e-10
1063 7.00228e-10
1065 7.62273e-10
1067 7.68643e-10
1069 7.5291e-10
1071 7.55831e-10
1073 8.03771e-10
1075 8.16332e-10
1077 7.66011e-10
1079 7.69181e-10
1081 8.35282e-10
1083 8.22319e-10
1085 7.97729e-10
1087 8.05568e-10
1089 8.58031e-10
1091 9.52599e-10
1093 1.25145e-09
1095 1.5076e-09
1097 1.6392e-09
1099 1.54192e-09
1101 1.52057e-09
1103 1.75378e-09
1105 2.14263e-09
1107 2.45755e-09
1109 4.61804e-09
1111 3.83536e-09
1113 0
1115 0
1117 0
1119 0
1121 0
1123 0
1125 0
1127 0
1129 0
1131 0
1133 0
1135 0
1137 0
1139 0
1141 0
1143 0
1145 0
1147 0
1149 0
1151 0
1153 0
1155 0
1157 0
1159 0
1161 0
1163 0
1165 0
1167 0
1169 0
1171 0
1173 0
1175 0
1177 0
1179 0
1181 0
1183 0
1185 0
1187 0
1189 0
1191 0
1193 0
1195 0
1197 0
1199 0
1201 0
1203 0
1205 0
1207 0
1209 0
1211 0
1213 0
1215 0
1217 0
1219 0
1221 0
1223 0
1225 0
1227 0
1229 0
1231 0
1233 0
1235 0
1237 0
1239 0
1241 0
1243 0
1245 0
1247 0
1249 0
1251 0
1253 0
1255 0
1257 0
1259 0
1261 0
1263 0
1265 0
1267 0
1269 0
1271 0
1273 0
1275 0
1277 0
1279 0
1281 0
1283 0
1285 0
1287 0
1289 0
1291 0
1293 0
1295 0
1297 0
1299 0
1301 0
1303 0
1305 0
1307 0
1309 0
1311 0
1313 0
1315 0
1317 0
1319 0
1321 0
1323 0
1325 0
1327 0
1329 0
1331 0
1333 0
1335 0
1337 0
1339 0
1341 0
1343 0
1345 0
1347 0
1349 0
1351 0
1353 0
1355 0
1357 0
1359 0
1361 0
1363 0
1365 0
1367 0
1369 0
1371 0
1373 0
1375 0
1377 0
1379 0
1381 0
1383 0
1385 0
1387 0
1389 0
1391 0
1393 0
1395 0
1397 0
1399 0
1401 0
1403 0
1405 0
1407 0
1409 0
1411 0
1413 0
1415 0
1417 0
1419 0
1421 0
1423 0
1425 0
1427 0
1429 0
1431 0
1433 0
1435 0
1437 0
1439 0
1441 0
1443 0
1445 0
1447 0
1449 0
1451 0
1453 0
1455 0
1457 0
1459 0
1461 0
1463 0
1465 0
1467 0
1469 0
1471 0
1473 0
1475 0
1477 0
1479 0
1481 0
1483 0
1485 0
1487 0
1489 0
1491 0
1493 0
1495 0
1497 0
1499 0
1501 0
1503 0
1505 0
1507 0
1509 0
1511 0
1513 0
1515 0
1517 0
1519 0
1521 0
1523 0
1525 0
1527 0
1529 0
1531 0
1533 0
1535 0
1537 0
1539 0
1541 0
1543 0
1545 0
1547 0
1549 0
1551 0
1553 0
1555 0
1557 0
1559 0
1561 0
1563 0
1565 0
1567 0
1569 0
1571 0
1573 0
1575 0
1577 0
1579 0
1581 0
1583 0
1585 0
1587 0
1589 0
1591 0
1593 0
1595 0
1597 0
1599 0
1601 0
1603 0
1605 0
1607 0
1609 0
1611 0
1613 0
1615 0
1617 0
1619 0
1621 0
1623 0
1625 0
1627 0
1629 0
1631 0
1633 0
1635 0
1637 0
1639 0
1641 0
1643 0
1645 0
1647 0
1649 0
1651 0
1653 0
1655 0
1657 0
1659 0
1661 0
1663 0
1665 0
1667 0
1669 0
1671 0
1673 0
1675 0
1677 0
1679 0
1681 0
1683 0
1685 0
1687 0
1689 0
1691 0
1693 0
1695 0
1697 0
1699 0
1701 0
1703 0
1705 0
1707 0
1709 0
1711 0
1713 0
1715 0
1717 0
1719 0
1721 0
1723 0
1725 0
1727 0
1729 0
1731 0
1733 0
1735 0
1737 0
1739 0
1741 0
1743 0
1745 0
1747 0
1749 0
1751 0
1753 0
1755 0
1757 0
1759 0
1761 0
1763 0
1765 0
1767 0
1769 0
1771 0
1773 0
1775 0
1777 0
1779 0
1781 0
1783 0
1785 0
1787 0
1789 0
1791 0
1793 0
1795 0
1797 0
1799 0
1801 0
1803 0
1805 0
1807 0
1809 0
1811 0
1813 0
1815 0
1817 0
1819 0
1821 0
1823 0
1825 0
1827 0
1829 0
1831 0
1833 0
1835 0
1837 0
1839 0
1841 0
1843 0
1845 0
1847 0
1849 0
1851 0
1853 0
1855 0
1857 0
1859 0
1861 0
1863 0
1865 0
1867 0
1869 0
1871 0
1873 0
1875 0
1877 0
1879 0
1881 0
1883 0
1885 0
1887 0
1889 0
1891 0
1893 0
1895 0
1897 0
1899 0
1901 0
1903 0
1905 0
1907 0
1909 0
1911 0
1913 0
1915 0
1917 0
1919 0
1921 0
1923 0
1925 0
1927 0
1929 0
1931 0
1933 0
1935 0
1937 0
1939 0
1941 0
1943 0
1945 0
1947 0
1949 0
1951 0
1953 0
1955 0
1957 0
1959 0
1961 0
1963 0
1965 0
1967 0
1969 0
1971 0
1973 0
1975 0
1977 0
1979 0
1981 0
1983 0
1985 0
1987 0
1989 0
1991 0
1993 0
1995 0
1997 0
1999 0
