-10.2 0
-10.1 4.47837e-08
-10 1.01741e-07
-9.9 1.96887e-07
-9.8 0
-9.7 1.33341e-07
-9.6 1.07383e-07
-9.5 5.31827e-08
-9.4 5.24767e-09
-9.3 5.60183e-07
-9.2 6.01711e-07
-9.1 3.92904e-08
-9 4.1754e-08
-8.9 6.15917e-08
-8.8 6.99655e-09
-8.7 3.54658e-07
-8.6 8.59893e-08
-8.5 1.14798e-07
-8.4 2.64545e-08
-8.3 3.94222e-08
-8.2 2.55418e-07
-8.1 3.2323e-08
-8 2.61876e-07
-7.9 3.35759e-07
-7.8 4.14346e-08
-7.7 1.92559e-08
-7.6 0
-7.5 0
-7.4 1.8525e-08
-7.3 4.41923e-08
-7.2 4.40299e-08
-7.1 1.0751e-07
-7 1.07221e-07
-6.9 5.26476e-09
-6.8 5.23257e-08
-6.7 5.74169e-08
-6.6 5.34252e-09
-6.5 2.45411e-08
-6.4 7.52504e-09
-6.3 2.48763e-07
-6.2 2.75183e-09
-6.1 0
-6 4.84353e-09
-5.9 1.19449e-08
-5.8 0
-5.7 0
-5.6 4.10855e-09
-5.5 4.46361e-09
-5.4 1.17036e-07
-5.3 3.74117e-08
-5.2 6.63641e-09
-5.1 1.65e-07
-5 3.2477e-07
-4.9 2.31431e-10
-4.8 0
-4.7 4.09395e-08
-4.6 2.99881e-07
-4.5 6.1237e-09
-4.4 3.79946e-08
-4.3 3.65805e-07
-4.2 1.36649e-09
-4.1 1.07661e-08
-4 7.60154e-08
-3.9 0
-3.8 0
-3.7 0
-3.6 8.25978e-09
-3.5 0
-3.4 0
-3.3 5.66434e-09
-3.2 1.01652e-07
-3.1 0
-3 6.71063e-10
-2.9 0
-2.8 0
-2.7 8.06608e-09
-2.6 0
-2.5 9.03335e-09
-2.4 0
-2.3 0
-2.2 0
-2.1 0
-2 9.62726e-08
-1.9 4.05601e-08
-1.8 0
-1.7 0
-1.6 6.54022e-08
-1.5 0
-1.4 0
-1.3 3.75889e-09
-1.2 0
-1.1 7.55736e-09
-1 0
-0.9 0
-0.8 0
-0.7 0
-0.6 0
-0.5 0
-0.4 0
-0.3 0
-0.2 0
-0.1 0
0 0
0.1 2.64844e-09
0.2 0
0.3 0
0.4 0
0.5 0
0.6 0
0.7 0
0.8 0
0.9 0
1 0
1.1 0
1.2 0
1.3 0
1.4 0
1.5 0
1.6 0
1.7 0
1.8 0
1.9 0
2 0
2.1 0
2.2 0
2.3 0
2.4 0
2.5 0
2.6 0
2.7 0
2.8 0
2.9 0
3 0
3.1 0
3.2 0
3.3 0
3.4 0
3.5 0
3.6 0
3.7 0
3.8 0
3.9 0
4 0
4.1 0
4.2 0
4.3 0
4.4 0
4.5 0
4.6 0
4.7 0
4.8 0
4.9 0
5 0
5.1 0
5.2 0
5.3 0
5.4 0
5.5 0
5.6 0
5.7 0
5.8 0
5.9 0
6 0
6.1 0
6.2 0
6.3 0
6.4 0
6.5 0
6.6 0
6.7 0
6.8 0
6.9 0
7 0
7.1 0
7.2 0
7.3 0
7.4 0
7.5 0
7.6 0
7.7 0
7.8 0
7.9 0
8 0
8.1 0
8.2 0
8.3 0
8.4 0
8.5 0
8.6 0
8.7 0
8.8 0
8.9 0
9 0
9.1 0
9.2 0
9.3 0
9.4 0
9.5 0
9.6 0
9.7 0
9.8 0
9.9 0
10 0
10.1 0
10.2 0
