-10.2 0.0557379
-10.1 0.0561637
-10 0.0566039
-9.9 0.0571104
-9.8 0.0578249
-9.7 0.0580003
-9.6 0.0585691
-9.5 0.0588966
-9.4 0.0589391
-9.3 0.0593921
-9.2 0.0596337
-9.1 0.0599862
-9 0.0603948
-8.9 0.0608503
-8.8 0.060828
-8.7 0.0611095
-8.6 0.0618118
-8.5 0.0623226
-8.4 0.0626275
-8.3 0.0631041
-8.2 0.06343
-8.1 0.0635625
-8 0.0638836
-7.9 0.0641501
-7.8 0.0644602
-7.7 0.0649539
-7.6 0.0653537
-7.5 0.0654619
-7.4 0.0662866
-7.3 0.0664866
-7.2 0.0668994
-7.1 0.0675287
-7 0.0679795
-6.9 0.068642
-6.8 0.0688879
-6.7 0.0694086
-6.6 0.0697318
-6.5 0.0702734
-6.4 0.0706171
-6.3 0.0713577
-6.2 0.0722519
-6.1 0.0728314
-6 0.0735986
-5.9 0.0740966
-5.8 0.0751092
-5.7 0.0757524
-5.6 0.0765711
-5.5 0.0774487
-5.4 0.0785056
-5.3 0.0796232
-5.2 0.0807201
-5.1 0.0823636
-5 0.0839322
-4.9 0.0855952
-4.8 0.0877342
-4.7 0.0900995
-4.6 0.0913467
-4.5 0.0919057
-4.4 0.0919727
-4.3 0.0920352
-4.2 0.0918591
-4.1 0.0918913
-4 0.0923493
-3.9 0.0925753
-3.8 0.0920373
-3.7 0.0924709
-3.6 0.0926955
-3.5 0.0917654
-3.4 0.0915901
-3.3 0.0910121
-3.2 0.0911395
-3.1 0.0911786
-3 0.0918076
-2.9 0.0913873
-2.8 0.0906028
-2.7 0.0896016
-2.6 0.088146
-2.5 0.0880753
-2.4 0.0869727
-2.3 0.0846737
-2.2 0.083
-2.1 0.0811066
-2 0.0791775
-1.9 0.0776896
-1.8 0.0759935
-1.7 0.0747636
-1.6 0.0734224
-1.5 0.0720853
-1.4 0.069487
-1.3 0.0680897
-1.2 0.066722
-1.1 0.0649611
-1 0.0622861
-0.9 0.0604301
-0.8 0.0592334
-0.7 0.0579798
-0.6 0.0571424
-0.5 0.0548194
-0.4 0.0527548
-0.3 0.0514505
-0.2 0.0490679
-0.1 0.046633
0 0.0443542
0.1 0.0429557
0.2 0.0420776
0.3 0.0419052
0.4 0.038739
0.5 0.0364144
0.6 0.0351386
0.7 0.0344992
0.8 0.0331893
0.9 0.0306256
1 0.0283868
1.1 0.0268583
1.2 0.0258413
1.3 0.0243453
1.4 0.0217146
1.5 0.0186376
1.6 0.0170128
1.7 0.0163438
1.8 0.0155536
1.9 0.0140592
2 0.0119348
2.1 0.0104442
2.2 0.0093603
2.3 0.00862216
2.4 0.00711869
2.5 0.00506935
2.6 0.00270288
2.7 0.00117514
2.8 0.000477932
2.9 0.000139455
3 0
3.1 0
3.2 0
3.3 0
3.4 0
3.5 0
3.6 0
3.7 0
3.8 0
3.9 0
4 0
4.1 0
4.2 0
4.3 0
4.4 0
4.5 0
4.6 0
4.7 0
4.8 0
4.9 0
5 0
5.1 0
5.2 0
5.3 0
5.4 0
5.5 0
5.6 0
5.7 0
5.8 0
5.9 0
6 0
6.1 0
6.2 0
6.3 0
6.4 0
6.5 0
6.6 0
6.7 0
6.8 0
6.9 0
7 0
7.1 0
7.2 0
7.3 0
7.4 0
7.5 0
7.6 0
7.7 0
7.8 0
7.9 0
8 0
8.1 0
8.2 0
8.3 0
8.4 0
8.5 0
8.6 0
8.7 0
8.8 0
8.9 0
9 0
9.1 0
9.2 0
9.3 0
9.4 0
9.5 0
9.6 0
9.7 0
9.8 0
9.9 0
10 0
10.1 0
10.2 0
