-10.2 6.93085
-10.1 7.0546
-10 7.07629
-9.9 7.12209
-9.8 7.26379
-9.7 7.24196
-9.6 7.34216
-9.5 7.40298
-9.4 7.41698
-9.3 7.45669
-9.2 7.52427
-9.1 7.52652
-9 7.59362
-8.9 7.67889
-8.8 7.68688
-8.7 7.70643
-8.6 7.78425
-8.5 7.89165
-8.4 7.88469
-8.3 7.9536
-8.2 8.06117
-8.1 8.08408
-8 8.16746
-7.9 8.2105
-7.8 8.26377
-7.7 8.26503
-7.6 8.38242
-7.5 8.41515
-7.4 8.50538
-7.3 8.59815
-7.2 8.62966
-7.1 8.66365
-7 8.7676
-6.9 8.89464
-6.8 8.9355
-6.7 9.02256
-6.6 9.09703
-6.5 9.16213
-6.4 9.25065
-6.3 9.37412
-6.2 9.44806
-6.1 9.55472
-6 9.67594
-5.9 9.76738
-5.8 9.92211
-5.7 10.0126
-5.6 10.1599
-5.5 10.2623
-5.4 10.3952
-5.3 10.5365
-5.2 10.719
-5.1 10.937
-5 11.1926
-4.9 11.4226
-4.8 11.6906
-4.7 12.0123
-4.6 12.4379
-4.5 12.665
-4.4 12.8571
-4.3 13.0276
-4.2 13.1491
-4.1 13.3043
-4 13.4453
-3.9 13.6926
-3.8 13.874
-3.7 14.0144
-3.6 14.2533
-3.5 14.4391
-3.4 14.6026
-3.3 14.8089
-3.2 14.972
-3.1 15.2613
-3 15.5534
-2.9 15.8566
-2.8 16.1641
-2.7 16.4267
-2.6 16.6201
-2.5 16.7453
-2.4 17.1259
-2.3 17.4245
-2.2 17.4363
-2.1 17.6101
-2 17.6695
-1.9 17.8487
-1.8 18.0197
-1.7 18.144
-1.6 18.3024
-1.5 18.715
-1.4 18.9079
-1.3 18.9334
-1.2 19.1314
-1.1 19.4536
-1 19.6697
-0.9 19.7875
-0.8 19.7528
-0.7 20.041
-0.6 20.517
-0.5 21.0516
-0.4 21.1403
-0.3 21.2696
-0.2 24.5988
-0.1 25.3953
0 25.7214
0.1 25.7262
0.2 26.3391
0.3 23.9682
0.4 24.7009
0.5 25.0035
0.6 24.7215
0.7 25.0464
0.8 25.9306
0.9 27.2409
1 27.8041
1.1 28.049
1.2 28.4244
1.3 29.5016
1.4 31.1966
1.5 32.2693
1.6 32.1143
1.7 31.6185
1.8 32.621
1.9 34.5843
2 37.066
2.1 38.567
2.2 39.9953
2.3 41.9802
2.4 44.9082
2.5 52.0404
2.6 60.4277
2.7 69.211
2.8 74.277
2.9 79.7944
3 89.6651
3.1 132.918
3.2 0
3.3 0
3.4 0
3.5 0
3.6 0
3.7 0
3.8 0
3.9 0
4 0
4.1 0
4.2 0
4.3 0
4.4 0
4.5 0
4.6 0
4.7 0
4.8 0
4.9 0
5 0
5.1 0
5.2 0
5.3 0
5.4 0
5.5 0
5.6 0
5.7 0
5.8 0
5.9 0
6 0
6.1 0
6.2 0
6.3 0
6.4 0
6.5 0
6.6 0
6.7 0
6.8 0
6.9 0
7 0
7.1 0
7.2 0
7.3 0
7.4 0
7.5 0
7.6 0
7.7 0
7.8 0
7.9 0
8 0
8.1 0
8.2 0
8.3 0
8.4 0
8.5 0
8.6 0
8.7 0
8.8 0
8.9 0
9 0
9.1 0
9.2 0
9.3 0
9.4 0
9.5 0
9.6 0
9.7 0
9.8 0
9.9 0
10 0
10.1 0
10.2 0
