-10.2 0.0560776
-10.1 0.0561788
-10 0.0563643
-9.9 0.0565035
-9.8 0.0565813
-9.7 0.0567411
-9.6 0.0569395
-9.5 0.0570864
-9.4 0.0572379
-9.3 0.0573569
-9.2 0.0575018
-9.1 0.0576684
-9 0.0578807
-8.9 0.05817
-8.8 0.0583867
-8.7 0.0585798
-8.6 0.0587261
-8.5 0.0589058
-8.4 0.0591557
-8.3 0.0593629
-8.2 0.0596519
-8.1 0.0598665
-8 0.0601384
-7.9 0.0604484
-7.8 0.0606756
-7.7 0.0609932
-7.6 0.0612863
-7.5 0.0615131
-7.4 0.0619083
-7.3 0.062236
-7.2 0.0625903
-7.1 0.0629355
-7 0.063328
-6.9 0.0636714
-6.8 0.0641471
-6.7 0.0645515
-6.6 0.0649498
-6.5 0.0653291
-6.4 0.0658742
-6.3 0.0664032
-6.2 0.0669491
-6.1 0.0674455
-6 0.0681587
-5.9 0.0687062
-5.8 0.069355
-5.7 0.0700521
-5.6 0.0708176
-5.5 0.0716791
-5.4 0.0725256
-5.3 0.0734918
-5.2 0.0744667
-5.1 0.0758653
-5 0.0773193
-4.9 0.0789969
-4.8 0.081203
-4.7 0.0831357
-4.6 0.0845472
-4.5 0.0848256
-4.4 0.0852738
-4.3 0.0854654
-4.2 0.0855531
-4.1 0.0856373
-4 0.085711
-3.9 0.0856481
-3.8 0.0858409
-3.7 0.0862202
-3.6 0.0864306
-3.5 0.0865327
-3.4 0.0862039
-3.3 0.0867934
-3.2 0.0874128
-3.1 0.0874149
-3 0.0875454
-2.9 0.0883532
-2.8 0.088003
-2.7 0.0865595
-2.6 0.0855447
-2.5 0.0855232
-2.4 0.084317
-2.3 0.0817689
-2.2 0.0794323
-2.1 0.0786369
-2 0.0776366
-1.9 0.0756039
-1.8 0.0730709
-1.7 0.0718479
-1.6 0.0709563
-1.5 0.0689586
-1.4 0.0668652
-1.3 0.0653431
-1.2 0.0638743
-1.1 0.0621221
-1 0.0595272
-0.9 0.0575361
-0.8 0.0566161
-0.7 0.0555961
-0.6 0.0536859
-0.5 0.0517311
-0.4 0.0504443
-0.3 0.0500387
-0.2 0.0497282
-0.1 0.0468162
0 0.0444422
0.1 0.04325
0.2 0.042484
0.3 0.0410763
0.4 0.0382507
0.5 0.0358062
0.6 0.034612
0.7 0.0338797
0.8 0.0324771
0.9 0.0300415
1 0.0276846
1.1 0.02671
1.2 0.0260363
1.3 0.0247329
1.4 0.0225483
1.5 0.0202825
1.6 0.0184463
1.7 0.0173973
1.8 0.0158486
1.9 0.0140913
2 0.0123001
2.1 0.0108009
2.2 0.0100755
2.3 0.00899282
2.4 0.00762741
2.5 0.00518622
2.6 0.0031623
2.7 0.00142256
2.8 0.000503614
2.9 0.000222342
3 3.18493e-05
3.1 0
3.2 0
3.3 0
3.4 0
3.5 0
3.6 0
3.7 0
3.8 0
3.9 0
4 0
4.1 0
4.2 0
4.3 0
4.4 0
4.5 0
4.6 0
4.7 0
4.8 0
4.9 0
5 0
5.1 0
5.2 0
5.3 0
5.4 0
5.5 0
5.6 0
5.7 0
5.8 0
5.9 0
6 0
6.1 0
6.2 0
6.3 0
6.4 0
6.5 0
6.6 0
6.7 0
6.8 0
6.9 0
7 0
7.1 0
7.2 0
7.3 0
7.4 0
7.5 0
7.6 0
7.7 0
7.8 0
7.9 0
8 0
8.1 0
8.2 0
8.3 0
8.4 0
8.5 0
8.6 0
8.7 0
8.8 0
8.9 0
9 0
9.1 0
9.2 0
9.3 0
9.4 0
9.5 0
9.6 0
9.7 0
9.8 0
9.9 0
10 0
10.1 0
10.2 0
