-10.2 7.3812
-10.1 8.38978
-10 8.00784
-9.9 8.45327
-9.8 9.40782
-9.7 8.88327
-9.6 9.59816
-9.5 9.79165
-9.4 9.12375
-9.3 9.6992
-9.2 9.4939
-9.1 9.74049
-9 9.79895
-8.9 10.5962
-8.8 10.1213
-8.7 9.45135
-8.6 10.1189
-8.5 10.8686
-8.4 10.7545
-8.3 10.9939
-8.2 11.2438
-8.1 10.9849
-8 10.8783
-7.9 11.012
-7.8 10.9072
-7.7 11.1427
-7.6 11.6342
-7.5 10.6783
-7.4 11.9199
-7.3 11.5342
-7.2 11.6101
-7.1 11.9858
-7 12.0656
-6.9 12.6482
-6.8 12.2883
-6.7 12.563
-6.6 12.2484
-6.5 12.5375
-6.4 12.2815
-6.3 12.3371
-6.2 12.8464
-6.1 13.0426
-6 13.3105
-5.9 12.9649
-5.8 13.4714
-5.7 13.4259
-5.6 13.4606
-5.5 13.8559
-5.4 14.269
-5.3 14.4421
-5.2 14.471
-5.1 15.4142
-5 16.0594
-4.9 16.9056
-4.8 18.3393
-4.7 20.8259
-4.6 22.9308
-4.5 23.9567
-4.4 24.8112
-4.3 24.9053
-4.2 25.2756
-4.1 24.9374
-4 25.6184
-3.9 26.7249
-3.8 26.3766
-3.7 27.3749
-3.6 28.6969
-3.5 28.3193
-3.4 29.2988
-3.3 28.4708
-3.2 29.552
-3.1 29.8045
-3 32.1427
-2.9 32.9089
-2.8 34.2876
-2.7 34.7539
-2.6 34.0889
-2.5 35.8674
-2.4 37.67
-2.3 37.3931
-2.2 37.6708
-2.1 37.1758
-2 37.7865
-1.9 38.1838
-1.8 37.834
-1.7 38.3424
-1.6 39.4767
-1.5 40.9301
-1.4 40.2911
-1.3 40.0505
-1.2 41.7285
-1.1 42.4899
-1 41.4025
-0.9 40.718
-0.8 40.9877
-0.7 42.2816
-0.6 44.7394
-0.5 44.6787
-0.4 43.9133
-0.3 44.0167
-0.2 51.6336
-0.1 53.0349
0 50.6894
0.1 50.972
0.2 54.5639
0.3 53.8173
0.4 52.457
0.5 50.1877
0.6 49.7913
0.7 52.3486
0.8 57.4242
0.9 57.3917
1 56.2994
1.1 56.0963
1.2 60.1235
1.3 65.1326
1.4 69.058
1.5 63.516
1.6 58.8659
1.7 64.2467
1.8 69.869
1.9 75.0778
2 75.9384
2.1 74.5809
2.2 78.9973
2.3 87.9378
2.4 105.536
2.5 119.464
2.6 138.934
2.7 144.053
2.8 160.748
2.9 177.937
3 0
3.1 0
3.2 0
3.3 0
3.4 0
3.5 0
3.6 0
3.7 0
3.8 0
3.9 0
4 0
4.1 0
4.2 0
4.3 0
4.4 0
4.5 0
4.6 0
4.7 0
4.8 0
4.9 0
5 0
5.1 0
5.2 0
5.3 0
5.4 0
5.5 0
5.6 0
5.7 0
5.8 0
5.9 0
6 0
6.1 0
6.2 0
6.3 0
6.4 0
6.5 0
6.6 0
6.7 0
6.8 0
6.9 0
7 0
7.1 0
7.2 0
7.3 0
7.4 0
7.5 0
7.6 0
7.7 0
7.8 0
7.9 0
8 0
8.1 0
8.2 0
8.3 0
8.4 0
8.5 0
8.6 0
8.7 0
8.8 0
8.9 0
9 0
9.1 0
9.2 0
9.3 0
9.4 0
9.5 0
9.6 0
9.7 0
9.8 0
9.9 0
10 0
10.1 0
10.2 0
