-10.2 0.00833898
-10.1 0.00835235
-10 0.00838355
-9.9 0.00839188
-9.8 0.0084294
-9.7 0.00842954
-9.6 0.00842893
-9.5 0.00842132
-9.4 0.00842407
-9.3 0.00842128
-9.2 0.00842427
-9.1 0.00844535
-9 0.00845295
-8.9 0.00843417
-8.8 0.00841962
-8.7 0.00842872
-8.6 0.00843313
-8.5 0.00842954
-8.4 0.00843129
-8.3 0.00843447
-8.2 0.00840783
-8.1 0.00838197
-8 0.00838777
-7.9 0.00838494
-7.8 0.00838313
-7.7 0.0083702
-7.6 0.00838364
-7.5 0.00838722
-7.4 0.00837907
-7.3 0.00835793
-7.2 0.00835878
-7.1 0.00834692
-7 0.00835263
-6.9 0.00834611
-6.8 0.00835011
-6.7 0.00832354
-6.6 0.00830063
-6.5 0.00829588
-6.4 0.00829598
-6.3 0.00828092
-6.2 0.00831071
-6.1 0.00829939
-6 0.00828513
-5.9 0.00826718
-5.8 0.00826702
-5.7 0.00823932
-5.6 0.00821429
-5.5 0.00820779
-5.4 0.00817799
-5.3 0.00816903
-5.2 0.00814047
-5.1 0.00812722
-5 0.00811543
-4.9 0.00809602
-4.8 0.00807274
-4.7 0.00804033
-4.6 0.00796548
-4.5 0.00789571
-4.4 0.00782677
-4.3 0.00775932
-4.2 0.00766554
-4.1 0.00757865
-4 0.00748023
-3.9 0.00739469
-3.8 0.00730744
-3.7 0.0071974
-3.6 0.00708751
-3.5 0.00699421
-3.4 0.0068778
-3.3 0.00676163
-3.2 0.00666954
-3.1 0.00657673
-3 0.00646587
-2.9 0.00634284
-2.8 0.00620158
-2.7 0.00606055
-2.6 0.00593662
-2.5 0.00580847
-2.4 0.00565605
-2.3 0.00551693
-2.2 0.00535701
-2.1 0.00522025
-2 0.00508126
-1.9 0.00493463
-1.8 0.00480054
-1.7 0.00465558
-1.6 0.00455238
-1.5 0.0044
-1.4 0.00426261
-1.3 0.0041293
-1.2 0.00399105
-1.1 0.00386015
-1 0.00372537
-0.9 0.00361495
-0.8 0.00347095
-0.7 0.0033391
-0.6 0.00321904
-0.5 0.00309863
-0.4 0.00299999
-0.3 0.00287526
-0.2 0.00276543
-0.1 0.00262321
0 0.00251458
0.1 0.0023936
0.2 0.00228708
0.3 0.00213813
0.4 0.00200978
0.5 0.0019211
0.6 0.00183472
0.7 0.00172208
0.8 0.00162111
0.9 0.00151578
1 0.00141775
1.1 0.00131032
1.2 0.00121625
1.3 0.00114137
1.4 0.00104763
1.5 0.00094597
1.6 0.000867013
1.7 0.000815644
1.8 0.000775996
1.9 0.000704641
2 0.000627564
2.1 0.000575557
2.2 0.000536747
2.3 0.00049406
2.4 0.000448179
2.5 0.000387549
2.6 0.000322833
2.7 0.000297325
2.8 0.000284754
2.9 0.000286619
3 0.000267621
3.1 0.000268311
3.2 0.000260302
3.3 0.000270125
3.4 0.000249122
3.5 0.000248129
3.6 0.000260684
3.7 0.000252547
3.8 0.000234526
3.9 0.000233153
4 0.000225389
4.1 0.000224357
4.2 0.000226974
4.3 0.00022051
4.4 0.000219598
4.5 0.00021356
4.6 0.000209503
4.7 0.000203553
4.8 0.000202126
4.9 0.000202188
5 0.000207904
5.1 0.000201354
5.2 0.000181041
5.3 0.000195592
5.4 0.00018441
5.5 0.000169377
5.6 0.000156464
5.7 0.000161398
5.8 0.000162897
5.9 0.000153608
6 0.000166408
6.1 0.000158196
6.2 0.000149366
6.3 0.000154361
6.4 0.000165667
6.5 0.000156784
6.6 0.000154377
6.7 0.000173711
6.8 0.000162441
6.9 0.000157048
7 0.000135345
7.1 0.000135004
7.2 0.000125164
7.3 0.000122369
7.4 0.000124761
7.5 0.00011092
7.6 0.000108814
7.7 0.000104276
7.8 0.000108935
7.9 0.000107534
8 0.000110829
8.1 0.000108707
8.2 0.00010696
8.3 0.000106985
8.4 0.000101493
8.5 9.14408e-05
8.6 9.39736e-05
8.7 8.5393e-05
8.8 7.90186e-05
8.9 8.17208e-05
9 8.307e-05
9.1 8.07906e-05
9.2 7.77767e-05
9.3 7.88276e-05
9.4 8.78589e-05
9.5 7.80034e-05
9.6 7.84963e-05
9.7 7.08219e-05
9.8 7.35468e-05
9.9 6.99699e-05
10 6.74437e-05
10.1 6.5902e-05
10.2 6.12456e-05
