-10.2 0.0563228
-10.1 0.0565156
-10 0.0568867
-9.9 0.0571573
-9.8 0.0575398
-9.7 0.0576724
-9.6 0.0579752
-9.5 0.0581998
-9.4 0.0585208
-9.3 0.0588302
-9.2 0.0591003
-9.1 0.0593023
-9 0.0595774
-8.9 0.0597375
-8.8 0.060056
-8.7 0.0603283
-8.6 0.0604157
-8.5 0.0606801
-8.4 0.0611135
-8.3 0.0615149
-8.2 0.0618497
-8.1 0.0622596
-8 0.0625808
-7.9 0.0628406
-7.8 0.0633764
-7.7 0.0636652
-7.6 0.063943
-7.5 0.0643686
-7.4 0.0646059
-7.3 0.0651212
-7.2 0.0653763
-7.1 0.0658687
-7 0.066503
-6.9 0.0667466
-6.8 0.0672589
-6.7 0.0678677
-6.6 0.0682165
-6.5 0.0687284
-6.4 0.0691609
-6.3 0.0697651
-6.2 0.0701846
-6.1 0.0709018
-6 0.071792
-5.9 0.0725747
-5.8 0.0730997
-5.7 0.0736157
-5.6 0.074766
-5.5 0.0755425
-5.4 0.0766118
-5.3 0.0777065
-5.2 0.0791148
-5.1 0.0804758
-5 0.0822278
-4.9 0.0840618
-4.8 0.0859149
-4.7 0.0882732
-4.6 0.089568
-4.5 0.09018
-4.4 0.0902207
-4.3 0.0900782
-4.2 0.0904084
-4.1 0.0897607
-4 0.0901696
-3.9 0.0905374
-3.8 0.0905909
-3.7 0.0905474
-3.6 0.0909721
-3.5 0.0906571
-3.4 0.090652
-3.3 0.0909624
-3.2 0.091078
-3.1 0.0911534
-3 0.09221
-2.9 0.0922087
-2.8 0.0925002
-2.7 0.0917229
-2.6 0.0901284
-2.5 0.089725
-2.4 0.0880237
-2.3 0.0855455
-2.2 0.0839731
-2.1 0.08288
-2 0.0807257
-1.9 0.078044
-1.8 0.0759049
-1.7 0.0740899
-1.6 0.0726629
-1.5 0.0706146
-1.4 0.0678924
-1.3 0.0661959
-1.2 0.0654034
-1.1 0.064349
-1 0.0619488
-0.9 0.0599933
-0.8 0.0584735
-0.7 0.0578484
-0.6 0.0566428
-0.5 0.0545492
-0.4 0.0532633
-0.3 0.052012
-0.2 0.0493324
-0.1 0.0469911
0 0.0444356
0.1 0.0429772
0.2 0.0421339
0.3 0.0416979
0.4 0.0383548
0.5 0.0363146
0.6 0.0352133
0.7 0.0347298
0.8 0.0326261
0.9 0.0304126
1 0.0282346
1.1 0.0267859
1.2 0.0264668
1.3 0.0246288
1.4 0.0218237
1.5 0.0195316
1.6 0.0178077
1.7 0.0172064
1.8 0.0161419
1.9 0.0146888
2 0.0125673
2.1 0.0109174
2.2 0.00997449
2.3 0.00934855
2.4 0.00767006
2.5 0.0054801
2.6 0.00287686
2.7 0.00113542
2.8 0.000525875
2.9 0.000207141
3 9.64332e-05
3.1 0
3.2 0
3.3 0
3.4 0
3.5 0
3.6 0
3.7 0
3.8 0
3.9 0
4 0
4.1 0
4.2 0
4.3 0
4.4 0
4.5 0
4.6 0
4.7 0
4.8 0
4.9 0
5 0
5.1 0
5.2 0
5.3 0
5.4 0
5.5 0
5.6 0
5.7 0
5.8 0
5.9 0
6 0
6.1 0
6.2 0
6.3 0
6.4 0
6.5 0
6.6 0
6.7 0
6.8 0
6.9 0
7 0
7.1 0
7.2 0
7.3 0
7.4 0
7.5 0
7.6 0
7.7 0
7.8 0
7.9 0
8 0
8.1 0
8.2 0
8.3 0
8.4 0
8.5 0
8.6 0
8.7 0
8.8 0
8.9 0
9 0
9.1 0
9.2 0
9.3 0
9.4 0
9.5 0
9.6 0
9.7 0
9.8 0
9.9 0
10 0
10.1 0
10.2 0
