-10.2 10.9827
-10.1 36.1237
-10 28.9686
-9.9 37.2558
-9.8 41.1158
-9.7 39.5333
-9.6 41.6289
-9.5 37.2231
-9.4 32.8915
-9.3 39.0907
-9.2 30.0659
-9.1 38.2317
-9 32.7541
-8.9 39.9892
-8.8 40.0547
-8.7 30.4647
-8.6 30.0695
-8.5 30.4795
-8.4 42.5252
-8.3 40.9533
-8.2 29.691
-8.1 36.0965
-8 41.3802
-7.9 35.785
-7.8 32.9584
-7.7 31.4396
-7.6 40.7606
-7.5 27.8577
-7.4 38.8114
-7.3 37.7304
-7.2 27.8979
-7.1 43.7741
-7 40.251
-6.9 31.1094
-6.8 38.2505
-6.7 32.3457
-6.6 34.635
-6.5 32.9326
-6.4 43.1452
-6.3 30.9018
-6.2 32.619
-6.1 31.9731
-6 35.4796
-5.9 37.5149
-5.8 34.3451
-5.7 37.2035
-5.6 35.0574
-5.5 31.5264
-5.4 33.8318
-5.3 38.7298
-5.2 32.5034
-5.1 41.8315
-5 30.8088
-4.9 37.6545
-4.8 29.7661
-4.7 38.723
-4.6 37.9656
-4.5 45.02
-4.4 43.7692
-4.3 42.102
-4.2 45.5375
-4.1 43.3026
-4 47.7371
-3.9 50.364
-3.8 49.3745
-3.7 49.2108
-3.6 42.7238
-3.5 41.0377
-3.4 38.9663
-3.3 41.061
-3.2 44.9513
-3.1 52.113
-3 52.2421
-2.9 52.3408
-2.8 52.5057
-2.7 52.3295
-2.6 45.9686
-2.5 48.5579
-2.4 49.3661
-2.3 53.47
-2.2 48.9146
-2.1 49.0387
-2 50.6669
-1.9 54.0431
-1.8 51.9141
-1.7 47.226
-1.6 61.54
-1.5 50.8927
-1.4 50.3386
-1.3 47.7562
-1.2 52.5598
-1.1 54.2356
-1 51.2237
-0.9 47.9073
-0.8 51.6885
-0.7 53.1207
-0.6 57.2524
-0.5 54.2278
-0.4 54.321
-0.3 51.3572
-0.2 70.76
-0.1 59.6731
0 62.6618
0.1 58.7809
0.2 65.5648
0.3 56.777
0.4 62.1223
0.5 56.4935
0.6 58.8511
0.7 62.0573
0.8 67.067
0.9 65.913
1 68.8114
1.1 60.9484
1.2 65.8478
1.3 68.042
1.4 81.6343
1.5 66.9846
1.6 69.2219
1.7 69.1309
1.8 86.701
1.9 80.1302
2 79.7665
2.1 88.8008
2.2 81.3893
2.3 89.9189
2.4 105.536
2.5 121.517
2.6 138.934
2.7 154.325
2.8 160.748
2.9 177.937
3 0
3.1 0
3.2 0
3.3 0
3.4 0
3.5 0
3.6 0
3.7 0
3.8 0
3.9 0
4 0
4.1 0
4.2 0
4.3 0
4.4 0
4.5 0
4.6 0
4.7 0
4.8 0
4.9 0
5 0
5.1 0
5.2 0
5.3 0
5.4 0
5.5 0
5.6 0
5.7 0
5.8 0
5.9 0
6 0
6.1 0
6.2 0
6.3 0
6.4 0
6.5 0
6.6 0
6.7 0
6.8 0
6.9 0
7 0
7.1 0
7.2 0
7.3 0
7.4 0
7.5 0
7.6 0
7.7 0
7.8 0
7.9 0
8 0
8.1 0
8.2 0
8.3 0
8.4 0
8.5 0
8.6 0
8.7 0
8.8 0
8.9 0
9 0
9.1 0
9.2 0
9.3 0
9.4 0
9.5 0
9.6 0
9.7 0
9.8 0
9.9 0
10 0
10.1 0
10.2 0
