-10.2 7.06716
-10.1 7.71465
-10 7.63054
-9.9 7.88569
-9.8 8.68093
-9.7 8.21535
-9.6 8.91239
-9.5 9.47726
-9.4 8.76694
-9.3 8.67436
-9.2 9.02799
-9.1 8.99962
-9 9.26033
-8.9 9.82482
-8.8 9.45909
-8.7 8.78275
-8.6 9.35179
-8.5 9.75338
-8.4 9.38152
-8.3 10.0207
-8.2 10.4587
-8.1 10.2172
-8 9.93874
-7.9 10.6848
-7.8 10.3368
-7.7 10.3146
-7.6 10.6686
-7.5 10.1935
-7.4 10.9958
-7.3 10.9734
-7.2 10.7227
-7.1 10.7611
-7 10.873
-6.9 11.1783
-6.8 11.3614
-6.7 11.3423
-6.6 11.6964
-6.5 11.6547
-6.4 11.4384
-6.3 11.5409
-6.2 11.8273
-6.1 11.9377
-6 12.0541
-5.9 12.2421
-5.8 12.7966
-5.7 12.54
-5.6 12.7824
-5.5 12.9383
-5.4 13.0389
-5.3 13.1038
-5.2 13.4838
-5.1 14.3499
-5 15.0151
-4.9 15.8348
-4.8 17.232
-4.7 19.5043
-4.6 21.4318
-4.5 22.2237
-4.4 23.2723
-4.3 23.2111
-4.2 23.5709
-4.1 23.4049
-4 23.8528
-3.9 25.0473
-3.8 24.6394
-3.7 25.5451
-3.6 26.4775
-3.5 26.5657
-3.4 27.3672
-3.3 26.8852
-3.2 27.7222
-3.1 28.3404
-3 29.8476
-2.9 30.5582
-2.8 31.8844
-2.7 32.5395
-2.6 31.906
-2.5 33.5968
-2.4 35.8157
-2.3 34.8523
-2.2 35.5682
-2.1 34.9219
-2 35.5187
-1.9 35.7979
-1.8 35.6123
-1.7 35.6106
-1.6 36.972
-1.5 38.3557
-1.4 37.4095
-1.3 37.738
-1.2 38.9219
-1.1 39.851
-1 39.1399
-0.9 37.7981
-0.8 38.221
-0.7 39.9231
-0.6 41.7817
-0.5 41.9115
-0.4 41.2225
-0.3 41.023
-0.2 43.3481
-0.1 44.5207
0 42.5101
0.1 42.5035
0.2 45.9403
0.3 49.7874
0.4 49.2832
0.5 46.3292
0.6 46.0609
0.7 48.5083
0.8 53.7784
0.9 53.4865
1 52.4618
1.1 52.3469
1.2 56.2679
1.3 61.1204
1.4 63.9104
1.5 60.3156
1.6 55.7103
1.7 60.5909
1.8 65.0133
1.9 69.5793
2 69.0102
2.1 70.5439
2.2 73.8811
2.3 81.0015
2.4 98.5742
2.5 111.424
2.6 125.43
2.7 132.373
2.8 148.869
2.9 161.43
3 0
3.1 0
3.2 0
3.3 0
3.4 0
3.5 0
3.6 0
3.7 0
3.8 0
3.9 0
4 0
4.1 0
4.2 0
4.3 0
4.4 0
4.5 0
4.6 0
4.7 0
4.8 0
4.9 0
5 0
5.1 0
5.2 0
5.3 0
5.4 0
5.5 0
5.6 0
5.7 0
5.8 0
5.9 0
6 0
6.1 0
6.2 0
6.3 0
6.4 0
6.5 0
6.6 0
6.7 0
6.8 0
6.9 0
7 0
7.1 0
7.2 0
7.3 0
7.4 0
7.5 0
7.6 0
7.7 0
7.8 0
7.9 0
8 0
8.1 0
8.2 0
8.3 0
8.4 0
8.5 0
8.6 0
8.7 0
8.8 0
8.9 0
9 0
9.1 0
9.2 0
9.3 0
9.4 0
9.5 0
9.6 0
9.7 0
9.8 0
9.9 0
10 0
10.1 0
10.2 0
