-10.2 6.9055
-10.1 6.95533
-10 7.01846
-9.9 7.06148
-9.8 7.15364
-9.7 7.17567
-9.6 7.25415
-9.5 7.32266
-9.4 7.32731
-9.3 7.36361
-9.2 7.43245
-9.1 7.46092
-9 7.52176
-8.9 7.59999
-8.8 7.60893
-8.7 7.62494
-8.6 7.71646
-8.5 7.80233
-8.4 7.81028
-8.3 7.90296
-8.2 7.9761
-8.1 8.01626
-8 8.06778
-7.9 8.14359
-7.8 8.18919
-7.7 8.22403
-7.6 8.31909
-7.5 8.3539
-7.4 8.43222
-7.3 8.50399
-7.2 8.54641
-7.1 8.60418
-7 8.69524
-6.9 8.7825
-6.8 8.87255
-6.7 8.92505
-6.6 9.01918
-6.5 9.10295
-6.4 9.16412
-6.3 9.26321
-6.2 9.37695
-6.1 9.47927
-6 9.58278
-5.9 9.68929
-5.8 9.82907
-5.7 9.94124
-5.6 10.0541
-5.5 10.1918
-5.4 10.3153
-5.3 10.4689
-5.2 10.6314
-5.1 10.8561
-5 11.0939
-4.9 11.3519
-4.8 11.6196
-4.7 11.949
-4.6 12.3429
-4.5 12.5767
-4.4 12.7993
-4.3 12.9466
-4.2 13.0721
-4.1 13.1939
-4 13.3623
-3.9 13.5793
-3.8 13.78
-3.7 13.8994
-3.6 14.1548
-3.5 14.3819
-3.4 14.5346
-3.3 14.7527
-3.2 14.916
-3.1 15.1764
-3 15.4381
-2.9 15.7722
-2.8 16.0618
-2.7 16.3267
-2.6 16.5497
-2.5 16.6732
-2.4 17.0334
-2.3 17.3389
-2.2 17.341
-2.1 17.5007
-2 17.5843
-1.9 17.7866
-1.8 17.894
-1.7 18.0517
-1.6 18.2478
-1.5 18.5522
-1.4 18.8603
-1.3 18.8912
-1.2 19.0718
-1.1 19.3805
-1 19.5559
-0.9 19.7239
-0.8 19.6866
-0.7 19.9869
-0.6 20.4528
-0.5 20.9414
-0.4 21.1054
-0.3 21.1647
-0.2 24.5011
-0.1 25.2651
0 25.6546
0.1 25.6652
0.2 26.1921
0.3 23.8533
0.4 24.6201
0.5 24.9498
0.6 24.6746
0.7 24.9719
0.8 25.8344
0.9 27.1333
1 27.7025
1.1 27.9656
1.2 28.2897
1.3 29.4194
1.4 31.1582
1.5 32.1988
1.6 32.0243
1.7 31.586
1.8 32.474
1.9 34.4384
2 36.9375
2.1 38.4662
2.2 39.9383
2.3 41.9004
2.4 44.9047
2.5 52.036
2.6 60.4277
2.7 69.1461
2.8 74.1473
2.9 79.7944
3 89.6651
3.1 132.918
3.2 0
3.3 0
3.4 0
3.5 0
3.6 0
3.7 0
3.8 0
3.9 0
4 0
4.1 0
4.2 0
4.3 0
4.4 0
4.5 0
4.6 0
4.7 0
4.8 0
4.9 0
5 0
5.1 0
5.2 0
5.3 0
5.4 0
5.5 0
5.6 0
5.7 0
5.8 0
5.9 0
6 0
6.1 0
6.2 0
6.3 0
6.4 0
6.5 0
6.6 0
6.7 0
6.8 0
6.9 0
7 0
7.1 0
7.2 0
7.3 0
7.4 0
7.5 0
7.6 0
7.7 0
7.8 0
7.9 0
8 0
8.1 0
8.2 0
8.3 0
8.4 0
8.5 0
8.6 0
8.7 0
8.8 0
8.9 0
9 0
9.1 0
9.2 0
9.3 0
9.4 0
9.5 0
9.6 0
9.7 0
9.8 0
9.9 0
10 0
10.1 0
10.2 0
