-10.2 0.00822077
-10.1 0.00821626
-10 0.00821469
-9.9 0.00821068
-9.8 0.00821053
-9.7 0.00820063
-9.6 0.00819573
-9.5 0.00818333
-9.4 0.00817091
-9.3 0.00816594
-9.2 0.00815653
-9.1 0.00814591
-9 0.00813707
-8.9 0.00812234
-8.8 0.00810558
-8.7 0.00809734
-8.6 0.00809522
-8.5 0.00808026
-8.4 0.00806756
-8.3 0.0080569
-8.2 0.00804144
-8.1 0.00802181
-8 0.00800926
-7.9 0.00799856
-7.8 0.00798494
-7.7 0.00797029
-7.6 0.00795581
-7.5 0.00794253
-7.4 0.00793248
-7.3 0.00791252
-7.2 0.00789377
-7.1 0.00788029
-7 0.00786369
-6.9 0.0078524
-6.8 0.00783866
-6.7 0.00782199
-6.6 0.00780879
-6.5 0.00779552
-6.4 0.00777948
-6.3 0.00776733
-6.2 0.00776049
-6.1 0.0077426
-6 0.00772452
-5.9 0.00770821
-5.8 0.0076937
-5.7 0.00767695
-5.6 0.00765948
-5.5 0.00763777
-5.4 0.00762171
-5.3 0.0076045
-5.2 0.0075847
-5.1 0.00756939
-5 0.00754087
-4.9 0.0075132
-4.8 0.00748861
-4.7 0.0074512
-4.6 0.00738741
-4.5 0.00731234
-4.4 0.00722745
-4.3 0.0071483
-4.2 0.00706536
-4.1 0.00698559
-4 0.0069017
-3.9 0.00681073
-3.8 0.00671234
-3.7 0.00662554
-3.6 0.00652645
-3.5 0.00641686
-3.4 0.00631413
-3.3 0.00620829
-3.2 0.00610797
-3.1 0.00600481
-3 0.0058933
-2.9 0.00576634
-2.8 0.0056317
-2.7 0.00550095
-2.6 0.00536897
-2.5 0.00524727
-2.4 0.00511094
-2.3 0.00496185
-2.2 0.00481853
-2.1 0.00467593
-2 0.00453176
-1.9 0.00439873
-1.8 0.00426638
-1.7 0.00413819
-1.6 0.00400462
-1.5 0.00387312
-1.4 0.00373409
-1.3 0.0036126
-1.2 0.00348333
-1.1 0.00335244
-1 0.00322184
-0.9 0.00310029
-0.8 0.00298773
-0.7 0.00287073
-0.6 0.00275413
-0.5 0.00263022
-0.4 0.00251762
-0.3 0.00241347
-0.2 0.00229784
-0.1 0.00216267
0 0.00204516
0.1 0.00193191
0.2 0.0018217
0.3 0.00170613
0.4 0.00159065
0.5 0.00149147
0.6 0.00140615
0.7 0.0013219
0.8 0.00122531
0.9 0.00112239
1 0.0010302
1.1 0.000948832
1.2 0.000868761
1.3 0.000781851
1.4 0.000688106
1.5 0.000604714
1.6 0.000545614
1.7 0.000492048
1.8 0.000435333
1.9 0.000373413
2 0.000311598
2.1 0.000261854
2.2 0.000217493
2.3 0.000175598
2.4 0.000125022
2.5 7.69675e-05
2.6 3.65755e-05
2.7 1.50196e-05
2.8 5.25516e-06
2.9 1.26786e-06
3 0
3.1 0
3.2 0
3.3 0
3.4 0
3.5 0
3.6 0
3.7 0
3.8 0
3.9 0
4 0
4.1 0
4.2 0
4.3 0
4.4 0
4.5 0
4.6 0
4.7 0
4.8 0
4.9 0
5 0
5.1 0
5.2 0
5.3 0
5.4 0
5.5 0
5.6 0
5.7 0
5.8 0
5.9 0
6 0
6.1 0
6.2 0
6.3 0
6.4 0
6.5 0
6.6 0
6.7 0
6.8 0
6.9 0
7 0
7.1 0
7.2 0
7.3 0
7.4 0
7.5 0
7.6 0
7.7 0
7.8 0
7.9 0
8 0
8.1 0
8.2 0
8.3 0
8.4 0
8.5 0
8.6 0
8.7 0
8.8 0
8.9 0
9 0
9.1 0
9.2 0
9.3 0
9.4 0
9.5 0
9.6 0
9.7 0
9.8 0
9.9 0
10 0
10.1 0
10.2 0
