-10.2 0.0567136
-10.1 0.056875
-10 0.0570591
-9.9 0.0578306
-9.8 0.0585733
-9.7 0.058712
-9.6 0.0592377
-9.5 0.0595501
-9.4 0.059589
-9.3 0.060135
-9.2 0.0602426
-9.1 0.0607011
-9 0.0608926
-8.9 0.0616427
-8.8 0.0616459
-8.7 0.0617405
-8.6 0.0623774
-8.5 0.0629036
-8.4 0.0634901
-8.3 0.0637545
-8.2 0.0639132
-8.1 0.0642444
-8 0.0647095
-7.9 0.0648431
-7.8 0.064944
-7.7 0.0656139
-7.6 0.0660194
-7.5 0.0658707
-7.4 0.0670542
-7.3 0.0672116
-7.2 0.067386
-7.1 0.068376
-7 0.0687208
-6.9 0.0692399
-6.8 0.0695818
-6.7 0.0700217
-6.6 0.0702837
-6.5 0.0708293
-6.4 0.0715638
-6.3 0.0720466
-6.2 0.0727984
-6.1 0.0734184
-6 0.0742983
-5.9 0.0749441
-5.8 0.0756962
-5.7 0.0766368
-5.6 0.0772966
-5.5 0.0780367
-5.4 0.0791992
-5.3 0.0804578
-5.2 0.0812836
-5.1 0.0833408
-5 0.0845198
-4.9 0.0862089
-4.8 0.0881792
-4.7 0.0907239
-4.6 0.0918844
-4.5 0.0925388
-4.4 0.0926057
-4.3 0.0927693
-4.2 0.0926613
-4.1 0.0926298
-4 0.0931272
-3.9 0.0934069
-3.8 0.0928282
-3.7 0.0932052
-3.6 0.0931468
-3.5 0.0921173
-3.4 0.0919653
-3.3 0.0913846
-3.2 0.0917503
-3.1 0.0919743
-3 0.092479
-2.9 0.0920523
-2.8 0.0912503
-2.7 0.0901208
-2.6 0.0885834
-2.5 0.0884793
-2.4 0.087414
-2.3 0.0852138
-2.2 0.0834254
-2.1 0.0815556
-2 0.0795477
-1.9 0.0782199
-1.8 0.0763975
-1.7 0.0749673
-1.6 0.0740579
-1.5 0.0723079
-1.4 0.0697501
-1.3 0.0682722
-1.2 0.0671172
-1.1 0.065288
-1 0.0626276
-0.9 0.0606168
-0.8 0.0594306
-0.7 0.0582613
-0.6 0.0573931
-0.5 0.055045
-0.4 0.0529814
-0.3 0.0515704
-0.2 0.0493581
-0.1 0.0467681
0 0.0445268
0.1 0.0431018
0.2 0.0422567
0.3 0.041964
0.4 0.0388973
0.5 0.0364625
0.6 0.0352629
0.7 0.0346136
0.8 0.0333183
0.9 0.0307076
1 0.0284935
1.1 0.026931
1.2 0.025907
1.3 0.0243718
1.4 0.0218004
1.5 0.0186912
1.6 0.0170902
1.7 0.0163873
1.8 0.0156355
1.9 0.0140878
2 0.0119523
2.1 0.0104808
2.2 0.00937197
2.3 0.00862616
2.4 0.00711869
2.5 0.00507395
2.6 0.00270288
2.7 0.0011805
2.8 0.000477932
2.9 0.000139455
3 0
3.1 0
3.2 0
3.3 0
3.4 0
3.5 0
3.6 0
3.7 0
3.8 0
3.9 0
4 0
4.1 0
4.2 0
4.3 0
4.4 0
4.5 0
4.6 0
4.7 0
4.8 0
4.9 0
5 0
5.1 0
5.2 0
5.3 0
5.4 0
5.5 0
5.6 0
5.7 0
5.8 0
5.9 0
6 0
6.1 0
6.2 0
6.3 0
6.4 0
6.5 0
6.6 0
6.7 0
6.8 0
6.9 0
7 0
7.1 0
7.2 0
7.3 0
7.4 0
7.5 0
7.6 0
7.7 0
7.8 0
7.9 0
8 0
8.1 0
8.2 0
8.3 0
8.4 0
8.5 0
8.6 0
8.7 0
8.8 0
8.9 0
9 0
9.1 0
9.2 0
9.3 0
9.4 0
9.5 0
9.6 0
9.7 0
9.8 0
9.9 0
10 0
10.1 0
10.2 0
