-10.2 2.93844e-09
-10.1 4.86773e-08
-10 4.23667e-08
-9.9 3.94866e-08
-9.8 4.74617e-08
-9.7 3.30249e-08
-9.6 4.25297e-08
-9.5 6.07615e-08
-9.4 9.30795e-08
-9.3 4.83266e-08
-9.2 2.28715e-08
-9.1 5.20553e-08
-9 5.14418e-08
-8.9 4.10321e-08
-8.8 5.09597e-08
-8.7 2.23647e-08
-8.6 3.34339e-08
-8.5 2.83099e-08
-8.4 4.65193e-08
-8.3 4.89588e-08
-8.2 2.12395e-08
-8.1 3.41554e-08
-8 3.96096e-08
-7.9 9.92772e-08
-7.8 3.5978e-08
-7.7 7.31493e-08
-7.6 5.24157e-08
-7.5 3.00891e-08
-7.4 4.35208e-08
-7.3 6.88683e-08
-7.2 3.2214e-08
-7.1 6.93742e-08
-7 1.14383e-07
-6.9 3.71031e-08
-6.8 1.01125e-07
-6.7 4.70995e-08
-6.6 3.76051e-08
-6.5 3.14607e-08
-6.4 6.32901e-08
-6.3 2.60883e-08
-6.2 3.4543e-08
-6.1 2.78998e-08
-6 4.24341e-08
-5.9 3.68599e-08
-5.8 4.08124e-08
-5.7 3.34333e-08
-5.6 3.95515e-08
-5.5 4.96557e-08
-5.4 5.20707e-08
-5.3 4.92792e-08
-5.2 2.9608e-08
-5.1 2.98183e-08
-5 4.29827e-08
-4.9 4.75409e-08
-4.8 2.60257e-08
-4.7 4.28691e-08
-4.6 2.92352e-08
-4.5 6.39658e-08
-4.4 5.76197e-08
-4.3 3.58723e-08
-4.2 8.483e-08
-4.1 3.6978e-08
-4 5.93481e-08
-3.9 5.48517e-08
-3.8 5.55597e-08
-3.7 4.82814e-08
-3.6 2.47832e-08
-3.5 2.67771e-08
-3.4 1.40187e-08
-3.3 3.85252e-08
-3.2 3.16658e-08
-3.1 4.18437e-08
-3 4.31248e-08
-2.9 3.89906e-08
-2.8 3.20556e-08
-2.7 4.19408e-08
-2.6 5.65498e-08
-2.5 3.9121e-08
-2.4 1.58109e-08
-2.3 2.61157e-08
-2.2 2.06515e-08
-2.1 2.46332e-08
-2 3.2439e-08
-1.9 5.70553e-08
-1.8 4.67087e-08
-1.7 1.10046e-08
-1.6 4.08539e-08
-1.5 1.22038e-08
-1.4 1.36088e-08
-1.3 9.5047e-09
-1.2 5.79029e-09
-1.1 2.05611e-08
-1 1.01285e-08
-0.9 6.34675e-09
-0.8 8.65093e-09
-0.7 7.5293e-09
-0.6 1.45251e-08
-0.5 7.33181e-09
-0.4 1.36423e-08
-0.3 7.17143e-09
-0.2 2.05095e-08
-0.1 3.50885e-09
0 5.54802e-09
0.1 2.9977e-09
0.2 6.7228e-09
0.3 1.62447e-09
0.4 5.42645e-09
0.5 4.42218e-09
0.6 9.25455e-09
0.7 1.02005e-08
0.8 6.16921e-09
0.9 3.95003e-09
1 4.39448e-09
1.1 7.31996e-10
1.2 1.64459e-09
1.3 1.25056e-09
1.4 4.61763e-09
1.5 3.62316e-10
1.6 1.20981e-09
1.7 4.74688e-10
1.8 3.73229e-09
1.9 4.59381e-10
2 9.12858e-10
2.1 2.06273e-09
2.2 0
2.3 5.45052e-10
2.4 0
2.5 0
2.6 0
2.7 0
2.8 0
2.9 0
3 0
3.1 0
3.2 0
3.3 0
3.4 0
3.5 0
3.6 0
3.7 0
3.8 0
3.9 0
4 0
4.1 0
4.2 0
4.3 0
4.4 0
4.5 0
4.6 0
4.7 0
4.8 0
4.9 0
5 0
5.1 0
5.2 0
5.3 0
5.4 0
5.5 0
5.6 0
5.7 0
5.8 0
5.9 0
6 0
6.1 0
6.2 0
6.3 0
6.4 0
6.5 0
6.6 0
6.7 0
6.8 0
6.9 0
7 0
7.1 0
7.2 0
7.3 0
7.4 0
7.5 0
7.6 0
7.7 0
7.8 0
7.9 0
8 0
8.1 0
8.2 0
8.3 0
8.4 0
8.5 0
8.6 0
8.7 0
8.8 0
8.9 0
9 0
9.1 0
9.2 0
9.3 0
9.4 0
9.5 0
9.6 0
9.7 0
9.8 0
9.9 0
10 0
10.1 0
10.2 0
