-10.2 0.00821311
-10.1 0.00820123
-10 0.00818258
-9.9 0.00816901
-9.8 0.00815187
-9.7 0.00813634
-9.6 0.00811991
-9.5 0.00810279
-9.4 0.00808644
-9.3 0.00807354
-9.2 0.0080583
-9.1 0.00804435
-9 0.0080271
-8.9 0.00801048
-8.8 0.00799133
-8.7 0.00797398
-8.6 0.00795863
-8.5 0.00794004
-8.4 0.00792585
-8.3 0.00790773
-8.2 0.007889
-8.1 0.00787052
-8 0.00785533
-7.9 0.00784228
-7.8 0.0078279
-7.7 0.00781324
-7.6 0.00779813
-7.5 0.0077828
-7.4 0.00776947
-7.3 0.00775047
-7.2 0.00773296
-7.1 0.00771792
-7 0.00769785
-6.9 0.00768251
-6.8 0.00767227
-6.7 0.00766105
-6.6 0.00764794
-6.5 0.00763414
-6.4 0.00762007
-6.3 0.0076032
-6.2 0.00758915
-6.1 0.00757118
-6 0.00755014
-5.9 0.00753658
-5.8 0.00752473
-5.7 0.00751292
-5.6 0.00749872
-5.5 0.00748265
-5.4 0.00747122
-5.3 0.00745305
-5.2 0.00743117
-5.1 0.00741269
-5 0.00739161
-4.9 0.00737575
-4.8 0.00735291
-4.7 0.00731776
-4.6 0.00726131
-4.5 0.00719396
-4.4 0.00711156
-4.3 0.00703179
-4.2 0.00695352
-4.1 0.00687294
-4 0.00679423
-3.9 0.00670426
-3.8 0.00660885
-3.7 0.00652073
-3.6 0.00643163
-3.5 0.00632929
-3.4 0.00623428
-3.3 0.00613722
-3.2 0.00604006
-3.1 0.00593766
-3 0.00582906
-2.9 0.00571151
-2.8 0.00558358
-2.7 0.00545826
-2.6 0.00532927
-2.5 0.00520823
-2.4 0.00506988
-2.3 0.0049247
-2.2 0.00478477
-2.1 0.00464476
-2 0.00450532
-1.9 0.00437169
-1.8 0.00424445
-1.7 0.00411973
-1.6 0.00399082
-1.5 0.00385951
-1.4 0.00372532
-1.3 0.0036053
-1.2 0.00347444
-1.1 0.00334914
-1 0.00321929
-0.9 0.00310208
-0.8 0.00299849
-0.7 0.00288436
-0.6 0.00276719
-0.5 0.00264638
-0.4 0.00253441
-0.3 0.00243161
-0.2 0.00231955
-0.1 0.00218595
0 0.00206857
0.1 0.0019566
0.2 0.00185082
0.3 0.00173184
0.4 0.00161691
0.5 0.00151985
0.6 0.00143901
0.7 0.00135481
0.8 0.0012575
0.9 0.00115118
1 0.00105792
1.1 0.000977124
1.2 0.000896895
1.3 0.000808573
1.4 0.000712195
1.5 0.000626244
1.6 0.000562395
1.7 0.00050715
1.8 0.000450288
1.9 0.000386549
2 0.00032601
2.1 0.000274104
2.2 0.000226601
2.3 0.000182715
2.4 0.000130903
2.5 8.00874e-05
2.6 3.89453e-05
2.7 1.62922e-05
2.8 5.53741e-06
2.9 1.4632e-06
3 0
3.1 0
3.2 0
3.3 0
3.4 0
3.5 0
3.6 0
3.7 0
3.8 0
3.9 0
4 0
4.1 0
4.2 0
4.3 0
4.4 0
4.5 0
4.6 0
4.7 0
4.8 0
4.9 0
5 0
5.1 0
5.2 0
5.3 0
5.4 0
5.5 0
5.6 0
5.7 0
5.8 0
5.9 0
6 0
6.1 0
6.2 0
6.3 0
6.4 0
6.5 0
6.6 0
6.7 0
6.8 0
6.9 0
7 0
7.1 0
7.2 0
7.3 0
7.4 0
7.5 0
7.6 0
7.7 0
7.8 0
7.9 0
8 0
8.1 0
8.2 0
8.3 0
8.4 0
8.5 0
8.6 0
8.7 0
8.8 0
8.9 0
9 0
9.1 0
9.2 0
9.3 0
9.4 0
9.5 0
9.6 0
9.7 0
9.8 0
9.9 0
10 0
10.1 0
10.2 0
