-10.2 6.98579
-10.1 7.00751
-10 7.0476
-9.9 7.08223
-9.8 7.12012
-9.7 7.15443
-9.6 7.19578
-9.5 7.23267
-9.4 7.27126
-9.3 7.31172
-9.2 7.35239
-9.1 7.39616
-9 7.43957
-8.9 7.48246
-8.8 7.52702
-8.7 7.57264
-8.6 7.61959
-8.5 7.66691
-8.4 7.71749
-8.3 7.76813
-8.2 7.82087
-8.1 7.87473
-8 7.93046
-7.9 7.98822
-7.8 8.04471
-7.7 8.10274
-7.6 8.16257
-7.5 8.22604
-7.4 8.29194
-7.3 8.36135
-7.2 8.43009
-7.1 8.5014
-7 8.57464
-6.9 8.64442
-6.8 8.72141
-6.7 8.80344
-6.6 8.88983
-6.5 8.97263
-6.4 9.06242
-6.3 9.16094
-6.2 9.25608
-6.1 9.35913
-6 9.47435
-5.9 9.58482
-5.8 9.7042
-5.7 9.83062
-5.6 9.97289
-5.5 10.1197
-5.4 10.2791
-5.3 10.4635
-5.2 10.6459
-5.1 10.8538
-5 11.113
-4.9 11.4094
-4.8 11.7592
-4.7 12.1282
-4.6 12.4219
-4.5 12.6433
-4.4 12.8063
-4.3 12.9412
-4.2 13.0963
-4.1 13.2445
-4 13.476
-3.9 13.7114
-3.8 13.8451
-3.7 14.0671
-3.6 14.3187
-3.5 14.4736
-3.4 14.6874
-3.3 14.8625
-3.2 15.14
-3.1 15.4047
-3 15.745
-2.9 16.0678
-2.8 16.3338
-2.7 16.5984
-2.6 16.7439
-2.5 17.1317
-2.4 17.3927
-2.3 17.4142
-2.2 17.5755
-2.1 17.6635
-2 17.8227
-1.9 17.9967
-1.8 18.1976
-1.7 18.4109
-1.6 18.7077
-1.5 18.9764
-1.4 18.9343
-1.3 19.2508
-1.2 19.5147
-1.1 19.7795
-1 19.7409
-0.9 19.8233
-0.8 20.218
-0.7 20.6637
-0.6 21.133
-0.5 21.2809
-0.4 21.4418
-0.3 21.8398
-0.2 25.1789
-0.1 25.3825
0 25.5366
0.1 26.1463
0.2 27.2945
0.3 25.1038
0.4 25.0347
0.5 24.9144
0.6 25.573
0.7 26.7876
0.8 27.9609
0.9 28.047
1 28.3937
1.1 29.2636
1.2 30.7414
1.3 32.2473
1.4 32.5953
1.5 32.0758
1.6 32.2294
1.7 34.3001
1.8 36.641
1.9 38.4891
2 39.3645
2.1 41.4477
2.2 44.5711
2.3 50.359
2.4 59.1603
2.5 67.9752
2.6 75.0488
2.7 81.0956
2.8 93.1013
2.9 112.088
3 0
3.1 0
3.2 0
3.3 0
3.4 0
3.5 0
3.6 0
3.7 0
3.8 0
3.9 0
4 0
4.1 0
4.2 0
4.3 0
4.4 0
4.5 0
4.6 0
4.7 0
4.8 0
4.9 0
5 0
5.1 0
5.2 0
5.3 0
5.4 0
5.5 0
5.6 0
5.7 0
5.8 0
5.9 0
6 0
6.1 0
6.2 0
6.3 0
6.4 0
6.5 0
6.6 0
6.7 0
6.8 0
6.9 0
7 0
7.1 0
7.2 0
7.3 0
7.4 0
7.5 0
7.6 0
7.7 0
7.8 0
7.9 0
8 0
8.1 0
8.2 0
8.3 0
8.4 0
8.5 0
8.6 0
8.7 0
8.8 0
8.9 0
9 0
9.1 0
9.2 0
9.3 0
9.4 0
9.5 0
9.6 0
9.7 0
9.8 0
9.9 0
10 0
10.1 0
10.2 0
