-10.2 6.8011
-10.1 6.82606
-10 6.88285
-9.9 6.91798
-9.8 6.96427
-9.7 7.01026
-9.6 7.06326
-9.5 7.09534
-9.4 7.14848
-9.3 7.20346
-9.2 7.23612
-9.1 7.29887
-9 7.34331
-8.9 7.38768
-8.8 7.43544
-8.7 7.46883
-8.6 7.52451
-8.5 7.55397
-8.4 7.63814
-8.3 7.65383
-8.2 7.76265
-8.1 7.78866
-8 7.82028
-7.9 7.91325
-7.8 7.92397
-7.7 7.99337
-7.6 8.05489
-7.5 8.11574
-7.4 8.17646
-7.3 8.26535
-7.2 8.34062
-7.1 8.41004
-7 8.48624
-6.9 8.5468
-6.8 8.61159
-6.7 8.68815
-6.6 8.78576
-6.5 8.86323
-6.4 8.94754
-6.3 9.04171
-6.2 9.12174
-6.1 9.24834
-6 9.36586
-5.9 9.46604
-5.8 9.59138
-5.7 9.72026
-5.6 9.84233
-5.5 10.0274
-5.4 10.1447
-5.3 10.2969
-5.2 10.5066
-5.1 10.7244
-5 10.9438
-4.9 11.2412
-4.8 11.577
-4.7 11.9297
-4.6 12.1752
-4.5 12.3939
-4.4 12.5908
-4.3 12.7148
-4.2 12.8129
-4.1 12.9439
-4 13.2269
-3.9 13.4357
-3.8 13.5308
-3.7 13.7548
-3.6 13.9829
-3.5 14.1207
-3.4 14.3112
-3.3 14.5263
-3.2 14.7234
-3.1 14.9279
-3 15.2876
-2.9 15.5753
-2.8 15.903
-2.7 16.1536
-2.6 16.4525
-2.5 16.6705
-2.4 16.9426
-2.3 16.882
-2.2 16.8651
-2.1 17.2242
-2 17.3069
-1.9 17.503
-1.8 17.7371
-1.7 17.8196
-1.6 18.0873
-1.5 18.3454
-1.4 18.4472
-1.3 18.585
-1.2 18.9326
-1.1 19.1539
-1 19.2014
-0.9 19.1959
-0.8 19.5922
-0.7 20.2082
-0.6 20.2174
-0.5 20.3963
-0.4 20.8176
-0.3 21.0155
-0.2 21.6259
-0.1 21.9324
0 22.1358
0.1 22.8356
0.2 23.636
0.3 24.1581
0.4 24.1874
0.5 24.3383
0.6 24.9051
0.7 26.0523
0.8 26.6831
0.9 27.1171
1 27.1854
1.1 27.8072
1.2 29.1259
1.3 30.6768
1.4 30.4867
1.5 30.8091
1.6 31.611
1.7 32.8479
1.8 34.5822
1.9 36.2425
2 37.1713
2.1 38.7843
2.2 42.3771
2.3 46.9679
2.4 54.274
2.5 61.4481
2.6 65.026
2.7 69.5797
2.8 78.5871
2.9 78.3869
3 94.3564
3.1 64.7518
3.2 196.206
3.3 0
3.4 0
3.5 0
3.6 0
3.7 0
3.8 0
3.9 0
4 0
4.1 0
4.2 0
4.3 0
4.4 0
4.5 0
4.6 0
4.7 0
4.8 0
4.9 0
5 0
5.1 0
5.2 0
5.3 0
5.4 0
5.5 0
5.6 0
5.7 0
5.8 0
5.9 0
6 0
6.1 0
6.2 0
6.3 0
6.4 0
6.5 0
6.6 0
6.7 0
6.8 0
6.9 0
7 0
7.1 0
7.2 0
7.3 0
7.4 0
7.5 0
7.6 0
7.7 0
7.8 0
7.9 0
8 0
8.1 0
8.2 0
8.3 0
8.4 0
8.5 0
8.6 0
8.7 0
8.8 0
8.9 0
9 0
9.1 0
9.2 0
9.3 0
9.4 0
9.5 0
9.6 0
9.7 0
9.8 0
9.9 0
10 0
10.1 0
10.2 0
